32736
31759
31705
31170
31147
30952
30869
30714
29845
29238
28851
28475
27771
27438
26977
26853
26367
26335
26207
26044
25994
25403
25228
25179
25109
24930
23701
23517
23341
23188
23115
23113
20498
20370
20145
20020
19870
19784
19729
19690
19381
19374
19277
18902
18699
17943
17741
17672
17260
16870
16343
16305
15845
15632
15546
14940
14929
14829
14378
14102
13457
13319
13115
11747
11670
11557
11241
11176
10780
10285
10101
9525
9055
8248
7873
7754
7268
7084
6481
6444
5423
5131
4963
4703
4538
3959
3546
3461
3024
2691
2344
1865
1812
1748
1468
1207
1177
1166
451
