10042
18995
16885
22947
15952
11931
19651
20732
14439
1121
21539
16562
2294
5752
4026
1005
20895
16815
10597
17831
31733
6279
2533
3555
9231
26837
17479
26286
8142
32540
19476
21719
12013
17320
25149
8302
8141
3434
25797
10493
29950
18071
27948
16777
22413
16127
27039
20551
25104
18478
7393
11806
4210
30532
12535
480
24703
10388
18582
4936
28462
8447
15181
20915
7858
26895
26738
2719
4415
15827
19662
3044
1181
13181
18184
11700
23150
26044
14034
84
22846
20954
25301
6551
29263
13973
20829
15903
6178
5567
32708
25171
29125
13204
9376
16159
30432
12255
26796
