15146
23607
7176
11496
27145
8387
32063
21963
28185
14741
25280
31097
15422
12140
1355
4607
400
3072
26309
21429
20971
21402
8607
26170
13107
31856
17159
12595
4456
32706
7121
14531
26477
24757
13348
17864
10391
17650
19941
21979
14072
31486
8675
3846
29290
2648
17351
13124
11354
10580
22713
20409
3162
13498
3283
9142
12644
1309
29510
31595
7151
15869
15694
31337
11444
29340
29655
4575
17469
15520
8173
7825
20274
8302
3556
27287
19299
23360
5963
3803
4500
30476
8081
28752
28684
16405
12149
21746
25052
30797
23343
19586
28400
25713
24416
26879
215
3811
8378
739
14418
23622
31343
1315
3998
19932
1883
31972
21889
3487
20976
26877
19735
8224
5861
1328
32346
22563
1694
3368
882
26616
12634
13106
24258
11416
2591
18107
9646
3715
11365
18062
3118
5211
20613
23242
7444
832
6879
29348
11037
10475
12750
482
18105
11145
17997
6675
17562
31581
31590
23439
8447
16916
22622
31281
19389
27623
12706
20951
10514
9843
13423
18070
21289
29016
325
27838
26733
7315
265
13457
29326
20636
24829
5570
12884
31807
24928
30383
23590
17467
25316
19294
4441
20636
24276
10297
8762
5080
13826
17545
25818
26540
625
10420
11420
7092
22471
1079
11903
20941
7793
26465
24108
17451
30100
23765
4031
20793
18359
7869
27221
26931
32305
25550
30554
14725
32596
0
23183
12770
25430
21771
32478
16165
3075
20128
17373
22504
2853
26220
30756
14053
942
27598
11343
24335
29099
2898
10962
17775
1257
20981
8320
15552
31333
10264
16857
32457
8309
64
30998
28542
29111
13715
26870
30166
29373
22034
20550
1643
15989
21655
6707
15315
27994
24206
10063
6336
17244
20851
7013
20442
20624
3087
15357
11607
28823
6002
11182
32352
21712
25519
3622
4644
1341
5210
24826
12472
1078
6338
5422
9141
208
3055
13700
11408
17418
6234
9605
1207
17597
23407
17744
17265
3650
1219
1574
17778
26080
11541
15281
29249
23292
8454
13847
31562
11776
7064
28867
28866
14855
11368
25070
18495
19789
17836
14063
12563
7257
11754
2376
21100
15335
20862
22636
20268
19863
12233
21585
11145
19288
24633
17594
28772
7571
27389
6466
10346
26647
29061
28199
4845
14791
25276
4572
10368
2821
14085
22349
19796
14045
28663
16624
19798
23282
22487
20624
32260
18985
15577
2008
8723
32279
9238
26018
27330
13099
12365
27645
13052
7067
14425
31488
20528
21775
18806
3154
5361
3344
4404
7028
24909
47
27447
18133
23789
16373
3764
30100
14065
27534
6059
3603
1928
18228
26596
2368
12114
24156
7084
28322
20599
7331
3660
1317
15748
2423
10830
17574
31241
4741
367
21566
10483
4326
26723
8527
1194
29961
4683
23376
15593
17758
26615
24664
22113
23496
5851
26220
26637
3520
5075
28040
21076
11081
3478
18031
19424
151
2812
14898
24640
18046
12527
7810
15424
11676
27699
25271
25604
28741
31445
24988
12007
5939
4468
1024
9494
23786
6195
32766
6890
23533
15226
16647
9737
29603
19567
17588
18493
4102
11575
30797
27663
16401
17645
25369
3883
18151
14174
10595
13939
5059
23691
13393
2017
19619
13276
2660
9757
22452
20260
9422
10722
3964
29016
19831
21777
3529
23823
20942
23442
14685
3769
5712
24046
598
24223
22233
29101
31071
18078
8109
21360
11673
18339
19270
7887
32071
10981
4315
10224
17723
6886
28597
21228
6916
20519
817
1250
32213
19886
2963
2775
10804
26936
14225
4692
31846
6974
31388
4029
3485
21162
31724
11891
30688
18518
27218
9897
27830
3657
16573
5383
2714
22192
18313
12288
7454
11934
24203
30452
13277
10371
23517
14085
15394
12910
2922
441
2393
5122
6968
29012
30777
20538
121
22259
6319
26332
8528
11880
2697
12734
20323
29657
30951
22972
24356
14103
24674
8053
26591
2239
3065
29640
30852
7443
29888
7185
19762
16534
28743
24100
20871
31337
22987
28677
31658
30824
8735
10093
19477
8452
29272
9470
32291
26335
19771
30528
13661
14889
23400
29027
13188
13245
20035
12724
25438
22010
1446
5083
17473
32610
25671
2778
609
27381
32490
7877
18393
23115
4680
2625
4730
17780
27579
13247
6743
11407
12462
32374
5389
26413
12487
12066
25043
3427
11985
24702
27205
22193
19563
17282
17391
2710
1138
10077
24220
24303
24624
1329
19293
24595
21313
2960
26712
16048
27209
26042
32086
8036
14423
14996
5386
18459
12056
8040
7970
18219
19900
31327
9999
28721
21160
4287
11157
19113
23520
15588
25362
20047
8754
2048
30862
2361
15139
9106
3462
2993
3483
32424
3192
13780
25936
29396
6190
17131
20722
17647
9163
11916
14107
30096
32662
20337
19957
7498
26249
17427
25001
20649
22681
3342
5515
18411
19908
28980
3078
18047
3548
1902
8521
32319
14613
599
9390
27244
19791
6551
15599
24173
13348
11519
25351
17479
9649
32105
8169
18139
27685
5965
30948
25571
21515
19235
14033
8619
21847
20349
29698
25743
16690
26848
7402
8248
133
13158
20364
24725
12103
27156
17828
26267
8327
18428
13720
21693
5945
24338
22045
10026
16320
207
28841
29642
13887
5255
11933
11766
9632
30603
3374
27130
19296
17150
9239
23627
27681
4984
11008
4231
1262
11868
27052
5170
17739
8441
32486
4394
7684
13667
10793
5103
28851
22799
1042
31125
11278
20785
20870
16773
24822
22742
23971
16119
7231
1217
1639
26160
4416
2309
26659
12667
24858
15462
21405
23016
2761
30064
31496
24519
20460
7509
421
7906
6740
5256
23093
27262
11854
17690
8229
27920
13744
32471
22392
18368
28582
31008
16244
11679
4410
5766
9228
30375
8869
17963
23056
26230
25943
7897
21015
8906
3784
4063
28200
5563
25597
17327
1579
14268
473
4153
18194
32079
24105
4357
22727
25739
19821
18195
30420
24143
6503
23155
26580
3908
29797
22947
32669
9364
21839
4779
6186
14444
2160
25082
11595
562
260
4863
1803
20102
14214
11911
7909
31482
8374
21209
11173
29074
2412
29075
32
24570
25375
3906
10387
9866
19764
24772
29404
15098
26376
25183
19803
31461
14012
17565
10405
10751
12483
19181
18415
6165
11309
30715
11317
10953
20400
9162
1581
18187
17275
22423
23279
22103
13243
2926
18273
25520
28650
8584
3684
3168
13018
15211
24000
16492
24453
17600
30160
3801
16017
20467
8172
