32765
32762
32752
32751
32748
32748
32745
32742
32737
32736
32736
32735
32735
32735
32725
32722
32722
32721
32720
32719
32718
32717
32712
32712
32700
32699
32697
32697
32696
32694
32680
32679
32674
32674
32673
32657
32655
32653
32651
32645
32637
32635
32634
32634
32631
32626
32625
32622
32618
32616
32615
32607
32604
32583
32582
32581
32579
32568
32564
32563
32562
32554
32554
32553
32551
32542
32540
32534
32532
32529
32528
32515
32513
32511
32511
32502
32501
32496
32496
32492
32491
32483
32472
32470
32460
32459
32457
32457
32454
32453
32453
32451
32448
32442
32441
32440
32438
32434
32434
32433
32433
32430
32429
32429
32428
32428
32424
32424
32414
32410
32410
32409
32409
32407
32400
32399
32399
32399
32390
32377
32374
32372
32370
32369
32361
32361
32359
32358
32358
32351
32343
32343
32340
32335
32335
32331
32329
32328
32326
32314
32308
32307
32303
32299
32291
32290
32287
32280
32276
32273
32269
32263
32263
32262
32251
32248
32248
32247
32242
32238
32236
32224
32219
32213
32209
32209
32204
32202
32197
32192
32191
32189
32188
32182
32173
32172
32167
32162
32157
32155
32154
32152
32149
32144
32143
32139
32137
32135
32134
32131
32127
32119
32118
32117
32116
32114
32111
32109
32108
32107
32093
32093
32089
32088
32077
32076
32075
32068
32068
32066
32065
32060
32055
32053
32047
32045
32043
32040
32038
32037
32037
32037
32034
32029
32025
32023
32022
32020
32016
32008
32008
31986
31980
31975
31971
31967
31962
31962
31961
31960
31952
31947
31945
31933
31931
31930
31927
31926
31921
31918
31916
31916
31916
31912
31911
31909
31905
31902
31902
31900
31900
31900
31893
31891
31890
31887
31882
31879
31876
31874
31872
31868
31865
31863
31863
31862
31860
31858
31856
31855
31844
31842
31836
31831
31831
31813
31811
31811
31804
31804
31804
31801
31794
31783
31782
31781
31779
31776
31771
31769
31769
31763
31761
31760
31759
31758
31752
31751
31749
31749
31745
31745
31743
31743
31741
31740
31731
31731
31730
31728
31724
31723
31722
31716
31714
31711
31710
31709
31709
31701
31694
31692
31688
31687
31686
31685
31683
31678
31669
31667
31664
31660
31656
31651
31651
31646
31640
31637
31631
31624
31624
31624
31621
31620
31620
31618
31614
31611
31603
31600
31600
31598
31594
31593
31593
31584
31583
31577
31575
31567
31555
31550
31549
31549
31543
31534
31533
31532
31531
31530
31524
31522
31518
31518
31516
31510
31507
31505
31496
31491
31490
31489
31486
31483
31481
31480
31474
31469
31466
31462
31462
31461
31460
31455
31454
31453
31452
31451
31451
31450
31446
31445
31439
31439
31421
31416
31404
31403
31394
31394
31388
31384
31383
31379
31378
31377
31371
31370
31369
31368
31368
31363
31357
31354
31354
31345
31343
31336
31330
31330
31321
31319
31318
31311
31310
31307
31302
31300
31298
31297
31293
31290
31289
31288
31287
31271
31259
31258
31256
31254
31252
31252
31250
31242
31241
31236
31235
31232
31227
31225
31210
31203
31198
31197
31192
31191
31191
31190
31187
31185
31183
31181
31179
31179
31174
31172
31167
31164
31163
31163
31159
31158
31154
31152
31139
31137
31137
31130
31128
31128
31127
31122
31119
31118
31118
31117
31116
31116
31115
31111
31105
31103
31100
31096
31096
31091
31088
31080
31073
31072
31069
31067
31065
31060
31057
31055
31053
31049
31046
31040
31039
31037
31037
31033
31031
31028
31025
31021
31017
31017
31011
31009
31003
31000
30998
30993
30990
30989
30989
30986
30977
30976
30970
30967
30966
30962
30959
30958
30952
30948
30947
30945
30942
30942
30941
30941
30940
30940
30940
30939
30937
30937
30934
30930
30924
30923
30916
30911
30903
30902
30899
30898
30898
30893
30891
30891
30890
30889
30883
30882
30880
30877
30873
30871
30871
30864
30855
30846
30846
30843
30842
30841
30838
30835
30834
30831
30829
30829
30827
30824
30824
30817
30809
30805
30804
30801
30800
30797
30781
30775
30773
30768
30766
30761
30760
30760
30758
30756
30747
30745
30742
30742
30737
30735
30735
30734
30734
30731
30720
30719
30703
30698
30692
30691
30686
30680
30673
30671
30667
30663
30663
30662
30652
30651
30650
30644
30643
30643
30641
30639
30635
30618
30618
30617
30616
30613
30611
30608
30606
30595
30591
30591
30590
30588
30587
30585
30580
30574
30573
30558
30549
30545
30544
30538
30538
30537
30529
30522
30517
30516
30514
30510
30510
30505
30504
30501
30496
30490
30490
30488
30483
30479
30471
30467
30466
30462
30460
30458
30453
30452
30451
30451
30451
30448
30448
30448
30446
30446
30444
30444
30440
30440
30436
30433
30431
30431
30427
30424
30418
30417
30408
30405
30400
30395
30394
30391
30385
30379
30372
30370
30370
30368
30368
30365
30363
30361
30359
30354
30353
30350
30349
30348
30341
30331
30330
30330
30330
30325
30325
30323
30318
30318
30317
30317
30316
30309
30306
30303
30293
30290
30289
30279
30272
30262
30260
30258
30258
30251
30247
30246
30246
30238
30236
30228
30222
30222
30221
30214
30212
30210
30208
30208
30205
30205
30199
30196
30196
30195
30190
30189
30188
30182
30181
30181
30180
30173
30172
30170
30168
30167
30161
30160
30157
30156
30150
30150
30147
30142
30138
30135
30135
30132
30126
30124
30122
30120
30118
30118
30118
30115
30115
30114
30114
30108
30107
30105
30096
30096
30096
30080
30078
30067
30065
30064
30063
30062
30060
30053
30046
30045
30037
30036
30034
30031
30030
30029
30025
30007
30005
30000
29999
29998
29997
29995
29995
29995
29992
29982
29982
29980
29976
29975
29972
29960
29955
29951
29951
29951
29949
29944
29929
29925
29922
29921
29920
29917
29914
29913
29911
29908
29908
29906
29901
29900
29896
29894
29880
29879
29877
29872
29870
29869
29866
29864
29864
29859
29858
29844
29842
29839
29839
29832
29827
29827
29825
29822
29822
29820
29819
29813
29813
29811
29809
29807
29805
29803
29803
29801
29797
29790
29785
29784
29784
29782
29764
29763
29755
29752
29751
29747
29735
29735
29735
29734
29732
29732
29726
29724
29721
29717
29717
29714
29711
29707
29703
29697
29693
29690
29690
29688
29686
29680
29675
29669
29669
29667
29663
29663
29648
29646
29645
29636
29626
29619
29617
29617
29609
29604
29597
29596
29593
29589
29589
29589
29579
29578
29577
29577
29576
29576
29574
29573
29568
29567
29565
29564
29558
29551
29548
29545
29544
29538
29537
29528
29521
29515
29514
29512
29499
29498
29497
29496
29486
29485
29474
29464
29464
29462
29461
29454
29453
29450
29449
29449
29441
29440
29439
29436
29432
29430
29427
29426
29424
29419
29418
29415
29413
29405
29403
29401
29397
29396
29392
29386
29385
29378
29377
29377
29376
29373
29372
29371
29362
29361
29359
29356
29353
29349
29348
29346
29342
29325
29318
29318
29309
29309
29309
29304
29296
29296
29283
29282
29280
29279
29276
29275
29273
29271
29268
29266
29265
29261
29247
29245
29238
29236
29229
29221
29220
29218
29217
29214
29214
29208
29202
29201
29199
29195
29193
29191
29187
29187
29186
29185
29184
29182
29175
29175
29170
29170
29154
29154
29151
29135
29134
29126
29108
29105
29102
29098
29092
29088
29085
29082
29081
29079
29079
29076
29076
29071
29064
29062
29060
29050
29043
29042
29039
29038
29035
29033
29033
29027
29025
29018
29017
29014
29013
29011
29009
29002
28997
28995
28992
28991
28989
28980
28976
28975
28974
28974
28969
28969
28962
28961
28960
28957
28949
28947
28947
28943
28942
28940
28936
28935
28935
28933
28933
28929
28926
28915
28911
28907
28901
28897
28897
28896
28890
28887
28885
28884
28882
28881
28873
28871
28870
28869
28838
28838
28835
28835
28833
28833
28832
28823
28816
28815
28812
28812
28811
28810
28809
28804
28803
28801
28794
28788
28783
28777
28769
28768
28760
28757
28754
28754
28752
28751
28749
28749
28745
28743
28736
28734
28726
28722
28722
28720
28719
28713
28711
28707
28705
28701
28700
28698
28696
28696
28681
28675
28675
28673
28664
28656
28651
28647
28643
28635
28630
28625
28621
28617
28617
28616
28610
28604
28603
28598
28598
28596
28589
28583
28582
28579
28573
28573
28567
28564
28564
28552
28539
28537
28535
28525
28523
28512
28512
28508
28499
28498
28497
28495
28491
28486
28483
28482
28482
28475
28474
28469
28467
28467
28460
28451
28449
28445
28445
28444
28444
28434
28434
28432
28432
28431
28428
28428
28426
28423
28423
28418
28418
28415
28414
28414
28406
28401
28395
28389
28386
28380
28370
28370
28370
28366
28363
28361
28360
28360
28358
28346
28345
28344
28338
28337
28336
28335
28334
28333
28332
28331
28326
28324
28323
28322
28321
28318
28317
28316
28316
28310
28309
28302
28302
28301
28293
28291
28285
28280
28268
28258
28257
28256
28255
28248
28246
28246
28246
28240
28239
28239
28233
28227
28225
28222
28221
28217
28217
28212
28212
28201
28197
28197
28183
28182
28182
28175
28172
28165
28162
28150
28149
28148
28147
28147
28146
28140
28137
28128
28124
28121
28115
28115
28112
28109
28108
28107
28106
28103
28098
28092
28089
28087
28077
28077
28075
28072
28070
28068
28064
28063
28055
28047
28046
28043
28043
28042
28041
28035
28032
28030
28029
28026
28024
28024
28024
28014
28014
28011
28006
27999
27985
27984
27981
27980
27980
27971
27966
27957
27953
27952
27948
27947
27947
27947
27941
27941
27937
27935
27929
27925
27924
27918
27909
27909
27907
27907
27897
27893
27891
27890
27883
27879
27878
27877
27877
27872
27872
27870
27869
27859
27859
27859
27852
27846
27846
27844
27843
27840
27840
27839
27836
27834
27830
27828
27824
27821
27819
27818
27809
27807
27805
27805
27801
27800
27796
27796
27790
27785
27783
27779
27775
27772
27765
27765
27759
27758
27758
27756
27754
27747
27743
27736
27736
27735
27734
27731
27731
27727
27724
27722
27718
27709
27709
27705
27702
27701
27689
27685
27685
27684
27681
27681
27677
27675
27673
27670
27669
27667
27664
27659
27658
27653
27652
27649
27646
27642
27641
27628
27623
27611
27610
27609
27608
27606
27598
27595
27587
27585
27576
27575
27574
27573
27571
27568
27566
27563
27560
27555
27553
27553
27549
27548
27524
27521
27521
27518
27516
27515
27515
27509
27504
27503
27502
27492
27486
27481
27480
27476
27473
27472
27472
27469
27467
27464
27460
27457
27454
27452
27446
27443
27442
27440
27435
27434
27433
27427
27423
27423
27422
27417
27417
27416
27415
27412
27412
27411
27409
27407
27403
27403
27402
27399
27396
27396
27391
27391
27387
27387
27386
27385
27384
27382
27374
27361
27361
27361
27356
27352
27351
27350
27349
27345
27343
27331
27326
27324
27311
27310
27310
27310
27308
27308
27308
27305
27304
27300
27296
27295
27294
27294
27293
27288
27288
27286
27280
27275
27274
27274
27273
27270
27269
27269
27266
27261
27261
27259
27258
27258
27255
27250
27240
27240
27237
27236
27230
27227
27225
27219
27216
27211
27209
27207
27200
27199
27199
27198
27195
27193
27184
27179
27176
27171
27170
27168
27164
27161
27159
27159
27159
27152
27150
27141
27141
27140
27137
27130
27130
27121
27121
27111
27105
27098
27098
27094
27092
27090
27088
27085
27084
27079
27079
27075
27066
27065
27046
27044
27040
27039
27033
27031
27029
27027
27027
27026
27024
27024
27022
27021
27021
27019
27018
27013
27011
27005
27004
27001
27000
27000
27000
26999
26996
26995
26990
26987
26980
26978
26974
26966
26964
26957
26951
26951
26948
26940
26940
26938
26935
26927
26927
26925
26924
26924
26922
26920
26915
26910
26909
26909
26908
26901
26897
26895
26894
26893
26892
26880
26867
26866
26858
26854
26849
26848
26842
26838
26832
26832
26830
26829
26820
26817
26816
26811
26811
26809
26807
26806
26805
26803
26795
26791
26790
26790
26787
26786
26785
26785
26784
26783
26776
26776
26764
26764
26748
26747
26745
26730
26726
26725
26720
26719
26717
26715
26711
26708
26706
26702
26695
26693
26687
26686
26685
26684
26682
26681
26681
26672
26669
26662
26662
26661
26655
26652
26652
26651
26644
26641
26636
26635
26635
26635
26633
26630
26618
26609
26608
26604
26602
26589
26589
26584
26581
26581
26577
26575
26572
26572
26571
26570
26566
26564
26560
26558
26553
26552
26551
26550
26545
26540
26539
26538
26534
26533
26531
26529
26526
26523
26522
26517
26517
26515
26512
26512
26511
26508
26506
26502
26499
26489
26488
26487
26486
26483
26482
26465
26463
26461
26458
26456
26444
26444
26440
26434
26432
26431
26431
26424
26413
26412
26412
26411
26403
26402
26395
26391
26389
26386
26385
26374
26371
26367
26365
26363
26362
26362
26359
26358
26352
26352
26343
26340
26339
26339
26337
26337
26332
26324
26318
26317
26312
26312
26308
26308
26303
26302
26299
26295
26290
26288
26278
26278
26260
26257
26253
26252
26243
26242
26241
26227
26226
26221
26220
26220
26219
26217
26214
26214
26203
26202
26199
26197
26192
26187
26187
26184
26183
26180
26176
26175
26168
26167
26161
26158
26157
26152
26142
26142
26134
26128
26126
26121
26116
26113
26107
26106
26103
26098
26098
26097
26094
26087
26086
26084
26081
26062
26061
26058
26053
26052
26051
26050
26045
26045
26029
26027
26020
26018
26015
26013
26010
26007
26006
26006
26004
26003
26003
26002
26001
25997
25996
25991
25989
25981
25981
25978
25974
25970
25965
25960
25959
25955
25954
25948
25945
25942
25942
25942
25940
25931
25922
25913
25907
25906
25906
25901
25899
25895
25894
25894
25879
25877
25873
25872
25867
25866
25864
25864
25862
25860
25858
25858
25856
25854
25847
25837
25837
25836
25827
25821
25817
25814
25808
25805
25802
25800
25800
25796
25794
25792
25789
25786
25786
25782
25779
25770
25766
25763
25762
25750
25748
25744
25740
25739
25735
25734
25734
25734
25729
25723
25720
25719
25719
25717
25716
25716
25704
25704
25700
25693
25679
25677
25677
25676
25673
25671
25665
25665
25659
25652
25644
25635
25634
25632
25624
25624
25621
25620
25619
25614
25610
25608
25608
25606
25599
25598
25598
25597
25596
25596
25593
25586
25584
25579
25575
25564
25564
25563
25557
25554
25542
25541
25540
25540
25536
25530
25528
25528
25526
25520
25518
25506
25503
25503
25502
25502
25492
25489
25484
25483
25483
25483
25482
25481
25479
25476
25472
25460
25458
25457
25455
25453
25434
25433
25424
25421
25414
25412
25408
25407
25406
25404
25404
25401
25400
25398
25397
25396
25396
25393
25388
25382
25375
25375
25372
25369
25364
25364
25364
25356
25353
25352
25350
25350
25344
25343
25336
25334
25328
25328
25318
25310
25304
25303
25299
25297
25297
25296
25294
25292
25290
25289
25286
25285
25283
25280
25275
25272
25272
25272
25271
25270
25260
25259
25257
25251
25244
25243
25242
25242
25240
25230
25229
25226
25226
25224
25222
25217
25211
25204
25203
25200
25199
25197
25189
25189
25183
25176
25174
25170
25170
25167
25165
25164
25164
25159
25155
25154
25150
25145
25144
25137
25132
25129
25128
25128
25125
25122
25121
25120
25112
25111
25110
25108
25108
25105
25105
25103
25098
25097
25091
25089
25084
25083
25079
25078
25076
25068
25068
25065
25061
25061
25059
25058
25054
25050
25045
25042
25038
25038
25035
25030
25022
25018
25017
25016
25009
25009
25004
25000
24999
24993
24992
24989
24987
24983
24980
24973
24972
24971
24968
24966
24949
24943
24943
24940
24939
24939
24938
24935
24934
24932
24932
24931
24930
24930
24928
24926
24926
24925
24924
24918
24917
24917
24913
24912
24879
24878
24878
24877
24865
24863
24863
24857
24849
24843
24836
24836
24835
24830
24830
24818
24809
24808
24807
24806
24802
24793
24793
24792
24784
24780
24779
24779
24774
24772
24765
24763
24762
24755
24752
24752
24746
24744
24738
24737
24734
24733
24731
24729
24728
24727
24727
24726
24725
24712
24708
24704
24697
24695
24693
24687
24681
24681
24675
24673
24666
24659
24654
24652
24645
24643
24642
24639
24635
24632
24630
24624
24621
24620
24614
24612
24607
24606
24601
24600
24598
24594
24591
24569
24568
24563
24560
24557
24553
24551
24547
24547
24546
24538
24533
24529
24524
24519
24518
24513
24504
24504
24504
24497
24495
24488
24486
24482
24463
24463
24458
24457
24450
24448
24446
24446
24444
24437
24433
24430
24429
24428
24415
24404
24404
24401
24399
24395
24394
24394
24393
24388
24387
24387
24379
24379
24374
24374
24371
24370
24369
24368
24362
24361
24342
24342
24337
24335
24335
24328
24318
24310
24310
24305
24301
24296
24282
24268
24256
24252
24228
24226
24220
24218
24213
24212
24204
24202
24195
24194
24194
24194
24192
24179
24177
24176
24173
24172
24172
24169
24169
24168
24166
24159
24159
24159
24158
24157
24151
24150
24147
24144
24141
24140
24140
24130
24127
24123
24123
24119
24118
24117
24113
24111
24110
24109
24107
24105
24097
24092
24091
24091
24087
24085
24081
24070
24065
24065
24064
24057
24055
24055
24049
24029
24017
24008
24007
24005
24005
24001
24000
24000
23996
23992
23990
23988
23979
23979
23971
23970
23968
23964
23963
23961
23957
23956
23955
23953
23946
23936
23930
23929
23927
23926
23917
23911
23904
23904
23901
23895
23894
23890
23878
23868
23866
23866
23864
23859
23859
23851
23848
23842
23836
23831
23827
23826
23826
23825
23824
23822
23821
23820
23812
23809
23805
23805
23802
23800
23800
23796
23793
23792
23789
23789
23784
23783
23777
23776
23775
23774
23773
23771
23767
23766
23765
23764
23757
23754
23751
23747
23746
23744
23742
23741
23735
23733
23732
23731
23731
23728
23727
23724
23724
23724
23722
23717
23714
23712
23709
23707
23706
23700
23692
23691
23688
23686
23674
23669
23669
23666
23665
23653
23652
23652
23651
23650
23650
23649
23643
23638
23638
23635
23635
23632
23625
23616
23615
23608
23602
23602
23599
23599
23583
23581
23578
23577
23576
23569
23568
23568
23562
23560
23542
23528
23525
23523
23521
23518
23517
23516
23515
23514
23510
23510
23508
23507
23504
23503
23495
23495
23493
23492
23480
23475
23472
23471
23471
23469
23467
23464
23462
23462
23458
23452
23451
23448
23442
23437
23430
23430
23429
23425
23424
23416
23416
23414
23414
23408
23402
23401
23398
23396
23396
23393
23392
23387
23385
23382
23381
23375
23373
23370
23365
23363
23358
23358
23356
23345
23344
23344
23339
23336
23334
23333
23328
23315
23311
23305
23302
23302
23296
23292
23291
23287
23286
23286
23278
23275
23274
23269
23265
23262
23258
23256
23255
23254
23254
23251
23250
23249
23247
23247
23245
23245
23240
23240
23238
23236
23235
23232
23229
23228
23221
23218
23211
23207
23206
23200
23197
23193
23193
23191
23183
23179
23177
23170
23167
23154
23154
23133
23133
23132
23128
23126
23117
23115
23112
23111
23109
23105
23104
23101
23100
23100
23100
23097
23096
23095
23091
23089
23085
23084
23083
23082
23080
23079
23070
23070
23068
23053
23051
23044
23044
23044
23043
23041
23039
23038
23038
23036
23024
23021
23018
23015
23007
23006
23004
23002
22995
22991
22984
22983
22982
22966
22963
22962
22958
22955
22940
22940
22937
22933
22932
22927
22926
22926
22924
22923
22906
22905
22898
22898
22898
22897
22896
22896
22895
22888
22887
22887
22881
22878
22875
22875
22867
22864
22863
22860
22853
22851
22850
22845
22842
22841
22841
22839
22838
22829
22822
22821
22820
22812
22812
22812
22808
22798
22797
22793
22791
22790
22789
22788
22787
22785
22782
22777
22777
22777
22775
22773
22773
22769
22766
22763
22763
22759
22755
22754
22751
22748
22747
22747
22745
22741
22740
22740
22733
22727
22722
22719
22716
22713
22707
22703
22700
22692
22692
22690
22686
22685
22682
22681
22678
22677
22676
22675
22673
22670
22670
22669
22666
22665
22665
22664
22654
22648
22645
22645
22642
22637
22633
22633
22633
22630
22627
22621
22618
22618
22618
22614
22608
22599
22599
22597
22596
22590
22588
22585
22583
22580
22576
22572
22570
22565
22558
22557
22554
22553
22553
22551
22542
22540
22532
22529
22529
22528
22521
22518
22516
22514
22500
22499
22496
22495
22495
22483
22481
22477
22474
22474
22471
22471
22470
22467
22461
22460
22459
22457
22455
22449
22442
22439
22439
22429
22423
22418
22415
22411
22410
22409
22409
22404
22402
22398
22396
22395
22394
22387
22386
22383
22382
22382
22380
22380
22377
22372
22371
22369
22367
22364
22364
22363
22360
22359
22356
22354
22353
22352
22351
22351
22349
22346
22346
22334
22309
22308
22307
22307
22307
22305
22303
22303
22299
22293
22290
22289
22288
22277
22276
22273
22269
22269
22264
22259
22257
22254
22254
22252
22252
22244
22242
22238
22232
22231
22226
22225
22222
22221
22219
22219
22219
22206
22202
22201
22198
22197
22192
22182
22178
22175
22162
22161
22154
22146
22136
22128
22128
22121
22115
22114
22112
22106
22097
22097
22096
22096
22093
22093
22086
22083
22079
22070
22067
22066
22065
22063
22054
22049
22049
22046
22036
22032
22032
22031
22025
22017
22015
22013
22003
21996
21996
21991
21987
21987
21986
21986
21977
21972
21972
21971
21971
21970
21962
21959
21957
21948
21942
21938
21933
21932
21931
21930
21927
21920
21916
21915
21912
21910
21902
21896
21895
21893
21893
21893
21890
21882
21879
21877
21876
21874
21871
21868
21864
21863
21862
21850
21849
21847
21842
21841
21840
21838
21838
21837
21835
21829
21827
21827
21825
21822
21818
21809
21803
21800
21798
21791
21785
21784
21782
21766
21766
21749
21741
21741
21737
21734
21730
21729
21725
21724
21723
21721
21715
21713
21711
21706
21699
21698
21697
21692
21692
21686
21683
21683
21680
21677
21667
21665
21658
21653
21649
21648
21636
21634
21634
21632
21613
21613
21610
21602
21600
21596
21596
21591
21590
21589
21589
21589
21588
21586
21575
21574
21573
21570
21566
21565
21564
21553
21552
21552
21544
21540
21539
21539
21537
21537
21535
21528
21524
21522
21518
21517
21516
21515
21513
21509
21498
21498
21492
21489
21487
21480
21478
21476
21474
21473
21465
21453
21449
21447
21440
21435
21435
21434
21431
21425
21424
21423
21423
21419
21417
21416
21411
21411
21410
21407
21404
21404
21394
21390
21381
21377
21376
21375
21374
21370
21368
21363
21362
21362
21354
21354
21352
21350
21348
21343
21338
21337
21337
21334
21328
21326
21324
21324
21322
21319
21310
21307
21306
21306
21304
21300
21294
21286
21283
21283
21279
21268
21261
21255
21254
21246
21243
21238
21236
21234
21231
21228
21227
21217
21217
21215
21206
21205
21199
21199
21197
21194
21190
21189
21188
21187
21183
21180
21178
21172
21171
21170
21170
21167
21164
21161
21157
21152
21148
21141
21137
21131
21121
21120
21118
21118
21117
21113
21112
21110
21098
21098
21097
21092
21091
21082
21082
21081
21080
21070
21065
21062
21061
21057
21057
21050
21050
21044
21044
21043
21042
21039
21037
21035
21035
21033
21026
21023
21023
21022
21014
21011
21010
21007
20999
20992
20991
20988
20986
20985
20985
20982
20976
20976
20969
20961
20957
20956
20952
20950
20943
20942
20942
20925
20924
20922
20922
20916
20915
20911
20909
20905
20904
20904
20903
20901
20896
20896
20896
20896
20894
20890
20886
20878
20875
20872
20869
20869
20869
20860
20853
20851
20847
20842
20827
20827
20826
20825
20822
20818
20814
20805
20804
20792
20789
20786
20781
20780
20776
20773
20768
20758
20749
20749
20744
20743
20741
20737
20730
20728
20721
20719
20713
20698
20694
20686
20682
20681
20674
20673
20673
20671
20666
20650
20650
20650
20648
20648
20647
20646
20642
20635
20634
20633
20628
20621
20618
20616
20614
20603
20600
20598
20595
20591
20588
20587
20578
20575
20575
20571
20571
20571
20568
20567
20563
20559
20558
20557
20556
20551
20551
20548
20546
20545
20544
20536
20528
20521
20519
20516
20516
20503
20497
20493
20492
20490
20484
20481
20474
20472
20469
20467
20463
20457
20456
20452
20450
20450
20446
20446
20445
20444
20439
20436
20434
20432
20425
20424
20424
20421
20420
20419
20418
20417
20413
20411
20410
20409
20408
20405
20399
20389
20383
20381
20379
20378
20376
20370
20365
20364
20361
20356
20352
20332
20323
20320
20313
20312
20307
20303
20302
20302
20300
20297
20295
20294
20290
20287
20284
20281
20279
20277
20269
20263
20258
20250
20249
20241
20236
20234
20227
20223
20220
20216
20212
20212
20202
20197
20193
20192
20192
20186
20179
20178
20175
20173
20172
20172
20165
20160
20158
20154
20152
20146
20144
20142
20141
20141
20139
20138
20137
20126
20114
20114
20113
20112
20111
20108
20099
20090
20088
20086
20084
20079
20079
20069
20066
20063
20060
20060
20052
20050
20043
20043
20041
20041
20040
20039
20037
20036
20016
20012
20005
19998
19994
19990
19984
19979
19978
19969
19963
19961
19961
19960
19959
19957
19956
19953
19940
19936
19934
19931
19925
19921
19921
19920
19919
19918
19917
19917
19912
19912
19910
19909
19906
19906
19902
19895
19892
19891
19887
19883
19866
19850
19849
19848
19845
19843
19842
19839
19838
19833
19829
19826
19819
19816
19815
19814
19812
19810
19805
19802
19802
19795
19794
19792
19791
19790
19787
19787
19785
19785
19775
19764
19762
19759
19757
19754
19751
19749
19746
19738
19735
19735
19731
19730
19726
19725
19723
19720
19709
19707
19706
19699
19699
19697
19686
19686
19683
19681
19678
19672
19671
19669
19669
19658
19657
19656
19655
19648
19647
19642
19639
19633
19631
19630
19615
19614
19613
19612
19610
19601
19599
19591
19585
19580
19578
19573
19567
19564
19554
19552
19544
19544
19533
19532
19531
19525
19524
19522
19520
19519
19518
19516
19516
19509
19504
19504
19492
19491
19489
19482
19478
19474
19471
19466
19462
19457
19453
19451
19448
19448
19436
19434
19432
19431
19426
19417
19415
19415
19415
19415
19414
19410
19406
19405
19404
19401
19389
19388
19384
19382
19369
19358
19356
19355
19348
19345
19341
19330
19325
19323
19320
19320
19315
19310
19308
19304
19304
19302
19299
19295
19294
19293
19292
19284
19284
19280
19278
19265
19262
19255
19253
19249
19240
19235
19235
19234
19234
19230
19212
19211
19207
19206
19200
19195
19194
19194
19189
19189
19184
19182
19182
19181
19176
19174
19172
19167
19157
19156
19150
19149
19147
19146
19144
19142
19142
19137
19136
19123
19120
19119
19116
19115
19113
19112
19111
19105
19104
19104
19104
19101
19096
19095
19093
19086
19079
19067
19066
19063
19061
19059
19059
19057
19050
19050
19040
19038
19035
19031
19029
19028
19027
19025
19019
19018
19017
19015
19015
19009
19004
19002
19001
18998
18998
18996
18981
18978
18973
18955
18953
18949
18949
18947
18947
18943
18940
18933
18931
18931
18930
18929
18929
18925
18922
18922
18919
18918
18915
18902
18901
18892
18889
18886
18884
18883
18881
18881
18880
18880
18877
18866
18862
18859
18859
18857
18857
18856
18854
18850
18849
18845
18843
18838
18838
18836
18834
18833
18830
18827
18827
18824
18820
18820
18815
18814
18812
18811
18810
18810
18809
18808
18806
18804
18803
18801
18801
18800
18797
18797
18788
18787
18785
18777
18773
18771
18770
18768
18764
18764
18760
18758
18758
18750
18747
18739
18739
18739
18737
18736
18734
18733
18725
18721
18713
18709
18708
18697
18692
18690
18689
18686
18682
18673
18670
18668
18667
18662
18660
18660
18650
18649
18644
18643
18637
18628
18624
18623
18617
18617
18615
18614
18607
18597
18596
18595
18593
18591
18591
18581
18577
18572
18563
18560
18555
18555
18554
18551
18550
18547
18544
18542
18541
18537
18533
18521
18518
18511
18505
18493
18492
18492
18484
18472
18470
18468
18460
18459
18457
18457
18453
18451
18449
18449
18446
18445
18445
18444
18444
18440
18438
18433
18430
18426
18426
18425
18417
18415
18414
18412
18404
18401
18399
18394
18394
18392
18389
18386
18380
18379
18373
18370
18366
18365
18359
18359
18347
18345
18341
18331
18330
18328
18326
18325
18324
18322
18321
18319
18317
18316
18312
18308
18306
18303
18302
18301
18299
18296
18295
18285
18275
18275
18275
18268
18266
18264
18263
18261
18258
18255
18255
18254
18254
18250
18248
18248
18245
18244
18239
18236
18225
18219
18219
18215
18213
18207
18206
18204
18199
18187
18185
18184
18184
18178
18177
18172
18162
18161
18158
18158
18157
18153
18150
18148
18147
18146
18141
18141
18121
18120
18114
18105
18105
18096
18090
18087
18086
18085
18084
18080
18079
18078
18078
18074
18062
18062
18054
18049
18049
18042
18035
18034
18032
18031
18029
18026
18026
18020
18017
18015
18015
18011
18002
18001
18000
17999
17998
17996
17995
17992
17991
17981
17977
17975
17973
17971
17970
17970
17967
17965
17965
17964
17964
17962
17961
17953
17952
17940
17932
17927
17925
17922
17922
17919
17919
17917
17910
17908
17905
17902
17900
17898
17897
17895
17894
17892
17882
17875
17873
17870
17869
17863
17863
17860
17857
17856
17853
17847
17847
17841
17839
17839
17832
17828
17820
17818
17817
17814
17813
17812
17811
17809
17800
17797
17794
17784
17782
17775
17773
17770
17768
17765
17764
17762
17762
17755
17753
17753
17749
17748
17746
17746
17738
17738
17735
17729
17727
17726
17721
17720
17720
17719
17717
17714
17710
17707
17706
17703
17698
17694
17693
17691
17685
17682
17676
17676
17671
17669
17666
17663
17662
17659
17650
17649
17643
17643
17631
17621
17621
17620
17620
17618
17615
17613
17613
17610
17610
17607
17606
17606
17605
17604
17602
17591
17590
17589
17588
17584
17582
17579
17577
17575
17575
17575
17573
17572
17572
17565
17559
17557
17553
17549
17545
17544
17538
17535
17534
17524
17524
17503
17501
17501
17499
17497
17495
17495
17489
17488
17486
17483
17482
17482
17480
17480
17471
17465
17462
17459
17457
17457
17456
17454
17454
17449
17448
17447
17445
17445
17444
17444
17435
17428
17426
17424
17421
17413
17412
17411
17410
17385
17380
17375
17374
17372
17372
17372
17369
17365
17360
17354
17354
17353
17352
17341
17339
17338
17337
17334
17332
17332
17328
17323
17322
17321
17315
17312
17312
17311
17311
17309
17307
17299
17299
17296
17294
17288
17283
17281
17279
17273
17266
17260
17258
17250
17247
17242
17237
17230
17230
17225
17217
17215
17215
17210
17210
17208
17202
17201
17199
17197
17196
17195
17193
17188
17187
17186
17184
17184
17183
17178
17178
17176
17171
17164
17162
17162
17160
17154
17149
17147
17145
17145
17135
17132
17130
17127
17121
17118
17115
17111
17109
17106
17102
17100
17092
17083
17078
17074
17073
17072
17069
17068
17068
17063
17062
17059
17057
17056
17055
17049
17042
17041
17037
17036
17030
17029
17029
17028
17025
17019
17017
17016
17009
17008
17008
17005
16998
16997
16990
16986
16986
16984
16984
16979
16977
16977
16971
16971
16970
16970
16967
16965
16964
16963
16962
16962
16960
16959
16946
16945
16940
16936
16930
16927
16926
16925
16922
16921
16919
16918
16918
16917
16916
16916
16914
16913
16908
16907
16906
16899
16897
16895
16894
16892
16885
16884
16884
16882
16881
16881
16881
16879
16872
16867
16861
16859
16849
16847
16843
16841
16840
16839
16831
16830
16829
16825
16825
16820
16817
16814
16813
16811
16810
16800
16800
16799
16796
16796
16794
16792
16786
16785
16783
16782
16781
16779
16778
16777
16776
16772
16770
16764
16764
16754
16739
16737
16733
16731
16726
16724
16720
16719
16717
16713
16707
16707
16705
16698
16695
16692
16690
16689
16686
16680
16679
16677
16669
16668
16655
16653
16652
16649
16648
16647
16647
16645
16644
16644
16641
16639
16638
16635
16630
16629
16627
16626
16625
16625
16625
16622
16620
16617
16616
16614
16608
16607
16601
16600
16598
16595
16594
16594
16590
16588
16584
16579
16579
16579
16572
16565
16557
16557
16536
16524
16524
16516
16514
16514
16511
16510
16509
16508
16507
16501
16500
16492
16486
16485
16484
16484
16483
16479
16476
16474
16472
16467
16467
16457
16455
16452
16448
16447
16445
16444
16444
16443
16441
16433
16430
16427
16426
16423
16421
16420
16420
16416
16416
16412
16409
16406
16401
16400
16399
16396
16396
16396
16395
16395
16394
16391
16388
16388
16385
16385
16377
16371
16369
16365
16363
16361
16360
16360
16350
16346
16343
16341
16338
16337
16335
16331
16330
16322
16309
16307
16303
16302
16299
16297
16290
16289
16288
16281
16281
16276
16275
16274
16270
16258
16255
16246
16235
16232
16230
16225
16222
16222
16220
16219
16219
16216
16216
16214
16210
16206
16206
16202
16199
16195
16192
16192
16187
16181
16177
16174
16172
16170
16168
16159
16154
16153
16153
16152
16151
16147
16145
16143
16140
16139
16135
16135
16133
16129
16125
16120
16105
16103
16101
16093
16090
16089
16083
16082
16078
16075
16069
16068
16064
16061
16055
16047
16040
16039
16036
16031
16025
16024
16014
16013
16010
16009
16005
15999
15995
15995
15991
15989
15989
15987
15976
15976
15970
15968
15964
15963
15962
15954
15951
15948
15944
15944
15942
15936
15929
15925
15924
15923
15917
15913
15912
15908
15907
15906
15891
15886
15886
15886
15883
15881
15876
15873
15872
15861
15851
15851
15850
15845
15842
15841
15838
15837
15836
15832
15832
15830
15828
15826
15826
15820
15818
15816
15815
15815
15814
15812
15810
15808
15807
15804
15800
15790
15786
15783
15780
15780
15770
15768
15768
15765
15759
15758
15758
15752
15752
15752
15751
15750
15750
15749
15748
15735
15729
15723
15721
15710
15709
15706
15706
15700
15699
15696
15687
15684
15683
15678
15677
15675
15669
15669
15667
15664
15660
15652
15652
15650
15647
15633
15629
15625
15617
15617
15614
15612
15609
15595
15588
15585
15583
15574
15565
15555
15551
15549
15545
15544
15544
15531
15531
15530
15530
15527
15520
15517
15516
15509
15508
15504
15502
15501
15499
15499
15498
15492
15491
15490
15490
15490
15489
15484
15482
15480
15479
15475
15474
15466
15464
15464
15458
15455
15454
15450
15443
15440
15432
15428
15428
15422
15419
15416
15414
15413
15408
15403
15403
15402
15393
15391
15387
15384
15376
15374
15369
15363
15360
15357
15345
15344
15343
15343
15341
15338
15337
15336
15333
15327
15313
15312
15309
15307
15306
15306
15300
15299
15299
15298
15294
15293
15289
15286
15285
15285
15276
15268
15265
15259
15257
15256
15252
15251
15250
15249
15247
15246
15246
15243
15228
15226
15224
15222
15215
15215
15211
15208
15208
15204
15204
15203
15202
15201
15194
15193
15190
15185
15184
15184
15183
15182
15178
15170
15170
15169
15162
15160
15157
15153
15149
15149
15148
15145
15145
15143
15139
15135
15134
15134
15133
15130
15130
15130
15121
15121
15115
15113
15104
15103
15101
15100
15098
15095
15095
15093
15081
15075
15070
15067
15067
15060
15059
15056
15056
15056
15055
15054
15050
15047
15047
15045
15043
15041
15038
15035
15035
15024
15023
15020
15019
15007
15003
14995
14988
14980
14975
14971
14964
14963
14957
14944
14942
14937
14933
14932
14928
14919
14918
14916
14916
14915
14913
14906
14898
14893
14893
14889
14888
14886
14884
14880
14879
14879
14877
14876
14876
14874
14873
14865
14861
14859
14855
14854
14852
14852
14850
14848
14847
14846
14843
14843
14838
14834
14817
14815
14814
14813
14813
14813
14805
14801
14800
14792
14790
14790
14790
14788
14784
14780
14780
14777
14777
14773
14767
14766
14766
14761
14759
14751
14746
14743
14737
14733
14724
14719
14719
14708
14700
14697
14696
14695
14694
14693
14692
14688
14683
14678
14676
14674
14674
14671
14662
14660
14659
14658
14657
14637
14636
14630
14627
14626
14625
14623
14611
14607
14602
14600
14599
14598
14594
14588
14587
14586
14575
14569
14565
14555
14547
14547
14545
14541
14538
14531
14529
14528
14515
14514
14511
14511
14506
14505
14497
14494
14490
14489
14487
14487
14486
14481
14477
14464
14461
14459
14456
14455
14455
14449
14444
14443
14442
14439
14438
14434
14434
14431
14423
14422
14420
14418
14417
14411
14411
14411
14409
14406
14404
14402
14400
14397
14395
14393
14386
14383
14377
14374
14371
14371
14358
14357
14354
14354
14353
14347
14345
14344
14341
14335
14330
14317
14315
14314
14310
14309
14305
14305
14299
14297
14297
14296
14292
14290
14281
14277
14268
14267
14259
14259
14258
14254
14252
14251
14250
14244
14234
14232
14229
14228
14225
14220
14220
14219
14213
14210
14210
14209
14205
14203
14199
14193
14191
14186
14184
14177
14175
14169
14168
14165
14164
14163
14162
14162
14161
14159
14158
14157
14156
14154
14149
14144
14133
14132
14130
14119
14118
14115
14111
14108
14107
14098
14097
14096
14095
14094
14090
14090
14090
14085
14077
14075
14067
14056
14055
14049
14047
14046
14044
14034
14033
14032
14027
14018
14015
14014
14010
14009
14009
14006
14000
14000
14000
13999
13995
13992
13989
13986
13985
13980
13977
13976
13972
13972
13970
13966
13962
13953
13947
13946
13940
13940
13938
13936
13934
13925
13922
13922
13914
13912
13910
13909
13907
13906
13897
13894
13892
13881
13877
13875
13865
13865
13862
13851
13851
13851
13849
13848
13848
13847
13846
13841
13836
13835
13834
13834
13831
13829
13826
13825
13823
13801
13794
13786
13783
13780
13777
13777
13773
13767
13762
13760
13760
13757
13757
13750
13748
13747
13746
13742
13734
13731
13724
13722
13722
13721
13719
13719
13718
13714
13710
13709
13703
13703
13700
13690
13689
13686
13683
13682
13681
13680
13677
13672
13669
13657
13650
13644
13639
13638
13636
13632
13628
13628
13627
13608
13607
13590
13585
13574
13573
13570
13561
13554
13553
13551
13545
13535
13532
13527
13520
13515
13514
13502
13501
13501
13499
13498
13481
13475
13473
13468
13467
13452
13449
13449
13449
13449
13432
13428
13426
13421
13415
13412
13411
13411
13405
13401
13398
13398
13397
13385
13376
13361
13360
13358
13355
13355
13354
13346
13343
13339
13334
13332
13328
13328
13322
13320
13318
13308
13307
13306
13305
13300
13296
13286
13286
13285
13285
13284
13278
13276
13268
13264
13262
13261
13261
13258
13253
13252
13247
13233
13225
13223
13221
13219
13217
13213
13213
13210
13209
13205
13200
13199
13191
13190
13187
13179
13172
13170
13168
13165
13165
13163
13162
13156
13156
13153
13133
13131
13129
13129
13128
13123
13121
13120
13115
13105
13105
13105
13103
13102
13100
13098
13095
13089
13089
13088
13088
13085
13085
13082
13080
13079
13077
13076
13075
13067
13066
13065
13062
13053
13048
13046
13045
13038
13037
13035
13029
13023
13022
13019
13018
13018
13016
13011
13009
13006
12998
12998
12995
12992
12985
12985
12975
12973
12972
12971
12964
12962
12961
12959
12957
12954
12953
12948
12946
12944
12940
12938
12935
12932
12932
12931
12931
12921
12911
12908
12900
12898
12894
12889
12886
12882
12881
12881
12880
12875
12863
12862
12861
12855
12853
12849
12844
12837
12819
12817
12814
12812
12811
12807
12801
12801
12801
12795
12791
12790
12784
12774
12773
12770
12767
12767
12766
12758
12755
12754
12751
12749
12748
12748
12738
12737
12734
12730
12724
12723
12707
12696
12688
12684
12680
12678
12678
12677
12675
12671
12671
12668
12666
12666
12662
12661
12658
12657
12651
12644
12644
12643
12642
12640
12640
12637
12635
12629
12621
12619
12616
12614
12610
12608
12607
12605
12599
12599
12598
12597
12592
12581
12581
12579
12576
12576
12566
12560
12558
12549
12545
12544
12531
12531
12527
12523
12509
12509
12503
12502
12501
12497
12495
12484
12481
12468
12465
12460
12459
12450
12448
12446
12439
12438
12434
12432
12430
12429
12429
12425
12424
12421
12420
12419
12418
12416
12413
12410
12407
12404
12401
12400
12400
12395
12388
12382
12377
12370
12370
12365
12362
12360
12354
12351
12349
12338
12336
12334
12324
12322
12320
12320
12316
12315
12307
12305
12303
12300
12299
12295
12295
12291
12290
12288
12287
12281
12279
12275
12274
12267
12265
12262
12259
12255
12255
12254
12253
12251
12248
12247
12245
12244
12241
12238
12232
12231
12229
12228
12227
12227
12223
12222
12216
12207
12206
12204
12198
12198
12195
12195
12185
12185
12183
12183
12181
12180
12176
12173
12172
12166
12165
12163
12162
12159
12154
12151
12147
12143
12135
12130
12129
12120
12117
12114
12114
12110
12109
12108
12102
12099
12098
12098
12096
12093
12093
12087
12084
12083
12076
12075
12075
12075
12069
12067
12063
12056
12046
12044
12042
12040
12031
12016
12015
12012
12011
12007
11999
11997
11996
11995
11995
11991
11989
11986
11984
11983
11982
11982
11981
11980
11978
11975
11974
11973
11971
11968
11966
11960
11954
11951
11949
11939
11938
11937
11935
11934
11933
11930
11920
11919
11912
11907
11902
11900
11893
11886
11884
11879
11879
11870
11869
11866
11865
11861
11860
11859
11854
11853
11852
11851
11847
11843
11829
11828
11824
11823
11823
11820
11815
11812
11807
11806
11806
11806
11803
11799
11798
11798
11798
11796
11795
11795
11795
11792
11792
11792
11791
11791
11787
11782
11778
11776
11771
11770
11768
11767
11762
11762
11760
11757
11755
11749
11744
11741
11741
11739
11731
11726
11723
11721
11720
11711
11710
11699
11697
11696
11695
11693
11691
11685
11684
11681
11675
11674
11672
11672
11663
11661
11661
11659
11655
11644
11640
11639
11633
11633
11626
11624
11622
11614
11610
11609
11595
11588
11586
11585
11584
11584
11582
11577
11577
11576
11575
11572
11567
11562
11554
11554
11553
11551
11546
11542
11541
11529
11529
11528
11526
11523
11521
11519
11510
11508
11507
11505
11501
11497
11497
11496
11495
11494
11491
11491
11481
11480
11474
11472
11471
11469
11467
11466
11465
11464
11460
11452
11447
11446
11442
11437
11435
11435
11435
11427
11424
11423
11413
11412
11404
11400
11399
11393
11392
11389
11384
11383
11383
11378
11376
11370
11369
11364
11364
11361
11358
11354
11350
11349
11346
11341
11338
11336
11336
11333
11333
11331
11328
11328
11324
11323
11321
11321
11318
11316
11314
11313
11306
11302
11300
11299
11298
11290
11288
11286
11285
11278
11276
11270
11269
11264
11262
11258
11249
11249
11246
11244
11239
11238
11237
11233
11232
11229
11225
11224
11220
11213
11213
11209
11208
11208
11207
11206
11202
11198
11186
11183
11180
11176
11172
11171
11168
11167
11167
11161
11160
11157
11157
11155
11150
11133
11129
11127
11124
11120
11117
11111
11103
11101
11101
11099
11089
11086
11085
11079
11074
11074
11072
11063
11063
11056
11053
11050
11045
11038
11038
11035
11034
11028
11027
11025
11025
11023
11012
11009
11005
11004
10998
10997
10989
10988
10980
10975
10975
10964
10961
10952
10950
10944
10943
10942
10941
10940
10936
10936
10935
10934
10933
10929
10924
10924
10916
10915
10915
10914
10907
10907
10906
10902
10902
10897
10896
10896
10893
10887
10881
10880
10878
10875
10870
10866
10865
10861
10861
10849
10845
10845
10842
10841
10837
10828
10822
10815
10807
10807
10801
10791
10784
10782
10782
10777
10776
10774
10769
10759
10758
10756
10756
10746
10744
10731
10728
10726
10724
10723
10720
10719
10716
10716
10715
10714
10713
10712
10711
10708
10707
10705
10703
10700
10699
10698
10691
10688
10687
10684
10681
10681
10679
10678
10674
10672
10672
10667
10665
10662
10639
10639
10636
10636
10623
10623
10620
10618
10613
10611
10602
10602
10599
10595
10589
10588
10585
10579
10579
10572
10568
10562
10561
10558
10546
10544
10543
10537
10536
10531
10527
10526
10525
10519
10515
10505
10505
10503
10502
10502
10502
10499
10495
10475
10469
10469
10466
10463
10459
10456
10455
10450
10448
10446
10444
10442
10441
10434
10432
10430
10428
10427
10423
10423
10418
10414
10412
10408
10406
10405
10398
10397
10397
10395
10394
10389
10386
10386
10383
10383
10379
10377
10374
10370
10366
10362
10362
10349
10346
10344
10340
10339
10335
10333
10332
10325
10322
10322
10319
10312
10311
10292
10289
10289
10282
10272
10271
10262
10248
10243
10233
10231
10227
10223
10213
10209
10204
10203
10195
10182
10173
10172
10171
10164
10159
10157
10157
10155
10153
10152
10151
10151
10150
10150
10149
10148
10144
10143
10136
10134
10127
10126
10121
10119
10117
10117
10116
10112
10106
10101
10099
10097
10095
10086
10084
10083
10080
10079
10076
10071
10069
10064
10062
10061
10060
10056
10049
10047
10040
10037
10029
10025
10022
10020
10020
10017
10011
10007
10005
9999
9998
9998
9997
9997
9996
9991
9988
9988
9986
9984
9979
9974
9970
9970
9968
9968
9964
9963
9963
9962
9960
9956
9955
9954
9950
9948
9944
9942
9932
9931
9926
9925
9921
9920
9917
9916
9914
9913
9912
9911
9909
9909
9905
9905
9902
9902
9902
9901
9900
9899
9899
9898
9895
9884
9879
9873
9865
9862
9859
9859
9858
9856
9856
9854
9854
9852
9850
9848
9842
9841
9834
9824
9812
9809
9804
9801
9796
9793
9791
9791
9785
9780
9777
9774
9771
9767
9765
9761
9761
9759
9759
9751
9750
9747
9742
9737
9735
9732
9729
9724
9717
9717
9716
9713
9691
9688
9687
9680
9659
9656
9652
9652
9648
9644
9636
9632
9630
9622
9616
9615
9614
9613
9610
9606
9583
9581
9581
9577
9577
9576
9575
9567
9565
9564
9559
9558
9558
9555
9548
9542
9541
9538
9535
9527
9527
9523
9520
9517
9516
9512
9505
9504
9504
9501
9499
9491
9489
9487
9487
9484
9483
9483
9479
9476
9475
9469
9467
9453
9450
9447
9446
9442
9439
9435
9432
9429
9428
9426
9423
9422
9421
9408
9406
9406
9401
9400
9398
9389
9388
9387
9381
9381
9381
9376
9372
9371
9366
9364
9358
9353
9352
9349
9349
9348
9339
9339
9337
9335
9330
9321
9316
9314
9312
9307
9305
9302
9299
9294
9294
9290
9285
9280
9278
9277
9276
9276
9274
9272
9271
9269
9269
9267
9266
9262
9260
9260
9259
9257
9250
9248
9236
9232
9227
9225
9223
9222
9221
9218
9218
9214
9214
9210
9208
9202
9201
9201
9199
9196
9193
9190
9188
9188
9187
9186
9185
9176
9172
9171
9169
9166
9165
9163
9152
9149
9142
9140
9138
9133
9132
9122
9122
9120
9119
9116
9105
9098
9087
9084
9082
9078
9077
9074
9072
9068
9064
9062
9061
9055
9053
9048
9047
9047
9040
9039
9031
9029
9029
9023
9022
9021
9012
9012
9010
9005
8998
8996
8993
8988
8987
8986
8985
8984
8983
8982
8981
8978
8975
8975
8972
8972
8971
8963
8962
8957
8957
8954
8953
8947
8938
8933
8923
8923
8923
8919
8918
8915
8915
8915
8912
8911
8910
8901
8901
8899
8897
8896
8894
8892
8881
8879
8877
8876
8874
8857
8855
8844
8844
8843
8840
8836
8831
8824
8823
8820
8818
8818
8818
8816
8808
8808
8807
8804
8803
8801
8799
8790
8789
8788
8783
8778
8777
8769
8762
8760
8759
8754
8753
8747
8746
8746
8745
8745
8739
8738
8737
8734
8727
8725
8724
8721
8716
8709
8702
8701
8699
8699
8697
8696
8695
8694
8693
8690
8672
8670
8670
8666
8661
8645
8641
8639
8638
8633
8626
8626
8620
8618
8616
8609
8609
8607
8606
8603
8602
8599
8596
8593
8590
8589
8586
8580
8573
8568
8565
8561
8559
8558
8558
8557
8553
8550
8546
8542
8539
8527
8519
8517
8514
8514
8513
8512
8508
8503
8499
8496
8493
8483
8479
8478
8475
8473
8473
8472
8463
8458
8454
8453
8450
8448
8446
8443
8440
8439
8435
8430
8428
8423
8418
8417
8405
8402
8399
8399
8398
8395
8394
8391
8387
8384
8379
8377
8374
8370
8368
8365
8364
8358
8352
8350
8346
8342
8340
8336
8336
8328
8328
8326
8318
8309
8308
8304
8303
8302
8299
8291
8287
8286
8284
8283
8273
8270
8265
8261
8252
8249
8247
8239
8238
8230
8218
8216
8214
8211
8200
8194
8193
8187
8178
8169
8168
8166
8155
8152
8146
8144
8142
8142
8141
8137
8136
8134
8130
8127
8124
8123
8120
8119
8112
8109
8109
8103
8099
8098
8097
8094
8092
8090
8087
8085
8082
8079
8066
8065
8064
8059
8053
8052
8049
8049
8049
8043
8042
8034
8028
8024
8012
8012
8006
8000
7997
7995
7984
7983
7981
7978
7976
7975
7974
7968
7961
7954
7952
7951
7938
7924
7918
7913
7911
7909
7909
7908
7907
7899
7898
7896
7890
7888
7888
7887
7881
7880
7873
7870
7870
7868
7868
7862
7860
7851
7851
7848
7841
7838
7837
7836
7831
7830
7828
7826
7826
7823
7815
7814
7813
7812
7811
7808
7800
7795
7789
7776
7774
7766
7765
7765
7758
7752
7750
7748
7742
7739
7738
7736
7736
7728
7715
7711
7709
7708
7707
7707
7706
7706
7703
7703
7695
7695
7687
7679
7678
7678
7667
7665
7665
7664
7664
7664
7661
7661
7661
7654
7653
7648
7648
7645
7641
7640
7636
7635
7634
7634
7630
7624
7623
7622
7620
7612
7608
7607
7607
7606
7603
7602
7595
7591
7589
7584
7581
7575
7574
7571
7563
7559
7551
7544
7543
7529
7524
7521
7510
7504
7495
7492
7490
7490
7482
7476
7476
7473
7471
7469
7468
7468
7466
7466
7465
7464
7464
7461
7461
7460
7457
7455
7448
7447
7446
7445
7443
7435
7434
7429
7427
7427
7424
7424
7423
7423
7416
7410
7409
7404
7403
7402
7402
7400
7390
7388
7385
7379
7377
7376
7376
7374
7374
7373
7371
7367
7366
7353
7344
7343
7341
7337
7333
7324
7319
7315
7312
7311
7299
7299
7297
7291
7289
7289
7286
7282
7273
7269
7262
7262
7260
7255
7252
7250
7249
7248
7248
7242
7241
7238
7233
7230
7226
7223
7223
7220
7219
7218
7218
7216
7215
7215
7209
7201
7201
7199
7199
7197
7197
7186
7180
7179
7177
7173
7159
7159
7148
7144
7142
7142
7137
7137
7134
7134
7124
7115
7111
7108
7103
7101
7100
7097
7096
7092
7090
7088
7076
7068
7063
7063
7050
7049
7048
7038
7027
7026
7025
7024
7021
7020
7017
7015
7014
7009
7008
6998
6996
6995
6994
6990
6988
6985
6979
6977
6976
6972
6969
6968
6965
6960
6956
6956
6952
6950
6947
6947
6945
6944
6944
6940
6940
6938
6936
6936
6935
6934
6930
6928
6925
6922
6922
6915
6913
6911
6911
6903
6902
6901
6897
6896
6891
6890
6888
6881
6881
6880
6878
6877
6876
6875
6870
6862
6860
6860
6860
6859
6845
6842
6824
6822
6822
6811
6810
6809
6808
6800
6792
6790
6785
6769
6767
6759
6755
6753
6752
6750
6746
6745
6744
6739
6739
6732
6728
6727
6726
6723
6709
6706
6703
6700
6695
6695
6687
6686
6683
6680
6674
6674
6672
6670
6664
6664
6663
6658
6657
6654
6653
6652
6647
6647
6641
6639
6638
6638
6635
6633
6632
6629
6628
6619
6615
6603
6602
6600
6600
6599
6597
6589
6587
6582
6581
6580
6578
6571
6571
6568
6567
6564
6556
6554
6553
6548
6547
6546
6546
6532
6527
6527
6523
6523
6520
6519
6518
6511
6510
6506
6502
6497
6497
6494
6492
6488
6486
6485
6478
6476
6474
6474
6473
6457
6454
6453
6451
6451
6450
6443
6430
6429
6424
6422
6421
6421
6418
6417
6407
6405
6403
6402
6398
6386
6381
6378
6374
6374
6369
6364
6364
6363
6355
6352
6351
6350
6339
6327
6326
6325
6324
6318
6311
6308
6306
6303
6301
6300
6295
6290
6290
6288
6287
6283
6274
6274
6271
6270
6269
6265
6255
6250
6246
6237
6236
6235
6226
6226
6224
6222
6220
6219
6219
6212
6210
6205
6202
6201
6201
6201
6200
6200
6199
6193
6193
6190
6190
6184
6181
6176
6163
6163
6157
6152
6147
6147
6145
6139
6131
6130
6130
6124
6123
6122
6121
6120
6117
6117
6113
6108
6101
6097
6095
6090
6089
6089
6089
6086
6082
6080
6079
6071
6065
6058
6057
6056
6055
6051
6047
6032
6026
6017
6015
6009
6007
6006
6001
5997
5991
5987
5984
5983
5983
5981
5978
5974
5970
5964
5962
5961
5960
5955
5952
5951
5950
5936
5934
5931
5926
5926
5925
5923
5920
5917
5908
5904
5898
5897
5895
5892
5888
5888
5888
5879
5870
5868
5858
5848
5848
5841
5834
5827
5826
5825
5823
5822
5818
5818
5814
5814
5814
5813
5813
5812
5810
5806
5801
5797
5786
5781
5780
5779
5775
5767
5748
5744
5740
5740
5736
5734
5731
5728
5728
5728
5726
5725
5720
5716
5707
5706
5701
5698
5697
5695
5693
5692
5690
5679
5679
5675
5674
5674
5673
5671
5667
5666
5657
5646
5641
5640
5640
5630
5629
5626
5622
5621
5615
5613
5610
5608
5604
5601
5598
5597
5596
5595
5594
5591
5589
5588
5588
5584
5583
5570
5569
5560
5554
5551
5551
5548
5548
5545
5545
5544
5538
5536
5534
5532
5529
5523
5518
5517
5514
5513
5510
5505
5500
5493
5483
5481
5477
5476
5474
5473
5471
5468
5468
5464
5459
5455
5455
5455
5453
5452
5448
5441
5438
5434
5433
5430
5424
5422
5417
5416
5410
5407
5405
5405
5402
5402
5400
5400
5399
5382
5379
5377
5376
5376
5375
5374
5374
5374
5374
5374
5372
5369
5365
5363
5357
5346
5343
5341
5341
5339
5338
5327
5324
5305
5303
5301
5300
5295
5288
5284
5282
5280
5274
5271
5269
5267
5264
5261
5261
5250
5248
5244
5242
5233
5229
5228
5212
5208
5207
5207
5206
5205
5205
5204
5204
5201
5198
5196
5195
5187
5186
5185
5183
5180
5177
5176
5176
5176
5173
5170
5168
5160
5159
5157
5154
5153
5153
5152
5152
5151
5149
5144
5135
5134
5133
5131
5129
5121
5121
5117
5117
5115
5110
5108
5104
5099
5097
5096
5089
5089
5088
5086
5081
5078
5075
5075
5069
5067
5065
5064
5063
5057
5053
5050
5042
5038
5037
5030
5024
5022
5021
5015
5015
5013
4999
4997
4993
4993
4992
4982
4981
4980
4977
4975
4974
4968
4963
4953
4949
4948
4945
4943
4934
4932
4932
4928
4925
4916
4914
4909
4909
4908
4908
4908
4907
4904
4903
4903
4899
4898
4895
4891
4888
4887
4882
4882
4877
4876
4875
4874
4865
4862
4860
4847
4843
4843
4841
4841
4839
4825
4822
4821
4820
4817
4813
4810
4808
4807
4806
4792
4790
4789
4784
4774
4771
4771
4757
4757
4755
4752
4749
4749
4741
4732
4731
4729
4724
4720
4718
4715
4714
4713
4708
4701
4697
4695
4693
4693
4692
4691
4691
4690
4685
4678
4675
4667
4667
4666
4665
4664
4663
4657
4656
4655
4642
4639
4638
4636
4635
4634
4630
4620
4619
4616
4616
4610
4607
4601
4597
4593
4590
4590
4586
4580
4579
4579
4577
4574
4573
4571
4571
4566
4558
4550
4546
4545
4541
4541
4535
4531
4531
4528
4522
4522
4520
4518
4518
4514
4514
4510
4509
4506
4488
4487
4477
4469
4453
4453
4449
4448
4446
4445
4444
4444
4442
4436
4426
4425
4423
4419
4418
4415
4414
4413
4412
4409
4401
4396
4392
4387
4385
4381
4380
4374
4372
4372
4372
4368
4368
4360
4355
4355
4351
4349
4344
4343
4342
4341
4340
4339
4339
4335
4333
4332
4315
4307
4297
4292
4289
4289
4289
4287
4287
4285
4285
4283
4281
4280
4280
4279
4273
4258
4257
4255
4255
4250
4247
4239
4238
4237
4236
4234
4225
4218
4216
4215
4213
4212
4212
4208
4207
4203
4203
4199
4198
4194
4187
4180
4178
4174
4172
4171
4171
4168
4168
4167
4151
4149
4147
4145
4141
4140
4138
4138
4138
4137
4135
4131
4131
4129
4125
4123
4123
4119
4110
4110
4108
4104
4103
4102
4097
4096
4084
4082
4076
4072
4071
4061
4061
4050
4048
4048
4046
4040
4036
4033
4030
4023
4022
4021
4011
4007
4006
4004
4004
4004
4002
3998
3997
3996
3994
3991
3990
3986
3986
3985
3985
3985
3985
3980
3980
3972
3971
3970
3968
3967
3950
3949
3946
3946
3945
3941
3940
3939
3938
3935
3935
3932
3931
3931
3930
3926
3926
3911
3908
3908
3906
3902
3902
3898
3897
3892
3892
3891
3887
3884
3883
3883
3880
3877
3877
3874
3868
3861
3859
3858
3858
3858
3857
3850
3847
3844
3843
3842
3836
3828
3828
3828
3826
3826
3818
3812
3807
3799
3797
3795
3792
3791
3786
3783
3783
3783
3782
3780
3773
3772
3772
3771
3765
3762
3762
3761
3752
3733
3732
3727
3727
3726
3725
3724
3721
3721
3719
3717
3712
3712
3708
3697
3694
3688
3686
3685
3682
3681
3675
3658
3657
3654
3652
3652
3649
3643
3641
3639
3639
3638
3637
3628
3620
3617
3616
3616
3610
3604
3598
3598
3596
3588
3583
3566
3565
3561
3555
3550
3549
3545
3544
3542
3542
3539
3539
3536
3533
3532
3532
3528
3524
3523
3514
3506
3504
3502
3498
3498
3496
3493
3492
3491
3490
3490
3485
3483
3483
3476
3470
3467
3466
3464
3460
3455
3452
3448
3444
3441
3438
3437
3430
3426
3416
3414
3411
3407
3406
3405
3403
3396
3394
3394
3390
3390
3390
3386
3386
3384
3384
3372
3370
3367
3367
3366
3363
3359
3355
3353
3349
3343
3343
3342
3340
3340
3338
3335
3332
3332
3326
3323
3321
3319
3318
3311
3310
3306
3306
3305
3304
3303
3303
3302
3302
3300
3300
3298
3298
3297
3286
3286
3285
3284
3283
3283
3278
3274
3274
3268
3262
3260
3260
3259
3253
3253
3237
3235
3225
3219
3217
3214
3211
3199
3191
3186
3185
3182
3180
3170
3164
3161
3161
3159
3157
3155
3152
3152
3152
3148
3147
3144
3141
3137
3137
3135
3130
3125
3125
3124
3122
3119
3114
3111
3109
3101
3098
3096
3096
3094
3087
3086
3073
3070
3067
3065
3063
3062
3061
3052
3038
3036
3032
3027
3025
3024
3016
3016
3009
3008
2998
2997
2995
2992
2989
2984
2982
2977
2970
2969
2966
2963
2963
2961
2954
2940
2937
2935
2934
2929
2927
2914
2908
2903
2899
2896
2896
2895
2894
2894
2894
2885
2877
2874
2869
2864
2862
2861
2860
2858
2853
2852
2847
2841
2839
2835
2826
2825
2820
2817
2811
2810
2810
2806
2806
2805
2798
2798
2796
2792
2792
2789
2788
2786
2784
2782
2780
2778
2777
2775
2775
2770
2769
2765
2764
2759
2758
2756
2740
2738
2737
2734
2728
2724
2717
2715
2715
2712
2708
2702
2700
2699
2697
2694
2693
2693
2688
2688
2685
2685
2685
2685
2683
2681
2676
2675
2673
2671
2668
2664
2657
2657
2643
2636
2622
2610
2609
2607
2606
2605
2603
2598
2596
2588
2585
2578
2576
2573
2569
2563
2563
2554
2549
2548
2540
2538
2535
2534
2528
2525
2525
2511
2510
2494
2493
2491
2484
2484
2484
2483
2482
2478
2475
2474
2472
2470
2470
2468
2456
2456
2455
2448
2446
2443
2442
2442
2440
2438
2430
2428
2427
2426
2426
2425
2425
2420
2413
2411
2409
2408
2405
2401
2400
2397
2392
2390
2366
2360
2356
2349
2346
2345
2342
2341
2340
2339
2337
2336
2335
2329
2328
2325
2314
2310
2309
2308
2308
2308
2307
2300
2299
2295
2293
2292
2288
2288
2286
2284
2276
2275
2272
2272
2271
2265
2264
2263
2262
2262
2255
2245
2244
2240
2239
2236
2234
2233
2232
2229
2227
2226
2222
2218
2209
2207
2207
2207
2203
2202
2199
2196
2195
2190
2190
2190
2184
2180
2179
2177
2173
2170
2167
2163
2162
2160
2150
2147
2132
2129
2129
2128
2125
2125
2125
2121
2117
2115
2113
2105
2104
2095
2093
2092
2089
2089
2086
2077
2073
2070
2070
2065
2064
2062
2058
2055
2050
2049
2046
2044
2044
2033
2031
2028
2022
2015
2014
2012
2009
2009
2008
2007
2005
1997
1992
1987
1986
1983
1979
1978
1972
1971
1967
1965
1960
1960
1957
1954
1948
1947
1945
1942
1934
1933
1932
1927
1926
1921
1920
1918
1917
1915
1903
1902
1902
1899
1897
1895
1892
1891
1887
1885
1883
1876
1876
1874
1869
1865
1864
1864
1860
1852
1849
1845
1843
1840
1839
1837
1835
1834
1831
1825
1824
1820
1813
1812
1809
1806
1803
1800
1794
1791
1779
1771
1766
1755
1755
1752
1744
1741
1740
1728
1726
1718
1706
1705
1700
1694
1693
1693
1690
1690
1688
1680
1677
1677
1674
1669
1665
1661
1660
1654
1652
1651
1651
1648
1645
1643
1642
1630
1629
1628
1622
1614
1609
1608
1605
1603
1598
1597
1597
1596
1591
1588
1587
1585
1579
1577
1555
1554
1548
1547
1546
1545
1541
1540
1540
1538
1537
1535
1514
1508
1506
1504
1502
1501
1491
1489
1487
1482
1478
1476
1474
1474
1472
1470
1462
1457
1454
1453
1451
1442
1439
1438
1432
1430
1412
1407
1406
1404
1404
1403
1402
1401
1393
1387
1380
1380
1373
1364
1364
1363
1358
1349
1348
1344
1338
1334
1333
1331
1329
1323
1318
1316
1315
1307
1301
1299
1295
1295
1293
1289
1289
1289
1276
1272
1266
1264
1260
1257
1256
1254
1249
1244
1240
1239
1239
1238
1238
1232
1232
1229
1227
1226
1223
1223
1219
1210
1210
1209
1207
1206
1203
1202
1200
1193
1192
1191
1188
1183
1171
1166
1164
1161
1155
1151
1148
1140
1139
1137
1133
1130
1127
1118
1117
1117
1115
1114
1113
1113
1107
1106
1096
1092
1090
1085
1077
1073
1072
1072
1066
1066
1064
1061
1057
1057
1051
1049
1045
1038
1028
1026
1025
1024
1023
1018
1014
1014
1014
1012
1007
1006
1005
1002
995
992
986
985
984
980
973
971
965
963
960
954
951
951
949
948
947
947
944
943
941
931
929
927
918
918
918
918
913
908
908
907
907
902
901
899
898
897
896
896
894
889
878
876
870
867
865
862
862
859
857
856
846
845
837
837
832
831
827
822
821
820
813
810
806
803
799
799
798
791
791
785
784
776
776
764
764
763
759
758
743
743
738
729
725
722
720
716
716
714
713
710
707
702
700
696
696
695
687
674
671
669
667
666
665
660
658
657
652
645
644
643
642
640
636
635
630
623
617
616
607
604
604
602
601
600
596
593
592
587
584
584
582
578
576
575
575
571
565
561
550
546
542
537
535
533
530
527
520
517
517
517
512
511
509
508
507
499
494
489
487
482
481
480
474
468
467
462
455
452
450
448
446
442
437
433
430
421
419
418
417
416
415
409
408
396
395
391
385
377
371
366
362
360
357
356
356
354
351
349
344
344
342
339
337
334
330
327
327
327
324
311
301
300
298
298
295
291
289
286
283
273
272
269
266
261
261
261
261
258
257
253
249
247
240
239
230
221
220
214
205
205
196
194
193
193
186
184
184
172
168
164
164
163
162
160
159
157
154
154
145
143
139
138
134
134
127
126
117
115
108
103
102
99
98
92
90
89
81
69
67
65
64
64
62
61
60
60
56
51
47
37
35
35
31
30
26
22
17
10
7
3
0
