32766
32766
32765
32764
32762
32751
32748
32739
32739
32738
32736
32734
32725
32718
32718
32717
32713
32700
32698
32693
32693
32687
32684
32676
32664
32663
32660
32654
32650
32644
32642
32638
32629
32629
32622
32621
32615
32615
32612
32611
32610
32607
32604
32603
32601
32600
32596
32592
32590
32590
32587
32585
32579
32579
32564
32560
32558
32555
32554
32553
32551
32547
32545
32543
32542
32541
32535
32532
32531
32529
32521
32516
32516
32514
32500
32499
32493
32492
32488
32487
32484
32482
32480
32479
32474
32471
32468
32467
32467
32464
32455
32453
32448
32443
32440
32434
32433
32429
32421
32418
32416
32411
32399
32396
32394
32392
32389
32385
32379
32379
32378
32377
32375
32372
32372
32372
32371
32370
32368
32362
32362
32354
32353
32349
32349
32347
32345
32341
32334
32324
32319
32315
32314
32300
32300
32298
32298
32297
32297
32297
32289
32283
32280
32280
32276
32271
32271
32269
32266
32266
32265
32263
32260
32257
32254
32249
32248
32246
32243
32242
32240
32237
32236
32236
32231
32227
32225
32223
32222
32221
32220
32214
32212
32207
32204
32203
32198
32195
32192
32188
32178
32174
32164
32161
32160
32157
32155
32153
32147
32146
32140
32137
32136
32135
32129
32117
32112
32109
32106
32103
32094
32092
32088
32087
32085
32085
32084
32083
32081
32079
32073
32072
32060
32050
32047
32037
32034
32033
32032
32029
32022
32021
32014
32013
32004
32001
32001
31998
31996
31996
31996
31986
31984
31984
31983
31981
31981
31977
31976
31975
31975
31972
31972
31964
31961
31958
31954
31954
31953
31943
31942
31941
31937
31931
31931
31929
31924
31923
31920
31920
31914
31914
31907
31907
31894
31888
31884
31878
31874
31870
31866
31856
31851
31847
31844
31844
31842
31827
31824
31819
31818
31815
31814
31811
31809
31804
31803
31800
31797
31797
31794
31791
31789
31789
31785
31780
31780
31774
31773
31763
31758
31757
31756
31751
31743
31742
31738
31735
31733
31732
31728
31728
31727
31718
31717
31717
31717
31714
31710
31708
31707
31706
31706
31705
31701
31693
31691
31686
31686
31685
31685
31681
31678
31676
31672
31665
31658
31639
31634
31634
31630
31629
31618
31617
31615
31605
31602
31600
31599
31593
31590
31588
31587
31583
31577
31577
31576
31573
31572
31566
31557
31555
31549
31548
31547
31543
31538
31531
31530
31528
31515
31514
31511
31510
31507
31504
31497
31487
31483
31483
31483
31482
31479
31473
31470
31469
31468
31462
31460
31456
31454
31452
31446
31440
31438
31437
31435
31427
31426
31426
31426
31422
31419
31417
31414
31412
31406
31405
31399
31394
31392
31391
31386
31382
31376
31374
31365
31363
31360
31357
31353
31348
31339
31333
31332
31331
31331
31326
31320
31317
31313
31311
31308
31307
31303
31303
31298
31296
31293
31293
31292
31289
31286
31286
31281
31280
31274
31273
31271
31269
31268
31264
31263
31252
31250
31250
31247
31247
31246
31245
31242
31241
31238
31229
31229
31228
31221
31221
31215
31214
31211
31210
31209
31198
31192
31190
31185
31182
31180
31177
31173
31172
31169
31167
31166
31164
31163
31159
31154
31152
31148
31141
31140
31139
31137
31137
31131
31128
31126
31125
31123
31122
31120
31119
31116
31114
31110
31110
31109
31107
31105
31097
31094
31094
31092
31090
31087
31082
31081
31078
31074
31072
31071
31069
31068
31066
31060
31057
31053
31051
31050
31048
31047
31047
31043
31036
31033
31031
31025
31014
31006
30996
30993
30993
30974
30969
30966
30956
30952
30950
30950
30943
30939
30939
30938
30925
30919
30918
30917
30917
30911
30905
30904
30901
30899
30893
30890
30887
30887
30887
30886
30885
30883
30882
30878
30876
30868
30868
30867
30865
30862
30860
30858
30851
30849
30837
30837
30836
30836
30831
30828
30822
30818
30816
30808
30806
30804
30798
30797
30797
30796
30794
30791
30791
30783
30780
30774
30773
30760
30760
30758
30750
30747
30741
30739
30732
30730
30727
30727
30727
30726
30725
30721
30719
30719
30714
30710
30709
30700
30698
30697
30691
30681
30680
30677
30676
30676
30676
30670
30668
30666
30665
30665
30661
30657
30650
30648
30648
30645
30631
30631
30628
30626
30625
30623
30622
30621
30621
30619
30617
30615
30613
30613
30609
30608
30604
30603
30602
30596
30593
30593
30589
30585
30584
30583
30581
30580
30568
30564
30563
30560
30544
30541
30530
30529
30526
30524
30520
30518
30517
30514
30514
30512
30512
30510
30508
30505
30499
30499
30495
30495
30491
30490
30483
30476
30475
30471
30469
30469
30468
30453
30452
30452
30449
30445
30444
30443
30434
30433
30428
30427
30422
30421
30413
30412
30411
30410
30405
30403
30402
30399
30398
30394
30390
30388
30383
30373
30371
30370
30368
30363
30354
30343
30342
30340
30328
30326
30324
30322
30316
30303
30300
30297
30294
30294
30293
30289
30288
30284
30278
30275
30272
30267
30266
30265
30264
30264
30260
30260
30257
30247
30245
30243
30243
30242
30240
30238
30231
30224
30223
30223
30222
30222
30213
30212
30211
30210
30209
30205
30198
30198
30195
30193
30183
30181
30173
30173
30162
30157
30157
30146
30145
30138
30137
30137
30134
30133
30133
30133
30130
30127
30122
30116
30116
30116
30113
30103
30102
30101
30100
30091
30090
30086
30079
30078
30074
30073
30071
30071
30069
30063
30063
30058
30052
30052
30042
30038
30037
30037
30035
30031
30025
30022
30013
30012
30010
30009
30007
30007
30004
30004
30004
30001
30000
29995
29991
29989
29984
29983
29975
29975
29970
29967
29963
29959
29956
29954
29936
29936
29934
29932
29926
29922
29919
29917
29917
29916
29912
29906
29905
29904
29904
29903
29900
29900
29898
29893
29884
29884
29883
29875
29873
29866
29865
29861
29861
29856
29855
29855
29854
29846
29846
29845
29841
29833
29826
29824
29822
29816
29813
29811
29809
29808
29802
29795
29794
29794
29787
29787
29785
29784
29778
29767
29760
29752
29749
29749
29748
29748
29746
29727
29724
29722
29720
29719
29718
29718
29717
29716
29704
29703
29699
29694
29688
29682
29679
29675
29675
29673
29670
29662
29662
29660
29655
29652
29651
29651
29650
29643
29642
29637
29635
29632
29627
29626
29626
29626
29623
29612
29604
29602
29598
29596
29593
29592
29589
29589
29573
29571
29570
29569
29569
29563
29562
29562
29559
29558
29555
29549
29542
29534
29529
29526
29525
29522
29517
29503
29502
29498
29496
29493
29490
29490
29485
29485
29482
29480
29479
29478
29472
29472
29470
29465
29463
29462
29462
29462
29461
29461
29457
29453
29452
29448
29448
29447
29445
29427
29423
29423
29421
29421
29412
29411
29410
29408
29402
29401
29397
29394
29392
29384
29381
29380
29380
29379
29374
29374
29366
29361
29359
29357
29352
29350
29345
29342
29338
29337
29335
29335
29325
29325
29321
29320
29316
29316
29315
29315
29314
29312
29306
29304
29303
29296
29291
29282
29279
29273
29272
29266
29257
29254
29253
29253
29251
29247
29243
29242
29234
29232
29230
29228
29225
29225
29223
29220
29215
29213
29212
29211
29209
29209
29201
29197
29196
29196
29194
29186
29182
29181
29181
29162
29160
29156
29152
29152
29150
29149
29143
29139
29133
29131
29130
29129
29124
29120
29114
29111
29109
29104
29100
29099
29099
29098
29098
29097
29096
29095
29094
29090
29087
29086
29086
29085
29079
29071
29066
29066
29064
29057
29050
29047
29046
29038
29031
29027
29019
29017
29015
29015
29014
29009
29000
28999
28992
28991
28981
28980
28979
28978
28970
28970
28970
28970
28965
28965
28964
28960
28955
28952
28950
28949
28949
28948
28938
28938
28937
28935
28933
28931
28928
28926
28922
28915
28915
28911
28908
28902
28902
28901
28898
28897
28889
28884
28882
28882
28878
28871
28871
28869
28867
28866
28857
28857
28857
28851
28850
28847
28846
28842
28835
28835
28834
28831
28831
28827
28823
28823
28820
28820
28817
28810
28806
28805
28804
28801
28800
28792
28791
28782
28776
28771
28768
28762
28760
28758
28754
28751
28746
28742
28738
28737
28734
28733
28725
28713
28711
28705
28703
28699
28698
28693
28690
28688
28684
28681
28674
28669
28665
28658
28655
28653
28648
28648
28645
28636
28635
28631
28629
28620
28617
28605
28603
28600
28595
28593
28592
28587
28564
28561
28561
28558
28558
28557
28552
28543
28542
28541
28539
28538
28537
28532
28531
28527
28525
28524
28524
28512
28510
28502
28501
28497
28496
28493
28490
28486
28481
28480
28478
28475
28474
28471
28470
28469
28467
28458
28456
28451
28449
28448
28447
28442
28440
28436
28434
28429
28427
28424
28421
28419
28418
28417
28415
28414
28414
28403
28403
28400
28399
28397
28396
28395
28393
28392
28392
28390
28389
28377
28375
28372
28368
28367
28364
28361
28351
28339
28335
28332
28329
28326
28326
28320
28316
28316
28310
28309
28308
28307
28303
28300
28297
28293
28288
28287
28281
28280
28279
28279
28279
28276
28272
28266
28264
28262
28260
28259
28259
28253
28248
28247
28247
28244
28241
28241
28233
28222
28220
28220
28217
28216
28211
28209
28200
28200
28191
28189
28189
28188
28185
28177
28174
28173
28172
28170
28167
28165
28159
28157
28152
28148
28144
28141
28138
28125
28120
28113
28105
28103
28101
28098
28093
28087
28085
28079
28078
28071
28069
28064
28059
28058
28051
28050
28049
28040
28037
28034
28031
28024
28020
28020
28018
28011
28006
28005
27998
27990
27989
27987
27983
27981
27974
27973
27966
27964
27964
27951
27951
27947
27945
27944
27943
27943
27942
27941
27933
27931
27929
27922
27920
27919
27919
27917
27917
27916
27913
27909
27908
27895
27895
27888
27887
27885
27880
27879
27876
27868
27865
27860
27860
27860
27859
27858
27856
27854
27854
27853
27844
27843
27841
27834
27833
27830
27829
27828
27825
27825
27824
27820
27811
27809
27805
27804
27802
27798
27788
27787
27780
27773
27773
27770
27767
27764
27763
27761
27755
27751
27739
27739
27735
27725
27724
27719
27718
27716
27714
27708
27707
27707
27707
27707
27706
27701
27701
27701
27700
27695
27693
27691
27691
27689
27689
27687
27687
27682
27679
27677
27674
27673
27673
27671
27670
27668
27663
27661
27655
27653
27646
27642
27642
27639
27636
27634
27630
27628
27628
27628
27625
27611
27609
27596
27596
27596
27587
27586
27581
27580
27579
27576
27575
27568
27566
27552
27550
27549
27541
27532
27531
27530
27530
27528
27525
27525
27524
27524
27516
27512
27505
27499
27494
27494
27492
27484
27477
27476
27474
27471
27469
27464
27463
27461
27457
27455
27451
27449
27443
27439
27437
27435
27432
27427
27421
27421
27419
27418
27416
27413
27410
27410
27405
27404
27400
27400
27398
27396
27396
27395
27395
27395
27391
27390
27379
27379
27375
27374
27374
27368
27367
27354
27349
27349
27337
27333
27324
27324
27322
27322
27315
27313
27311
27310
27307
27305
27303
27302
27301
27295
27295
27294
27290
27289
27288
27281
27280
27279
27271
27270
27268
27266
27263
27255
27251
27245
27240
27239
27232
27230
27230
27227
27224
27223
27219
27217
27214
27210
27210
27208
27207
27205
27204
27202
27201
27194
27186
27184
27179
27173
27168
27167
27164
27161
27160
27150
27143
27143
27142
27141
27137
27136
27134
27133
27131
27129
27129
27122
27122
27119
27114
27104
27095
27075
27071
27071
27067
27066
27066
27065
27063
27060
27052
27051
27048
27045
27041
27040
27038
27034
27032
27031
27028
27027
27027
27017
27011
26998
26996
26994
26990
26989
26984
26983
26983
26982
26981
26975
26967
26954
26954
26950
26945
26943
26939
26934
26932
26926
26921
26919
26918
26917
26915
26910
26905
26900
26899
26899
26899
26898
26896
26890
26882
26881
26879
26876
26876
26873
26872
26862
26861
26856
26856
26852
26850
26847
26841
26837
26835
26821
26821
26819
26819
26818
26817
26814
26814
26814
26812
26803
26801
26801
26796
26793
26789
26787
26786
26785
26784
26780
26779
26768
26767
26766
26761
26761
26761
26761
26761
26758
26751
26746
26745
26743
26740
26731
26729
26727
26723
26720
26718
26718
26713
26709
26706
26705
26704
26704
26703
26701
26698
26696
26696
26693
26693
26684
26681
26678
26678
26667
26666
26666
26665
26661
26661
26656
26650
26645
26643
26641
26640
26637
26634
26629
26626
26622
26622
26615
26610
26610
26604
26603
26600
26596
26590
26589
26585
26583
26580
26578
26576
26571
26570
26566
26566
26562
26561
26556
26549
26546
26546
26545
26543
26537
26536
26536
26536
26535
26534
26533
26523
26520
26516
26515
26514
26509
26509
26506
26506
26506
26497
26493
26489
26485
26481
26478
26477
26476
26475
26474
26472
26470
26464
26463
26462
26460
26459
26459
26457
26454
26453
26448
26447
26444
26444
26440
26434
26431
26421
26421
26420
26420
26419
26414
26414
26413
26410
26407
26407
26406
26405
26399
26397
26385
26383
26381
26381
26371
26368
26362
26359
26358
26354
26352
26352
26347
26345
26343
26341
26335
26327
26326
26316
26315
26314
26312
26309
26309
26307
26306
26305
26299
26296
26294
26290
26290
26289
26287
26287
26282
26277
26272
26271
26271
26266
26263
26263
26263
26261
26257
26256
26255
26253
26249
26249
26240
26235
26228
26222
26216
26203
26196
26195
26193
26192
26192
26192
26181
26180
26175
26172
26166
26159
26158
26150
26145
26141
26131
26130
26127
26123
26119
26116
26113
26109
26105
26104
26099
26093
26093
26087
26085
26084
26079
26074
26074
26069
26069
26056
26054
26052
26048
26042
26042
26042
26041
26038
26034
26031
26028
26025
26024
26024
26015
26001
25999
25997
25997
25995
25991
25985
25985
25980
25973
25970
25968
25968
25966
25964
25961
25960
25957
25955
25954
25954
25948
25948
25939
25939
25936
25934
25931
25930
25924
25923
25917
25912
25910
25910
25908
25907
25906
25906
25902
25900
25893
25888
25887
25886
25885
25884
25877
25877
25875
25874
25865
25864
25858
25850
25835
25835
25834
25828
25822
25814
25804
25802
25801
25798
25791
25788
25783
25766
25763
25759
25758
25757
25755
25753
25751
25744
25741
25730
25728
25722
25720
25720
25712
25711
25710
25700
25695
25694
25693
25691
25687
25687
25686
25686
25683
25682
25682
25681
25680
25679
25677
25672
25668
25663
25663
25660
25660
25659
25659
25652
25649
25644
25641
25640
25636
25636
25629
25620
25619
25617
25610
25605
25602
25599
25599
25598
25597
25592
25590
25585
25583
25582
25580
25578
25577
25574
25570
25567
25561
25561
25557
25547
25544
25541
25541
25523
25522
25518
25517
25511
25506
25498
25498
25491
25487
25486
25484
25479
25478
25477
25475
25474
25470
25467
25465
25464
25460
25456
25454
25453
25450
25440
25432
25431
25430
25422
25415
25411
25410
25409
25407
25401
25397
25396
25390
25379
25379
25373
25372
25369
25369
25366
25365
25361
25356
25351
25351
25348
25348
25340
25336
25327
25319
25315
25315
25314
25313
25312
25310
25303
25301
25294
25292
25290
25289
25283
25278
25276
25274
25265
25264
25259
25257
25255
25245
25239
25234
25232
25225
25215
25213
25207
25204
25201
25197
25183
25176
25169
25164
25149
25142
25142
25141
25140
25138
25138
25137
25134
25130
25124
25123
25122
25120
25120
25119
25118
25110
25108
25107
25104
25101
25097
25095
25090
25088
25081
25077
25074
25073
25072
25063
25057
25056
25055
25036
25035
25034
25033
25030
25028
25024
25024
25017
25017
25009
25003
25001
25001
24997
24997
24994
24985
24985
24983
24973
24970
24970
24968
24956
24950
24946
24944
24943
24943
24943
24939
24939
24933
24932
24925
24919
24918
24912
24909
24908
24895
24894
24891
24889
24888
24888
24886
24883
24880
24876
24875
24873
24873
24872
24869
24867
24866
24861
24859
24857
24854
24852
24852
24850
24847
24847
24846
24844
24842
24840
24838
24837
24836
24835
24834
24829
24824
24824
24822
24820
24816
24815
24815
24807
24804
24803
24796
24795
24766
24763
24761
24747
24746
24741
24725
24720
24716
24714
24713
24712
24710
24708
24707
24706
24705
24700
24699
24694
24681
24679
24678
24677
24675
24674
24671
24666
24663
24661
24661
24659
24656
24654
24653
24653
24649
24646
24645
24645
24641
24639
24635
24629
24627
24626
24626
24625
24623
24621
24617
24617
24614
24601
24600
24597
24591
24591
24590
24586
24585
24584
24579
24574
24574
24572
24562
24559
24554
24547
24542
24524
24522
24521
24520
24509
24506
24504
24498
24490
24488
24487
24482
24480
24474
24466
24465
24462
24459
24458
24458
24454
24446
24444
24439
24438
24431
24425
24420
24420
24417
24409
24407
24405
24395
24393
24393
24391
24389
24385
24385
24379
24377
24377
24377
24375
24368
24367
24361
24360
24358
24358
24356
24354
24349
24348
24348
24347
24338
24336
24335
24331
24328
24325
24323
24318
24317
24317
24313
24310
24307
24306
24302
24299
24294
24293
24285
24274
24273
24270
24269
24264
24262
24260
24251
24249
24248
24247
24245
24245
24243
24243
24242
24241
24239
24238
24235
24233
24229
24226
24223
24217
24216
24214
24214
24208
24203
24199
24195
24194
24192
24191
24190
24185
24185
24183
24182
24179
24176
24176
24175
24175
24173
24169
24164
24163
24162
24153
24152
24148
24148
24145
24139
24134
24128
24114
24110
24109
24109
24108
24106
24105
24100
24099
24098
24097
24094
24080
24077
24074
24071
24070
24068
24067
24067
24061
24060
24058
24053
24053
24050
24049
24046
24045
24043
24037
24036
24025
24025
24018
24016
24013
24007
24000
23999
23998
23995
23994
23994
23993
23986
23984
23982
23978
23977
23973
23968
23966
23959
23954
23953
23950
23950
23946
23946
23945
23943
23941
23940
23936
23936
23926
23925
23924
23912
23911
23906
23902
23900
23895
23893
23893
23892
23890
23888
23884
23883
23880
23877
23869
23864
23856
23852
23852
23850
23844
23836
23831
23824
23818
23818
23817
23812
23808
23806
23804
23803
23795
23793
23791
23790
23785
23780
23777
23775
23774
23769
23767
23764
23762
23754
23754
23746
23738
23734
23728
23726
23724
23718
23712
23705
23704
23703
23701
23699
23698
23697
23696
23693
23692
23689
23689
23684
23681
23680
23679
23679
23676
23675
23671
23669
23668
23668
23665
23661
23661
23657
23646
23638
23637
23636
23636
23634
23633
23630
23629
23622
23611
23610
23601
23598
23595
23593
23589
23586
23581
23577
23574
23573
23568
23568
23567
23564
23563
23562
23562
23559
23558
23551
23550
23548
23545
23541
23540
23536
23524
23509
23505
23505
23501
23497
23497
23497
23495
23490
23489
23488
23486
23485
23484
23480
23479
23478
23478
23476
23474
23466
23461
23457
23450
23448
23443
23441
23440
23439
23434
23433
23427
23425
23419
23414
23411
23411
23408
23407
23407
23401
23399
23395
23386
23384
23378
23374
23366
23365
23363
23361
23359
23357
23356
23353
23349
23348
23347
23343
23342
23335
23335
23329
23326
23324
23322
23322
23321
23319
23318
23317
23317
23312
23311
23310
23308
23308
23308
23297
23289
23280
23274
23273
23268
23266
23263
23257
23255
23255
23249
23246
23246
23244
23237
23232
23231
23228
23224
23214
23209
23203
23199
23193
23180
23179
23169
23167
23160
23160
23159
23157
23157
23157
23147
23143
23139
23138
23137
23136
23136
23133
23131
23129
23128
23126
23124
23122
23121
23120
23118
23106
23104
23104
23098
23098
23097
23091
23086
23084
23082
23076
23072
23070
23067
23065
23060
23059
23057
23052
23051
23050
23049
23049
23044
23037
23035
23034
23020
23019
23017
23015
23013
23005
23005
23000
22995
22992
22990
22990
22981
22975
22974
22973
22972
22970
22966
22963
22960
22959
22951
22943
22943
22937
22922
22921
22920
22910
22907
22901
22899
22896
22880
22878
22874
22870
22869
22866
22865
22858
22854
22853
22853
22851
22850
22849
22849
22845
22845
22845
22844
22844
22841
22839
22834
22831
22829
22829
22825
22824
22823
22821
22813
22812
22812
22808
22808
22806
22803
22801
22793
22793
22791
22786
22786
22783
22782
22781
22780
22778
22777
22773
22769
22769
22762
22762
22761
22760
22754
22753
22753
22746
22740
22737
22733
22733
22732
22732
22731
22728
22720
22718
22716
22716
22714
22710
22702
22700
22699
22696
22685
22684
22683
22681
22680
22675
22675
22673
22670
22669
22661
22659
22654
22649
22644
22644
22638
22637
22635
22634
22634
22633
22630
22629
22622
22616
22616
22611
22601
22598
22598
22595
22595
22587
22581
22578
22576
22574
22574
22572
22566
22565
22564
22554
22554
22549
22549
22547
22545
22543
22542
22535
22527
22527
22525
22522
22520
22514
22512
22509
22507
22504
22497
22495
22492
22470
22470
22468
22466
22464
22463
22457
22454
22448
22436
22434
22432
22431
22430
22426
22426
22425
22422
22421
22420
22419
22409
22406
22406
22404
22404
22404
22401
22391
22390
22389
22388
22388
22383
22377
22376
22366
22361
22358
22353
22346
22343
22342
22339
22338
22336
22334
22332
22331
22330
22329
22326
22325
22320
22311
22309
22309
22307
22306
22302
22302
22296
22295
22295
22291
22290
22289
22288
22287
22283
22280
22279
22278
22277
22277
22277
22276
22271
22270
22269
22257
22255
22255
22254
22251
22250
22248
22247
22246
22243
22239
22231
22231
22228
22225
22224
22220
22217
22213
22209
22204
22191
22184
22184
22182
22176
22175
22170
22164
22159
22156
22154
22148
22146
22145
22143
22125
22125
22111
22109
22106
22102
22097
22089
22088
22087
22086
22085
22084
22083
22080
22079
22079
22076
22075
22074
22072
22071
22065
22060
22054
22037
22032
22032
22026
22025
22021
22019
22018
22011
22007
21992
21988
21964
21961
21956
21952
21946
21945
21940
21938
21937
21937
21936
21928
21923
21921
21919
21917
21910
21910
21906
21905
21904
21902
21894
21892
21885
21885
21883
21878
21877
21877
21874
21874
21869
21866
21858
21856
21855
21854
21850
21850
21849
21849
21845
21835
21833
21824
21824
21820
21819
21818
21815
21811
21810
21806
21795
21794
21793
21792
21792
21791
21791
21788
21787
21786
21784
21780
21774
21771
21770
21763
21756
21755
21750
21750
21747
21747
21741
21736
21733
21732
21728
21727
21727
21724
21721
21715
21713
21706
21705
21705
21703
21701
21699
21696
21696
21695
21695
21692
21685
21683
21680
21680
21673
21672
21669
21668
21668
21668
21667
21663
21662
21652
21650
21643
21642
21638
21629
21624
21615
21611
21609
21605
21599
21599
21595
21579
21575
21573
21571
21569
21566
21565
21564
21561
21559
21556
21554
21553
21552
21549
21543
21541
21541
21536
21535
21534
21525
21522
21518
21516
21510
21508
21507
21501
21501
21499
21497
21497
21490
21489
21489
21488
21486
21484
21484
21483
21479
21476
21472
21469
21464
21449
21447
21446
21445
21440
21428
21418
21413
21408
21405
21404
21403
21386
21384
21380
21380
21379
21378
21375
21374
21374
21373
21373
21370
21370
21367
21360
21359
21358
21355
21352
21349
21349
21349
21349
21344
21340
21339
21339
21338
21329
21329
21326
21324
21322
21321
21317
21315
21315
21314
21313
21309
21309
21298
21297
21297
21292
21291
21285
21284
21284
21282
21279
21277
21275
21269
21264
21260
21259
21259
21256
21256
21251
21246
21235
21229
21226
21226
21224
21218
21213
21211
21211
21208
21207
21206
21205
21205
21204
21197
21197
21196
21196
21186
21178
21176
21176
21175
21173
21171
21168
21165
21161
21161
21160
21157
21155
21155
21154
21150
21137
21133
21132
21129
21123
21122
21117
21116
21113
21110
21106
21097
21096
21089
21087
21082
21081
21079
21078
21075
21073
21073
21070
21066
21063
21056
21052
21044
21042
21040
21036
21033
21024
21023
21019
21019
21016
21015
21004
21004
21002
21001
21001
20995
20994
20992
20989
20987
20986
20982
20982
20978
20964
20961
20959
20956
20955
20955
20950
20949
20947
20942
20939
20938
20935
20930
20929
20926
20925
20922
20917
20910
20905
20893
20883
20878
20874
20868
20865
20857
20855
20854
20847
20846
20842
20840
20837
20836
20836
20831
20831
20823
20815
20812
20802
20798
20794
20794
20791
20789
20789
20788
20780
20776
20773
20773
20766
20763
20761
20750
20747
20746
20742
20732
20721
20715
20711
20711
20704
20700
20695
20693
20687
20683
20678
20672
20670
20659
20655
20655
20654
20653
20650
20650
20646
20641
20641
20639
20636
20634
20633
20629
20625
20621
20620
20619
20619
20615
20615
20609
20606
20603
20600
20600
20600
20598
20593
20592
20589
20589
20583
20575
20574
20574
20565
20564
20562
20562
20555
20552
20547
20546
20545
20536
20533
20531
20526
20523
20509
20509
20507
20506
20498
20492
20491
20489
20485
20484
20483
20481
20478
20475
20473
20471
20470
20468
20466
20466
20464
20464
20460
20460
20458
20448
20445
20445
20429
20424
20422
20418
20417
20409
20408
20407
20404
20402
20399
20399
20398
20397
20394
20394
20390
20379
20377
20369
20363
20347
20347
20343
20340
20338
20336
20335
20332
20332
20331
20319
20317
20316
20315
20311
20305
20305
20302
20300
20293
20285
20277
20277
20274
20264
20257
20251
20249
20248
20243
20240
20239
20228
20226
20225
20202
20192
20190
20183
20183
20181
20177
20173
20171
20170
20168
20164
20151
20150
20149
20146
20146
20144
20143
20140
20134
20129
20127
20124
20124
20123
20123
20114
20112
20111
20106
20101
20097
20080
20074
20072
20069
20068
20068
20065
20063
20059
20058
20045
20042
20039
20039
20038
20033
20032
20031
20023
20018
20016
20015
20007
19992
19983
19981
19978
19976
19975
19975
19974
19971
19960
19950
19950
19949
19947
19944
19939
19938
19935
19928
19928
19927
19927
19922
19918
19915
19912
19909
19906
19904
19899
19893
19889
19887
19885
19882
19881
19874
19867
19866
19859
19856
19854
19853
19847
19838
19831
19827
19825
19825
19823
19821
19819
19818
19818
19815
19807
19807
19804
19801
19800
19792
19786
19781
19780
19765
19763
19757
19757
19755
19754
19752
19750
19749
19740
19739
19735
19734
19728
19726
19725
19722
19719
19719
19717
19715
19710
19709
19707
19701
19695
19694
19694
19693
19687
19687
19674
19674
19672
19671
19669
19666
19661
19659
19655
19649
19644
19641
19638
19637
19632
19617
19615
19614
19605
19605
19603
19602
19598
19596
19594
19592
19587
19583
19582
19578
19578
19577
19572
19570
19569
19569
19569
19568
19547
19540
19538
19537
19534
19533
19531
19531
19530
19529
19528
19525
19524
19518
19516
19514
19512
19512
19498
19495
19491
19487
19485
19485
19483
19480
19477
19474
19473
19471
19466
19461
19459
19454
19453
19450
19440
19435
19432
19431
19430
19424
19417
19417
19410
19406
19405
19400
19397
19392
19387
19386
19384
19379
19378
19378
19375
19374
19373
19362
19360
19360
19353
19348
19343
19333
19331
19329
19322
19321
19314
19312
19304
19304
19301
19296
19295
19286
19283
19276
19267
19267
19254
19251
19248
19247
19247
19245
19243
19243
19243
19241
19235
19233
19225
19224
19224
19222
19222
19215
19212
19208
19208
19206
19203
19201
19200
19200
19199
19190
19187
19186
19181
19175
19171
19170
19168
19163
19161
19160
19156
19149
19147
19146
19144
19139
19132
19129
19127
19123
19122
19115
19113
19109
19104
19101
19101
19100
19096
19091
19089
19088
19086
19082
19081
19080
19079
19079
19077
19074
19068
19063
19060
19057
19054
19052
19050
19046
19043
19022
19022
19018
19016
19016
19013
19005
19005
19004
19003
18999
18998
18991
18991
18989
18981
18979
18979
18976
18975
18971
18962
18951
18950
18948
18947
18940
18939
18934
18930
18927
18921
18918
18917
18917
18913
18908
18907
18905
18905
18904
18901
18899
18890
18888
18888
18883
18882
18877
18870
18869
18868
18868
18860
18857
18845
18843
18842
18840
18837
18835
18833
18831
18830
18830
18829
18811
18809
18804
18800
18799
18789
18787
18785
18783
18781
18779
18777
18775
18771
18767
18761
18761
18758
18753
18751
18750
18745
18740
18739
18737
18733
18731
18730
18724
18723
18721
18716
18716
18712
18711
18710
18707
18707
18706
18703
18697
18697
18696
18696
18693
18691
18685
18682
18681
18678
18669
18667
18667
18660
18657
18655
18642
18637
18636
18635
18635
18634
18633
18631
18629
18629
18625
18605
18605
18601
18601
18592
18591
18582
18581
18580
18572
18570
18561
18560
18558
18555
18552
18546
18545
18537
18535
18526
18525
18525
18524
18520
18519
18508
18506
18503
18502
18502
18496
18496
18496
18495
18490
18487
18483
18483
18478
18477
18472
18469
18469
18462
18461
18460
18456
18454
18454
18440
18438
18437
18435
18432
18432
18432
18431
18427
18426
18424
18417
18409
18407
18406
18399
18395
18391
18383
18382
18375
18369
18368
18364
18364
18362
18351
18349
18343
18343
18343
18335
18331
18330
18328
18320
18318
18315
18314
18312
18309
18306
18306
18304
18296
18293
18293
18289
18283
18282
18269
18266
18259
18251
18248
18246
18241
18240
18236
18234
18230
18230
18229
18227
18222
18221
18221
18216
18216
18213
18211
18210
18209
18204
18202
18198
18192
18192
18190
18183
18178
18178
18177
18175
18174
18173
18172
18169
18168
18168
18167
18164
18160
18159
18153
18148
18147
18144
18143
18142
18138
18138
18137
18135
18130
18130
18127
18126
18124
18124
18122
18116
18114
18113
18111
18111
18110
18103
18097
18097
18096
18094
18087
18084
18083
18082
18070
18063
18062
18062
18059
18056
18056
18055
18047
18041
18040
18032
18025
18021
18017
18014
18013
18011
18007
18005
17996
17995
17993
17993
17992
17988
17984
17984
17980
17970
17966
17961
17959
17958
17956
17956
17956
17955
17951
17944
17942
17937
17934
17933
17927
17925
17922
17915
17914
17913
17910
17908
17907
17904
17899
17897
17895
17879
17875
17874
17870
17868
17863
17858
17857
17855
17850
17842
17841
17836
17832
17832
17832
17829
17824
17820
17814
17814
17811
17810
17808
17806
17800
17800
17799
17799
17792
17790
17789
17785
17783
17782
17781
17780
17779
17779
17778
17777
17769
17767
17763
17760
17758
17755
17753
17751
17750
17746
17741
17739
17738
17736
17735
17734
17732
17731
17727
17726
17724
17721
17721
17717
17716
17716
17715
17709
17706
17704
17703
17699
17694
17694
17693
17692
17689
17685
17683
17682
17677
17676
17676
17674
17671
17662
17660
17659
17657
17657
17655
17651
17650
17639
17639
17634
17633
17632
17629
17627
17626
17619
17616
17614
17608
17603
17603
17600
17597
17594
17588
17587
17586
17585
17579
17576
17570
17564
17559
17554
17553
17540
17538
17537
17536
17532
17532
17530
17528
17527
17525
17521
17518
17516
17515
17505
17502
17498
17493
17492
17492
17483
17478
17474
17470
17469
17469
17454
17441
17437
17426
17420
17419
17418
17417
17411
17411
17410
17396
17392
17385
17384
17382
17381
17371
17370
17368
17363
17362
17359
17353
17351
17350
17349
17347
17347
17343
17338
17336
17328
17326
17319
17318
17312
17311
17304
17303
17303
17302
17292
17286
17286
17285
17281
17278
17269
17263
17258
17251
17250
17249
17248
17247
17246
17245
17240
17240
17229
17223
17220
17216
17214
17211
17211
17209
17206
17203
17200
17195
17188
17183
17183
17180
17179
17179
17176
17174
17172
17168
17167
17164
17163
17161
17158
17157
17156
17156
17156
17155
17154
17148
17147
17142
17137
17137
17137
17136
17135
17132
17124
17118
17104
17094
17089
17085
17084
17083
17081
17079
17075
17069
17063
17061
17061
17056
17054
17053
17047
17044
17043
17041
17039
17035
17033
17027
17024
17024
17023
17020
17018
17011
17006
17005
17004
17002
16996
16988
16983
16975
16972
16969
16969
16966
16960
16953
16951
16951
16948
16947
16944
16943
16942
16942
16941
16938
16937
16937
16936
16936
16933
16928
16927
16925
16917
16908
16906
16903
16903
16902
16901
16900
16897
16895
16895
16883
16881
16880
16880
16873
16871
16868
16864
16857
16853
16848
16843
16834
16833
16828
16826
16822
16821
16816
16814
16811
16811
16809
16802
16799
16796
16795
16783
16779
16776
16771
16770
16766
16762
16758
16758
16757
16753
16753
16750
16747
16744
16744
16743
16740
16740
16737
16731
16727
16723
16721
16719
16716
16715
16713
16712
16712
16705
16700
16697
16691
16687
16687
16684
16683
16680
16670
16668
16668
16657
16650
16647
16646
16645
16641
16633
16632
16629
16625
16620
16620
16619
16612
16607
16606
16605
16598
16595
16594
16587
16579
16573
16572
16571
16568
16564
16564
16561
16555
16555
16550
16550
16541
16541
16540
16534
16534
16533
16531
16529
16518
16517
16513
16512
16509
16500
16499
16499
16498
16496
16496
16494
16493
16489
16483
16481
16480
16476
16470
16469
16468
16461
16459
16451
16445
16443
16431
16430
16425
16425
16422
16416
16414
16411
16403
16401
16394
16386
16380
16378
16375
16369
16368
16368
16367
16366
16361
16359
16356
16353
16353
16350
16349
16342
16339
16337
16336
16329
16329
16328
16328
16326
16316
16315
16314
16314
16309
16305
16297
16292
16289
16279
16278
16269
16268
16265
16265
16264
16262
16252
16251
16249
16249
16246
16244
16244
16241
16241
16240
16236
16233
16233
16231
16231
16230
16228
16227
16224
16222
16221
16221
16219
16217
16207
16206
16206
16204
16201
16184
16180
16178
16177
16176
16175
16170
16170
16170
16170
16160
16157
16151
16151
16147
16147
16143
16140
16125
16124
16123
16114
16112
16111
16111
16110
16101
16100
16100
16093
16089
16086
16081
16080
16080
16077
16075
16070
16067
16066
16062
16056
16053
16047
16045
16044
16042
16041
16040
16028
16027
16020
16016
16016
16012
16011
16010
16009
16008
15993
15991
15987
15985
15982
15981
15975
15975
15974
15972
15971
15970
15970
15968
15964
15964
15960
15958
15953
15947
15946
15942
15942
15941
15941
15937
15936
15931
15925
15920
15919
15917
15915
15913
15910
15906
15898
15896
15894
15894
15893
15893
15890
15885
15885
15876
15872
15871
15868
15866
15863
15860
15860
15860
15859
15855
15851
15849
15847
15845
15845
15842
15833
15832
15831
15819
15812
15812
15808
15800
15797
15787
15782
15781
15779
15776
15767
15761
15760
15760
15753
15751
15746
15743
15742
15725
15725
15723
15723
15722
15716
15714
15712
15700
15697
15689
15686
15680
15678
15678
15676
15673
15671
15671
15670
15666
15662
15660
15656
15650
15648
15640
15629
15625
15624
15622
15616
15610
15608
15608
15593
15587
15583
15580
15573
15564
15562
15561
15560
15551
15548
15547
15542
15542
15542
15542
15541
15541
15536
15536
15530
15529
15526
15525
15519
15518
15503
15495
15495
15495
15493
15491
15490
15490
15489
15487
15486
15485
15485
15480
15477
15475
15475
15472
15467
15463
15453
15449
15445
15442
15440
15433
15427
15426
15426
15426
15424
15419
15417
15417
15412
15411
15408
15402
15402
15400
15399
15397
15392
15387
15385
15383
15380
15376
15374
15373
15373
15371
15366
15359
15347
15337
15334
15333
15326
15326
15323
15319
15319
15317
15308
15305
15289
15289
15286
15282
15281
15280
15277
15275
15271
15269
15268
15267
15264
15257
15257
15255
15254
15247
15245
15240
15239
15236
15235
15231
15215
15214
15208
15207
15206
15190
15187
15186
15185
15181
15180
15171
15171
15171
15169
15164
15164
15161
15158
15157
15149
15144
15140
15135
15130
15124
15115
15115
15109
15109
15102
15101
15098
15097
15094
15094
15092
15090
15088
15079
15077
15070
15069
15068
15065
15060
15058
15056
15052
15048
15042
15040
15035
15035
15034
15030
15021
15018
15017
15016
15012
15010
15010
15002
14997
14996
14995
14992
14992
14985
14985
14974
14968
14966
14965
14965
14964
14963
14956
14951
14948
14947
14942
14941
14940
14937
14936
14930
14929
14924
14923
14921
14920
14920
14914
14913
14911
14909
14904
14899
14898
14891
14888
14887
14883
14882
14879
14878
14871
14868
14860
14860
14859
14856
14835
14831
14830
14827
14827
14826
14817
14815
14810
14808
14807
14804
14804
14802
14801
14799
14793
14777
14776
14773
14769
14758
14755
14749
14746
14743
14738
14734
14734
14733
14729
14728
14728
14726
14717
14715
14712
14710
14709
14706
14705
14696
14692
14690
14689
14687
14687
14682
14682
14681
14678
14677
14677
14670
14670
14669
14668
14667
14665
14663
14660
14654
14651
14644
14643
14635
14633
14630
14628
14627
14626
14625
14623
14620
14607
14605
14605
14604
14597
14595
14592
14592
14590
14580
14577
14563
14559
14559
14551
14545
14532
14530
14529
14527
14521
14521
14520
14520
14519
14513
14504
14503
14499
14489
14486
14480
14477
14474
14474
14470
14469
14469
14465
14464
14450
14449
14444
14439
14430
14428
14423
14419
14419
14408
14404
14404
14400
14397
14391
14388
14387
14384
14384
14376
14373
14369
14367
14366
14366
14364
14361
14355
14354
14354
14354
14340
14340
14335
14334
14329
14328
14324
14321
14321
14320
14313
14313
14310
14308
14307
14305
14302
14300
14299
14296
14286
14284
14279
14277
14261
14256
14255
14252
14251
14247
14244
14243
14234
14234
14233
14229
14226
14223
14219
14215
14204
14199
14199
14198
14197
14192
14191
14190
14183
14171
14161
14160
14151
14151
14146
14146
14139
14138
14135
14134
14131
14129
14127
14125
14121
14115
14113
14106
14105
14105
14104
14102
14095
14095
14094
14094
14091
14090
14088
14087
14084
14084
14084
14078
14067
14066
14064
14062
14052
14044
14043
14033
14032
14032
14029
14025
14017
14017
14010
14002
13998
13996
13995
13994
13991
13989
13985
13984
13984
13983
13980
13979
13976
13972
13967
13967
13966
13964
13963
13962
13962
13962
13961
13957
13956
13955
13954
13952
13947
13946
13946
13945
13939
13937
13937
13929
13928
13925
13918
13918
13905
13896
13892
13889
13886
13883
13881
13879
13878
13874
13874
13872
13863
13857
13855
13854
13854
13849
13848
13835
13827
13825
13825
13824
13823
13818
13818
13812
13808
13804
13803
13801
13785
13784
13780
13778
13776
13775
13774
13768
13766
13755
13747
13744
13740
13740
13734
13734
13728
13724
13724
13723
13721
13719
13714
13707
13704
13697
13691
13683
13682
13676
13673
13673
13666
13665
13663
13647
13643
13643
13635
13629
13629
13628
13625
13625
13624
13617
13615
13608
13606
13602
13601
13599
13598
13587
13585
13580
13578
13575
13573
13571
13570
13569
13569
13567
13562
13553
13552
13550
13549
13548
13542
13541
13539
13539
13531
13531
13523
13522
13512
13511
13508
13502
13501
13499
13498
13484
13482
13478
13474
13472
13471
13467
13465
13462
13449
13449
13439
13439
13439
13438
13437
13432
13423
13417
13414
13403
13403
13397
13392
13388
13384
13384
13382
13365
13361
13361
13360
13356
13351
13351
13339
13326
13324
13322
13319
13319
13316
13309
13305
13303
13299
13295
13290
13287
13287
13283
13283
13282
13280
13260
13256
13252
13250
13249
13242
13241
13236
13230
13230
13228
13225
13224
13222
13216
13215
13215
13211
13207
13196
13194
13185
13178
13177
13177
13172
13168
13164
13160
13153
13147
13141
13138
13135
13128
13125
13119
13119
13116
13115
13114
13109
13108
13105
13096
13095
13091
13091
13080
13080
13079
13077
13075
13057
13056
13051
13047
13044
13044
13044
13040
13034
13034
13031
13029
13027
13025
13020
13018
13013
13012
13005
13000
12987
12986
12984
12983
12981
12966
12965
12963
12963
12960
12957
12953
12951
12949
12939
12937
12937
12934
12927
12924
12921
12918
12918
12914
12914
12910
12909
12908
12904
12902
12900
12895
12889
12885
12884
12882
12882
12876
12875
12874
12864
12860
12857
12856
12855
12855
12848
12843
12843
12838
12828
12818
12817
12817
12808
12808
12792
12791
12783
12780
12771
12770
12770
12769
12768
12764
12762
12759
12756
12756
12751
12749
12749
12749
12746
12745
12745
12735
12731
12729
12727
12726
12725
12724
12724
12719
12707
12697
12697
12696
12684
12684
12681
12681
12680
12680
12676
12667
12665
12662
12661
12654
12653
12650
12646
12641
12639
12634
12634
12634
12629
12628
12622
12620
12620
12620
12618
12609
12600
12588
12582
12582
12572
12571
12569
12562
12559
12555
12553
12552
12547
12542
12540
12539
12539
12535
12526
12525
12520
12519
12518
12518
12517
12516
12515
12510
12510
12509
12508
12499
12498
12497
12496
12491
12490
12488
12487
12486
12486
12479
12461
12458
12458
12451
12450
12444
12434
12431
12428
12427
12426
12415
12415
12412
12410
12410
12407
12406
12402
12400
12395
12392
12390
12382
12375
12373
12368
12361
12361
12357
12351
12343
12340
12338
12338
12331
12329
12314
12311
12310
12305
12303
12301
12294
12289
12288
12288
12282
12281
12275
12273
12273
12271
12270
12269
12267
12256
12248
12237
12233
12231
12231
12229
12225
12224
12223
12222
12221
12215
12206
12202
12198
12195
12193
12188
12184
12180
12178
12176
12172
12170
12166
12161
12150
12150
12145
12145
12143
12139
12139
12138
12134
12133
12133
12133
12130
12129
12125
12123
12123
12122
12121
12115
12115
12107
12101
12095
12094
12089
12083
12079
12079
12078
12078
12077
12075
12074
12068
12068
12066
12065
12053
12053
12050
12045
12033
12031
12025
12025
12025
12019
12015
12007
11999
11999
11995
11991
11987
11984
11982
11981
11978
11973
11973
11971
11968
11966
11964
11959
11959
11943
11935
11927
11925
11921
11919
11918
11915
11914
11906
11894
11890
11889
11888
11880
11876
11875
11873
11872
11856
11856
11853
11848
11845
11841
11835
11832
11830
11824
11821
11821
11817
11812
11803
11794
11792
11785
11777
11772
11768
11762
11753
11750
11749
11744
11743
11735
11734
11732
11722
11721
11720
11717
11713
11711
11704
11695
11694
11694
11689
11684
11681
11679
11677
11674
11673
11673
11669
11667
11666
11654
11653
11651
11648
11646
11632
11631
11629
11622
11621
11616
11614
11610
11608
11604
11603
11599
11597
11595
11593
11593
11592
11589
11586
11580
11573
11571
11570
11564
11564
11563
11561
11543
11543
11538
11537
11535
11535
11530
11528
11525
11520
11516
11516
11510
11508
11504
11504
11501
11498
11498
11497
11497
11495
11493
11491
11482
11481
11477
11474
11456
11454
11454
11452
11452
11451
11448
11445
11436
11436
11433
11432
11432
11428
11424
11418
11416
11413
11412
11411
11403
11401
11397
11397
11396
11394
11391
11381
11379
11371
11357
11350
11350
11349
11343
11338
11338
11323
11322
11320
11317
11311
11307
11302
11299
11296
11293
11282
11280
11280
11278
11276
11271
11269
11265
11260
11252
11251
11250
11250
11249
11239
11237
11233
11231
11230
11228
11225
11220
11219
11218
11217
11216
11215
11208
11208
11208
11207
11200
11200
11199
11197
11195
11191
11188
11187
11187
11186
11185
11185
11185
11179
11176
11170
11164
11161
11152
11145
11143
11141
11140
11138
11138
11137
11127
11125
11122
11119
11115
11112
11109
11106
11100
11098
11097
11096
11095
11094
11090
11082
11079
11079
11078
11076
11069
11057
11054
11053
11046
11046
11040
11040
11038
11030
11029
11029
11028
11024
11023
11022
11018
11014
11014
10994
10976
10976
10974
10974
10971
10970
10965
10952
10944
10942
10941
10939
10938
10937
10934
10933
10933
10932
10930
10917
10912
10911
10904
10902
10891
10890
10873
10870
10869
10868
10865
10863
10861
10861
10855
10853
10846
10843
10843
10842
10829
10828
10824
10820
10819
10816
10814
10814
10805
10799
10795
10788
10784
10777
10777
10776
10773
10771
10768
10767
10763
10762
10754
10754
10753
10748
10748
10739
10739
10738
10733
10732
10730
10730
10720
10714
10703
10697
10693
10692
10691
10690
10683
10681
10680
10674
10674
10673
10669
10653
10653
10652
10644
10642
10634
10633
10631
10631
10629
10628
10627
10627
10627
10626
10623
10617
10613
10613
10612
10611
10610
10605
10604
10604
10598
10589
10587
10583
10582
10578
10573
10571
10568
10563
10557
10552
10549
10548
10547
10543
10541
10540
10539
10535
10527
10519
10517
10511
10510
10508
10507
10503
10501
10499
10495
10491
10486
10483
10480
10480
10479
10478
10473
10473
10469
10469
10463
10462
10451
10447
10445
10443
10441
10441
10441
10434
10433
10431
10430
10427
10425
10425
10421
10411
10404
10404
10401
10401
10397
10396
10394
10387
10387
10384
10380
10378
10372
10367
10362
10362
10350
10349
10348
10344
10344
10341
10336
10334
10328
10325
10321
10318
10318
10318
10315
10314
10308
10308
10294
10292
10290
10286
10284
10278
10278
10270
10269
10264
10264
10263
10240
10238
10232
10230
10224
10223
10222
10222
10215
10212
10210
10194
10192
10189
10187
10184
10181
10176
10164
10164
10160
10158
10151
10149
10147
10147
10146
10143
10143
10142
10141
10131
10130
10129
10124
10122
10120
10117
10115
10113
10107
10106
10104
10098
10085
10083
10081
10079
10078
10062
10061
10060
10058
10056
10054
10046
10042
10042
10036
10030
10023
10017
10012
10006
10005
9987
9983
9983
9979
9978
9976
9968
9966
9965
9963
9955
9944
9938
9937
9936
9936
9932
9927
9924
9907
9906
9902
9898
9886
9882
9881
9880
9878
9876
9874
9868
9859
9853
9851
9851
9848
9845
9844
9838
9837
9836
9827
9823
9822
9821
9818
9818
9811
9809
9806
9802
9801
9800
9800
9798
9797
9795
9794
9789
9788
9785
9783
9783
9782
9782
9780
9773
9769
9768
9767
9767
9762
9762
9761
9760
9757
9756
9756
9754
9754
9751
9748
9747
9741
9739
9738
9732
9726
9718
9702
9695
9689
9684
9684
9684
9683
9680
9679
9678
9678
9676
9675
9675
9674
9644
9641
9641
9638
9634
9632
9630
9628
9622
9617
9610
9610
9608
9607
9606
9605
9603
9603
9602
9602
9592
9592
9588
9587
9582
9581
9571
9564
9563
9560
9559
9555
9551
9551
9546
9544
9544
9542
9539
9538
9536
9536
9533
9531
9528
9518
9503
9491
9490
9489
9486
9478
9478
9470
9469
9468
9461
9459
9459
9459
9458
9456
9452
9450
9450
9447
9439
9436
9433
9432
9428
9428
9426
9425
9425
9417
9397
9395
9392
9390
9388
9377
9377
9370
9364
9364
9364
9362
9362
9359
9358
9353
9349
9348
9346
9342
9342
9334
9332
9332
9331
9327
9326
9324
9320
9317
9313
9311
9306
9304
9298
9297
9293
9293
9284
9284
9283
9283
9277
9276
9275
9272
9264
9262
9250
9244
9243
9242
9236
9230
9230
9222
9219
9216
9215
9209
9209
9207
9199
9197
9197
9192
9192
9184
9179
9178
9178
9177
9174
9169
9155
9152
9149
9143
9141
9137
9136
9130
9127
9123
9120
9120
9119
9118
9118
9117
9117
9111
9110
9110
9108
9100
9096
9093
9092
9085
9085
9074
9074
9074
9071
9064
9057
9057
9055
9051
9050
9049
9045
9040
9038
9036
9035
9028
9028
9025
9024
9020
9018
9016
9015
9014
9011
9010
9010
9009
9008
9008
9007
9007
9006
9002
8997
8995
8989
8988
8983
8981
8978
8966
8962
8961
8960
8959
8958
8955
8952
8951
8950
8949
8949
8939
8935
8932
8931
8930
8928
8923
8917
8912
8909
8905
8904
8903
8890
8889
8888
8887
8884
8883
8880
8878
8875
8869
8868
8867
8865
8864
8861
8858
8858
8853
8849
8847
8847
8846
8846
8843
8843
8841
8839
8833
8831
8831
8829
8829
8828
8827
8825
8824
8824
8823
8820
8820
8816
8807
8804
8803
8799
8789
8780
8762
8761
8761
8759
8754
8752
8751
8750
8746
8746
8745
8744
8739
8734
8732
8732
8729
8728
8727
8726
8723
8722
8722
8716
8714
8713
8711
8705
8703
8701
8701
8700
8697
8691
8684
8684
8683
8683
8682
8682
8680
8678
8678
8677
8675
8671
8670
8665
8662
8662
8648
8647
8643
8642
8640
8637
8636
8632
8628
8627
8627
8625
8620
8615
8614
8614
8608
8599
8598
8591
8586
8581
8577
8575
8572
8569
8559
8553
8542
8541
8537
8537
8535
8527
8524
8523
8522
8520
8518
8512
8508
8505
8505
8502
8500
8498
8496
8495
8489
8489
8478
8478
8478
8475
8473
8471
8466
8459
8455
8455
8453
8449
8447
8443
8441
8440
8435
8435
8423
8422
8415
8413
8413
8411
8405
8403
8393
8392
8390
8389
8388
8385
8382
8379
8379
8372
8371
8368
8364
8364
8363
8360
8360
8357
8350
8349
8343
8342
8334
8333
8332
8330
8327
8327
8323
8321
8319
8319
8316
8315
8311
8308
8307
8306
8302
8301
8297
8296
8294
8288
8288
8287
8282
8277
8274
8270
8267
8266
8263
8257
8253
8247
8243
8240
8238
8235
8235
8230
8229
8229
8224
8222
8220
8219
8212
8211
8210
8208
8206
8204
8193
8188
8186
8185
8183
8179
8177
8175
8166
8165
8164
8163
8161
8155
8147
8136
8132
8129
8129
8128
8124
8124
8115
8108
8107
8104
8091
8088
8085
8084
8080
8079
8071
8063
8063
8052
8051
8039
8038
8036
8034
8033
8029
8027
8020
8018
8018
8016
8015
8011
8010
8010
8008
8004
8000
7999
7997
7987
7985
7975
7974
7973
7969
7969
7964
7964
7962
7960
7958
7958
7957
7948
7938
7937
7934
7931
7930
7928
7926
7920
7920
7918
7911
7905
7905
7904
7895
7894
7886
7883
7882
7879
7878
7878
7877
7876
7871
7871
7868
7867
7858
7857
7854
7853
7852
7851
7850
7847
7847
7841
7840
7839
7835
7832
7831
7829
7828
7826
7811
7810
7799
7795
7793
7788
7784
7780
7780
7777
7774
7770
7761
7756
7756
7752
7752
7751
7749
7748
7746
7744
7739
7738
7731
7729
7728
7726
7725
7712
7708
7698
7697
7696
7689
7688
7684
7679
7677
7671
7663
7660
7660
7652
7652
7651
7649
7646
7645
7645
7638
7633
7633
7630
7629
7627
7624
7623
7623
7621
7613
7609
7605
7604
7596
7594
7592
7591
7590
7588
7585
7576
7576
7573
7565
7561
7555
7551
7549
7546
7544
7538
7534
7533
7531
7528
7525
7525
7523
7520
7517
7516
7514
7513
7513
7512
7505
7497
7493
7493
7488
7487
7485
7475
7475
7474
7468
7467
7462
7462
7461
7443
7441
7439
7430
7427
7427
7425
7416
7415
7413
7411
7406
7406
7387
7383
7381
7379
7378
7377
7366
7364
7362
7361
7357
7344
7343
7331
7327
7325
7319
7318
7304
7297
7296
7295
7293
7292
7290
7288
7284
7283
7282
7279
7276
7270
7268
7267
7266
7264
7263
7263
7262
7258
7256
7255
7255
7247
7240
7238
7233
7233
7220
7219
7216
7210
7208
7202
7195
7195
7195
7185
7183
7182
7180
7180
7168
7165
7161
7158
7157
7156
7151
7149
7146
7146
7145
7140
7139
7137
7136
7135
7134
7134
7128
7126
7124
7124
7123
7121
7120
7119
7117
7111
7105
7104
7098
7096
7089
7082
7081
7079
7079
7078
7075
7072
7069
7066
7063
7062
7061
7058
7056
7055
7048
7045
7043
7041
7035
7033
7027
7025
7021
7018
7011
7011
7011
7011
7010
7008
7008
7002
6999
6996
6992
6992
6991
6989
6985
6985
6973
6970
6957
6955
6949
6946
6946
6946
6942
6939
6928
6924
6923
6921
6920
6898
6891
6886
6878
6872
6863
6860
6858
6858
6857
6855
6851
6846
6841
6835
6830
6828
6828
6824
6822
6820
6820
6819
6814
6813
6812
6802
6800
6799
6797
6794
6794
6793
6791
6788
6787
6776
6775
6769
6765
6765
6764
6764
6762
6761
6757
6757
6755
6748
6746
6742
6740
6725
6725
6723
6723
6722
6719
6717
6715
6715
6711
6711
6703
6703
6693
6685
6682
6679
6676
6675
6674
6670
6656
6649
6640
6636
6631
6628
6627
6625
6619
6618
6617
6616
6615
6614
6613
6610
6606
6604
6595
6591
6589
6589
6588
6588
6565
6563
6559
6557
6555
6548
6546
6544
6544
6544
6543
6541
6536
6535
6530
6524
6519
6517
6517
6515
6510
6509
6509
6506
6505
6505
6495
6491
6478
6477
6473
6469
6460
6459
6454
6451
6449
6447
6447
6446
6445
6439
6437
6435
6435
6434
6433
6431
6426
6425
6423
6423
6421
6415
6415
6413
6406
6400
6399
6395
6383
6383
6382
6379
6375
6371
6363
6355
6352
6349
6347
6336
6335
6326
6321
6321
6312
6310
6309
6303
6301
6300
6295
6291
6282
6278
6276
6275
6273
6270
6269
6267
6263
6263
6255
6254
6253
6253
6239
6238
6236
6235
6229
6228
6227
6226
6224
6220
6217
6216
6215
6214
6204
6200
6199
6195
6193
6193
6190
6190
6188
6184
6178
6176
6175
6169
6169
6163
6156
6149
6148
6145
6141
6135
6127
6108
6106
6100
6097
6094
6083
6080
6079
6078
6077
6077
6077
6076
6075
6075
6067
6058
6056
6053
6047
6046
6043
6042
6041
6035
6029
6026
6024
6017
6017
6013
6008
6008
6006
6005
6005
6002
6001
5994
5991
5985
5984
5974
5969
5965
5956
5955
5954
5952
5947
5946
5941
5940
5938
5937
5936
5935
5931
5930
5928
5927
5924
5920
5919
5912
5911
5906
5902
5897
5893
5892
5888
5883
5881
5881
5878
5875
5862
5859
5858
5855
5851
5849
5848
5847
5847
5837
5830
5827
5817
5814
5814
5810
5808
5806
5806
5793
5791
5791
5786
5786
5786
5778
5776
5776
5774
5773
5768
5766
5764
5764
5764
5760
5756
5755
5745
5737
5733
5732
5728
5722
5722
5722
5716
5715
5696
5694
5694
5691
5689
5685
5685
5678
5676
5671
5668
5659
5658
5657
5656
5654
5653
5647
5643
5638
5638
5632
5629
5625
5619
5616
5615
5613
5602
5602
5600
5598
5591
5585
5584
5583
5582
5580
5570
5569
5568
5567
5562
5560
5556
5555
5548
5548
5548
5546
5542
5532
5530
5528
5528
5525
5513
5510
5506
5503
5493
5480
5478
5471
5463
5463
5461
5461
5452
5451
5449
5432
5430
5427
5423
5421
5421
5419
5417
5412
5411
5408
5404
5391
5389
5382
5381
5377
5376
5372
5369
5366
5366
5362
5360
5354
5350
5349
5347
5344
5343
5341
5340
5339
5335
5328
5320
5310
5309
5308
5308
5304
5300
5299
5293
5291
5291
5289
5289
5278
5272
5272
5270
5267
5256
5247
5246
5245
5244
5236
5235
5233
5232
5221
5220
5217
5213
5212
5210
5176
5175
5174
5174
5164
5161
5160
5160
5157
5156
5156
5153
5152
5146
5145
5144
5142
5141
5140
5135
5134
5134
5134
5130
5127
5117
5114
5113
5112
5107
5107
5099
5095
5091
5082
5082
5077
5077
5076
5074
5073
5071
5071
5069
5068
5067
5050
5036
5029
5023
5018
5009
5006
5004
5000
4999
4997
4992
4985
4983
4981
4975
4974
4964
4964
4960
4958
4958
4958
4957
4951
4950
4946
4941
4938
4938
4932
4929
4929
4919
4916
4915
4914
4911
4909
4907
4907
4905
4901
4898
4895
4886
4886
4880
4878
4875
4873
4862
4859
4859
4854
4853
4852
4850
4847
4847
4846
4846
4842
4830
4826
4822
4815
4813
4809
4806
4802
4794
4792
4792
4791
4789
4787
4784
4781
4780
4779
4779
4775
4769
4762
4760
4756
4756
4755
4752
4751
4750
4747
4743
4736
4731
4726
4723
4718
4711
4710
4705
4703
4703
4702
4700
4695
4691
4689
4678
4671
4667
4666
4666
4664
4663
4660
4657
4657
4654
4653
4652
4650
4649
4647
4646
4646
4645
4639
4634
4630
4629
4626
4625
4623
4622
4612
4609
4608
4606
4602
4600
4599
4586
4583
4576
4572
4566
4562
4562
4551
4547
4534
4530
4523
4512
4511
4510
4508
4505
4504
4500
4491
4490
4485
4476
4476
4467
4466
4466
4464
4464
4457
4455
4449
4448
4447
4438
4433
4433
4431
4430
4430
4426
4423
4420
4420
4419
4415
4415
4402
4401
4399
4396
4372
4368
4367
4365
4358
4355
4352
4350
4349
4345
4343
4340
4331
4331
4328
4325
4322
4308
4306
4305
4304
4302
4297
4292
4282
4280
4276
4266
4265
4262
4262
4260
4256
4255
4244
4241
4236
4236
4229
4218
4204
4204
4203
4195
4193
4192
4187
4185
4181
4177
4173
4165
4162
4159
4157
4156
4156
4154
4151
4148
4146
4145
4142
4139
4138
4135
4135
4134
4134
4128
4127
4123
4120
4115
4115
4105
4095
4086
4083
4081
4079
4073
4072
4068
4065
4064
4063
4062
4058
4058
4054
4053
4049
4048
4043
4037
4035
4034
4033
4032
4026
4023
4021
4016
4016
4014
4012
4012
4010
4009
4007
4001
4001
3985
3979
3974
3965
3964
3955
3953
3953
3951
3949
3949
3946
3944
3942
3933
3932
3932
3930
3924
3916
3915
3910
3905
3900
3899
3897
3896
3896
3878
3872
3865
3864
3862
3858
3850
3847
3845
3843
3838
3837
3832
3831
3818
3809
3799
3797
3797
3793
3790
3788
3784
3783
3773
3773
3769
3769
3767
3767
3765
3761
3758
3748
3747
3743
3739
3738
3736
3729
3725
3722
3721
3718
3711
3708
3708
3707
3703
3703
3699
3691
3690
3678
3675
3673
3671
3657
3654
3654
3650
3644
3642
3641
3641
3640
3637
3632
3630
3625
3624
3623
3617
3611
3610
3609
3605
3604
3603
3601
3600
3599
3595
3589
3589
3585
3580
3580
3579
3576
3574
3569
3567
3565
3559
3556
3555
3554
3549
3547
3545
3545
3545
3539
3537
3530
3528
3523
3522
3521
3517
3511
3510
3509
3508
3502
3499
3496
3495
3494
3494
3493
3492
3488
3480
3473
3468
3463
3459
3458
3454
3452
3451
3448
3444
3443
3441
3440
3437
3435
3432
3425
3425
3423
3420
3410
3408
3404
3403
3398
3397
3397
3383
3376
3374
3370
3364
3363
3351
3349
3346
3345
3341
3335
3326
3319
3318
3315
3311
3294
3293
3291
3289
3285
3284
3280
3279
3279
3273
3268
3265
3261
3256
3255
3255
3252
3251
3251
3248
3248
3244
3235
3234
3234
3230
3222
3221
3219
3216
3215
3212
3205
3204
3204
3203
3197
3195
3194
3192
3189
3181
3179
3174
3173
3173
3171
3170
3170
3168
3161
3161
3161
3156
3155
3154
3151
3146
3139
3133
3123
3123
3122
3115
3111
3107
3107
3106
3100
3096
3089
3087
3080
3076
3070
3066
3064
3061
3060
3058
3055
3046
3042
3036
3036
3031
3031
3030
3027
3023
3012
3010
3009
3006
3004
3004
3004
3003
3001
2985
2979
2978
2978
2978
2972
2969
2958
2955
2948
2946
2945
2945
2943
2942
2937
2936
2928
2927
2927
2921
2919
2914
2913
2911
2910
2905
2894
2892
2883
2876
2876
2873
2871
2870
2868
2867
2863
2861
2859
2859
2852
2851
2847
2843
2839
2835
2834
2834
2832
2829
2822
2814
2813
2812
2808
2806
2803
2798
2795
2795
2789
2786
2783
2778
2775
2770
2769
2769
2763
2761
2758
2757
2747
2739
2733
2729
2726
2724
2714
2712
2695
2695
2694
2691
2690
2690
2688
2685
2681
2669
2666
2655
2652
2649
2640
2640
2637
2636
2636
2631
2629
2623
2616
2615
2614
2612
2612
2612
2606
2603
2600
2597
2593
2586
2584
2582
2574
2572
2572
2564
2564
2561
2557
2556
2555
2554
2546
2540
2540
2537
2532
2528
2525
2520
2520
2516
2514
2513
2503
2503
2498
2493
2484
2483
2478
2476
2475
2473
2473
2470
2468
2461
2447
2444
2441
2437
2432
2432
2431
2431
2428
2425
2423
2417
2413
2411
2411
2405
2403
2386
2382
2380
2376
2370
2368
2359
2359
2358
2352
2348
2348
2344
2341
2337
2336
2330
2329
2325
2324
2320
2316
2312
2310
2305
2304
2299
2298
2298
2293
2292
2291
2288
2283
2278
2276
2276
2272
2270
2266
2265
2264
2262
2261
2255
2246
2243
2242
2242
2241
2240
2237
2229
2225
2222
2218
2217
2213
2212
2207
2205
2201
2194
2194
2193
2191
2190
2190
2186
2181
2168
2166
2165
2164
2159
2156
2148
2146
2144
2140
2138
2126
2122
2118
2117
2116
2113
2112
2109
2107
2095
2093
2088
2087
2087
2087
2086
2082
2079
2078
2071
2069
2069
2067
2062
2056
2054
2054
2052
2052
2045
2042
2030
2028
2022
2019
2014
2011
2011
2009
2003
2002
2000
1999
1994
1988
1983
1981
1979
1976
1975
1972
1967
1966
1962
1959
1956
1955
1947
1945
1943
1943
1942
1941
1940
1939
1938
1936
1934
1934
1933
1930
1929
1928
1924
1924
1921
1917
1904
1896
1890
1882
1879
1873
1873
1866
1866
1862
1849
1848
1844
1843
1834
1833
1832
1829
1827
1825
1823
1821
1812
1811
1811
1808
1803
1799
1791
1788
1780
1779
1779
1776
1764
1763
1756
1754
1753
1750
1746
1742
1741
1732
1728
1716
1712
1707
1700
1698
1696
1692
1685
1684
1677
1671
1671
1668
1666
1666
1665
1663
1662
1661
1658
1656
1654
1652
1651
1650
1649
1646
1645
1644
1642
1635
1632
1630
1629
1629
1627
1626
1626
1625
1622
1620
1612
1611
1611
1610
1609
1608
1605
1605
1604
1596
1595
1593
1591
1584
1580
1572
1568
1565
1557
1557
1556
1554
1549
1535
1534
1528
1523
1523
1521
1519
1518
1515
1514
1514
1509
1509
1504
1503
1502
1498
1495
1492
1491
1482
1480
1476
1472
1470
1470
1465
1465
1462
1459
1456
1452
1447
1442
1442
1440
1423
1419
1416
1416
1412
1394
1389
1383
1376
1373
1372
1363
1359
1358
1350
1348
1345
1345
1344
1343
1341
1327
1322
1321
1306
1302
1302
1299
1296
1291
1287
1285
1284
1279
1278
1278
1277
1274
1267
1260
1257
1248
1247
1245
1244
1242
1241
1239
1239
1235
1224
1222
1221
1216
1215
1210
1210
1208
1198
1193
1187
1187
1179
1177
1176
1173
1163
1158
1148
1146
1139
1134
1126
1125
1125
1124
1123
1123
1123
1122
1120
1120
1115
1113
1108
1100
1097
1091
1091
1089
1086
1085
1079
1078
1075
1073
1066
1065
1061
1058
1055
1055
1054
1051
1050
1046
1046
1046
1035
1035
1035
1033
1030
1022
1019
1016
1007
1006
1000
998
993
992
987
982
980
978
975
973
972
972
971
963
961
953
947
939
935
932
930
924
917
914
912
912
910
904
904
903
902
902
901
899
898
898
887
869
868
864
861
857
856
855
854
853
848
848
846
829
829
828
825
821
820
815
812
811
811
806
805
803
797
796
791
790
788
782
775
772
769
767
759
757
751
749
749
747
747
745
743
740
739
726
726
713
708
706
704
701
700
699
698
696
693
691
689
688
686
684
680
676
675
673
672
672
669
667
655
652
643
641
637
633
631
629
629
626
625
616
609
607
603
603
603
590
575
574
568
567
567
565
564
563
558
556
554
551
543
542
539
537
535
531
522
521
519
505
504
500
496
495
487
484
479
479
477
467
467
458
456
454
453
452
450
444
442
441
435
434
433
432
428
427
426
411
406
396
395
394
388
384
383
383
381
376
375
370
369
352
349
349
347
347
346
346
344
339
338
331
327
327
324
319
315
314
308
307
300
297
295
290
287
284
283
279
275
275
274
271
269
267
267
263
262
261
255
249
246
243
241
235
235
233
232
228
217
208
207
204
201
200
193
193
188
187
185
183
183
181
176
171
164
157
157
154
148
146
145
139
132
125
117
117
116
116
112
107
106
103
103
103
100
96
94
92
91
90
86
86
84
79
78
74
73
69
68
65
57
56
55
54
50
48
46
46
41
36
34
26
26
23
23
22
22
19
18
16
11
6
2
1
