1
6
21
25
31
50
123
132
145
165
178
183
269
284
334
426
437
467
469
477
518
627
690
691
740
895
911
1023
1057
1073
1131
1257
1289
1337
1345
1364
1365
1408
1421
1480
1510
1529
1540
1553
1646
1665
1700
1770
1818
1822
1825
1845
1884
1888
1892
1902
1910
1926
1932
1957
1987
2010
2113
2120
2212
2230
2247
2262
2292
2314
2351
2371
2402
2431
2458
2512
2519
2521
2570
2586
2627
2656
2676
2841
2880
2912
2991
3026
3068
3084
3120
3151
3232
3233
3253
3332
3339
3364
3370
3385
3399
3443
3444
3476
3496
3504
3510
3527
3583
3598
3615
3631
3690
3717
3735
3750
3753
3896
3898
3948
3989
4026
4052
4076
4089
4092
4136
4151
4200
4207
4241
4255
4313
4348
4361
4362
4373
4386
4395
4413
4425
4459
4496
4505
4546
4601
4603
4610
4635
4650
4672
4680
4769
4773
4788
4817
4847
4861
4890
4894
4894
4944
4948
4959
4974
5066
5148
5180
5205
5234
5250
5252
5264
5286
5302
5322
5372
5407
5420
5421
5556
5566
5654
5670
5731
5785
5789
5817
5896
5945
5981
5984
6004
6005
6015
6052
6055
6059
6070
6085
6109
6122
6134
6161
6203
6261
6290
6310
6316
6342
6360
6392
6430
6444
6447
6457
6517
6528
6624
6628
6664
6672
6713
6758
6778
6800
6801
6819
6903
6933
6947
6953
6997
7012
7049
7057
7079
7084
7103
7126
7143
7144
7153
7186
7211
7242
7273
7285
7285
7288
7342
7378
7440
7476
7484
7509
7563
7567
7589
7596
7644
7658
7699
7740
7754
7763
7864
7951
8046
8139
8146
8149
8185
8260
8295
8330
8368
8400
8406
8441
8444
8484
8513
8530
8548
8587
8606
8620
8634
8707
8729
8735
8761
8828
9009
9018
9291
9298
9316
9326
9350
9409
9420
9429
9433
9436
9436
9443
9588
9641
9723
9728
9738
9740
9743
9812
9817
9881
9894
9921
10064
10066
10084
10106
10131
10145
10215
10272
10286
10338
10378
10413
10462
10527
10546
10603
10619
10689
10724
10832
10875
10883
10890
10973
11026
11073
11081
11087
11186
11194
11204
11254
11295
11324
11357
11382
11428
11437
11464
11483
11494
11518
11621
11672
11698
11741
11832
11900
11906
11915
11923
11932
12004
12010
12011
12073
12127
12134
12156
12163
12167
12322
12348
12393
12443
12460
12491
12497
12498
12519
12525
12534
12663
12673
12718
12821
12831
12836
12874
12886
12949
13067
13102
13189
13253
13296
13366
13416
13451
13470
13496
13500
13501
13538
13562
13623
13626
13667
13742
13746
13750
13788
13872
13879
13988
14025
14029
14030
14042
14058
14065
14089
14105
14245
14377
14380
14384
14420
14439
14470
14477
14510
14522
14557
14600
14605
14638
14659
14701
14711
14747
14750
14756
14769
14799
14814
14847
14894
14930
14967
15081
15099
15129
15147
15163
15212
15291
15440
15445
15462
15466
15475
15485
15511
15549
15550
15612
15632
15641
15679
15731
15759
15820
15874
15914
16016
16084
16158
16212
16221
16255
16291
16306
16322
16336
16345
16346
16371
16373
16411
16421
16427
16560
16560
16581
16582
16585
16623
16739
16757
16784
16834
16899
16907
16911
16930
16952
16996
17012
17081
17082
17112
17114
17115
17129
17226
17226
17304
17305
17314
17415
17456
17497
17518
17610
17616
17669
17691
17698
17735
17744
17748
17773
17793
17833
17894
17900
17967
17976
17976
18027
18038
18045
18052
18081
18151
18185
18189
18264
18351
18396
18403
18478
18516
18536
18592
18598
18688
18733
18771
18872
18894
18914
18933
19021
19023
19029
19050
19061
19121
19122
19136
19193
19195
19197
19275
19275
19299
19361
19371
19383
19389
19425
19594
19609
19648
19691
19712
19793
19837
19859
19968
19977
19985
20006
20025
20095
20123
20133
20155
20164
20174
20193
20206
20211
20239
20243
20244
20270
20286
20287
20298
20309
20310
20325
20329
20363
20379
20384
20396
20398
20407
20428
20496
20521
20538
20558
20580
20613
20672
20694
20760
20795
20810
20813
20832
20908
20928
20937
20967
21026
21045
21068
21080
21112
21126
21207
21243
21260
21267
21303
21322
21364
21389
21429
21434
21501
21528
21567
21573
21587
21605
21645
21687
21687
21768
21815
21856
21871
21881
21922
21930
21958
21973
21983
22013
22061
22079
22110
22133
22199
22219
22248
22341
22404
22419
22425
22499
22527
22536
22563
22568
22672
22695
22697
22712
22763
22797
22815
22826
22851
22923
23006
23040
23052
23060
23147
23191
23215
23283
23336
23351
23390
23391
23416
23454
23517
23556
23557
23568
23573
23575
23640
23644
23717
23724
23736
23754
23784
23799
23810
23818
23824
23877
23936
23944
23995
24001
24003
24057
24076
24077
24183
24190
24222
24231
24244
24302
24352
24381
24400
24525
24575
24580
24609
24638
24704
24748
24795
24833
24834
24911
24921
24932
24996
25012
25046
25061
25080
25145
25185
25278
25282
25357
25410
25414
25415
25420
25447
25451
25487
25503
25558
25641
25663
25695
25718
25734
25741
25748
25759
25782
25864
25929
25933
25996
26037
26059
26061
26069
26079
26095
26124
26139
26176
26208
26270
26299
26362
26375
26397
26401
26407
26439
26562
26587
26591
26616
26665
26680
26721
26731
26804
26920
26930
26955
26957
26962
26963
26984
27041
27106
27119
27134
27210
27237
27313
27346
27410
27421
27458
27552
27552
27608
27677
27698
27700
27813
27875
27890
27903
27917
27919
27921
27941
27965
27988
28014
28028
28056
28152
28161
28180
28187
28219
28294
28296
28378
28407
28470
28509
28520
28533
28553
28556
28578
28578
28611
28657
28710
28721
28735
28775
28831
28847
28922
28968
28968
28971
29076
29186
29204
29224
29228
29332
29345
29372
29425
29448
29509
29640
29709
29712
29747
29752
29796
29825
29916
29923
29931
29937
29952
29969
30002
30111
30130
30151
30154
30190
30205
30220
30240
30274
30279
30321
30328
30365
30440
30459
30463
30569
30603
30618
30711
30712
30736
30816
30941
31023
31085
31087
31108
31156
31177
31213
31263
31317
31318
31327
31400
31510
31511
31515
31537
31555
31598
31599
31647
31658
31687
31726
31735
31745
31782
31813
31822
31866
31913
31915
31957
31960
31989
32048
32063
32064
32084
32198
32232
32294
32348
32424
32446
32507
32526
32650
32672
32715
32741
32757
