2
3
8
11
14
17
18
20
22
23
26
29
29
29
32
35
40
42
47
47
49
51
53
53
56
58
58
67
70
73
74
75
87
88
89
93
94
96
97
97
104
105
106
106
107
107
109
120
122
130
134
143
153
161
166
167
168
168
182
188
189
190
192
198
206
207
207
212
212
213
219
220
222
226
228
229
230
233
233
242
242
242
250
251
255
260
270
277
281
286
289
293
295
297
298
298
299
303
304
306
308
311
311
317
317
318
320
323
332
332
334
337
344
345
349
349
351
353
356
361
362
364
368
370
375
375
378
379
381
384
384
391
392
393
394
396
402
403
404
404
405
411
412
413
415
419
420
429
445
453
455
456
457
458
459
461
463
474
478
479
480
481
483
485
486
487
487
489
491
492
495
496
501
501
503
507
509
517
521
530
536
536
538
539
552
560
561
570
571
577
586
586
590
594
595
596
601
604
607
607
610
612
612
618
638
639
642
648
649
653
655
655
658
661
663
663
667
667
670
671
673
676
681
684
703
707
714
719
728
732
735
736
737
742
743
743
746
750
752
754
756
758
760
763
764
765
766
766
767
773
777
777
779
783
784
788
788
792
805
806
822
824
824
826
831
836
842
844
846
853
854
856
858
860
862
877
878
879
887
887
890
891
894
894
895
896
902
902
903
907
907
912
913
916
916
917
923
923
938
940
943
950
952
957
957
968
969
969
969
985
1006
1009
1010
1017
1022
1025
1025
1026
1032
1048
1050
1052
1054
1057
1062
1064
1064
1066
1067
1067
1070
1070
1072
1073
1077
1078
1079
1080
1081
1081
1083
1090
1092
1100
1110
1118
1120
1120
1124
1126
1129
1135
1136
1145
1147
1154
1163
1167
1169
1173
1174
1176
1176
1178
1183
1187
1192
1200
1200
1202
1203
1203
1208
1208
1209
1211
1225
1225
1226
1227
1227
1232
1233
1234
1234
1237
1237
1238
1238
1242
1243
1245
1247
1249
1257
1259
1262
1263
1268
1272
1282
1282
1282
1287
1288
1289
1294
1313
1322
1324
1324
1324
1325
1326
1327
1329
1335
1335
1336
1338
1339
1341
1342
1342
1344
1345
1347
1351
1356
1359
1373
1383
1385
1385
1388
1391
1396
1397
1400
1406
1409
1410
1421
1422
1425
1428
1429
1429
1430
1432
1434
1440
1442
1446
1450
1454
1457
1464
1466
1468
1469
1477
1479
1481
1483
1486
1491
1495
1500
1502
1502
1503
1503
1506
1509
1509
1516
1516
1521
1528
1529
1529
1531
1535
1537
1538
1557
1560
1561
1565
1565
1569
1576
1577
1578
1580
1581
1581
1582
1583
1586
1589
1591
1600
1606
1608
1611
1618
1622
1644
1645
1645
1648
1651
1661
1665
1666
1673
1680
1681
1683
1686
1686
1687
1693
1695
1695
1703
1704
1715
1717
1720
1722
1722
1723
1723
1729
1732
1736
1736
1742
1744
1769
1770
1770
1773
1781
1781
1781
1781
1787
1790
1792
1801
1801
1807
1811
1824
1824
1825
1827
1828
1837
1840
1843
1844
1844
1844
1848
1852
1854
1857
1862
1862
1864
1868
1877
1878
1881
1884
1884
1886
1887
1890
1899
1899
1914
1920
1928
1928
1931
1937
1939
1943
1945
1947
1948
1959
1960
1964
1969
1970
1977
1981
1983
1984
1991
1996
2001
2007
2019
2023
2028
2030
2033
2036
2040
2042
2042
2044
2049
2057
2060
2062
2064
2073
2081
2082
2085
2089
2089
2097
2099
2100
2101
2102
2106
2115
2115
2122
2125
2130
2133
2134
2143
2180
2185
2188
2194
2199
2199
2202
2206
2214
2217
2224
2229
2230
2235
2240
2249
2250
2256
2256
2257
2261
2265
2268
2272
2276
2279
2280
2285
2285
2286
2291
2292
2295
2296
2296
2298
2303
2310
2311
2312
2313
2315
2320
2322
2324
2325
2327
2329
2339
2339
2339
2341
2342
2342
2343
2343
2347
2347
2354
2356
2357
2359
2359
2362
2372
2373
2388
2390
2392
2395
2398
2398
2399
2401
2404
2407
2412
2418
2421
2435
2436
2447
2448
2449
2451
2452
2456
2456
2459
2467
2479
2481
2485
2493
2494
2496
2496
2502
2502
2503
2503
2504
2504
2506
2509
2510
2510
2512
2515
2519
2520
2523
2525
2527
2528
2530
2542
2544
2545
2551
2552
2552
2554
2555
2556
2560
2560
2562
2565
2566
2577
2582
2584
2585
2586
2590
2592
2597
2598
2600
2602
2604
2608
2609
2616
2618
2641
2642
2644
2647
2650
2652
2652
2659
2660
2670
2671
2675
2676
2682
2685
2685
2685
2686
2695
2695
2696
2700
2700
2701
2702
2705
2711
2715
2715
2716
2719
2719
2722
2724
2726
2726
2726
2733
2736
2737
2737
2738
2739
2746
2746
2747
2750
2758
2760
2760
2763
2763
2767
2778
2782
2797
2797
2812
2818
2820
2826
2828
2829
2836
2838
2847
2848
2855
2855
2866
2867
2886
2886
2889
2891
2893
2894
2896
2898
2901
2904
2904
2906
2908
2911
2914
2917
2918
2927
2942
2943
2943
2953
2953
2956
2960
2964
2965
2967
2968
2972
2976
2977
2979
2980
2995
2999
3002
3004
3005
3016
3017
3019
3025
3026
3027
3033
3041
3045
3050
3050
3050
3054
3054
3056
3060
3067
3070
3076
3078
3082
3089
3100
3119
3121
3123
3129
3134
3135
3136
3137
3138
3147
3148
3151
3151
3152
3152
3156
3157
3157
3158
3159
3162
3162
3168
3171
3174
3177
3181
3189
3192
3196
3197
3200
3205
3208
3214
3218
3221
3223
3226
3228
3229
3232
3235
3235
3237
3238
3239
3241
3244
3246
3249
3251
3252
3252
3253
3253
3255
3257
3267
3275
3281
3281
3281
3285
3286
3293
3293
3294
3295
3296
3300
3302
3305
3306
3316
3317
3317
3335
3344
3347
3348
3355
3355
3358
3358
3358
3360
3360
3363
3365
3367
3368
3369
3370
3370
3371
3374
3378
3388
3390
3410
3413
3414
3417
3421
3430
3430
3434
3445
3449
3453
3453
3455
3459
3460
3469
3473
3479
3484
3485
3495
3496
3497
3499
3502
3506
3510
3524
3528
3531
3532
3533
3533
3533
3534
3538
3539
3541
3542
3550
3559
3560
3560
3567
3570
3572
3574
3581
3584
3587
3588
3597
3608
3611
3620
3623
3627
3628
3630
3631
3634
3641
3643
3643
3644
3650
3650
3655
3657
3658
3662
3662
3663
3668
3669
3669
3672
3677
3683
3685
3686
3690
3693
3695
3698
3705
3707
3712
3717
3717
3719
3724
3737
3742
3743
3745
3747
3747
3747
3752
3753
3755
3760
3764
3767
3767
3773
3774
3775
3783
3787
3788
3788
3793
3797
3817
3821
3825
3825
3826
3842
3847
3849
3853
3854
3860
3864
3866
3869
3877
3880
3881
3882
3886
3890
3895
3902
3903
3904
3909
3910
3910
3912
3915
3917
3922
3925
3927
3932
3934
3938
3940
3941
3941
3945
3949
3949
3955
3955
3961
3965
3967
3968
3969
3971
3974
3976
3977
3978
3978
3991
3994
3996
3998
4000
4001
4006
4015
4015
4036
4037
4039
4040
4052
4053
4053
4056
4059
4061
4062
4062
4069
4078
4080
4081
4082
4088
4090
4092
4092
4097
4098
4102
4103
4103
4106
4109
4109
4111
4115
4116
4118
4120
4124
4125
4137
4137
4139
4140
4141
4143
4151
4161
4168
4169
4172
4173
4173
4174
4175
4185
4189
4196
4204
4212
4215
4216
4216
4228
4237
4243
4246
4247
4254
4256
4265
4265
4265
4266
4268
4273
4277
4278
4279
4280
4293
4297
4299
4300
4305
4312
4326
4328
4333
4335
4343
4344
4345
4346
4347
4347
4349
4351
4352
4354
4359
4359
4362
4366
4369
4370
4373
4392
4395
4399
4401
4402
4402
4403
4412
4413
4417
4420
4422
4423
4424
4424
4425
4425
4426
4426
4427
4434
4437
4442
4448
4450
4455
4455
4457
4458
4467
4473
4479
4481
4482
4483
4483
4484
4487
4488
4493
4493
4496
4498
4499
4504
4506
4508
4511
4512
4514
4520
4524
4528
4528
4538
4539
4541
4541
4548
4550
4551
4558
4559
4566
4566
4570
4574
4578
4581
4582
4582
4584
4586
4595
4596
4602
4611
4616
4617
4618
4619
4621
4622
4628
4629
4629
4631
4634
4635
4636
4640
4644
4645
4646
4650
4654
4661
4671
4673
4676
4677
4682
4684
4686
4696
4699
4710
4710
4710
4717
4717
4720
4724
4724
4740
4740
4741
4741
4743
4746
4746
4746
4747
4750
4752
4753
4754
4754
4758
4761
4763
4768
4769
4771
4772
4779
4785
4785
4790
4796
4796
4798
4800
4801
4813
4820
4826
4829
4829
4834
4837
4842
4844
4849
4853
4853
4854
4858
4866
4870
4878
4879
4881
4886
4888
4890
4896
4903
4903
4903
4910
4918
4923
4923
4924
4931
4940
4941
4943
4943
4944
4956
4958
4959
4971
4971
4973
4974
4974
4992
4997
5000
5001
5003
5003
5004
5013
5019
5020
5020
5026
5030
5031
5034
5039
5041
5043
5047
5053
5056
5061
5065
5065
5071
5073
5073
5075
5087
5088
5089
5090
5092
5094
5094
5094
5095
5100
5101
5102
5107
5108
5109
5116
5116
5118
5124
5138
5139
5140
5144
5144
5148
5149
5152
5153
5153
5154
5165
5167
5170
5172
5174
5181
5184
5198
5199
5200
5200
5207
5209
5209
5210
5211
5211
5212
5215
5216
5221
5223
5229
5232
5235
5236
5245
5248
5253
5262
5262
5266
5269
5272
5276
5282
5286
5291
5300
5301
5308
5309
5325
5326
5328
5328
5330
5330
5334
5335
5336
5336
5338
5340
5343
5343
5353
5357
5358
5359
5360
5361
5363
5363
5368
5370
5374
5382
5383
5387
5387
5389
5391
5395
5396
5399
5402
5404
5407
5409
5411
5420
5422
5427
5427
5431
5432
5432
5435
5435
5441
5448
5455
5456
5464
5469
5469
5472
5478
5484
5485
5488
5490
5491
5502
5506
5508
5514
5521
5526
5526
5539
5539
5541
5551
5551
5555
5556
5561
5562
5567
5567
5570
5574
5574
5580
5584
5586
5589
5595
5597
5609
5611
5612
5615
5620
5621
5624
5627
5627
5628
5630
5635
5635
5636
5636
5642
5649
5650
5653
5655
5656
5659
5663
5664
5671
5672
5674
5678
5681
5682
5684
5690
5690
5690
5699
5705
5708
5708
5709
5713
5714
5715
5717
5728
5728
5734
5734
5735
5737
5737
5739
5739
5749
5749
5750
5752
5759
5767
5769
5780
5784
5786
5789
5792
5794
5806
5809
5812
5813
5818
5819
5821
5829
5830
5831
5836
5841
5844
5852
5852
5854
5860
5860
5870
5872
5873
5875
5889
5895
5903
5904
5910
5911
5912
5914
5916
5919
5919
5921
5925
5926
5927
5928
5933
5934
5934
5935
5935
5936
5936
5936
5936
5938
5939
5939
5944
5945
5952
5954
5955
5959
5960
5961
5963
5967
5971
5973
5974
5978
5979
5988
6003
6008
6008
6012
6013
6015
6022
6023
6026
6030
6038
6039
6041
6041
6041
6043
6044
6046
6049
6052
6052
6053
6058
6058
6060
6061
6063
6066
6069
6077
6082
6082
6093
6096
6096
6108
6115
6120
6127
6127
6136
6137
6142
6143
6147
6154
6154
6155
6155
6156
6157
6157
6157
6158
6173
6174
6175
6180
6180
6183
6184
6184
6199
6200
6206
6210
6210
6211
6212
6214
6214
6215
6216
6218
6225
6226
6227
6231
6232
6235
6235
6235
6237
6246
6247
6247
6248
6250
6251
6257
6265
6269
6270
6274
6277
6282
6282
6283
6292
6298
6304
6306
6308
6316
6316
6318
6320
6322
6330
6332
6343
6344
6345
6348
6348
6351
6362
6363
6371
6372
6379
6380
6382
6384
6384
6398
6398
6399
6400
6403
6406
6407
6409
6412
6414
6418
6421
6424
6424
6429
6431
6432
6441
6445
6448
6450
6453
6454
6455
6456
6456
6460
6468
6469
6475
6478
6483
6485
6485
6486
6488
6488
6495
6497
6502
6506
6512
6518
6521
6523
6526
6529
6539
6544
6547
6548
6567
6568
6571
6572
6574
6574
6583
6584
6586
6586
6588
6588
6593
6601
6602
6604
6605
6611
6617
6620
6622
6623
6624
6626
6626
6628
6632
6633
6641
6644
6647
6650
6653
6653
6657
6657
6668
6669
6671
6672
6673
6679
6680
6687
6692
6692
6694
6700
6703
6706
6708
6714
6719
6720
6721
6724
6725
6728
6735
6738
6739
6746
6752
6753
6757
6763
6764
6764
6766
6776
6777
6779
6790
6795
6796
6799
6807
6809
6812
6820
6821
6821
6827
6837
6842
6842
6842
6859
6860
6860
6861
6865
6866
6867
6873
6873
6875
6876
6880
6880
6889
6893
6894
6895
6896
6903
6913
6923
6924
6928
6932
6933
6938
6943
6949
6950
6953
6954
6956
6956
6957
6962
6963
6973
6974
6975
6975
6977
6985
6988
6994
6994
6997
7005
7006
7010
7010
7010
7010
7019
7033
7034
7037
7037
7037
7044
7049
7055
7060
7062
7068
7068
7069
7085
7090
7097
7102
7106
7109
7111
7114
7116
7122
7126
7126
7135
7138
7142
7143
7144
7150
7151
7153
7154
7163
7163
7166
7169
7174
7176
7178
7186
7191
7194
7199
7204
7205
7207
7213
7216
7217
7220
7230
7231
7233
7233
7237
7238
7247
7251
7252
7255
7257
7259
7261
7261
7265
7270
7271
7271
7274
7275
7279
7279
7284
7291
7291
7301
7303
7310
7316
7318
7319
7325
7336
7339
7344
7344
7351
7361
7369
7369
7372
7372
7373
7374
7377
7377
7387
7389
7392
7400
7403
7406
7410
7420
7425
7426
7427
7430
7435
7437
7437
7440
7448
7455
7471
7472
7472
7476
7476
7476
7477
7481
7484
7488
7489
7489
7496
7499
7502
7503
7520
7540
7541
7544
7554
7562
7564
7568
7569
7572
7576
7579
7579
7585
7588
7588
7591
7591
7592
7597
7598
7601
7604
7610
7615
7617
7629
7630
7636
7641
7651
7651
7660
7660
7667
7667
7676
7680
7680
7680
7688
7693
7697
7706
7707
7710
7710
7713
7718
7721
7724
7725
7734
7735
7737
7740
7740
7742
7746
7753
7754
7760
7760
7763
7766
7771
7774
7775
7776
7779
7781
7784
7790
7790
7795
7797
7800
7801
7802
7803
7805
7814
7817
7818
7820
7821
7822
7824
7825
7828
7830
7835
7840
7842
7842
7846
7851
7853
7856
7867
7871
7872
7873
7875
7877
7881
7883
7887
7891
7900
7901
7912
7914
7915
7917
7920
7920
7923
7923
7929
7930
7931
7953
7956
7957
7958
7960
7961
7962
7968
7970
7976
7977
7978
7990
7994
7999
8000
8000
8003
8004
8007
8008
8014
8017
8027
8037
8038
8039
8039
8041
8042
8045
8047
8049
8053
8057
8059
8064
8075
8075
8076
8076
8078
8089
8090
8100
8108
8111
8111
8115
8119
8126
8127
8127
8135
8140
8144
8148
8151
8159
8161
8163
8164
8164
8166
8167
8168
8172
8183
8183
8183
8187
8187
8190
8190
8192
8204
8210
8211
8216
8216
8217
8218
8226
8227
8230
8231
8233
8236
8239
8244
8251
8252
8254
8255
8259
8261
8265
8265
8266
8266
8268
8269
8273
8275
8277
8280
8290
8291
8292
8295
8307
8316
8318
8324
8325
8328
8330
8333
8335
8337
8344
8350
8352
8353
8359
8363
8367
8368
8368
8370
8372
8373
8374
8383
8384
8389
8398
8398
8398
8400
8400
8400
8403
8406
8410
8415
8419
8420
8429
8429
8437
8444
8445
8452
8453
8469
8470
8472
8473
8476
8477
8482
8482
8483
8487
8491
8496
8498
8504
8506
8506
8508
8510
8512
8512
8515
8520
8521
8529
8533
8534
8540
8552
8553
8555
8555
8558
8559
8561
8562
8568
8569
8569
8569
8574
8576
8576
8577
8578
8579
8579
8581
8582
8583
8587
8588
8592
8593
8593
8596
8598
8599
8601
8601
8607
8611
8612
8615
8616
8625
8626
8628
8633
8636
8637
8643
8644
8645
8646
8646
8647
8656
8657
8662
8663
8672
8673
8677
8681
8682
8690
8691
8692
8694
8696
8696
8712
8717
8725
8727
8728
8731
8734
8742
8742
8746
8747
8753
8769
8785
8795
8813
8814
8814
8815
8823
8824
8824
8827
8836
8839
8841
8844
8844
8848
8848
8851
8851
8856
8859
8860
8865
8875
8876
8881
8887
8888
8890
8892
8896
8899
8902
8906
8911
8912
8917
8917
8919
8934
8937
8941
8942
8942
8952
8954
8958
8971
8976
8976
8976
8985
8991
8993
8993
8997
9010
9011
9015
9015
9017
9017
9022
9023
9025
9026
9027
9034
9037
9039
9041
9042
9043
9050
9050
9054
9059
9060
9061
9061
9065
9065
9068
9071
9072
9078
9081
9084
9093
9094
9097
9099
9106
9112
9112
9116
9120
9121
9123
9127
9129
9130
9143
9145
9153
9154
9158
9158
9163
9163
9164
9173
9173
9177
9178
9179
9180
9182
9189
9196
9202
9207
9208
9213
9217
9218
9218
9222
9225
9229
9235
9238
9240
9250
9250
9251
9251
9259
9260
9262
9273
9282
9284
9286
9296
9298
9299
9299
9300
9301
9302
9302
9304
9313
9334
9334
9345
9353
9353
9359
9360
9361
9362
9363
9369
9373
9375
9378
9378
9382
9383
9384
9389
9391
9392
9394
9395
9399
9401
9401
9402
9405
9407
9408
9410
9415
9423
9427
9427
9428
9428
9431
9435
9441
9441
9443
9447
9450
9454
9458
9459
9462
9467
9469
9471
9474
9476
9478
9479
9482
9486
9488
9500
9501
9508
9510
9512
9519
9521
9521
9522
9523
9524
9525
9529
9532
9532
9536
9537
9538
9538
9549
9553
9560
9561
9562
9563
9563
9568
9572
9574
9574
9575
9576
9579
9579
9580
9587
9595
9600
9600
9606
9608
9609
9613
9616
9623
9624
9625
9629
9630
9632
9634
9645
9649
9661
9663
9665
9667
9668
9676
9679
9686
9686
9698
9701
9704
9706
9711
9713
9715
9719
9722
9724
9724
9726
9726
9726
9729
9730
9732
9737
9737
9743
9743
9744
9749
9758
9758
9759
9762
9762
9762
9766
9768
9776
9777
9777
9779
9781
9783
9786
9787
9790
9791
9796
9796
9798
9803
9805
9809
9818
9819
9819
9822
9822
9825
9827
9829
9831
9831
9839
9840
9840
9845
9847
9850
9852
9856
9859
9860
9863
9864
9866
9870
9873
9876
9878
9882
9883
9890
9894
9898
9899
9901
9902
9904
9908
9911
9913
9916
9924
9925
9930
9935
9937
9945
9946
9947
9948
9950
9950
9959
9960
9962
9963
9964
9965
9969
9969
9974
9976
9977
9979
9980
9980
9990
9994
9995
9995
9997
10007
10009
10018
10023
10025
10026
10028
10030
10038
10039
10040
10045
10050
10051
10058
10059
10063
10066
10071
10072
10074
10079
10083
10090
10097
10099
10100
10100
10100
10101
10102
10109
10109
10110
10119
10120
10120
10121
10124
10131
10131
10133
10135
10140
10141
10142
10142
10147
10151
10157
10167
10169
10172
10173
10175
10176
10176
10178
10184
10186
10186
10186
10188
10191
10196
10197
10197
10201
10203
10204
10209
10214
10214
10218
10220
10220
10223
10227
10230
10232
10236
10238
10246
10249
10250
10255
10255
10258
10259
10260
10263
10264
10274
10279
10283
10286
10296
10296
10299
10301
10307
10311
10315
10316
10322
10326
10334
10336
10338
10338
10340
10341
10346
10346
10348
10350
10356
10357
10357
10362
10364
10367
10369
10374
10378
10381
10387
10388
10390
10391
10399
10399
10402
10406
10407
10407
10412
10413
10415
10416
10418
10421
10422
10423
10423
10424
10427
10428
10429
10438
10439
10442
10447
10448
10448
10457
10458
10467
10468
10468
10473
10473
10475
10485
10494
10504
10505
10508
10512
10515
10519
10525
10526
10529
10529
10535
10538
10544
10544
10545
10546
10551
10558
10558
10559
10567
10567
10568
10585
10588
10589
10591
10598
10599
10607
10607
10612
10618
10622
10622
10625
10631
10631
10634
10637
10641
10641
10653
10657
10658
10663
10666
10671
10679
10681
10683
10683
10684
10685
10688
10693
10694
10701
10704
10705
10706
10706
10709
10718
10720
10723
10729
10736
10740
10741
10745
10758
10759
10763
10764
10767
10769
10771
10771
10772
10773
10773
10774
10780
10783
10806
10813
10814
10815
10818
10820
10823
10831
10832
10835
10836
10836
10847
10856
10857
10863
10866
10869
10878
10889
10890
10894
10897
10898
10904
10910
10910
10915
10915
10916
10916
10920
10923
10923
10929
10932
10933
10934
10936
10937
10938
10938
10947
10950
10950
10952
10952
10952
10955
10955
10957
10957
10960
10960
10968
10976
10977
10978
10978
10988
10990
10991
10992
10997
11002
11004
11010
11013
11018
11024
11035
11037
11042
11053
11056
11058
11061
11062
11066
11067
11076
11082
11084
11084
11085
11092
11092
11095
11098
11099
11104
11107
11111
11111
11111
11112
11113
11114
11118
11119
11119
11120
11122
11126
11126
11126
11129
11130
11132
11133
11136
11143
11144
11150
11155
11156
11156
11159
11159
11160
11169
11175
11187
11188
11188
11193
11196
11203
11208
11210
11211
11212
11212
11214
11220
11223
11228
11230
11230
11230
11231
11240
11244
11247
11255
11257
11258
11259
11260
11261
11262
11262
11264
11265
11265
11267
11274
11279
11279
11279
11279
11281
11285
11290
11291
11293
11295
11296
11298
11300
11301
11302
11306
11312
11312
11312
11312
11313
11313
11319
11332
11337
11339
11344
11345
11345
11355
11356
11357
11359
11359
11360
11363
11363
11366
11371
11373
11377
11380
11383
11392
11393
11413
11419
11431
11436
11454
11457
11457
11459
11473
11488
11489
11499
11506
11507
11509
11510
11511
11527
11533
11535
11536
11547
11548
11549
11553
11554
11560
11570
11571
11571
11574
11576
11579
11579
11583
11583
11585
11586
11586
11588
11591
11593
11598
11611
11612
11617
11617
11631
11631
11634
11639
11640
11644
11647
11652
11656
11658
11662
11669
11670
11672
11677
11678
11685
11690
11691
11692
11697
11699
11699
11699
11701
11704
11709
11715
11718
11719
11721
11722
11727
11728
11731
11735
11736
11742
11751
11764
11768
11774
11774
11778
11778
11778
11780
11780
11783
11786
11792
11798
11807
11808
11810
11815
11822
11823
11824
11824
11827
11833
11833
11839
11846
11846
11849
11852
11855
11867
11875
11876
11879
11890
11892
11896
11898
11904
11914
11917
11919
11922
11924
11925
11925
11931
11932
11939
11940
11940
11941
11943
11945
11945
11950
11955
11965
11967
11969
11969
11969
11970
11971
11973
11976
11979
11981
11984
11987
11992
11993
11994
11996
11998
11999
12010
12017
12018
12018
12020
12023
12025
12033
12038
12041
12041
12045
12047
12053
12055
12057
12058
12062
12064
12065
12065
12074
12075
12075
12075
12079
12083
12086
12096
12096
12099
12107
12107
12108
12111
12116
12119
12119
12120
12120
12121
12123
12131
12136
12140
12141
12143
12144
12145
12146
12147
12151
12151
12158
12163
12166
12174
12174
12176
12177
12183
12187
12188
12190
12191
12192
12192
12193
12195
12195
12196
12198
12202
12203
12205
12206
12207
12207
12215
12219
12223
12237
12255
12256
12259
12259
12263
12263
12266
12272
12273
12277
12278
12287
12291
12294
12294
12306
12308
12312
12314
12322
12322
12324
12328
12341
12341
12349
12350
12350
12352
12353
12354
12357
12358
12359
12359
12360
12360
12361
12366
12370
12372
12373
12373
12375
12387
12389
12400
12407
12409
12411
12415
12421
12425
12429
12443
12444
12447
12453
12455
12460
12461
12467
12469
12475
12477
12479
12486
12487
12492
12496
12502
12510
12511
12511
12518
12546
12546
12548
12550
12551
12553
12556
12557
12559
12560
12562
12564
12565
12566
12566
12570
12571
12574
12575
12580
12583
12584
12588
12590
12592
12593
12600
12601
12604
12610
12621
12622
12623
12624
12628
12631
12632
12635
12638
12639
12643
12644
12645
12646
12653
12659
12661
12687
12688
12704
12706
12709
12709
12715
12715
12720
12728
12729
12732
12733
12739
12742
12745
12745
12754
12755
12760
12760
12763
12763
12770
12770
12780
12782
12782
12784
12791
12794
12795
12797
12798
12798
12800
12804
12809
12809
12811
12812
12813
12816
12819
12830
12833
12837
12842
12848
12851
12855
12857
12864
12870
12872
12875
12878
12882
12888
12892
12892
12896
12900
12900
12909
12913
12914
12917
12918
12919
12928
12929
12930
12930
12947
12948
12952
12953
12958
12960
12962
12968
12969
12969
12973
12974
12976
12977
12977
12981
12985
12986
12989
12993
12995
13005
13005
13008
13012
13014
13015
13024
13028
13039
13042
13042
13043
13047
13048
13048
13050
13053
13054
13055
13056
13056
13057
13060
13061
13067
13071
13090
13091
13097
13098
13098
13103
13104
13121
13121
13122
13122
13131
13139
13139
13140
13142
13145
13146
13150
13151
13155
13157
13162
13166
13177
13180
13181
13182
13188
13191
13194
13197
13200
13201
13204
13204
13204
13206
13207
13207
13209
13212
13214
13215
13222
13222
13228
13230
13235
13236
13242
13249
13250
13253
13255
13270
13270
13273
13274
13275
13283
13287
13291
13294
13295
13296
13297
13311
13312
13326
13326
13328
13330
13333
13342
13343
13347
13347
13347
13356
13358
13361
13364
13366
13366
13370
13370
13381
13386
13386
13388
13389
13390
13395
13395
13399
13408
13410
13415
13419
13422
13424
13428
13429
13429
13436
13437
13444
13448
13453
13456
13463
13464
13472
13474
13478
13489
13494
13498
13498
13498
13503
13504
13505
13506
13514
13517
13517
13525
13529
13532
13534
13535
13535
13539
13544
13546
13548
13559
13571
13596
13603
13611
13612
13615
13617
13622
13625
13627
13628
13630
13636
13641
13642
13644
13647
13649
13649
13653
13653
13659
13673
13676
13688
13692
13699
13704
13706
13712
13712
13714
13716
13717
13719
13721
13725
13736
13740
13740
13748
13765
13768
13769
13781
13784
13786
13786
13788
13795
13804
13808
13811
13818
13819
13822
13825
13829
13831
13846
13847
13848
13848
13850
13852
13852
13858
13861
13864
13866
13868
13871
13872
13875
13875
13879
13882
13883
13887
13894
13895
13898
13900
13902
13904
13905
13907
13908
13914
13916
13917
13923
13930
13930
13933
13936
13944
13945
13946
13949
13951
13951
13952
13964
13965
13967
13974
13975
13981
13989
13990
13996
13997
13997
14002
14007
14010
14010
14012
14013
14015
14019
14035
14035
14042
14043
14044
14047
14053
14055
14062
14065
14066
14068
14073
14073
14076
14080
14081
14086
14086
14089
14091
14092
14096
14097
14100
14100
14107
14107
14110
14111
14114
14117
14134
14136
14137
14139
14144
14145
14146
14148
14157
14160
14163
14164
14166
14166
14168
14180
14182
14188
14199
14199
14202
14204
14208
14209
14211
14213
14220
14222
14226
14229
14232
14235
14238
14241
14243
14251
14258
14261
14262
14269
14272
14275
14276
14279
14282
14283
14288
14288
14288
14294
14312
14313
14313
14313
14317
14317
14323
14332
14334
14337
14337
14339
14339
14339
14349
14350
14358
14365
14365
14370
14375
14375
14376
14381
14383
14384
14389
14391
14391
14393
14395
14398
14406
14412
14418
14418
14422
14423
14426
14427
14432
14433
14436
14438
14442
14443
14444
14452
14457
14459
14465
14470
14473
14474
14478
14479
14482
14482
14486
14489
14490
14493
14502
14503
14503
14515
14519
14522
14532
14543
14545
14550
14555
14562
14564
14569
14571
14580
14582
14595
14597
14598
14599
14604
14607
14607
14613
14615
14617
14622
14627
14630
14630
14632
14632
14634
14636
14646
14658
14659
14667
14670
14678
14680
14682
14689
14690
14690
14692
14695
14696
14697
14715
14716
14721
14721
14723
14726
14726
14727
14735
14736
14738
14741
14749
14754
14757
14763
14764
14767
14769
14772
14777
14778
14779
14780
14783
14784
14785
14788
14792
14796
14798
14799
14811
14814
14816
14821
14825
14833
14836
14837
14840
14841
14846
14852
14857
14857
14864
14865
14870
14874
14881
14886
14887
14888
14888
14896
14902
14913
14914
14915
14915
14916
14925
14926
14927
14930
14932
14935
14938
14938
14947
14960
14967
14970
14978
14982
14990
14998
14999
15004
15009
15009
15010
15014
15014
15014
15016
15021
15026
15032
15035
15042
15044
15044
15045
15046
15047
15047
15048
15052
15052
15060
15062
15063
15065
15075
15081
15083
15089
15092
15092
15097
15099
15106
15107
15111
15117
15122
15128
15131
15131
15132
15135
15141
15142
15148
15149
15151
15156
15165
15166
15168
15172
15174
15177
15178
15183
15185
15191
15201
15205
15211
15213
15218
15219
15219
15220
15227
15229
15236
15236
15237
15241
15244
15244
15245
15247
15252
15255
15257
15262
15263
15267
15269
15270
15278
15278
15278
15281
15282
15284
15288
15291
15292
15305
15305
15306
15307
15310
15311
15313
15318
15323
15332
15344
15345
15355
15358
15360
15360
15361
15362
15366
15366
15369
15370
15378
15387
15388
15389
15390
15390
15399
15402
15405
15409
15417
15419
15420
15421
15422
15425
15429
15442
15443
15446
15449
15456
15464
15465
15465
15465
15466
15468
15470
15471
15473
15474
15476
15478
15479
15489
15491
15505
15512
15513
15515
15517
15522
15537
15538
15544
15546
15548
15552
15555
15558
15560
15564
15566
15567
15570
15577
15578
15586
15588
15589
15589
15590
15592
15593
15593
15598
15599
15601
15604
15610
15613
15622
15624
15629
15642
15645
15646
15647
15650
15652
15654
15654
15655
15659
15664
15669
15674
15679
15681
15681
15684
15690
15695
15701
15708
15709
15718
15720
15721
15724
15725
15725
15727
15733
15733
15734
15734
15736
15743
15744
15744
15751
15751
15751
15752
15755
15756
15758
15758
15760
15760
15761
15769
15772
15774
15775
15777
15778
15781
15788
15795
15796
15797
15802
15810
15811
15816
15816
15823
15826
15827
15830
15831
15832
15838
15840
15842
15843
15846
15847
15850
15853
15856
15865
15869
15871
15880
15880
15883
15886
15886
15887
15888
15893
15898
15899
15899
15902
15902
15905
15905
15912
15918
15922
15942
15948
15951
15952
15965
15967
15968
15982
15987
15990
15992
15993
15996
15999
16000
16001
16002
16004
16006
16011
16015
16027
16027
16029
16034
16035
16035
16041
16043
16050
16052
16070
16070
16072
16073
16073
16076
16077
16090
16093
16093
16094
16106
16106
16108
16111
16116
16120
16122
16124
16125
16130
16132
16133
16133
16135
16138
16140
16140
16141
16142
16146
16146
16147
16153
16158
16159
16166
16167
16169
16170
16174
16178
16186
16188
16189
16189
16191
16196
16202
16207
16212
16213
16217
16224
16225
16228
16231
16233
16234
16241
16241
16241
16255
16255
16260
16274
16274
16280
16282
16282
16284
16293
16298
16306
16306
16308
16309
16310
16316
16317
16318
16318
16319
16320
16320
16321
16322
16322
16323
16323
16325
16344
16352
16353
16355
16359
16360
16362
16363
16363
16364
16364
16366
16366
16367
16369
16387
16388
16390
16392
16395
16397
16398
16399
16401
16406
16410
16421
16422
16427
16428
16432
16434
16436
16438
16438
16441
16442
16443
16446
16447
16447
16451
16456
16456
16460
16464
16467
16469
16471
16496
16500
16501
16505
16512
16512
16513
16518
16522
16525
16530
16533
16534
16534
16539
16540
16541
16546
16554
16555
16558
16564
16570
16570
16571
16574
16579
16585
16594
16596
16600
16600
16603
16604
16606
16607
16608
16610
16613
16613
16616
16617
16621
16622
16629
16635
16641
16642
16650
16651
16652
16654
16655
16656
16664
16666
16667
16671
16674
16674
16676
16677
16678
16679
16681
16695
16712
16716
16720
16723
16723
16724
16724
16725
16729
16734
16736
16740
16743
16744
16747
16752
16754
16755
16758
16763
16771
16771
16776
16776
16777
16780
16781
16781
16787
16794
16803
16805
16806
16806
16808
16812
16814
16829
16829
16831
16833
16833
16835
16842
16845
16850
16857
16862
16864
16868
16869
16870
16872
16873
16875
16875
16886
16886
16888
16890
16890
16894
16896
16902
16902
16906
16906
16907
16916
16918
16919
16921
16922
16926
16929
16938
16940
16945
16947
16949
16950
16951
16956
16962
16965
16966
16968
16973
16987
16987
16989
16989
16993
16994
16995
17007
17009
17013
17016
17016
17025
17029
17032
17032
17034
17041
17046
17046
17049
17055
17059
17061
17064
17066
17069
17072
17081
17083
17086
17089
17089
17090
17101
17104
17104
17106
17111
17116
17118
17119
17124
17130
17132
17132
17133
17134
17135
17135
17141
17147
17149
17154
17154
17161
17163
17171
17177
17183
17184
17186
17193
17195
17198
17200
17201
17202
17204
17209
17210
17214
17214
17218
17223
17234
17234
17239
17239
17245
17251
17251
17251
17253
17255
17257
17258
17264
17270
17270
17274
17277
17282
17286
17288
17290
17293
17297
17298
17301
17305
17306
17308
17313
17316
17317
17318
17319
17320
17322
17325
17329
17344
17350
17353
17353
17362
17368
17369
17369
17375
17382
17383
17384
17386
17396
17404
17407
17413
17413
17417
17417
17418
17418
17429
17432
17436
17441
17448
17457
17458
17459
17459
17459
17465
17467
17477
17478
17480
17481
17484
17488
17491
17492
17494
17495
17495
17498
17499
17502
17502
17504
17508
17524
17526
17529
17529
17532
17537
17541
17541
17542
17548
17549
17552
17552
17555
17556
17561
17562
17564
17564
17575
17576
17581
17589
17597
17599
17604
17606
17609
17612
17620
17621
17626
17629
17655
17657
17658
17663
17675
17681
17682
17685
17692
17693
17697
17699
17700
17702
17703
17705
17707
17712
17721
17726
17728
17732
17735
17739
17744
17746
17747
17748
17760
17760
17762
17763
17767
17770
17771
17771
17771
17775
17775
17778
17785
17791
17795
17799
17800
17806
17808
17810
17811
17813
17813
17813
17821
17823
17825
17830
17834
17835
17842
17843
17844
17845
17846
17849
17856
17858
17861
17862
17862
17869
17870
17874
17874
17876
17876
17883
17885
17901
17901
17901
17908
17910
17917
17918
17921
17923
17932
17937
17938
17940
17941
17954
17955
17955
17957
17959
17961
17981
17981
17985
17994
17999
17999
18001
18004
18007
18008
18012
18013
18018
18021
18023
18024
18024
18026
18033
18033
18036
18039
18039
18040
18048
18048
18057
18058
18058
18065
18066
18072
18080
18081
18082
18083
18085
18087
18093
18097
18097
18105
18105
18105
18110
18118
18118
18129
18131
18134
18138
18140
18141
18143
18145
18145
18146
18146
18147
18149
18158
18162
18164
18168
18176
18181
18184
18194
18197
18206
18221
18231
18242
18242
18246
18247
18249
18257
18258
18258
18259
18262
18267
18269
18271
18273
18277
18279
18280
18280
18286
18291
18297
18303
18312
18314
18319
18325
18326
18330
18331
18333
18336
18336
18337
18339
18353
18355
18356
18359
18361
18367
18370
18378
18380
18386
18393
18394
18394
18399
18418
18421
18421
18426
18432
18434
18439
18440
18446
18450
18450
18452
18453
18457
18459
18460
18462
18464
18470
18472
18473
18483
18491
18492
18492
18496
18506
18506
18509
18510
18511
18516
18517
18519
18522
18524
18544
18545
18546
18554
18556
18557
18560
18564
18565
18566
18566
18568
18570
18570
18571
18577
18581
18581
18587
18589
18598
18600
18600
18605
18605
18612
18616
18620
18621
18621
18621
18624
18627
18630
18631
18633
18633
18636
18642
18644
18646
18651
18651
18660
18662
18667
18668
18676
18681
18686
18687
18687
18688
18692
18695
18697
18701
18703
18716
18716
18718
18724
18735
18736
18737
18738
18738
18739
18740
18742
18750
18751
18753
18755
18768
18773
18774
18774
18776
18777
18777
18778
18780
18785
18791
18796
18797
18798
18804
18805
18809
18809
18823
18826
18828
18830
18834
18835
18843
18844
18846
18846
18847
18853
18855
18858
18861
18872
18876
18876
18881
18883
18884
18887
18891
18895
18901
18902
18905
18905
18907
18908
18909
18910
18911
18915
18915
18916
18918
18920
18920
18922
18923
18923
18925
18932
18935
18938
18940
18944
18952
18965
18965
18966
18967
18975
18980
18983
18984
18988
18988
18994
18994
18997
18998
19004
19010
19017
19019
19019
19025
19034
19037
19038
19039
19040
19043
19045
19046
19047
19048
19048
19052
19053
19054
19054
19056
19059
19061
19065
19069
19070
19070
19071
19073
19083
19084
19087
19090
19108
19121
19127
19133
19135
19141
19145
19145
19147
19158
19162
19169
19170
19170
19174
19181
19197
19200
19213
19214
19217
19222
19228
19229
19232
19234
19235
19237
19238
19239
19239
19247
19260
19262
19264
19275
19277
19280
19288
19291
19291
19293
19293
19302
19305
19305
19306
19314
19316
19321
19321
19323
19323
19325
19326
19326
19327
19327
19328
19330
19334
19334
19338
19340
19343
19343
19343
19347
19348
19349
19352
19354
19358
19359
19361
19362
19366
19366
19369
19370
19370
19375
19377
19378
19382
19384
19384
19385
19392
19393
19394
19410
19412
19412
19416
19419
19420
19429
19432
19436
19438
19439
19440
19446
19453
19461
19461
19462
19466
19468
19470
19475
19480
19482
19484
19491
19491
19493
19494
19495
19497
19500
19509
19511
19515
19517
19518
19520
19522
19530
19534
19544
19551
19551
19559
19569
19569
19575
19578
19582
19589
19591
19594
19594
19595
19599
19605
19605
19605
19606
19607
19618
19628
19633
19634
19639
19640
19640
19642
19642
19644
19649
19655
19656
19656
19661
19662
19664
19668
19673
19675
19677
19678
19685
19686
19688
19709
19717
19723
19727
19729
19731
19732
19735
19735
19739
19743
19747
19749
19751
19752
19753
19754
19759
19762
19764
19775
19783
19783
19783
19787
19789
19790
19790
19790
19791
19799
19808
19812
19813
19816
19817
19818
19823
19823
19830
19841
19842
19849
19850
19854
19866
19866
19868
19870
19871
19871
19876
19879
19882
19883
19886
19886
19890
19897
19906
19907
19914
19915
19920
19922
19922
19923
19926
19927
19931
19932
19933
19933
19938
19938
19947
19948
19949
19952
19958
19959
19960
19964
19965
19966
19968
19968
19971
19976
19978
19982
19983
19988
19990
20000
20008
20010
20025
20034
20034
20039
20044
20047
20050
20053
20054
20054
20056
20057
20058
20060
20064
20065
20071
20073
20074
20075
20082
20084
20086
20088
20089
20093
20095
20097
20101
20101
20103
20106
20107
20108
20111
20115
20124
20129
20137
20137
20139
20141
20143
20146
20152
20157
20166
20172
20176
20178
20182
20191
20198
20198
20201
20201
20204
20205
20212
20216
20218
20219
20220
20224
20226
20227
20230
20231
20232
20234
20236
20238
20246
20248
20252
20253
20255
20257
20261
20265
20266
20275
20276
20276
20280
20284
20286
20287
20289
20298
20303
20305
20306
20308
20310
20310
20311
20317
20322
20326
20328
20331
20333
20337
20344
20345
20346
20346
20351
20357
20369
20379
20380
20381
20386
20386
20387
20387
20387
20387
20389
20392
20394
20396
20396
20399
20400
20406
20416
20420
20425
20426
20427
20429
20431
20433
20434
20434
20436
20438
20442
20448
20448
20449
20451
20453
20455
20456
20467
20468
20469
20471
20473
20475
20478
20482
20488
20488
20495
20498
20508
20508
20511
20513
20521
20521
20522
20524
20538
20538
20539
20539
20541
20547
20548
20549
20550
20556
20563
20565
20569
20577
20583
20585
20589
20590
20593
20595
20595
20600
20604
20608
20609
20610
20610
20611
20615
20615
20615
20618
20618
20619
20623
20624
20628
20632
20632
20636
20643
20646
20651
20651
20656
20661
20668
20669
20675
20677
20681
20690
20692
20698
20700
20703
20705
20709
20710
20719
20722
20723
20724
20724
20726
20731
20733
20733
20736
20738
20739
20739
20741
20742
20743
20745
20748
20750
20756
20759
20760
20760
20761
20765
20767
20777
20781
20786
20786
20787
20790
20791
20792
20795
20802
20803
20807
20808
20808
20809
20813
20817
20820
20821
20821
20827
20829
20830
20832
20833
20841
20841
20842
20845
20853
20853
20853
20854
20856
20856
20858
20860
20864
20865
20870
20872
20874
20877
20882
20886
20891
20902
20902
20906
20906
20908
20916
20919
20920
20922
20923
20923
20924
20925
20927
20930
20944
20952
20958
20959
20959
20964
20965
20966
20967
20977
20978
20980
20985
20985
20989
20989
20989
20989
20995
20995
20997
21001
21005
21011
21013
21019
21024
21026
21029
21030
21035
21038
21040
21048
21051
21053
21064
21069
21075
21080
21080
21087
21087
21088
21091
21101
21105
21107
21109
21114
21116
21118
21120
21122
21123
21124
21130
21131
21133
21134
21146
21148
21149
21154
21156
21157
21159
21159
21164
21167
21169
21171
21176
21177
21178
21181
21184
21187
21188
21189
21189
21193
21199
21202
21205
21209
21211
21219
21227
21230
21233
21241
21241
21242
21245
21247
21247
21253
21253
21254
21254
21256
21264
21264
21274
21286
21286
21291
21292
21295
21296
21299
21302
21308
21312
21312
21315
21320
21320
21325
21329
21329
21336
21338
21340
21341
21342
21345
21347
21352
21365
21369
21373
21376
21380
21383
21388
21389
21393
21395
21396
21398
21405
21409
21410
21410
21413
21417
21428
21428
21439
21439
21441
21447
21448
21454
21457
21462
21463
21464
21465
21468
21471
21474
21480
21485
21488
21494
21495
21498
21498
21501
21508
21511
21512
21516
21518
21527
21532
21533
21536
21538
21544
21544
21551
21555
21558
21560
21566
21570
21575
21577
21580
21582
21586
21586
21587
21591
21594
21596
21596
21600
21601
21603
21604
21614
21616
21621
21622
21623
21625
21628
21628
21631
21634
21634
21641
21646
21653
21654
21655
21655
21657
21659
21666
21669
21675
21679
21679
21688
21688
21697
21701
21706
21709
21710
21717
21718
21723
21724
21724
21728
21729
21732
21732
21734
21744
21745
21750
21752
21757
21759
21759
21764
21770
21775
21775
21775
21781
21783
21785
21791
21793
21809
21809
21811
21815
21821
21821
21823
21831
21837
21839
21847
21848
21848
21849
21850
21858
21859
21861
21868
21871
21876
21876
21884
21884
21888
21888
21896
21898
21902
21906
21906
21907
21915
21915
21917
21917
21917
21920
21922
21923
21923
21928
21930
21931
21936
21937
21938
21939
21940
21946
21949
21951
21955
21960
21960
21961
21961
21961
21962
21965
21969
21969
21970
21974
21979
21983
21983
21985
21990
21994
21995
21998
22003
22007
22012
22013
22014
22016
22016
22017
22019
22025
22029
22029
22041
22053
22054
22054
22055
22060
22061
22064
22066
22067
22072
22079
22081
22083
22083
22084
22088
22089
22093
22097
22102
22103
22103
22108
22111
22112
22118
22119
22119
22125
22133
22135
22138
22138
22139
22141
22142
22142
22153
22156
22158
22166
22168
22169
22178
22181
22196
22197
22200
22224
22232
22238
22239
22244
22244
22245
22246
22247
22249
22251
22252
22255
22256
22257
22258
22259
22265
22267
22268
22271
22277
22278
22282
22287
22289
22290
22294
22295
22300
22303
22310
22314
22317
22320
22321
22322
22328
22328
22336
22341
22343
22352
22353
22357
22360
22360
22362
22363
22366
22367
22370
22372
22372
22374
22380
22384
22385
22388
22390
22395
22401
22403
22406
22406
22408
22411
22417
22420
22422
22436
22437
22439
22440
22445
22448
22448
22452
22453
22458
22458
22460
22465
22468
22469
22472
22473
22480
22484
22484
22486
22488
22493
22497
22498
22499
22501
22504
22509
22511
22515
22520
22521
22522
22525
22529
22530
22531
22531
22533
22534
22538
22539
22541
22542
22545
22549
22556
22557
22559
22560
22564
22567
22568
22568
22582
22585
22587
22589
22590
22595
22596
22601
22603
22604
22605
22607
22608
22612
22612
22618
22620
22620
22621
22624
22625
22633
22637
22643
22643
22649
22655
22657
22662
22664
22667
22668
22670
22674
22679
22681
22682
22682
22686
22691
22696
22698
22700
22702
22706
22708
22710
22712
22712
22713
22714
22717
22718
22719
22721
22723
22724
22727
22735
22737
22738
22738
22746
22748
22749
22764
22771
22772
22772
22779
22786
22788
22788
22788
22797
22799
22805
22808
22808
22815
22817
22817
22817
22818
22820
22821
22823
22828
22831
22845
22847
22847
22851
22852
22852
22858
22861
22867
22869
22875
22877
22883
22888
22889
22891
22891
22896
22897
22902
22902
22904
22907
22913
22915
22916
22917
22918
22926
22930
22936
22939
22946
22947
22948
22951
22952
22952
22953
22954
22954
22957
22957
22958
22965
22969
22971
22973
22973
22976
22978
22978
22986
22986
22990
22991
22992
22992
23000
23000
23000
23004
23007
23007
23010
23030
23035
23036
23039
23040
23040
23042
23044
23048
23054
23058
23063
23064
23064
23064
23065
23070
23073
23075
23076
23082
23088
23093
23103
23107
23108
23115
23115
23119
23120
23121
23121
23125
23131
23132
23133
23135
23138
23145
23146
23146
23150
23156
23167
23169
23172
23174
23176
23176
23178
23181
23182
23185
23185
23189
23192
23193
23206
23207
23214
23214
23216
23219
23220
23220
23223
23224
23225
23235
23237
23237
23240
23242
23246
23256
23258
23261
23265
23265
23274
23275
23290
23293
23294
23295
23303
23304
23311
23312
23313
23313
23315
23318
23322
23322
23323
23329
23334
23336
23340
23343
23343
23346
23354
23357
23358
23358
23363
23365
23366
23370
23372
23374
23378
23379
23380
23380
23383
23385
23386
23389
23393
23395
23400
23404
23406
23411
23413
23420
23420
23420
23422
23424
23427
23427
23433
23439
23444
23446
23447
23451
23452
23453
23464
23465
23471
23476
23478
23481
23492
23492
23492
23494
23496
23497
23506
23507
23517
23518
23519
23522
23527
23530
23532
23541
23543
23545
23557
23557
23558
23565
23567
23574
23581
23585
23588
23589
23590
23591
23607
23607
23611
23625
23631
23645
23647
23648
23655
23661
23662
23663
23667
23670
23671
23679
23686
23687
23694
23694
23696
23704
23710
23712
23713
23717
23729
23730
23730
23737
23752
23754
23755
23756
23757
23761
23762
23764
23766
23767
23767
23778
23780
23782
23783
23789
23792
23793
23804
23806
23808
23809
23809
23813
23816
23818
23836
23836
23838
23851
23853
23855
23856
23857
23863
23865
23867
23869
23870
23871
23872
23872
23874
23876
23877
23884
23894
23896
23899
23900
23901
23902
23906
23906
23909
23912
23914
23918
23919
23921
23926
23938
23941
23941
23951
23953
23954
23963
23969
23970
23978
23980
23983
23985
23985
23986
23987
23988
23990
23992
23996
23997
24006
24012
24015
24016
24019
24019
24022
24028
24029
24030
24033
24034
24035
24040
24041
24041
24047
24059
24074
24077
24079
24083
24086
24087
24087
24097
24101
24101
24106
24106
24110
24111
24115
24124
24133
24133
24135
24135
24138
24139
24143
24149
24152
24153
24157
24157
24158
24161
24163
24169
24175
24177
24180
24181
24181
24182
24185
24188
24188
24189
24192
24196
24200
24203
24203
24206
24210
24213
24222
24228
24229
24232
24232
24235
24235
24245
24246
24246
24249
24257
24258
24260
24265
24268
24273
24274
24287
24295
24296
24297
24297
24298
24306
24309
24313
24313
24317
24323
24324
24326
24327
24336
24338
24341
24345
24350
24351
24354
24362
24366
24366
24370
24378
24391
24391
24393
24395
24398
24401
24403
24407
24419
24420
24425
24427
24436
24442
24443
24444
24452
24452
24461
24466
24475
24476
24482
24486
24488
24491
24496
24500
24505
24506
24506
24510
24512
24513
24517
24518
24522
24523
24524
24529
24531
24535
24537
24538
24546
24549
24551
24556
24557
24568
24574
24574
24589
24591
24591
24594
24595
24595
24595
24596
24596
24598
24606
24607
24607
24609
24610
24612
24613
24614
24615
24618
24619
24623
24629
24630
24633
24635
24639
24640
24642
24644
24647
24654
24655
24659
24669
24672
24676
24677
24683
24686
24687
24687
24690
24693
24696
24696
24697
24700
24719
24737
24740
24740
24745
24747
24749
24749
24756
24759
24761
24764
24766
24767
24768
24774
24776
24782
24788
24788
24795
24795
24800
24801
24802
24803
24807
24817
24820
24823
24830
24830
24836
24838
24839
24840
24842
24852
24857
24860
24863
24864
24864
24875
24883
24883
24890
24891
24891
24898
24900
24902
24903
24906
24907
24912
24913
24916
24916
24916
24920
24924
24928
24943
24953
24954
24955
24956
24959
24966
24975
24975
24979
24983
24985
24987
24994
24997
25005
25011
25022
25024
25028
25030
25031
25036
25038
25041
25043
25044
25051
25055
25060
25060
25061
25064
25075
25079
25079
25087
25088
25098
25098
25106
25123
25129
25136
25144
25152
25156
25158
25159
25163
25170
25172
25172
25172
25175
25176
25177
25179
25185
25190
25191
25197
25198
25202
25202
25206
25213
25214
25226
25229
25230
25234
25234
25237
25237
25238
25242
25245
25246
25251
25253
25255
25257
25258
25258
25258
25264
25276
25278
25279
25281
25285
25286
25292
25294
25298
25300
25301
25301
25301
25304
25308
25309
25312
25313
25317
25319
25319
25320
25326
25327
25328
25329
25336
25337
25337
25340
25348
25350
25353
25354
25356
25357
25360
25362
25370
25375
25377
25379
25385
25387
25395
25398
25401
25403
25404
25407
25407
25409
25410
25415
25415
25415
25416
25420
25426
25432
25434
25438
25443
25444
25446
25447
25454
25458
25463
25468
25472
25482
25483
25483
25488
25490
25491
25493
25494
25507
25523
25523
25527
25530
25531
25533
25533
25534
25542
25543
25548
25550
25553
25554
25555
25564
25569
25574
25575
25575
25579
25580
25583
25586
25593
25593
25612
25624
25626
25632
25635
25637
25640
25642
25642
25643
25646
25648
25648
25649
25654
25654
25671
25676
25680
25682
25683
25683
25687
25690
25692
25694
25701
25701
25706
25709
25710
25713
25718
25724
25728
25730
25731
25732
25735
25735
25737
25745
25746
25747
25754
25758
25761
25765
25769
25773
25774
25774
25775
25776
25778
25778
25782
25783
25787
25791
25791
25797
25800
25806
25811
25814
25818
25819
25821
25824
25826
25829
25830
25831
25845
25848
25851
25853
25853
25854
25856
25860
25862
25871
25871
25872
25874
25875
25875
25879
25882
25886
25889
25891
25898
25902
25902
25909
25917
25926
25930
25933
25939
25948
25949
25952
25956
25958
25961
25973
25974
25979
25988
25995
25997
25998
26000
26009
26020
26030
26032
26033
26036
26037
26038
26038
26041
26045
26050
26051
26054
26060
26060
26066
26067
26068
26072
26072
26075
26075
26078
26079
26083
26084
26089
26091
26094
26096
26106
26109
26112
26120
26133
26137
26144
26147
26150
26150
26152
26153
26155
26166
26173
26177
26182
26201
26204
26207
26212
26215
26221
26226
26233
26245
26260
26262
26263
26263
26263
26266
26267
26268
26270
26270
26271
26273
26274
26278
26278
26279
26282
26283
26285
26293
26294
26295
26296
26297
26297
26301
26303
26306
26306
26311
26314
26315
26317
26319
26320
26324
26327
26328
26331
26333
26334
26343
26355
26355
26356
26360
26372
26372
26373
26375
26377
26380
26385
26395
26397
26399
26406
26415
26415
26416
26417
26418
26421
26427
26428
26433
26434
26437
26440
26447
26448
26449
26456
26457
26459
26460
26461
26473
26477
26481
26483
26484
26484
26487
26489
26493
26494
26497
26498
26502
26504
26505
26507
26507
26509
26514
26517
26520
26521
26523
26524
26525
26525
26533
26534
26539
26544
26544
26549
26556
26560
26561
26566
26567
26567
26568
26570
26571
26575
26577
26579
26580
26581
26586
26588
26588
26595
26599
26601
26602
26603
26606
26609
26610
26611
26612
26617
26621
26626
26628
26629
26632
26636
26639
26644
26650
26652
26654
26657
26662
26663
26665
26666
26667
26669
26669
26671
26676
26679
26680
26682
26685
26689
26694
26697
26697
26699
26702
26703
26703
26705
26717
26721
26721
26723
26723
26731
26731
26734
26738
26741
26741
26745
26753
26758
26758
26766
26771
26773
26778
26779
26779
26782
26783
26787
26790
26801
26802
26813
26813
26815
26819
26820
26821
26824
26827
26830
26836
26840
26842
26845
26847
26853
26853
26864
26865
26866
26866
26870
26871
26871
26872
26873
26876
26877
26879
26879
26879
26882
26883
26886
26892
26895
26897
26900
26901
26903
26910
26911
26915
26915
26916
26921
26936
26944
26951
26959
26959
26961
26963
26965
26969
26976
26980
26988
26989
26993
26998
27010
27014
27015
27026
27028
27042
27043
27052
27052
27054
27054
27064
27065
27066
27073
27083
27084
27092
27094
27095
27095
27101
27107
27109
27110
27111
27112
27112
27116
27120
27123
27124
27125
27132
27149
27151
27159
27159
27161
27165
27166
27167
27173
27180
27183
27187
27199
27203
27204
27215
27217
27217
27219
27220
27223
27226
27228
27232
27242
27243
27246
27253
27269
27270
27273
27274
27275
27277
27278
27280
27280
27283
27285
27285
27287
27290
27290
27300
27301
27304
27305
27308
27310
27316
27318
27322
27323
27325
27325
27326
27327
27328
27328
27341
27344
27345
27347
27358
27359
27360
27367
27372
27376
27381
27384
27387
27389
27395
27397
27402
27404
27405
27407
27415
27415
27417
27422
27425
27428
27442
27443
27447
27449
27452
27473
27479
27485
27486
27489
27491
27494
27494
27501
27504
27505
27508
27509
27515
27517
27529
27533
27536
27536
27537
27539
27540
27541
27542
27547
27550
27550
27556
27556
27559
27560
27561
27562
27569
27571
27572
27572
27574
27576
27576
27578
27578
27584
27588
27588
27595
27618
27626
27628
27630
27632
27632
27633
27651
27654
27654
27654
27656
27657
27661
27662
27662
27669
27670
27671
27672
27679
27683
27685
27692
27693
27694
27695
27698
27701
27704
27709
27717
27723
27726
27727
27731
27737
27749
27758
27760
27769
27769
27771
27772
27773
27779
27779
27780
27781
27783
27785
27785
27789
27794
27795
27796
27799
27799
27799
27808
27816
27817
27820
27823
27826
27827
27828
27828
27833
27840
27841
27846
27848
27849
27853
27855
27855
27858
27858
27862
27865
27868
27870
27870
27872
27877
27889
27891
27895
27896
27901
27902
27907
27911
27912
27915
27915
27915
27918
27924
27927
27928
27929
27932
27936
27936
27942
27947
27948
27948
27952
27952
27953
27955
27958
27958
27965
27965
27974
27978
27978
27979
27979
27980
27983
27992
27996
27997
28008
28009
28012
28013
28021
28022
28023
28024
28025
28027
28028
28032
28038
28040
28045
28045
28054
28055
28056
28056
28058
28061
28061
28062
28062
28065
28065
28068
28073
28077
28081
28087
28090
28093
28095
28096
28099
28100
28102
28102
28103
28107
28110
28111
28115
28116
28119
28119
28120
28121
28121
28121
28121
28121
28139
28140
28149
28155
28159
28160
28161
28162
28163
28176
28183
28183
28185
28191
28195
28196
28197
28200
28204
28207
28209
28209
28210
28213
28216
28218
28227
28229
28233
28235
28241
28242
28243
28263
28265
28266
28269
28270
28274
28276
28281
28286
28294
28299
28304
28305
28306
28315
28317
28321
28321
28322
28323
28326
28326
28327
28327
28338
28338
28345
28350
28352
28353
28355
28357
28358
28358
28360
28361
28363
28365
28366
28369
28378
28385
28386
28388
28393
28395
28396
28398
28399
28410
28411
28415
28418
28419
28419
28422
28428
28439
28439
28440
28442
28445
28449
28450
28458
28460
28461
28462
28463
28464
28466
28467
28471
28476
28479
28482
28490
28491
28495
28496
28501
28504
28507
28509
28509
28512
28514
28517
28520
28526
28526
28527
28530
28532
28539
28542
28542
28546
28549
28551
28552
28556
28557
28557
28558
28558
28578
28583
28595
28596
28603
28605
28605
28608
28609
28612
28613
28613
28614
28616
28619
28621
28622
28624
28624
28636
28647
28657
28662
28665
28668
28669
28680
28684
28692
28693
28698
28699
28700
28704
28712
28728
28730
28731
28734
28735
28736
28739
28740
28742
28746
28750
28756
28757
28757
28759
28759
28763
28770
28773
28774
28778
28783
28783
28787
28792
28795
28810
28816
28817
28818
28825
28826
28831
28832
28836
28842
28849
28853
28854
28857
28859
28861
28863
28864
28865
28868
28868
28870
28877
28881
28883
28885
28885
28889
28892
28894
28895
28900
28904
28909
28916
28917
28924
28936
28937
28945
28949
28954
28964
28967
28967
28971
28972
28973
28973
28977
28978
28980
28980
28985
28985
28986
28987
28987
28989
28994
29001
29007
29008
29010
29013
29026
29028
29030
29030
29031
29036
29037
29038
29039
29041
29041
29044
29046
29050
29057
29057
29060
29064
29070
29080
29081
29084
29085
29086
29087
29093
29093
29099
29100
29101
29102
29108
29110
29111
29111
29111
29114
29122
29124
29125
29127
29133
29133
29136
29136
29136
29142
29147
29148
29148
29148
29150
29152
29154
29155
29157
29158
29164
29167
29170
29172
29174
29177
29180
29186
29188
29190
29199
29200
29202
29206
29206
29208
29209
29212
29215
29216
29219
29221
29228
29230
29233
29234
29239
29240
29258
29258
29262
29265
29268
29269
29270
29272
29277
29277
29281
29284
29293
29294
29296
29297
29298
29300
29302
29304
29305
29305
29306
29307
29310
29321
29323
29323
29324
29326
29330
29334
29340
29340
29342
29346
29348
29351
29352
29361
29361
29368
29369
29372
29376
29385
29390
29391
29392
29393
29399
29400
29403
29407
29407
29410
29410
29412
29419
29421
29422
29423
29429
29432
29436
29438
29439
29446
29457
29462
29463
29467
29477
29477
29478
29479
29480
29483
29490
29492
29493
29504
29508
29509
29512
29516
29518
29518
29518
29520
29524
29525
29529
29532
29536
29538
29538
29541
29548
29550
29550
29551
29555
29558
29558
29558
29560
29561
29569
29569
29574
29574
29578
29578
29578
29587
29590
29593
29593
29594
29598
29599
29602
29602
29603
29603
29610
29612
29615
29618
29619
29620
29620
29622
29626
29633
29633
29634
29635
29643
29644
29647
29648
29657
29658
29659
29673
29691
29693
29696
29700
29704
29704
29706
29708
29712
29714
29715
29718
29718
29719
29725
29730
29731
29733
29735
29744
29748
29753
29762
29766
29772
29773
29775
29779
29785
29790
29794
29801
29817
29825
29827
29828
29830
29831
29831
29835
29836
29837
29839
29840
29840
29841
29842
29844
29853
29858
29865
29866
29867
29871
29873
29875
29875
29892
29893
29895
29895
29896
29899
29902
29907
29908
29909
29915
29920
29924
29925
29926
29928
29929
29931
29931
29933
29936
29943
29945
29958
29962
29965
29965
29967
29968
29970
29977
29978
29979
29983
29986
29987
29988
29993
29999
30003
30006
30007
30009
30011
30011
30019
30020
30021
30025
30031
30032
30037
30046
30047
30048
30052
30054
30058
30060
30063
30064
30066
30070
30074
30076
30078
30080
30081
30083
30085
30091
30092
30097
30109
30111
30114
30121
30121
30124
30128
30136
30144
30147
30151
30152
30152
30158
30164
30165
30174
30180
30182
30183
30187
30193
30196
30196
30197
30211
30213
30214
30215
30216
30220
30225
30227
30229
30229
30230
30237
30237
30239
30239
30241
30247
30250
30252
30254
30257
30258
30258
30264
30265
30268
30268
30274
30275
30277
30278
30278
30280
30280
30281
30282
30282
30284
30286
30287
30296
30303
30303
30306
30309
30311
30314
30315
30318
30319
30320
30320
30321
30323
30329
30330
30330
30333
30353
30356
30359
30360
30362
30363
30364
30364
30369
30376
30378
30382
30384
30386
30387
30398
30403
30412
30417
30425
30425
30426
30426
30436
30443
30448
30453
30454
30455
30455
30462
30466
30467
30470
30478
30478
30478
30480
30483
30485
30485
30488
30500
30504
30507
30513
30525
30534
30535
30541
30541
30542
30543
30543
30551
30553
30553
30559
30564
30566
30569
30570
30576
30577
30583
30585
30587
30588
30590
30590
30601
30608
30608
30611
30612
30613
30617
30617
30628
30630
30633
30635
30638
30639
30644
30647
30649
30651
30651
30651
30663
30666
30670
30680
30689
30693
30693
30694
30697
30699
30702
30705
30706
30707
30708
30712
30721
30722
30723
30724
30725
30726
30732
30738
30739
30741
30743
30745
30747
30752
30759
30760
30761
30762
30768
30771
30776
30777
30781
30782
30797
30798
30807
30812
30815
30819
30821
30823
30833
30842
30842
30848
30850
30853
30853
30855
30860
30862
30866
30872
30873
30875
30877
30882
30884
30888
30889
30891
30892
30893
30894
30899
30900
30903
30904
30906
30907
30909
30911
30912
30913
30917
30926
30933
30933
30937
30938
30947
30959
30961
30972
30976
30984
30990
30990
30992
30992
30995
30996
31003
31005
31011
31011
31012
31015
31032
31033
31033
31034
31036
31037
31039
31046
31047
31048
31052
31055
31056
31058
31060
31061
31066
31067
31070
31073
31075
31077
31079
31079
31084
31088
31089
31089
31093
31094
31097
31097
31104
31105
31113
31113
31117
31120
31121
31122
31122
31135
31138
31139
31141
31142
31145
31146
31151
31152
31164
31164
31168
31170
31171
31180
31181
31183
31191
31193
31197
31206
31207
31211
31225
31228
31232
31234
31242
31246
31247
31258
31260
31269
31279
31280
31308
31310
31321
31321
31321
31329
31335
31342
31344
31347
31347
31348
31348
31355
31357
31360
31360
31365
31367
31368
31368
31372
31377
31378
31379
31385
31390
31390
31394
31396
31401
31406
31407
31408
31411
31412
31414
31421
31422
31423
31423
31425
31428
31431
31433
31453
31460
31461
31474
31478
31481
31485
31488
31498
31501
31503
31510
31511
31513
31513
31525
31525
31525
31527
31529
31537
31539
31542
31544
31551
31553
31556
31558
31558
31560
31563
31570
31574
31575
31579
31581
31584
31585
31589
31590
31594
31600
31601
31603
31605
31608
31610
31615
31617
31622
31623
31625
31634
31636
31642
31649
31658
31662
31662
31668
31671
31673
31673
31676
31677
31678
31684
31685
31685
31694
31712
31715
31718
31719
31720
31721
31724
31725
31726
31726
31728
31733
31744
31744
31747
31751
31755
31760
31766
31773
31775
31777
31779
31780
31783
31783
31786
31791
31799
31800
31804
31805
31807
31813
31814
31820
31822
31826
31829
31831
31832
31833
31840
31844
31845
31849
31852
31854
31866
31874
31874
31875
31878
31880
31881
31885
31886
31886
31887
31888
31890
31891
31892
31893
31893
31896
31897
31898
31898
31899
31901
31903
31904
31906
31907
31908
31909
31921
31922
31925
31928
31930
31932
31934
31937
31940
31945
31948
31954
31955
31960
31964
31965
31967
31968
31970
31990
31993
31994
31998
31998
32000
32000
32002
32003
32004
32013
32014
32016
32017
32019
32019
32022
32023
32045
32045
32047
32050
32065
32065
32067
32067
32067
32070
32073
32075
32082
32086
32088
32089
32094
32097
32101
32103
32111
32115
32118
32119
32119
32120
32122
32126
32126
32128
32133
32133
32137
32138
32139
32141
32141
32143
32146
32148
32158
32158
32158
32163
32167
32172
32174
32178
32178
32179
32180
32181
32184
32184
32188
32190
32191
32192
32194
32198
32203
32205
32207
32220
32228
32237
32237
32238
32243
32248
32259
32267
32271
32272
32273
32274
32281
32297
32299
32299
32300
32304
32306
32308
32321
32322
32329
32330
32334
32335
32355
32361
32370
32372
32377
32380
32383
32389
32391
32392
32398
32408
32409
32416
32418
32421
32423
32427
32427
32434
32440
32440
32442
32443
32444
32448
32454
32455
32459
32462
32467
32473
32473
32475
32476
32483
32484
32485
32486
32488
32489
32492
32497
32500
32500
32514
32515
32516
32520
32522
32523
32525
32526
32529
32530
32532
32535
32535
32536
32537
32542
32549
32552
32552
32554
32557
32559
32563
32573
32578
32579
32580
32582
32584
32585
32588
32590
32592
32606
32608
32612
32614
32617
32619
32627
32632
32635
32640
32654
32655
32660
32662
32664
32667
32668
32671
32680
32680
32680
32683
32684
32686
32686
32687
32689
32689
32704
32711
32711
32714
32716
32718
32719
32729
32737
32741
32742
32742
32743
32743
32744
32745
32750
32750
32752
32752
32756
32757
32762
32764
