75
98
132
134
183
209
230
236
261
279
293
300
321
339
405
408
453
454
495
501
502
503
618
702
713
722
778
801
805
829
844
849
876
927
942
1012
1049
1062
1081
1163
1167
1169
1320
1364
1405
1434
1442
1494
1497
1510
1513
1538
1630
1631
1634
1656
1685
1700
1726
1738
1766
1786
1792
1820
1906
1926
1934
1954
1984
2028
2071
2075
2084
2101
2110
2145
2225
2246
2246
2285
2305
2359
2416
2431
2517
2531
2634
2673
2676
2702
2723
2750
2784
2817
2840
2855
2952
3012
3050
3068
3087
3103
3136
3143
3160
3170
3202
3213
3221
3293
3305
3354
3389
3408
3469
3469
3530
3536
3552
3575
3588
3590
3610
3612
3650
3657
3751
3822
3857
4043
4065
4142
4170
4189
4200
4325
4358
4460
4468
4531
4533
4536
4549
4572
4624
4652
4661
4726
4745
4791
4853
4864
4884
4931
4941
4981
5022
5032
5080
5115
5164
5174
5359
5388
5413
5439
5510
5515
5563
5568
5573
5620
5673
5691
5695
5696
5714
5743
5762
5864
5877
5889
5900
5974
5975
5989
6003
6017
6024
6035
6046
6063
6067
6082
6097
6119
6161
6168
6206
6237
6336
6373
6415
6430
6432
6435
6436
6612
6751
6756
6799
6854
6861
6895
6948
6963
6994
6996
7012
7027
7033
7039
7062
7080
7173
7198
7200
7212
7229
7237
7246
7249
7268
7284
7350
7361
7406
7419
7517
7543
7551
7728
7741
7750
7786
7801
7897
7897
7900
7919
7927
7946
7956
7963
7980
7982
8003
8046
8048
8095
8096
8115
8138
8175
8190
8235
8251
8291
8350
8424
8450
8458
8481
8496
8511
8543
8636
8643
8735
8741
8745
8792
8868
8930
8931
8944
9012
9124
9157
9165
9208
9215
9248
9307
9336
9399
9451
9487
9503
9516
9541
9546
9554
9560
9653
9659
9677
9705
9720
9737
9746
9790
9910
9912
9937
9952
9960
10000
10059
10092
10110
10118
10208
10212
10286
10318
10370
10371
10385
10387
10407
10433
10441
10478
10479
10489
10508
10508
10564
10570
10577
10588
10597
10649
10711
10730
10787
10873
10980
11011
11083
11113
11184
11236
11248
11274
11341
11371
11388
11458
11471
11516
11522
11595
11632
11642
11666
11680
11696
11762
11763
11764
11805
11827
11852
11936
11972
11986
11993
12091
12102
12202
12222
12268
12316
12351
12439
12543
12555
12584
12621
12627
12634
12671
12699
12701
12703
12705
12726
12754
12755
12776
12780
12785
12804
12809
12841
12859
12860
12865
12880
12993
13002
13019
13037
13056
13075
13160
13270
13276
13355
13394
13437
13465
13475
13493
13504
13521
13536
13653
13655
13738
13783
13789
13825
13850
13864
13891
13906
13925
13969
14078
14188
14212
14218
14243
14298
14302
14352
14355
14366
14367
14378
14394
14398
14485
14543
14585
14624
14655
14671
14673
14684
14689
14741
14806
14985
14991
14992
15030
15107
15125
15134
15152
15189
15215
15299
15338
15369
15389
15402
15446
15492
15545
15617
15634
15690
15712
15754
15775
15869
15870
15889
15937
15979
16060
16104
16122
16195
16208
16213
16246
16247
16266
16305
16329
16397
16416
16434
16470
16513
16544
16545
16565
16614
16616
16632
16653
16657
16678
16732
16801
16803
16826
16838
16858
16883
16990
16999
17048
17112
17125
17175
17206
17230
17230
17296
17305
17315
17329
17345
17375
17400
17412
17495
17497
17527
17631
17652
17696
17697
17764
17783
17822
17833
17879
17971
17986
18008
18067
18071
18135
18141
18159
18178
18193
18193
18288
18348
18390
18391
18399
18411
18448
18448
18559
18565
18657
18677
18762
18795
18833
18845
18878
19009
19045
19066
19086
19134
19151
19196
19261
19269
19312
19340
19369
19388
19404
19492
19541
19545
19586
19596
19598
19652
19652
19736
19758
19811
19817
19824
19874
19885
19887
19897
19900
19904
19905
19938
19983
20088
20102
20125
20138
20148
20159
20160
20164
20197
20222
20261
20309
20312
20339
20347
20355
20400
20471
20475
20489
20523
20535
20586
20639
20640
20666
20702
20731
20740
20804
20812
20875
21012
21038
21062
21073
21085
21105
21108
21124
21136
21162
21231
21242
21281
21310
21318
21330
21346
21354
21357
21407
21418
21553
21592
21641
21681
21690
21696
21760
21920
21947
21998
22029
22052
22054
22076
22158
22171
22171
22240
22247
22251
22288
22307
22358
22366
22399
22424
22442
22445
22448
22449
22465
22478
22482
22482
22524
22622
22712
22776
22797
22835
22883
22951
22975
23018
23080
23089
23105
23151
23197
23198
23204
23222
23255
23266
23282
23457
23536
23538
23572
23609
23661
23664
23670
23712
23762
23789
23791
23806
23815
23824
23844
23869
23889
23905
23916
23943
23948
23975
24028
24038
24042
24069
24079
24112
24112
24203
24218
24228
24266
24286
24359
24377
24452
24479
24544
24628
24643
24679
24772
24786
24790
24790
24808
24812
24888
24898
24915
24928
25000
25024
25052
25069
25078
25088
25088
25099
25194
25278
25288
25313
25341
25390
25473
25480
25508
25513
25517
25604
25689
25757
25758
25838
25899
25899
25916
25987
25993
26048
26109
26122
26211
26248
26271
26280
26292
26379
26390
26390
26489
26508
26512
26565
26598
26633
26672
26701
26706
26713
26718
26724
26726
26774
26816
26880
26931
26959
27025
27109
27169
27189
27213
27220
27226
27239
27253
27312
27321
27411
27440
27503
27534
27542
27547
27593
27595
27667
27722
27766
27805
27856
27942
28082
28101
28103
28119
28134
28185
28187
28214
28214
28275
28276
28277
28282
28291
28308
28361
28478
28674
28701
28722
28799
28812
28816
28855
28888
28893
29066
29108
29117
29159
29211
29270
29288
29324
29352
29502
29510
29514
29558
29570
29624
29641
29642
29644
29659
29660
29712
29741
29785
29815
29838
29838
29861
29876
29934
29956
29991
30057
30094
30103
30107
30136
30137
30140
30149
30174
30294
30342
30529
30615
30659
30667
30674
30675
30754
30784
31007
31084
31119
31124
31150
31210
31246
31252
31260
31269
31330
31368
31396
31423
31425
31486
31498
31527
31594
31597
31610
31655
31656
31660
31664
31674
31754
31762
31768
31780
31783
31792
31798
31826
31887
31955
31971
31982
31985
32047
32077
32141
32173
32175
32257
32268
32279
32288
32451
32472
32479
32484
32504
32577
32619
32636
32663
32706
32729
