1
3
4
4
4
5
10
11
13
13
18
18
20
21
22
23
24
28
29
30
31
32
32
39
40
40
41
41
43
43
44
45
48
48
49
49
49
53
55
63
63
66
70
70
71
72
74
75
77
77
77
80
88
90
90
90
97
98
98
100
100
109
111
111
117
120
123
130
134
136
138
138
141
143
143
144
145
147
148
148
149
156
158
158
160
160
165
176
183
190
192
196
197
198
199
204
210
212
212
213
213
214
215
217
217
224
227
228
235
236
238
240
242
243
245
249
250
253
254
254
254
254
256
264
264
264
267
267
268
269
269
271
271
271
272
275
275
288
289
289
290
292
293
293
296
298
300
301
304
311
313
314
315
316
318
321
326
326
327
330
330
334
335
339
341
341
346
352
357
364
366
368
371
372
379
379
385
386
388
388
389
390
391
392
397
398
399
400
401
402
404
405
405
411
414
414
415
417
419
420
425
425
429
432
433
435
436
440
440
442
443
443
444
445
445
454
456
458
464
473
475
476
476
477
477
484
489
489
492
497
501
501
502
504
506
506
508
509
510
511
514
521
523
527
529
532
533
535
536
539
540
541
542
551
553
554
555
564
569
571
574
577
581
582
583
584
588
590
598
610
611
613
615
616
616
620
626
626
626
627
627
633
633
635
637
639
641
645
649
650
650
651
660
660
662
664
669
670
683
685
685
687
689
690
690
693
694
696
701
702
704
704
704
707
707
709
709
710
710
711
713
719
720
721
721
723
725
727
727
729
732
733
733
735
735
736
740
741
741
743
744
744
747
748
749
750
750
756
759
761
763
764
764
769
770
770
770
771
772
780
782
789
792
799
807
809
810
810
816
817
818
820
822
824
827
829
830
830
833
842
842
844
844
851
853
857
863
864
867
868
871
873
878
883
887
892
892
896
897
906
906
908
908
909
910
911
914
914
916
918
927
927
927
928
930
930
932
932
932
937
944
944
948
952
953
962
964
964
964
964
965
970
976
980
982
985
986
987
994
1000
1001
1001
1012
1014
1014
1015
1017
1018
1018
1019
1019
1020
1020
1020
1028
1031
1032
1034
1035
1036
1037
1040
1041
1041
1042
1043
1047
1057
1061
1061
1063
1064
1065
1067
1071
1071
1073
1076
1077
1081
1083
1084
1086
1090
1091
1094
1094
1094
1095
1095
1102
1103
1103
1103
1112
1113
1114
1114
1115
1119
1120
1120
1121
1123
1124
1124
1126
1126
1127
1128
1130
1131
1132
1137
1138
1140
1145
1146
1152
1155
1157
1157
1160
1163
1163
1173
1173
1178
1178
1184
1184
1184
1186
1187
1189
1190
1192
1192
1193
1197
1199
1202
1202
1208
1209
1210
1211
1211
1211
1212
1214
1214
1215
1216
1217
1217
1222
1229
1230
1230
1237
1240
1242
1242
1246
1246
1259
1262
1267
1267
1269
1272
1276
1278
1279
1281
1283
1289
1289
1291
1292
1294
1299
1299
1302
1304
1306
1320
1320
1321
1322
1324
1328
1329
1329
1333
1333
1334
1336
1337
1341
1343
1345
1350
1350
1352
1360
1363
1364
1366
1369
1369
1369
1372
1374
1375
1377
1379
1379
1380
1381
1382
1383
1384
1385
1394
1395
1402
1403
1404
1405
1405
1408
1410
1413
1414
1415
1418
1422
1423
1425
1426
1427
1432
1433
1435
1435
1438
1443
1446
1448
1454
1460
1461
1462
1463
1464
1464
1468
1469
1470
1470
1478
1481
1488
1489
1489
1491
1491
1492
1493
1499
1500
1505
1505
1511
1512
1513
1514
1515
1517
1522
1528
1539
1539
1550
1550
1552
1554
1563
1568
1569
1569
1569
1571
1572
1574
1574
1576
1579
1581
1582
1584
1585
1589
1589
1591
1598
1598
1612
1630
1630
1631
1631
1642
1647
1648
1648
1659
1664
1666
1668
1674
1679
1680
1684
1692
1692
1700
1702
1706
1712
1715
1717
1718
1721
1722
1728
1728
1733
1733
1734
1734
1735
1740
1744
1747
1751
1755
1757
1761
1761
1763
1774
1775
1783
1784
1785
1786
1786
1793
1793
1796
1797
1797
1798
1803
1804
1805
1808
1809
1816
1825
1829
1844
1846
1846
1847
1847
1850
1851
1851
1852
1856
1859
1859
1864
1874
1876
1879
1885
1888
1889
1891
1892
1898
1898
1904
1905
1914
1916
1918
1920
1926
1927
1930
1930
1936
1936
1936
1937
1938
1939
1940
1947
1950
1952
1952
1958
1958
1960
1960
1965
1974
1975
1978
1981
1989
1990
1990
1992
1993
1995
1999
2002
2003
2004
2005
2010
2010
2013
2015
2015
2018
2019
2019
2020
2023
2025
2027
2027
2027
2035
2036
2038
2038
2040
2041
2043
2049
2050
2053
2053
2058
2058
2059
2060
2061
2062
2064
2064
2066
2073
2074
2074
2075
2083
2085
2086
2086
2087
2088
2089
2090
2091
2093
2098
2101
2104
2105
2105
2110
2112
2112
2118
2122
2125
2126
2130
2134
2134
2134
2136
2136
2136
2137
2139
2140
2142
2143
2148
2151
2152
2154
2162
2162
2163
2164
2164
2166
2175
2177
2177
2178
2180
2186
2190
2202
2205
2206
2208
2210
2210
2212
2213
2214
2216
2219
2221
2240
2247
2252
2255
2256
2256
2256
2259
2260
2261
2265
2265
2267
2270
2275
2286
2287
2289
2297
2302
2306
2309
2310
2313
2314
2318
2319
2320
2321
2323
2325
2325
2326
2327
2333
2334
2340
2351
2351
2351
2353
2360
2360
2361
2361
2363
2364
2366
2368
2369
2370
2373
2374
2376
2383
2386
2388
2392
2396
2399
2400
2401
2403
2405
2405
2406
2406
2407
2409
2410
2410
2414
2426
2426
2429
2432
2432
2434
2434
2435
2435
2436
2437
2439
2442
2449
2449
2450
2450
2453
2454
2455
2460
2463
2467
2472
2473
2475
2479
2481
2481
2485
2485
2490
2492
2496
2497
2500
2500
2504
2505
2505
2505
2506
2506
2508
2510
2512
2513
2519
2525
2525
2527
2528
2529
2530
2532
2540
2544
2546
2548
2551
2556
2557
2559
2567
2569
2574
2586
2587
2591
2591
2593
2595
2597
2599
2603
2603
2608
2613
2622
2624
2626
2626
2628
2633
2636
2637
2641
2641
2643
2644
2645
2645
2646
2646
2649
2650
2651
2652
2653
2654
2672
2676
2682
2683
2683
2684
2689
2699
2700
2701
2708
2711
2711
2712
2713
2715
2715
2720
2720
2721
2721
2722
2722
2722
2722
2725
2725
2725
2726
2727
2729
2730
2734
2742
2743
2746
2750
2752
2754
2754
2756
2760
2761
2770
2770
2773
2774
2781
2781
2788
2791
2798
2800
2801
2806
2811
2811
2814
2817
2818
2819
2822
2822
2824
2825
2825
2826
2827
2830
2830
2831
2833
2838
2839
2841
2846
2848
2850
2859
2862
2862
2863
2864
2865
2866
2866
2866
2867
2868
2876
2889
2892
2893
2900
2904
2905
2906
2906
2907
2908
2909
2909
2910
2911
2922
2923
2923
2924
2926
2933
2935
2936
2940
2940
2943
2944
2947
2950
2950
2953
2956
2959
2961
2961
2965
2968
2971
2979
2985
2990
2992
2995
2996
3002
3007
3007
3008
3011
3012
3023
3024
3025
3026
3027
3030
3031
3033
3034
3042
3043
3044
3045
3048
3050
3053
3053
3053
3054
3056
3061
3062
3063
3064
3064
3065
3075
3077
3081
3083
3083
3083
3084
3084
3086
3088
3089
3089
3092
3100
3101
3109
3111
3114
3115
3116
3123
3126
3137
3137
3142
3142
3144
3146
3146
3149
3150
3152
3155
3156
3156
3157
3159
3164
3166
3168
3169
3170
3174
3175
3175
3175
3180
3182
3184
3188
3195
3197
3198
3200
3204
3205
3206
3206
3207
3210
3214
3214
3215
3216
3218
3221
3231
3233
3233
3234
3235
3238
3240
3240
3240
3242
3242
3248
3250
3251
3252
3252
3252
3253
3256
3260
3260
3266
3269
3269
3269
3273
3274
3275
3276
3281
3282
3282
3284
3285
3286
3287
3291
3297
3297
3302
3303
3305
3314
3314
3318
3318
3319
3320
3322
3324
3324
3335
3336
3342
3345
3346
3347
3349
3349
3350
3353
3354
3356
3360
3366
3372
3373
3375
3376
3377
3377
3386
3386
3386
3392
3394
3396
3407
3411
3419
3419
3420
3421
3421
3421
3426
3426
3429
3432
3432
3435
3439
3440
3440
3442
3442
3446
3449
3449
3450
3454
3459
3459
3460
3465
3467
3469
3472
3474
3474
3486
3486
3487
3487
3489
3491
3493
3494
3495
3496
3498
3502
3503
3504
3504
3507
3507
3508
3508
3508
3511
3511
3513
3515
3517
3519
3520
3521
3530
3535
3535
3539
3539
3540
3547
3550
3553
3553
3553
3558
3559
3562
3563
3568
3569
3569
3571
3577
3579
3581
3587
3587
3593
3594
3598
3599
3600
3601
3603
3604
3604
3606
3609
3611
3620
3622
3624
3625
3628
3628
3629
3630
3637
3637
3644
3645
3648
3650
3651
3652
3655
3657
3665
3673
3674
3677
3678
3679
3684
3685
3686
3687
3688
3689
3690
3695
3695
3695
3695
3695
3698
3700
3702
3704
3707
3708
3711
3713
3718
3721
3724
3728
3729
3737
3739
3740
3741
3746
3749
3754
3758
3766
3766
3766
3767
3767
3771
3772
3773
3778
3779
3783
3783
3784
3784
3788
3789
3796
3799
3806
3807
3808
3808
3811
3812
3815
3816
3817
3821
3823
3823
3824
3824
3826
3827
3830
3841
3843
3849
3849
3850
3855
3857
3859
3859
3859
3866
3867
3868
3869
3870
3870
3871
3871
3872
3876
3878
3891
3894
3896
3900
3904
3906
3909
3918
3922
3924
3927
3932
3932
3940
3940
3940
3941
3942
3943
3948
3950
3951
3954
3955
3955
3960
3964
3964
3971
3972
3973
3975
3976
3977
3977
3978
3980
3982
3987
3988
3990
3990
3992
3992
3994
3995
3995
3995
3996
4000
4001
4001
4004
4004
4005
4009
4012
4014
4017
4019
4021
4022
4024
4025
4026
4027
4030
4030
4031
4034
4035
4041
4041
4044
4044
4046
4048
4049
4052
4052
4059
4061
4064
4069
4070
4073
4073
4074
4075
4079
4084
4086
4086
4088
4091
4091
4092
4095
4098
4103
4104
4106
4115
4115
4117
4118
4118
4120
4126
4127
4130
4131
4132
4132
4137
4137
4141
4143
4144
4148
4150
4150
4153
4155
4155
4158
4158
4161
4164
4165
4166
4170
4173
4174
4178
4179
4182
4182
4183
4184
4184
4185
4185
4189
4193
4195
4195
4198
4200
4201
4202
4202
4207
4207
4209
4210
4213
4215
4219
4222
4223
4227
4227
4230
4231
4233
4234
4240
4241
4242
4243
4252
4255
4258
4258
4260
4262
4263
4264
4264
4270
4272
4273
4275
4277
4284
4287
4290
4291
4294
4295
4296
4302
4302
4305
4306
4311
4313
4313
4313
4314
4317
4318
4318
4328
4330
4331
4331
4339
4340
4355
4359
4361
4365
4368
4368
4369
4370
4371
4372
4375
4375
4377
4378
4383
4384
4384
4388
4389
4389
4398
4399
4400
4401
4401
4404
4406
4406
4409
4414
4414
4418
4420
4427
4427
4430
4433
4433
4435
4438
4443
4443
4444
4445
4449
4451
4451
4456
4462
4466
4467
4470
4471
4476
4476
4480
4484
4485
4485
4486
4489
4490
4492
4492
4495
4502
4505
4506
4508
4511
4512
4517
4518
4523
4524
4526
4526
4526
4527
4528
4528
4530
4535
4537
4537
4540
4540
4541
4542
4546
4548
4551
4557
4558
4560
4561
4565
4567
4581
4585
4586
4589
4591
4594
4598
4600
4602
4606
4608
4612
4613
4618
4618
4621
4622
4622
4625
4627
4627
4630
4631
4631
4632
4634
4639
4641
4644
4644
4646
4649
4651
4652
4653
4653
4656
4656
4660
4661
4664
4668
4672
4672
4675
4676
4677
4677
4683
4683
4685
4686
4686
4688
4690
4692
4692
4696
4698
4702
4703
4704
4706
4708
4708
4709
4711
4712
4714
4719
4724
4730
4730
4731
4734
4737
4737
4740
4741
4745
4749
4750
4759
4765
4767
4768
4770
4772
4778
4778
4781
4785
4791
4794
4798
4799
4803
4803
4806
4816
4816
4817
4817
4820
4825
4825
4827
4827
4830
4832
4833
4837
4839
4841
4843
4847
4850
4853
4856
4859
4860
4861
4864
4867
4870
4872
4875
4878
4879
4881
4883
4884
4885
4887
4889
4890
4890
4891
4894
4894
4894
4895
4896
4898
4901
4906
4909
4910
4917
4920
4922
4923
4925
4928
4928
4930
4931
4935
4937
4938
4944
4946
4949
4952
4958
4958
4961
4961
4963
4966
4968
4972
4973
4974
4975
4980
4981
4983
4985
4986
4990
4996
4999
5000
5007
5008
5012
5016
5017
5018
5018
5020
5020
5021
5024
5026
5028
5029
5030
5034
5036
5038
5041
5042
5042
5043
5047
5051
5059
5061
5061
5062
5067
5069
5069
5072
5072
5073
5073
5079
5083
5083
5083
5084
5084
5089
5093
5098
5104
5104
5110
5111
5111
5113
5114
5114
5115
5116
5120
5122
5124
5124
5126
5127
5129
5134
5138
5140
5141
5143
5148
5148
5148
5149
5150
5150
5154
5156
5156
5158
5159
5159
5163
5163
5165
5167
5169
5171
5175
5180
5187
5194
5194
5194
5194
5196
5199
5200
5202
5206
5207
5214
5216
5216
5216
5218
5223
5228
5230
5231
5233
5238
5241
5242
5242
5246
5246
5247
5247
5249
5252
5255
5258
5265
5266
5267
5275
5276
5276
5280
5281
5283
5285
5288
5293
5294
5298
5298
5300
5300
5308
5311
5313
5314
5315
5316
5316
5321
5322
5324
5329
5331
5336
5339
5341
5344
5345
5347
5354
5356
5357
5359
5359
5363
5371
5372
5373
5383
5383
5385
5386
5386
5388
5389
5396
5396
5398
5400
5415
5415
5417
5418
5419
5421
5421
5428
5428
5429
5429
5431
5431
5432
5444
5444
5444
5445
5447
5449
5449
5450
5452
5455
5457
5465
5467
5472
5480
5482
5482
5483
5485
5485
5486
5487
5487
5491
5496
5496
5498
5500
5501
5505
5511
5512
5512
5514
5515
5523
5525
5526
5533
5536
5537
5541
5545
5545
5549
5550
5551
5551
5552
5554
5554
5561
5562
5564
5564
5568
5569
5569
5572
5573
5574
5576
5582
5583
5584
5585
5592
5594
5594
5594
5596
5601
5603
5604
5605
5613
5614
5616
5620
5620
5623
5623
5637
5638
5643
5643
5647
5647
5652
5653
5653
5654
5655
5658
5661
5661
5662
5663
5667
5668
5668
5675
5680
5684
5684
5686
5697
5697
5698
5698
5701
5717
5718
5720
5721
5727
5729
5737
5738
5740
5744
5744
5745
5747
5747
5752
5752
5753
5767
5769
5770
5773
5774
5776
5777
5782
5783
5786
5786
5789
5789
5792
5798
5799
5799
5802
5803
5804
5807
5809
5810
5811
5816
5818
5819
5823
5828
5829
5836
5838
5839
5840
5845
5845
5846
5847
5849
5849
5851
5851
5853
5853
5853
5854
5856
5856
5859
5860
5863
5866
5868
5868
5873
5874
5876
5879
5879
5879
5885
5886
5887
5893
5894
5897
5900
5900
5903
5904
5904
5906
5907
5908
5908
5909
5910
5911
5913
5916
5918
5922
5922
5923
5924
5927
5927
5929
5931
5931
5933
5935
5939
5940
5941
5943
5947
5948
5951
5952
5954
5955
5957
5958
5958
5958
5959
5959
5962
5965
5969
5971
5972
5975
5977
5977
5979
5979
5981
5985
5990
5991
5993
5994
5994
6004
6006
6009
6011
6013
6018
6025
6028
6028
6031
6031
6031
6040
6041
6043
6044
6050
6052
6054
6055
6056
6058
6059
6066
6067
6076
6077
6078
6079
6079
6084
6087
6094
6095
6097
6100
6100
6106
6107
6114
6121
6124
6126
6126
6128
6128
6131
6132
6133
6136
6140
6141
6141
6142
6148
6153
6153
6153
6162
6163
6163
6164
6165
6166
6166
6172
6172
6175
6175
6176
6176
6178
6179
6179
6179
6183
6185
6189
6189
6190
6194
6201
6201
6201
6202
6206
6208
6209
6222
6225
6230
6230
6232
6233
6234
6236
6239
6242
6245
6245
6248
6249
6262
6264
6265
6265
6281
6281
6282
6283
6283
6284
6287
6291
6291
6297
6297
6299
6304
6304
6306
6308
6310
6310
6314
6314
6315
6318
6319
6319
6320
6323
6326
6326
6326
6326
6327
6328
6329
6330
6332
6333
6338
6339
6344
6346
6347
6347
6354
6358
6358
6358
6360
6362
6366
6376
6376
6378
6378
6378
6379
6382
6386
6389
6392
6396
6402
6404
6405
6406
6416
6417
6418
6422
6422
6423
6429
6429
6431
6434
6440
6445
6452
6453
6455
6456
6456
6459
6459
6460
6460
6461
6462
6467
6471
6471
6473
6474
6474
6477
6480
6484
6484
6485
6485
6489
6490
6493
6493
6494
6495
6498
6501
6502
6503
6503
6504
6505
6507
6507
6509
6511
6511
6511
6511
6512
6512
6513
6514
6514
6519
6520
6522
6524
6525
6527
6527
6528
6529
6533
6535
6536
6536
6537
6544
6545
6547
6547
6548
6555
6564
6573
6574
6575
6581
6582
6583
6583
6589
6591
6597
6598
6602
6606
6608
6614
6614
6615
6618
6625
6625
6625
6626
6636
6637
6639
6648
6649
6650
6652
6655
6657
6657
6660
6667
6667
6669
6670
6671
6672
6679
6681
6683
6686
6687
6689
6691
6695
6697
6697
6697
6698
6699
6701
6704
6706
6707
6708
6708
6713
6714
6716
6716
6719
6720
6722
6723
6725
6728
6729
6732
6736
6738
6739
6741
6743
6748
6749
6756
6757
6760
6761
6763
6765
6765
6766
6768
6769
6772
6775
6775
6776
6776
6779
6780
6781
6781
6782
6782
6783
6786
6787
6787
6791
6797
6799
6799
6800
6801
6801
6804
6805
6808
6810
6810
6812
6814
6815
6817
6822
6826
6827
6828
6828
6829
6830
6831
6839
6842
6845
6845
6845
6845
6846
6851
6853
6854
6858
6861
6863
6866
6870
6871
6879
6883
6891
6891
6895
6895
6897
6903
6904
6905
6906
6907
6907
6911
6912
6914
6917
6917
6919
6921
6922
6924
6927
6934
6935
6936
6940
6941
6943
6945
6945
6945
6952
6959
6960
6962
6968
6968
6968
6970
6972
6975
6976
6984
6984
6991
6992
6994
6995
6995
7000
7004
7006
7007
7008
7010
7012
7012
7015
7016
7017
7017
7018
7018
7018
7021
7021
7027
7029
7029
7032
7036
7038
7040
7047
7051
7055
7056
7058
7061
7061
7061
7062
7066
7071
7071
7071
7073
7074
7076
7079
7079
7085
7089
7091
7091
7097
7098
7100
7102
7105
7109
7111
7114
7119
7120
7122
7125
7125
7125
7127
7130
7142
7143
7143
7147
7164
7166
7167
7168
7169
7173
7175
7178
7178
7179
7187
7189
7189
7195
7197
7200
7200
7200
7205
7210
7211
7211
7213
7215
7218
7220
7223
7227
7228
7229
7235
7239
7243
7243
7249
7253
7258
7260
7262
7269
7269
7269
7269
7277
7280
7286
7290
7304
7304
7305
7312
7318
7320
7322
7324
7329
7331
7332
7335
7336
7336
7342
7343
7344
7345
7348
7349
7350
7355
7360
7365
7365
7375
7378
7380
7381
7389
7390
7394
7395
7396
7398
7401
7403
7405
7407
7408
7410
7413
7422
7423
7424
7425
7428
7429
7432
7434
7437
7438
7439
7442
7442
7443
7445
7453
7453
7456
7456
7459
7462
7464
7470
7472
7473
7477
7482
7485
7486
7486
7489
7492
7492
7493
7499
7500
7505
7507
7510
7511
7511
7513
7518
7520
7522
7524
7526
7527
7531
7532
7533
7534
7536
7537
7538
7547
7547
7552
7554
7554
7556
7558
7562
7562
7565
7572
7580
7583
7584
7600
7606
7606
7608
7610
7614
7616
7617
7619
7622
7633
7635
7637
7637
7639
7640
7643
7644
7650
7659
7667
7670
7670
7670
7672
7682
7683
7689
7690
7691
7696
7696
7697
7701
7705
7706
7706
7712
7713
7716
7716
7716
7717
7719
7721
7721
7724
7724
7725
7726
7727
7727
7728
7730
7731
7736
7739
7747
7748
7750
7750
7756
7759
7759
7760
7763
7763
7764
7768
7780
7787
7788
7789
7798
7804
7805
7809
7811
7811
7812
7814
7818
7818
7820
7822
7824
7826
7832
7837
7846
7849
7851
7852
7856
7859
7861
7862
7864
7864
7865
7870
7876
7878
7878
7882
7890
7891
7891
7901
7902
7902
7906
7906
7908
7910
7914
7915
7915
7918
7920
7920
7924
7926
7929
7931
7933
7934
7937
7941
7943
7946
7947
7948
7949
7952
7952
7953
7954
7954
7956
7958
7964
7966
7971
7971
7978
7980
7986
7988
7988
7990
7993
7996
8001
8002
8004
8010
8011
8012
8013
8016
8017
8017
8017
8018
8021
8022
8026
8028
8029
8030
8031
8032
8032
8032
8032
8033
8034
8034
8035
8036
8041
8043
8046
8047
8047
8048
8050
8056
8058
8059
8060
8060
8061
8062
8062
8066
8069
8070
8071
8075
8081
8084
8090
8093
8094
8096
8098
8102
8103
8104
8108
8109
8116
8116
8118
8120
8122
8123
8126
8127
8129
8132
8134
8139
8143
8144
8145
8154
8156
8156
8157
8163
8163
8164
8165
8166
8168
8168
8176
8178
8180
8181
8182
8182
8183
8185
8185
8188
8188
8195
8195
8196
8197
8200
8203
8203
8204
8204
8209
8219
8225
8228
8232
8234
8237
8238
8238
8238
8242
8244
8245
8245
8246
8249
8254
8256
8256
8258
8260
8260
8261
8266
8270
8272
8273
8278
8282
8289
8290
8290
8294
8295
8295
8296
8296
8301
8304
8304
8305
8305
8306
8309
8309
8312
8313
8314
8314
8315
8318
8319
8324
8324
8332
8333
8336
8337
8340
8342
8342
8343
8344
8345
8346
8352
8355
8355
8356
8360
8362
8364
8368
8374
8374
8375
8380
8381
8383
8386
8387
8389
8391
8394
8402
8403
8405
8410
8410
8411
8413
8419
8420
8421
8434
8436
8439
8442
8443
8444
8444
8445
8446
8447
8447
8449
8450
8452
8458
8459
8466
8466
8467
8471
8475
8476
8477
8478
8480
8480
8484
8484
8490
8493
8493
8496
8502
8503
8504
8507
8508
8508
8509
8510
8511
8511
8515
8516
8518
8520
8520
8522
8525
8525
8529
8529
8530
8531
8537
8540
8540
8542
8543
8553
8553
8555
8559
8565
8567
8574
8578
8583
8589
8589
8589
8589
8593
8594
8600
8602
8604
8606
8607
8607
8608
8610
8614
8614
8615
8621
8621
8623
8623
8625
8631
8632
8634
8636
8638
8640
8645
8645
8647
8651
8654
8657
8661
8668
8669
8675
8679
8680
8681
8682
8683
8689
8689
8691
8691
8693
8693
8694
8701
8705
8706
8713
8713
8715
8724
8735
8736
8738
8739
8740
8741
8743
8743
8746
8748
8750
8752
8753
8763
8765
8767
8771
8775
8779
8781
8784
8785
8788
8791
8792
8793
8794
8795
8796
8799
8800
8802
8804
8809
8810
8810
8815
8819
8820
8821
8823
8826
8827
8830
8832
8832
8833
8833
8836
8836
8837
8841
8844
8845
8848
8852
8853
8854
8854
8856
8861
8861
8861
8861
8865
8871
8872
8876
8878
8878
8881
8885
8891
8892
8892
8893
8896
8898
8907
8910
8914
8914
8916
8917
8920
8920
8923
8926
8928
8939
8946
8949
8951
8964
8967
8968
8972
8973
8975
8978
8981
8988
8994
8997
8999
8999
9011
9016
9018
9021
9021
9021
9024
9025
9028
9030
9033
9041
9042
9043
9049
9049
9052
9052
9055
9078
9087
9091
9094
9097
9099
9100
9105
9106
9111
9116
9123
9128
9129
9129
9131
9135
9139
9142
9143
9144
9147
9147
9147
9151
9152
9154
9154
9155
9160
9162
9162
9164
9164
9168
9169
9169
9170
9181
9183
9187
9189
9194
9195
9197
9200
9200
9202
9203
9204
9204
9206
9209
9209
9213
9219
9228
9229
9234
9237
9237
9240
9242
9243
9244
9253
9254
9255
9257
9267
9274
9277
9280
9281
9285
9286
9287
9289
9293
9293
9299
9299
9300
9302
9302
9304
9305
9305
9312
9314
9314
9318
9320
9321
9323
9326
9328
9330
9333
9340
9340
9344
9345
9348
9356
9356
9359
9360
9364
9367
9370
9371
9375
9378
9379
9379
9380
9383
9385
9388
9392
9394
9401
9420
9422
9424
9432
9432
9432
9432
9434
9439
9443
9447
9454
9456
9458
9458
9462
9463
9464
9465
9466
9470
9472
9474
9476
9478
9481
9482
9482
9488
9495
9496
9498
9501
9507
9508
9509
9518
9519
9519
9520
9521
9525
9527
9532
9539
9542
9544
9549
9551
9552
9555
9560
9562
9562
9564
9567
9568
9571
9571
9572
9572
9577
9578
9578
9581
9587
9590
9590
9591
9594
9595
9595
9595
9598
9600
9600
9603
9604
9606
9607
9607
9608
9609
9610
9611
9611
9617
9619
9621
9622
9627
9627
9633
9635
9637
9642
9644
9644
9645
9645
9649
9650
9650
9653
9657
9661
9666
9667
9671
9672
9679
9679
9680
9685
9685
9687
9687
9689
9692
9693
9695
9696
9697
9704
9707
9708
9711
9712
9718
9718
9720
9720
9723
9727
9730
9731
9733
9736
9737
9737
9742
9745
9747
9747
9750
9752
9754
9757
9765
9769
9770
9771
9772
9773
9774
9777
9780
9781
9788
9790
9791
9792
9792
9797
9800
9800
9802
9810
9815
9821
9822
9823
9823
9828
9828
9831
9831
9832
9836
9842
9844
9845
9845
9845
9846
9846
9847
9850
9851
9851
9852
9853
9856
9863
9865
9865
9866
9866
9868
9868
9870
9872
9876
9877
9878
9879
9881
9885
9889
9890
9891
9892
9893
9895
9897
9898
9898
9903
9903
9903
9905
9905
9908
9910
9913
9914
9916
9919
9928
9933
9937
9938
9939
9944
9946
9947
9950
9951
9951
9953
9955
9956
9961
9964
9965
9970
9973
9973
9977
9980
9981
9986
9986
9987
9987
9993
9998
10000
10000
10004
10006
10008
10009
10009
10014
10014
10017
10017
10025
10026
10036
10038
10045
10045
10047
10047
10048
10052
10057
10064
10064
10068
10071
10072
10074
10076
10078
10081
10086
10088
10088
10090
10094
10097
10100
10104
10107
10107
10110
10113
10117
10117
10120
10120
10123
10123
10123
10126
10127
10127
10130
10132
10136
10140
10140
10142
10146
10153
10156
10158
10168
10172
10175
10176
10177
10178
10181
10185
10186
10187
10187
10188
10191
10193
10199
10201
10201
10204
10205
10207
10208
10213
10215
10218
10220
10221
10223
10225
10227
10228
10235
10244
10245
10250
10251
10252
10255
10255
10260
10260
10260
10261
10263
10263
10263
10264
10264
10265
10267
10271
10272
10275
10275
10276
10278
10282
10283
10286
10287
10293
10298
10299
10301
10303
10303
10304
10306
10306
10309
10313
10314
10314
10315
10319
10321
10325
10332
10334
10335
10336
10337
10337
10337
10337
10341
10343
10344
10345
10346
10348
10350
10350
10350
10354
10355
10356
10358
10359
10362
10366
10371
10372
10372
10374
10376
10378
10379
10380
10381
10383
10384
10392
10392
10394
10398
10401
10402
10408
10417
10422
10423
10423
10433
10433
10440
10440
10441
10442
10444
10446
10448
10449
10450
10451
10454
10466
10467
10471
10471
10475
10476
10477
10479
10480
10482
10483
10488
10488
10488
10489
10493
10493
10498
10498
10498
10501
10505
10506
10511
10514
10514
10515
10520
10522
10522
10525
10528
10531
10532
10542
10544
10545
10549
10550
10551
10555
10555
10556
10560
10563
10567
10569
10571
10572
10574
10577
10577
10578
10579
10579
10580
10584
10585
10586
10588
10592
10597
10603
10603
10603
10603
10606
10606
10610
10614
10618
10619
10620
10622
10632
10632
10633
10634
10640
10643
10643
10647
10647
10650
10651
10657
10657
10658
10664
10672
10674
10675
10676
10677
10679
10681
10686
10688
10690
10690
10696
10697
10699
10701
10703
10708
10709
10711
10713
10715
10718
10720
10722
10724
10724
10724
10726
10739
10743
10743
10748
10751
10757
10764
10769
10770
10771
10774
10775
10776
10778
10783
10787
10788
10789
10789
10793
10796
10797
10805
10805
10808
10810
10810
10813
10815
10822
10823
10827
10830
10830
10830
10831
10833
10838
10844
10845
10852
10853
10857
10868
10869
10870
10871
10881
10882
10883
10885
10885
10889
10889
10889
10890
10892
10895
10900
10900
10902
10908
10909
10912
10918
10922
10925
10926
10926
10929
10929
10933
10934
10935
10941
10946
10947
10949
10950
10951
10951
10953
10954
10958
10961
10962
10962
10965
10969
10969
10976
10977
10980
10982
10982
10984
10988
10989
10990
10991
10991
10998
11004
11009
11009
11009
11011
11012
11016
11016
11019
11020
11021
11021
11022
11024
11025
11032
11033
11033
11036
11037
11038
11045
11045
11046
11048
11048
11049
11050
11064
11067
11069
11070
11072
11072
11073
11074
11074
11079
11080
11080
11081
11087
11090
11095
11097
11098
11100
11101
11102
11104
11106
11107
11107
11109
11110
11110
11113
11118
11119
11120
11130
11132
11135
11144
11144
11146
11147
11150
11154
11156
11164
11168
11169
11173
11175
11178
11181
11183
11186
11201
11206
11207
11212
11213
11215
11220
11221
11221
11226
11226
11230
11232
11233
11233
11239
11249
11255
11255
11256
11260
11263
11266
11268
11272
11277
11280
11286
11289
11289
11291
11291
11294
11304
11306
11307
11307
11308
11311
11312
11316
11320
11323
11330
11332
11333
11334
11335
11337
11337
11337
11340
11343
11344
11345
11345
11346
11347
11348
11348
11349
11352
11352
11355
11359
11359
11363
11368
11368
11375
11380
11385
11391
11392
11394
11394
11395
11395
11396
11401
11403
11409
11410
11413
11414
11414
11415
11418
11424
11426
11429
11430
11430
11440
11444
11446
11446
11451
11454
11455
11456
11457
11460
11463
11464
11467
11472
11472
11473
11478
11479
11479
11481
11484
11486
11487
11492
11501
11506
11509
11511
11511
11519
11521
11523
11525
11526
11526
11530
11531
11536
11538
11541
11542
11543
11551
11555
11564
11568
11569
11577
11578
11580
11581
11585
11595
11595
11597
11601
11601
11602
11607
11609
11609
11610
11610
11610
11612
11615
11615
11620
11621
11621
11627
11627
11637
11637
11637
11637
11639
11641
11642
11649
11657
11658
11660
11660
11661
11667
11673
11679
11682
11685
11685
11698
11703
11706
11708
11708
11709
11716
11719
11723
11723
11723
11724
11730
11731
11731
11734
11736
11736
11738
11739
11740
11742
11743
11743
11744
11745
11746
11748
11750
11751
11753
11758
11761
11768
11770
11773
11775
11778
11780
11781
11782
11783
11783
11784
11784
11786
11787
11789
11796
11797
11799
11801
11801
11802
11803
11807
11808
11810
11813
11813
11822
11823
11823
11824
11825
11828
11836
11837
11840
11840
11843
11843
11845
11847
11849
11852
11852
11859
11860
11865
11868
11868
11870
11870
11874
11875
11875
11876
11878
11881
11882
11883
11883
11890
11890
11894
11897
11900
11900
11909
11913
11916
11918
11920
11921
11926
11927
11928
11933
11936
11938
11940
11940
11941
11944
11946
11947
11948
11950
11950
11951
11951
11952
11955
11956
11958
11959
11959
11961
11962
11963
11966
11968
11969
11973
11976
11978
11980
11980
11983
11984
11984
11984
11984
11985
11990
11991
11993
11996
12002
12004
12006
12006
12009
12014
12016
12018
12020
12026
12028
12028
12029
12031
12034
12035
12035
12037
12039
12042
12042
12043
12044
12049
12050
12050
12057
12061
12062
12064
12067
12067
12068
12070
12070
12071
12075
12077
12079
12079
12088
12088
12093
12094
12098
12100
12103
12105
12105
12108
12108
12129
12131
12131
12133
12138
12139
12139
12147
12150
12151
12153
12155
12156
12157
12159
12161
12162
12165
12173
12177
12180
12181
12182
12183
12184
12184
12186
12196
12197
12201
12202
12203
12205
12211
12218
12224
12224
12226
12233
12234
12236
12236
12241
12244
12244
12245
12247
12248
12250
12250
12256
12257
12261
12262
12262
12263
12263
12266
12267
12267
12271
12274
12276
12281
12283
12285
12291
12293
12296
12299
12300
12301
12302
12308
12314
12320
12320
12320
12322
12323
12325
12326
12328
12331
12332
12337
12339
12340
12341
12348
12350
12352
12353
12356
12359
12361
12365
12367
12368
12370
12371
12375
12377
12380
12381
12381
12382
12385
12396
12401
12402
12403
12413
12414
12420
12430
12431
12433
12434
12434
12442
12443
12444
12450
12453
12457
12459
12463
12463
12463
12463
12467
12469
12473
12473
12474
12476
12476
12477
12478
12481
12482
12484
12486
12488
12489
12489
12490
12492
12493
12502
12502
12506
12511
12511
12513
12519
12523
12523
12524
12527
12532
12533
12536
12536
12543
12546
12548
12551
12558
12558
12559
12559
12561
12561
12564
12565
12568
12574
12575
12578
12583
12586
12593
12596
12596
12600
12600
12604
12607
12609
12609
12618
12619
12621
12631
12633
12636
12636
12637
12645
12649
12651
12652
12655
12658
12661
12669
12672
12675
12676
12678
12680
12682
12684
12693
12694
12701
12701
12702
12703
12706
12709
12710
12712
12713
12717
12718
12721
12725
12726
12726
12726
12727
12728
12731
12733
12733
12734
12738
12738
12740
12741
12743
12748
12754
12754
12755
12755
12756
12757
12759
12762
12763
12766
12766
12766
12769
12772
12780
12782
12789
12792
12796
12799
12801
12804
12805
12807
12809
12815
12816
12820
12821
12825
12826
12826
12828
12831
12832
12832
12841
12843
12844
12850
12851
12852
12857
12861
12862
12864
12869
12872
12876
12878
12880
12882
12886
12887
12890
12897
12900
12901
12905
12905
12906
12906
12907
12908
12910
12916
12917
12922
12927
12939
12939
12941
12942
12943
12949
12951
12951
12952
12955
12959
12966
12967
12975
12978
12985
12988
12991
12993
12998
13001
13009
13016
13017
13022
13022
13024
13024
13028
13028
13028
13031
13032
13034
13035
13035
13040
13046
13052
13053
13054
13054
13054
13057
13058
13058
13059
13059
13063
13065
13066
13069
13072
13075
13075
13076
13081
13084
13086
13088
13090
13091
13096
13104
13105
13107
13117
13119
13120
13121
13121
13121
13122
13123
13124
13124
13125
13125
13130
13139
13140
13142
13151
13152
13154
13155
13156
13161
13164
13165
13166
13166
13166
13167
13169
13174
13175
13181
13182
13184
13186
13196
13199
13201
13201
13207
13207
13214
13214
13215
13217
13219
13221
13221
13221
13222
13227
13230
13231
13233
13234
13239
13239
13239
13243
13244
13248
13249
13252
13253
13254
13254
13256
13261
13262
13263
13263
13264
13264
13264
13264
13267
13270
13272
13273
13275
13278
13280
13284
13285
13288
13298
13300
13300
13300
13301
13303
13309
13316
13317
13317
13318
13319
13320
13328
13330
13337
13337
13338
13338
13338
13339
13352
13355
13357
13360
13364
13372
13378
13379
13383
13384
13387
13388
13388
13391
13393
13393
13394
13395
13398
13403
13406
13407
13408
13408
13409
13410
13410
13412
13413
13414
13415
13418
13418
13419
13421
13421
13426
13426
13429
13429
13429
13436
13438
13440
13443
13448
13448
13450
13453
13453
13454
13455
13456
13456
13457
13457
13458
13460
13460
13469
13471
13472
13476
13478
13488
13488
13492
13494
13494
13496
13500
13507
13517
13518
13518
13520
13521
13530
13531
13535
13535
13543
13549
13550
13550
13550
13551
13554
13558
13559
13561
13566
13568
13568
13568
13570
13573
13575
13579
13600
13600
13600
13604
13604
13607
13611
13619
13621
13623
13624
13633
13633
13638
13642
13644
13644
13647
13648
13649
13649
13651
13651
13656
13661
13661
13662
13666
13666
13667
13668
13669
13676
13676
13684
13684
13686
13688
13689
13691
13692
13694
13695
13698
13704
13711
13712
13713
13716
13722
13725
13726
13727
13728
13730
13732
13739
13741
13744
13745
13751
13752
13755
13757
13757
13758
13759
13762
13763
13766
13770
13772
13773
13774
13774
13783
13783
13784
13785
13787
13788
13791
13792
13794
13795
13797
13801
13802
13803
13804
13806
13807
13809
13813
13817
13818
13818
13820
13821
13823
13824
13827
13831
13831
13838
13844
13846
13850
13852
13854
13856
13863
13864
13867
13867
13869
13872
13876
13877
13878
13878
13882
13888
13891
13893
13899
13899
13900
13902
13903
13903
13906
13907
13911
13911
13912
13916
13919
13927
13928
13930
13931
13933
13933
13937
13938
13938
13939
13945
13946
13948
13949
13951
13953
13959
13963
13968
13969
13970
13973
13974
13979
13983
13984
13985
13986
13988
13990
13990
13993
13995
13996
13996
13997
13999
14000
14003
14012
14014
14014
14018
14020
14020
14021
14022
14023
14028
14031
14033
14036
14043
14044
14051
14051
14058
14062
14063
14064
14065
14071
14072
14076
14076
14083
14084
14084
14086
14097
14098
14098
14099
14101
14103
14104
14104
14112
14116
14117
14118
14119
14123
14127
14129
14131
14132
14133
14134
14138
14140
14141
14147
14151
14154
14155
14155
14158
14161
14162
14166
14166
14172
14172
14174
14178
14179
14181
14182
14183
14187
14188
14189
14190
14190
14190
14191
14192
14195
14196
14198
14201
14202
14203
14203
14205
14213
14216
14218
14223
14225
14228
14233
14233
14237
14245
14247
14247
14258
14259
14261
14262
14263
14264
14267
14270
14270
14271
14278
14281
14282
14283
14286
14289
14292
14302
14309
14316
14318
14319
14324
14325
14326
14327
14330
14331
14332
14332
14334
14334
14343
14343
14348
14348
14348
14350
14350
14351
14353
14353
14355
14355
14359
14361
14361
14363
14365
14369
14371
14372
14373
14383
14390
14391
14396
14397
14401
14402
14408
14413
14415
14421
14422
14428
14429
14429
14430
14430
14434
14436
14436
14441
14442
14443
14443
14446
14447
14450
14450
14452
14453
14454
14460
14461
14464
14464
14465
14465
14467
14469
14469
14470
14470
14478
14479
14489
14490
14491
14492
14492
14494
14497
14498
14500
14500
14500
14504
14506
14507
14509
14511
14512
14512
14525
14525
14526
14526
14527
14531
14534
14535
14535
14538
14541
14543
14545
14546
14551
14552
14556
14556
14557
14559
14568
14568
14568
14568
14571
14573
14574
14578
14579
14579
14580
14581
14587
14591
14596
14598
14598
14599
14600
14600
14601
14602
14602
14616
14618
14619
14621
14622
14622
14626
14630
14631
14631
14631
14632
14635
14636
14638
14639
14643
14644
14647
14648
14648
14650
14650
14652
14659
14663
14664
14673
14676
14677
14677
14684
14691
14696
14699
14701
14704
14709
14715
14718
14718
14719
14720
14720
14722
14725
14732
14736
14738
14747
14747
14748
14751
14757
14758
14759
14762
14770
14773
14774
14774
14778
14782
14783
14787
14796
14797
14799
14803
14804
14804
14806
14807
14808
14812
14812
14813
14819
14829
14831
14832
14835
14836
14838
14841
14848
14850
14851
14855
14855
14857
14858
14869
14873
14875
14876
14877
14877
14880
14880
14883
14883
14884
14886
14887
14890
14893
14896
14899
14900
14901
14902
14905
14907
14910
14911
14911
14915
14915
14915
14916
14917
14918
14923
14927
14928
14928
14929
14938
14945
14952
14953
14957
14961
14962
14963
14969
14970
14972
14975
14980
14983
14985
14992
14995
14995
14997
15001
15003
15005
15009
15011
15017
15020
15021
15025
15025
15030
15031
15031
15032
15039
15039
15040
15043
15044
15046
15047
15051
15051
15052
15054
15055
15060
15068
15068
15069
15075
15077
15078
15079
15079
15083
15083
15086
15086
15090
15092
15096
15099
15099
15100
15103
15105
15106
15107
15108
15109
15112
15112
15114
15114
15115
15115
15118
15118
15118
15118
15122
15122
15126
15126
15130
15130
15133
15136
15138
15140
15142
15142
15143
15147
15149
15149
15150
15152
15158
15160
15162
15164
15164
15164
15165
15173
15173
15175
15177
15177
15178
15179
15182
15182
15183
15188
15193
15193
15194
15196
15197
15198
15207
15208
15214
15215
15215
15216
15217
15219
15219
15220
15223
15225
15226
15230
15233
15235
15235
15241
15251
15251
15253
15254
15255
15258
15259
15260
15263
15267
15268
15270
15271
15272
15278
15278
15279
15284
15284
15285
15287
15287
15291
15292
15297
15299
15304
15304
15312
15315
15317
15319
15325
15325
15327
15327
15331
15333
15334
15338
15339
15340
15343
15346
15347
15347
15348
15348
15351
15351
15354
15357
15357
15358
15360
15365
15368
15373
15377
15381
15387
15388
15389
15389
15390
15393
15402
15403
15405
15406
15410
15412
15413
15420
15426
15426
15430
15445
15445
15446
15452
15461
15461
15466
15468
15471
15472
15474
15477
15485
15489
15489
15499
15499
15501
15502
15506
15507
15509
15513
15516
15516
15517
15520
15520
15520
15522
15522
15526
15534
15536
15537
15538
15539
15540
15542
15548
15552
15553
15557
15557
15560
15560
15566
15570
15570
15570
15581
15584
15592
15596
15596
15598
15598
15599
15602
15603
15604
15608
15610
15612
15612
15614
15617
15618
15618
15623
15625
15625
15626
15627
15628
15634
15643
15648
15654
15657
15660
15661
15665
15666
15666
15667
15671
15672
15678
15681
15690
15695
15696
15700
15701
15703
15706
15708
15715
15717
15718
15722
15724
15726
15732
15733
15735
15736
15741
15747
15754
15760
15764
15765
15767
15769
15770
15772
15777
15782
15783
15791
15795
15796
15798
15798
15800
15802
15802
15803
15804
15807
15809
15811
15812
15812
15813
15820
15822
15825
15827
15828
15832
15833
15833
15834
15836
15837
15840
15841
15842
15843
15849
15852
15859
15860
15860
15866
15868
15871
15874
15879
15882
15887
15887
15888
15891
15893
15896
15897
15898
15902
15905
15908
15910
15911
15914
15914
15915
15922
15922
15928
15929
15932
15939
15940
15944
15944
15946
15948
15949
15959
15959
15962
15965
15967
15970
15971
15972
15973
15974
15978
15979
15983
15984
15985
15991
15991
15995
15996
15997
15998
16003
16004
16006
16009
16009
16010
16016
16016
16019
16020
16022
16029
16031
16038
16039
16040
16041
16051
16054
16055
16055
16057
16058
16065
16066
16067
16068
16070
16070
16074
16078
16079
16083
16084
16095
16096
16102
16106
16107
16107
16109
16114
16119
16121
16130
16141
16141
16142
16145
16147
16148
16148
16150
16150
16150
16150
16150
16151
16152
16160
16161
16162
16164
16166
16168
16168
16170
16171
16171
16172
16172
16173
16174
16175
16175
16176
16177
16177
16180
16180
16181
16182
16189
16191
16192
16195
16198
16200
16204
16206
16214
16216
16217
16217
16218
16219
16221
16224
16227
16231
16231
16236
16239
16240
16241
16242
16243
16248
16249
16250
16257
16260
16261
16263
16265
16272
16272
16272
16279
16281
16286
16287
16292
16294
16295
16298
16298
16300
16303
16304
16304
16305
16308
16312
16317
16329
16329
16331
16332
16332
16332
16335
16335
16337
16340
16348
16358
16365
16367
16369
16370
16371
16375
16378
16391
16393
16398
16399
16399
16400
16408
16414
16419
16419
16421
16423
16426
16427
16427
16431
16433
16437
16438
16439
16443
16444
16445
16445
16445
16447
16449
16452
16454
16456
16456
16458
16461
16464
16464
16467
16471
16473
16476
16479
16480
16481
16485
16489
16490
16494
16497
16503
16505
16507
16509
16513
16514
16518
16519
16521
16524
16528
16530
16533
16537
16540
16549
16554
16558
16561
16563
16564
16564
16566
16577
16578
16578
16581
16584
16586
16590
16591
16592
16593
16594
16597
16602
16611
16612
16613
16616
16617
16619
16619
16621
16621
16624
16633
16638
16642
16642
16644
16645
16651
16653
16658
16662
16663
16665
16666
16668
16668
16669
16671
16680
16682
16682
16686
16688
16690
16690
16699
16699
16710
16712
16715
16718
16724
16725
16741
16743
16744
16745
16746
16750
16752
16754
16755
16757
16760
16769
16770
16772
16773
16773
16775
16775
16778
16781
16781
16784
16792
16793
16801
16804
16805
16807
16807
16809
16810
16812
16813
16816
16816
16822
16839
16839
16840
16841
16842
16846
16850
16852
16852
16858
16860
16864
16866
16868
16869
16871
16873
16875
16880
16880
16882
16885
16891
16892
16893
16898
16900
16902
16904
16904
16918
16919
16919
16920
16924
16926
16931
16933
16936
16937
16938
16938
16943
16944
16946
16946
16949
16949
16959
16966
16966
16967
16969
16974
16975
16979
16981
16985
16985
16988
16991
16993
16995
16998
16999
16999
17000
17003
17004
17005
17006
17006
17014
17015
17018
17020
17025
17030
17034
17035
17037
17039
17048
17048
17052
17056
17064
17064
17069
17073
17082
17085
17085
17089
17098
17101
17103
17110
17111
17113
17116
17116
17118
17119
17120
17121
17122
17129
17130
17131
17132
17132
17133
17138
17139
17141
17143
17144
17150
17151
17159
17159
17161
17164
17165
17168
17170
17172
17172
17173
17174
17174
17176
17179
17179
17182
17187
17188
17188
17189
17193
17194
17198
17198
17198
17201
17204
17205
17209
17209
17213
17214
17216
17217
17218
17221
17222
17229
17230
17231
17238
17238
17239
17240
17243
17248
17250
17251
17252
17252
17256
17262
17266
17270
17276
17278
17280
17280
17283
17283
17285
17286
17286
17286
17287
17297
17301
17305
17312
17314
17315
17323
17326
17328
17331
17332
17342
17343
17344
17346
17347
17349
17352
17354
17354
17359
17359
17363
17365
17367
17367
17369
17372
17373
17375
17375
17379
17382
17387
17388
17388
17396
17407
17408
17409
17410
17413
17416
17417
17418
17420
17420
17423
17424
17425
17427
17427
17434
17434
17435
17437
17437
17446
17447
17447
17448
17449
17449
17455
17456
17457
17458
17459
17460
17463
17466
17467
17467
17471
17471
17475
17481
17486
17486
17488
17489
17490
17490
17490
17493
17497
17500
17500
17500
17503
17510
17511
17520
17521
17523
17526
17532
17535
17536
17538
17540
17540
17541
17545
17545
17550
17553
17554
17561
17562
17564
17565
17565
17565
17566
17570
17573
17582
17583
17584
17585
17591
17594
17594
17601
17601
17610
17610
17621
17623
17624
17625
17626
17626
17626
17627
17627
17627
17628
17629
17631
17632
17634
17642
17643
17645
17648
17648
17649
17652
17652
17654
17655
17655
17658
17658
17663
17667
17670
17673
17675
17679
17679
17685
17691
17693
17695
17700
17700
17707
17709
17710
17714
17717
17718
17726
17728
17731
17731
17736
17737
17737
17737
17741
17743
17745
17748
17748
17753
17756
17757
17762
17763
17767
17769
17774
17778
17781
17784
17790
17790
17798
17799
17802
17803
17804
17805
17805
17807
17812
17814
17815
17816
17818
17824
17830
17832
17836
17837
17837
17843
17845
17848
17850
17850
17855
17860
17862
17863
17863
17864
17865
17872
17878
17879
17887
17887
17891
17891
17893
17894
17896
17897
17900
17900
17904
17906
17907
17911
17911
17913
17913
17916
17918
17919
17920
17922
17935
17935
17938
17940
17940
17944
17951
17956
17964
17966
17967
17968
17976
17978
17979
17987
17988
17988
17989
17991
17996
18006
18010
18010
18010
18011
18015
18015
18016
18018
18019
18027
18030
18031
18037
18040
18042
18042
18042
18044
18050
18051
18051
18052
18057
18057
18063
18068
18069
18073
18075
18076
18079
18079
18080
18081
18081
18084
18095
18101
18101
18104
18109
18110
18116
18117
18120
18133
18138
18140
18140
18149
18151
18156
18160
18163
18166
18166
18166
18167
18178
18182
18184
18189
18190
18192
18195
18197
18198
18199
18201
18203
18203
18207
18209
18210
18211
18217
18224
18226
18226
18230
18232
18232
18233
18237
18239
18240
18241
18245
18250
18253
18254
18256
18262
18264
18268
18269
18271
18272
18273
18274
18274
18275
18276
18277
18278
18280
18283
18283
18285
18289
18296
18301
18304
18305
18308
18310
18311
18311
18311
18312
18312
18314
18314
18315
18315
18317
18319
18320
18322
18324
18324
18327
18327
18333
18334
18335
18335
18338
18341
18346
18346
18346
18350
18351
18359
18361
18362
18364
18367
18367
18374
18377
18377
18381
18383
18386
18388
18389
18389
18392
18397
18398
18398
18401
18404
18407
18408
18408
18410
18418
18419
18422
18424
18424
18426
18427
18427
18437
18438
18441
18443
18443
18451
18454
18456
18456
18458
18459
18465
18467
18468
18468
18470
18477
18478
18479
18486
18488
18496
18496
18497
18501
18509
18513
18513
18517
18518
18524
18524
18525
18533
18533
18535
18539
18539
18543
18543
18544
18544
18544
18547
18549
18551
18551
18553
18559
18560
18565
18566
18571
18574
18575
18575
18577
18577
18578
18579
18579
18579
18584
18588
18592
18592
18599
18605
18605
18606
18609
18609
18609
18610
18616
18621
18623
18625
18627
18634
18636
18637
18639
18646
18647
18650
18653
18655
18657
18659
18662
18664
18664
18665
18665
18665
18666
18669
18671
18673
18674
18675
18676
18676
18676
18683
18684
18686
18686
18696
18697
18697
18698
18701
18701
18703
18703
18704
18704
18707
18708
18711
18712
18714
18718
18720
18722
18725
18725
18727
18729
18730
18731
18731
18734
18743
18743
18743
18750
18752
18756
18761
18761
18769
18770
18772
18772
18781
18782
18784
18785
18787
18788
18793
18793
18795
18799
18804
18806
18810
18811
18812
18813
18817
18820
18825
18826
18827
18833
18833
18835
18836
18838
18842
18842
18844
18844
18845
18851
18851
18851
18859
18860
18860
18860
18863
18864
18864
18865
18865
18866
18868
18871
18872
18875
18887
18888
18890
18890
18890
18891
18891
18892
18895
18896
18902
18902
18907
18907
18910
18915
18916
18918
18922
18923
18926
18928
18937
18940
18942
18942
18946
18947
18948
18950
18953
18961
18962
18967
18967
18970
18979
18981
18985
18991
18992
18996
19003
19005
19007
19012
19012
19015
19017
19018
19018
19022
19023
19028
19029
19029
19032
19034
19039
19040
19042
19044
19046
19051
19051
19058
19064
19067
19070
19071
19072
19073
19074
19077
19088
19088
19089
19091
19092
19094
19095
19095
19095
19097
19098
19101
19102
19104
19111
19120
19122
19123
19123
19127
19128
19132
19136
19146
19150
19157
19157
19166
19169
19169
19171
19172
19173
19175
19179
19179
19182
19183
19184
19187
19188
19196
19198
19202
19203
19206
19207
19211
19212
19215
19220
19225
19226
19228
19231
19240
19243
19248
19250
19251
19252
19257
19262
19264
19273
19274
19276
19276
19279
19280
19281
19283
19284
19285
19286
19288
19291
19293
19294
19295
19295
19298
19301
19302
19306
19307
19309
19310
19311
19311
19312
19312
19313
19313
19314
19319
19328
19332
19342
19343
19344
19349
19351
19357
19360
19363
19367
19367
19367
19371
19376
19376
19378
19379
19379
19383
19384
19384
19386
19389
19389
19392
19400
19405
19406
19408
19411
19412
19412
19413
19414
19433
19433
19435
19442
19442
19442
19444
19448
19448
19450
19455
19457
19460
19461
19462
19463
19463
19469
19473
19473
19473
19476
19479
19481
19484
19487
19490
19493
19496
19500
19502
19502
19502
19508
19510
19512
19512
19514
19515
19518
19522
19523
19525
19526
19527
19527
19532
19536
19538
19544
19545
19545
19547
19551
19552
19556
19564
19567
19573
19575
19576
19579
19583
19585
19586
19586
19586
19588
19591
19593
19594
19600
19603
19605
19606
19613
19615
19617
19622
19623
19627
19630
19631
19639
19640
19645
19652
19657
19657
19661
19662
19663
19669
19670
19672
19673
19678
19679
19681
19681
19684
19685
19686
19688
19690
19694
19700
19702
19705
19713
19714
19719
19722
19722
19722
19724
19730
19731
19734
19734
19738
19742
19744
19751
19752
19752
19753
19753
19755
19755
19758
19759
19761
19761
19767
19777
19780
19783
19785
19785
19785
19786
19786
19787
19792
19792
19792
19794
19794
19795
19797
19800
19801
19808
19812
19812
19818
19819
19821
19823
19824
19828
19828
19832
19834
19842
19844
19844
19845
19850
19852
19853
19854
19857
19858
19858
19859
19861
19870
19870
19874
19878
19879
19883
19884
19885
19886
19887
19889
19890
19892
19894
19901
19901
19902
19906
19907
19907
19917
19918
19919
19921
19923
19929
19931
19933
19933
19934
19936
19937
19940
19946
19946
19947
19948
19949
19950
19953
19954
19954
19961
19963
19971
19980
19981
19986
19986
19987
19988
19990
19995
19998
19998
19998
19999
20000
20004
20007
20012
20017
20018
20019
20023
20028
20031
20034
20037
20041
20045
20049
20053
20065
20066
20067
20073
20074
20077
20081
20082
20085
20091
20096
20097
20100
20101
20102
20104
20106
20107
20111
20114
20115
20116
20116
20117
20117
20120
20122
20123
20123
20124
20125
20128
20129
20129
20131
20132
20136
20145
20146
20147
20152
20152
20154
20157
20158
20158
20162
20162
20166
20169
20171
20174
20174
20183
20186
20189
20191
20191
20198
20201
20210
20214
20221
20221
20226
20226
20227
20230
20230
20234
20235
20238
20240
20242
20246
20246
20247
20247
20249
20249
20251
20254
20255
20256
20261
20262
20262
20264
20269
20272
20278
20283
20286
20289
20292
20296
20302
20302
20304
20306
20307
20308
20309
20311
20313
20313
20315
20317
20317
20319
20328
20329
20329
20332
20333
20333
20335
20337
20343
20345
20347
20350
20351
20353
20354
20356
20356
20358
20358
20358
20360
20361
20362
20368
20368
20371
20380
20381
20381
20384
20384
20386
20386
20388
20393
20395
20397
20403
20404
20406
20414
20415
20416
20421
20429
20429
20430
20431
20434
20435
20435
20436
20439
20440
20442
20443
20444
20450
20453
20456
20460
20462
20465
20466
20475
20475
20476
20479
20480
20484
20489
20490
20490
20491
20492
20493
20494
20496
20498
20500
20502
20503
20506
20510
20511
20512
20514
20516
20518
20525
20530
20535
20535
20537
20538
20538
20540
20541
20542
20542
20544
20549
20551
20551
20553
20553
20558
20559
20560
20564
20567
20568
20569
20569
20571
20576
20582
20583
20584
20586
20586
20587
20587
20589
20593
20594
20596
20600
20603
20604
20607
20608
20610
20610
20611
20611
20613
20615
20617
20622
20629
20632
20637
20640
20648
20654
20654
20659
20666
20666
20667
20667
20669
20669
20670
20673
20675
20678
20679
20680
20680
20681
20687
20691
20692
20692
20693
20694
20694
20694
20698
20701
20702
20704
20705
20709
20713
20720
20721
20724
20725
20726
20728
20729
20731
20735
20738
20741
20743
20745
20747
20752
20755
20765
20766
20769
20770
20772
20774
20775
20776
20777
20779
20782
20791
20792
20794
20795
20797
20797
20800
20801
20806
20807
20814
20814
20815
20817
20818
20819
20821
20823
20831
20836
20836
20844
20845
20855
20857
20857
20862
20863
20866
20868
20869
20875
20877
20878
20880
20882
20883
20888
20890
20891
20891
20893
20894
20896
20904
20910
20911
20914
20916
20917
20922
20926
20928
20929
20929
20931
20932
20938
20942
20943
20943
20947
20955
20955
20956
20960
20961
20963
20965
20966
20968
20973
20974
20992
20994
20998
20999
21001
21003
21003
21003
21005
21008
21010
21012
21014
21016
21024
21025
21029
21032
21032
21033
21035
21035
21036
21047
21053
21056
21067
21069
21071
21072
21073
21075
21079
21079
21079
21082
21083
21087
21088
21092
21095
21097
21098
21099
21099
21100
21102
21103
21109
21111
21111
21111
21114
21118
21119
21122
21127
21128
21130
21130
21130
21133
21134
21134
21136
21139
21139
21140
21143
21144
21144
21146
21150
21151
21152
21153
21154
21157
21162
21163
21164
21165
21168
21170
21171
21172
21173
21175
21176
21178
21178
21180
21182
21186
21188
21189
21189
21190
21190
21192
21195
21200
21201
21206
21211
21214
21214
21218
21221
21221
21222
21225
21227
21232
21234
21236
21236
21238
21242
21246
21247
21248
21250
21254
21259
21262
21264
21265
21266
21269
21269
21269
21273
21274
21279
21281
21283
21283
21285
21286
21288
21299
21302
21303
21311
21312
21316
21317
21321
21325
21333
21337
21338
21340
21346
21348
21351
21352
21354
21361
21368
21370
21371
21381
21382
21384
21385
21387
21387
21390
21393
21394
21394
21396
21400
21400
21400
21402
21403
21403
21404
21406
21407
21409
21409
21417
21420
21424
21425
21426
21431
21438
21438
21438
21441
21445
21458
21459
21460
21462
21467
21468
21473
21478
21480
21481
21483
21484
21486
21487
21494
21498
21499
21507
21508
21511
21516
21519
21521
21523
21523
21527
21527
21532
21535
21537
21538
21539
21547
21552
21557
21569
21572
21575
21578
21579
21583
21591
21595
21608
21610
21613
21615
21618
21619
21620
21627
21630
21631
21631
21632
21633
21633
21643
21647
21648
21651
21652
21655
21660
21661
21661
21663
21663
21664
21667
21671
21678
21680
21683
21684
21685
21686
21692
21693
21695
21701
21707
21709
21711
21712
21715
21718
21719
21723
21725
21726
21727
21734
21736
21738
21745
21746
21749
21750
21753
21753
21757
21759
21763
21765
21767
21767
21772
21775
21780
21781
21782
21783
21787
21789
21789
21790
21794
21795
21797
21805
21813
21814
21817
21819
21823
21823
21824
21827
21832
21836
21846
21851
21857
21857
21858
21858
21863
21865
21865
21868
21868
21868
21871
21874
21874
21881
21881
21883
21887
21890
21890
21891
21893
21897
21897
21898
21900
21902
21910
21910
21916
21917
21917
21919
21920
21921
21924
21926
21934
21937
21938
21939
21943
21944
21947
21948
21952
21953
21961
21961
21962
21964
21965
21968
21973
21974
21979
21981
21982
21991
21996
21997
21999
22005
22011
22011
22012
22014
22016
22019
22020
22020
22021
22025
22027
22036
22039
22040
22042
22044
22045
22046
22046
22048
22050
22051
22051
22059
22059
22061
22061
22064
22066
22071
22072
22072
22073
22077
22077
22078
22079
22083
22085
22086
22088
22088
22092
22096
22104
22105
22107
22108
22110
22116
22117
22117
22117
22119
22122
22124
22129
22131
22131
22134
22134
22134
22138
22138
22147
22152
22154
22157
22159
22160
22164
22167
22171
22172
22178
22179
22180
22189
22191
22191
22192
22192
22192
22195
22195
22196
22196
22200
22208
22210
22211
22211
22212
22213
22214
22215
22215
22215
22215
22220
22221
22222
22224
22224
22227
22228
22230
22241
22242
22244
22245
22246
22249
22252
22252
22254
22260
22263
22265
22266
22268
22272
22273
22273
22278
22279
22282
22282
22284
22286
22287
22291
22292
22293
22294
22297
22300
22301
22302
22305
22306
22308
22310
22313
22314
22315
22316
22316
22317
22317
22319
22321
22322
22324
22328
22333
22333
22343
22347
22349
22351
22351
22352
22352
22353
22354
22355
22356
22357
22363
22363
22369
22372
22376
22378
22380
22384
22385
22386
22389
22391
22393
22400
22400
22401
22402
22404
22406
22409
22418
22418
22419
22420
22421
22432
22434
22435
22438
22440
22442
22443
22444
22445
22449
22452
22453
22453
22454
22455
22456
22457
22460
22461
22461
22461
22462
22462
22463
22465
22469
22472
22472
22481
22481
22482
22482
22488
22492
22495
22496
22496
22498
22503
22503
22511
22511
22512
22512
22513
22515
22516
22517
22527
22529
22539
22541
22547
22548
22552
22552
22552
22555
22557
22562
22562
22570
22570
22576
22578
22579
22580
22584
22587
22589
22591
22595
22597
22597
22599
22603
22607
22611
22613
22613
22616
22619
22619
22621
22622
22623
22625
22627
22629
22634
22635
22635
22635
22637
22642
22643
22643
22643
22647
22652
22657
22659
22660
22660
22664
22669
22673
22673
22675
22678
22680
22681
22681
22683
22685
22685
22695
22696
22697
22698
22700
22700
22704
22705
22707
22707
22710
22712
22716
22718
22719
22725
22726
22730
22731
22732
22732
22734
22734
22736
22737
22738
22741
22742
22742
22743
22749
22750
22757
22760
22764
22765
22767
22768
22774
22776
22778
22780
22782
22783
22783
22784
22786
22788
22790
22790
22790
22792
22796
22799
22799
22802
22804
22805
22806
22812
22814
22815
22820
22820
22822
22822
22824
22825
22826
22827
22832
22832
22837
22837
22838
22840
22840
22840
22846
22846
22853
22854
22856
22856
22856
22858
22861
22864
22864
22866
22869
22871
22872
22874
22876
22882
22889
22891
22895
22899
22903
22903
22905
22910
22911
22914
22915
22917
22919
22919
22920
22921
22928
22928
22929
22933
22935
22935
22936
22943
22946
22946
22947
22949
22952
22952
22954
22956
22958
22962
22976
22976
22976
22977
22978
22979
22986
22989
23001
23003
23005
23006
23006
23007
23007
23009
23010
23011
23011
23012
23013
23014
23014
23015
23015
23016
23018
23019
23022
23022
23024
23028
23030
23031
23033
23038
23038
23045
23046
23047
23048
23055
23059
23065
23070
23071
23074
23077
23079
23084
23088
23089
23091
23092
23092
23096
23097
23097
23098
23098
23102
23102
23105
23107
23107
23113
23116
23116
23118
23122
23126
23129
23132
23133
23138
23146
23147
23147
23149
23152
23153
23166
23170
23179
23180
23187
23187
23201
23205
23206
23207
23208
23215
23216
23219
23222
23226
23226
23227
23230
23234
23238
23243
23243
23245
23247
23248
23249
23251
23255
23257
23258
23263
23264
23265
23265
23274
23275
23278
23280
23280
23282
23284
23287
23290
23290
23290
23291
23301
23301
23303
23304
23307
23310
23311
23313
23314
23316
23318
23320
23329
23334
23335
23336
23343
23348
23352
23352
23354
23355
23361
23367
23367
23371
23372
23374
23377
23382
23383
23383
23384
23384
23388
23392
23393
23393
23396
23396
23401
23403
23404
23405
23405
23405
23408
23409
23411
23413
23413
23415
23416
23417
23418
23424
23424
23424
23424
23428
23428
23433
23436
23438
23443
23443
23445
23446
23446
23450
23451
23451
23452
23460
23462
23464
23468
23471
23477
23481
23482
23483
23487
23489
23492
23502
23503
23503
23504
23504
23506
23509
23510
23511
23517
23519
23526
23531
23531
23533
23535
23536
23536
23542
23543
23544
23547
23552
23552
23558
23559
23560
23562
23563
23568
23574
23577
23578
23586
23595
23596
23597
23597
23597
23604
23606
23609
23611
23612
23617
23621
23621
23621
23621
23623
23624
23631
23634
23639
23643
23645
23649
23653
23654
23657
23660
23663
23664
23666
23667
23669
23673
23675
23678
23681
23682
23686
23694
23696
23697
23698
23711
23716
23718
23719
23722
23722
23723
23726
23728
23729
23731
23733
23739
23741
23748
23752
23754
23755
23761
23762
23763
23763
23765
23767
23768
23773
23780
23780
23780
23783
23786
23786
23787
23789
23791
23792
23793
23797
23808
23809
23812
23817
23820
23824
23826
23828
23828
23830
23833
23835
23847
23848
23849
23852
23860
23861
23864
23866
23872
23877
23882
23884
23884
23885
23888
23893
23893
23894
23896
23903
23910
23910
23911
23911
23912
23913
23914
23918
23919
23927
23928
23931
23931
23936
23941
23944
23948
23959
23961
23961
23963
23963
23963
23964
23969
23971
23971
23976
23976
23979
23980
23982
23983
23983
23984
23992
23994
23994
23995
23996
24002
24006
24006
24007
24008
24009
24010
24016
24017
24021
24022
24026
24029
24033
24035
24039
24043
24044
24046
24047
24047
24050
24050
24055
24055
24058
24064
24065
24066
24068
24069
24069
24078
24085
24086
24091
24094
24096
24099
24101
24107
24110
24113
24113
24113
24114
24121
24123
24123
24125
24125
24127
24128
24138
24140
24141
24146
24152
24153
24160
24162
24166
24167
24167
24172
24174
24183
24187
24189
24190
24196
24201
24202
24202
24204
24205
24205
24206
24206
24212
24213
24214
24220
24220
24221
24222
24227
24233
24235
24235
24235
24238
24238
24242
24242
24243
24244
24246
24247
24247
24254
24255
24257
24259
24260
24261
24264
24268
24269
24278
24278
24279
24289
24290
24291
24292
24302
24303
24310
24314
24320
24320
24322
24322
24325
24331
24335
24336
24338
24339
24339
24341
24341
24348
24349
24349
24351
24351
24353
24354
24355
24355
24357
24358
24358
24363
24368
24369
24373
24375
24382
24384
24386
24391
24392
24394
24398
24399
24400
24401
24403
24404
24404
24408
24412
24412
24412
24415
24418
24419
24419
24420
24421
24421
24422
24425
24426
24431
24432
24432
24432
24440
24441
24441
24443
24448
24449
24451
24457
24460
24461
24464
24466
24467
24474
24488
24489
24492
24492
24492
24494
24497
24497
24500
24505
24506
24508
24509
24516
24517
24517
24518
24519
24524
24525
24525
24526
24527
24532
24532
24537
24538
24539
24544
24556
24562
24565
24571
24574
24575
24579
24585
24586
24587
24588
24588
24592
24594
24597
24597
24600
24601
24602
24603
24607
24609
24609
24609
24613
24613
24618
24620
24621
24625
24627
24630
24638
24638
24638
24644
24645
24645
24655
24656
24656
24657
24657
24658
24660
24660
24661
24672
24672
24672
24673
24675
24676
24676
24678
24679
24679
24680
24681
24681
24692
24696
24700
24700
24702
24702
24706
24707
24707
24709
24712
24712
24713
24713
24715
24721
24721
24727
24732
24746
24747
24754
24757
24759
24762
24764
24764
24767
24772
24774
24774
24781
24782
24791
24792
24793
24793
24796
24797
24798
24799
24801
24803
24804
24808
24809
24810
24813
24816
24820
24823
24825
24825
24829
24831
24836
24838
24842
24842
24843
24847
24848
24849
24853
24855
24856
24859
24863
24865
24865
24867
24868
24868
24871
24876
24884
24890
24897
24897
24898
24901
24904
24905
24906
24908
24908
24912
24915
24917
24921
24924
24924
24926
24927
24935
24941
24942
24942
24946
24950
24952
24955
24956
24957
24959
24962
24963
24968
24976
24976
24981
24985
24986
24989
24989
24993
24998
25002
25012
25012
25014
25015
25017
25017
25020
25020
25021
25022
25024
25025
25025
25027
25028
25033
25036
25038
25038
25042
25042
25045
25047
25049
25050
25050
25052
25053
25054
25055
25056
25056
25057
25058
25059
25064
25064
25072
25075
25075
25084
25085
25085
25088
25093
25094
25095
25096
25097
25099
25101
25108
25111
25112
25113
25117
25118
25119
25121
25123
25124
25137
25139
25144
25145
25146
25151
25152
25153
25155
25157
25162
25163
25163
25165
25165
25167
25175
25179
25180
25183
25187
25187
25191
25191
25193
25194
25197
25200
25200
25202
25206
25213
25214
25215
25219
25221
25224
25233
25233
25234
25236
25239
25243
25246
25258
25259
25260
25260
25261
25261
25262
25264
25270
25270
25272
25279
25285
25285
25292
25292
25293
25294
25296
25298
25303
25307
25316
25318
25318
25318
25321
25323
25325
25328
25329
25335
25335
25338
25340
25343
25343
25343
25351
25355
25358
25361
25362
25364
25366
25367
25370
25373
25376
25378
25379
25386
25387
25389
25392
25392
25396
25402
25409
25411
25411
25412
25413
25417
25421
25421
25423
25423
25426
25426
25431
25442
25443
25449
25455
25456
25457
25461
25465
25465
25469
25474
25479
25479
25482
25483
25486
25487
25489
25490
25490
25498
25499
25500
25503
25507
25510
25511
25514
25518
25521
25527
25528
25529
25533
25535
25539
25548
25549
25553
25554
25555
25555
25558
25558
25561
25561
25562
25564
25564
25568
25569
25572
25575
25578
25582
25588
25588
25588
25591
25593
25596
25597
25599
25600
25601
25602
25603
25604
25606
25606
25609
25610
25611
25612
25614
25614
25617
25617
25621
25621
25627
25628
25630
25631
25631
25635
25641
25641
25642
25642
25645
25646
25649
25655
25656
25658
25660
25663
25669
25670
25672
25676
25676
25684
25685
25685
25689
25693
25696
25708
25709
25710
25711
25712
25714
25716
25718
25720
25726
25730
25731
25737
25745
25749
25750
25756
25760
25760
25767
25770
25770
25770
25778
25787
25793
25794
25795
25797
25797
25805
25805
25806
25806
25807
25813
25817
25819
25820
25821
25822
25824
25824
25826
25834
25841
25841
25844
25846
25848
25849
25851
25862
25866
25866
25868
25869
25875
25880
25883
25890
25890
25890
25892
25894
25897
25897
25897
25897
25902
25902
25906
25907
25908
25913
25913
25914
25915
25918
25920
25922
25923
25923
25925
25928
25929
25931
25932
25933
25936
25936
25936
25937
25941
25944
25948
25950
25952
25964
25964
25964
25968
25968
25974
25975
25975
25977
25977
25979
25980
25984
25990
25991
25991
25997
25997
26002
26002
26003
26003
26006
26008
26009
26010
26011
26019
26023
26023
26025
26029
26035
26036
26042
26042
26044
26045
26045
26045
26046
26046
26047
26052
26059
26061
26070
26074
26080
26082
26086
26088
26090
26091
26095
26099
26100
26100
26102
26103
26110
26110
26113
26117
26122
26123
26127
26128
26129
26130
26132
26137
26137
26138
26145
26147
26149
26165
26166
26170
26171
26171
26178
26178
26180
26184
26185
26185
26185
26186
26198
26199
26202
26202
26203
26206
26211
26211
26212
26213
26216
26219
26220
26222
26228
26228
26230
26231
26232
26238
26241
26249
26251
26254
26260
26264
26265
26267
26269
26269
26270
26277
26278
26281
26286
26286
26287
26287
26290
26290
26290
26291
26295
26296
26296
26297
26297
26297
26299
26299
26301
26308
26312
26317
26317
26319
26319
26326
26327
26332
26339
26342
26343
26344
26352
26354
26356
26357
26358
26359
26362
26364
26365
26366
26367
26370
26370
26371
26372
26373
26378
26381
26385
26386
26389
26394
26394
26395
26399
26404
26407
26412
26413
26415
26417
26418
26418
26420
26421
26423
26425
26426
26426
26428
26429
26431
26433
26437
26440
26440
26441
26441
26446
26447
26452
26455
26456
26457
26457
26458
26458
26461
26464
26466
26466
26468
26471
26477
26478
26478
26479
26479
26479
26480
26481
26482
26485
26487
26489
26493
26497
26505
26506
26510
26511
26512
26512
26514
26515
26515
26515
26516
26517
26518
26520
26522
26525
26526
26531
26531
26540
26542
26543
26544
26545
26549
26550
26554
26556
26559
26560
26561
26562
26573
26576
26576
26579
26582
26582
26583
26584
26587
26588
26591
26592
26597
26599
26605
26607
26607
26613
26613
26615
26621
26624
26625
26625
26626
26627
26635
26639
26643
26643
26645
26646
26652
26653
26655
26657
26658
26658
26659
26667
26673
26673
26676
26684
26687
26687
26690
26690
26693
26694
26696
26697
26697
26700
26700
26701
26702
26704
26708
26718
26718
26718
26723
26725
26728
26729
26730
26732
26735
26736
26739
26740
26740
26742
26742
26744
26749
26751
26751
26752
26756
26757
26759
26762
26762
26764
26768
26770
26773
26774
26775
26777
26778
26784
26785
26787
26788
26789
26796
26796
26799
26801
26802
26803
26804
26806
26807
26809
26809
26814
26814
26816
26817
26817
26824
26828
26829
26831
26832
26833
26834
26837
26839
26842
26845
26847
26848
26849
26849
26852
26853
26854
26854
26854
26855
26856
26856
26857
26857
26861
26863
26867
26867
26869
26876
26876
26878
26882
26882
26883
26889
26891
26895
26899
26901
26904
26910
26912
26913
26915
26917
26918
26919
26920
26930
26931
26940
26944
26944
26945
26945
26949
26950
26953
26955
26955
26955
26957
26957
26958
26960
26964
26964
26971
26972
26981
26982
26985
26992
26996
26996
26998
27002
27003
27006
27007
27007
27007
27008
27008
27013
27015
27020
27021
27021
27024
27025
27026
27026
27031
27032
27033
27035
27037
27042
27047
27048
27053
27054
27055
27056
27058
27059
27060
27063
27064
27068
27069
27069
27073
27075
27077
27078
27082
27083
27085
27085
27086
27088
27089
27091
27091
27092
27093
27093
27096
27098
27100
27101
27106
27106
27107
27109
27114
27115
27116
27118
27120
27121
27125
27128
27134
27137
27138
27140
27140
27141
27142
27144
27145
27146
27148
27149
27153
27154
27155
27155
27155
27155
27156
27160
27163
27167
27167
27168
27175
27178
27179
27183
27185
27186
27187
27198
27201
27205
27206
27206
27209
27215
27219
27229
27237
27239
27239
27242
27242
27244
27245
27245
27245
27246
27253
27255
27256
27256
27257
27258
27263
27264
27269
27270
27274
27275
27276
27282
27283
27284
27285
27287
27287
27289
27292
27292
27294
27295
27297
27299
27302
27304
27307
27310
27311
27312
27312
27315
27315
27318
27321
27323
27323
27325
27326
27326
27327
27331
27338
27338
27338
27341
27343
27347
27349
27352
27355
27358
27360
27362
27364
27365
27370
27371
27371
27372
27377
27382
27383
27383
27383
27385
27393
27393
27399
27402
27403
27403
27404
27405
27414
27418
27418
27419
27420
27422
27424
27424
27426
27429
27433
27434
27434
27436
27437
27441
27441
27444
27445
27446
27448
27450
27457
27457
27458
27458
27460
27466
27470
27471
27475
27475
27478
27479
27480
27480
27486
27490
27492
27493
27494
27500
27501
27502
27504
27505
27506
27507
27508
27508
27509
27509
27510
27513
27517
27521
27524
27525
27526
27532
27534
27536
27541
27542
27543
27545
27547
27552
27554
27557
27558
27559
27562
27563
27566
27569
27570
27570
27573
27574
27576
27577
27578
27578
27579
27580
27583
27586
27590
27593
27594
27599
27606
27609
27610
27611
27612
27616
27618
27618
27619
27623
27624
27626
27626
27626
27632
27634
27635
27646
27649
27649
27651
27651
27651
27653
27653
27654
27655
27656
27661
27665
27672
27675
27678
27681
27682
27683
27683
27687
27688
27691
27696
27701
27701
27704
27707
27708
27717
27721
27725
27727
27729
27730
27734
27735
27737
27741
27747
27748
27750
27759
27760
27762
27770
27771
27772
27773
27777
27783
27785
27788
27788
27788
27788
27789
27790
27791
27793
27794
27794
27795
27795
27796
27796
27798
27801
27805
27807
27808
27816
27817
27818
27819
27822
27823
27824
27828
27828
27828
27831
27831
27832
27834
27839
27840
27844
27845
27845
27846
27852
27854
27858
27860
27861
27862
27863
27863
27865
27870
27872
27873
27875
27876
27878
27880
27882
27886
27891
27894
27896
27899
27900
27905
27906
27910
27911
27912
27913
27913
27914
27916
27918
27918
27918
27919
27921
27922
27924
27925
27927
27929
27931
27935
27936
27937
27939
27942
27942
27943
27946
27947
27948
27955
27960
27966
27971
27975
27980
27984
27987
27989
27990
27993
27995
27995
28005
28006
28006
28012
28016
28017
28023
28024
28028
28032
28037
28038
28039
28041
28046
28053
28058
28060
28065
28065
28069
28070
28079
28085
28093
28095
28095
28096
28098
28098
28099
28105
28106
28111
28112
28116
28118
28118
28120
28120
28121
28123
28124
28124
28124
28128
28128
28130
28130
28130
28131
28133
28137
28137
28138
28141
28141
28144
28146
28148
28156
28158
28158
28162
28164
28167
28171
28177
28180
28182
28183
28187
28188
28189
28192
28194
28195
28195
28197
28200
28204
28206
28207
28211
28212
28216
28219
28227
28227
28228
28229
28230
28231
28232
28237
28237
28239
28240
28247
28250
28251
28254
28255
28259
28262
28267
28267
28276
28283
28286
28290
28292
28293
28294
28297
28298
28299
28300
28301
28301
28304
28306
28311
28314
28319
28321
28326
28329
28337
28340
28341
28346
28351
28353
28358
28361
28362
28362
28363
28365
28367
28368
28375
28380
28395
28395
28400
28400
28403
28403
28405
28407
28408
28409
28413
28416
28420
28422
28424
28426
28427
28429
28430
28445
28445
28447
28448
28448
28450
28450
28453
28458
28458
28459
28464
28464
28467
28469
28470
28475
28484
28487
28488
28496
28497
28502
28504
28505
28507
28508
28509
28511
28513
28514
28514
28515
28518
28518
28522
28523
28524
28527
28527
28529
28531
28532
28532
28540
28543
28545
28557
28559
28559
28565
28566
28573
28575
28578
28578
28580
28581
28581
28581
28584
28586
28589
28592
28595
28597
28599
28603
28603
28606
28608
28617
28621
28624
28634
28634
28637
28638
28639
28643
28644
28645
28648
28649
28653
28654
28659
28662
28662
28663
28669
28669
28673
28674
28678
28680
28683
28688
28689
28689
28691
28692
28693
28694
28694
28697
28701
28704
28712
28712
28712
28713
28717
28720
28721
28730
28733
28735
28735
28735
28740
28740
28741
28741
28748
28748
28749
28750
28751
28752
28753
28753
28754
28761
28763
28769
28770
28772
28775
28775
28783
28788
28789
28790
28796
28796
28796
28800
28800
28807
28808
28813
28825
28826
28830
28831
28839
28842
28844
28847
28848
28851
28852
28854
28858
28861
28862
28863
28863
28870
28876
28878
28881
28889
28889
28892
28894
28896
28900
28908
28910
28913
28914
28915
28919
28921
28922
28926
28929
28937
28945
28945
28947
28950
28954
28955
28960
28960
28962
28965
28966
28968
28969
28969
28969
28978
28980
28980
28983
28984
28989
28989
28991
28993
28993
28995
29001
29006
29013
29013
29015
29016
29016
29022
29022
29027
29032
29035
29038
29041
29042
29043
29049
29051
29051
29055
29057
29059
29059
29062
29067
29068
29068
29068
29072
29075
29077
29077
29077
29078
29079
29079
29082
29090
29096
29099
29100
29103
29109
29110
29110
29116
29117
29118
29123
29126
29126
29128
29128
29129
29135
29138
29139
29140
29141
29141
29142
29143
29149
29150
29150
29154
29157
29157
29162
29169
29177
29180
29182
29183
29184
29186
29187
29189
29189
29189
29193
29200
29204
29209
29209
29209
29210
29212
29213
29217
29218
29220
29223
29223
29223
29226
29228
29234
29234
29234
29235
29236
29239
29242
29242
29243
29243
29246
29253
29254
29255
29256
29258
29259
29262
29265
29265
29270
29271
29277
29277
29278
29280
29286
29295
29297
29302
29303
29305
29309
29312
29312
29313
29324
29327
29331
29332
29335
29335
29337
29338
29339
29340
29341
29346
29347
29347
29348
29350
29350
29354
29355
29358
29359
29361
29362
29362
29365
29368
29369
29373
29375
29381
29381
29384
29386
29387
29387
29391
29396
29397
29399
29402
29404
29404
29405
29407
29407
29408
29410
29411
29412
29412
29414
29419
29422
29422
29426
29427
29428
29428
29428
29431
29432
29433
29435
29436
29441
29444
29445
29459
29461
29464
29465
29469
29471
29476
29482
29484
29485
29488
29493
29493
29494
29495
29497
29498
29499
29499
29500
29502
29506
29508
29513
29513
29517
29518
29519
29521
29521
29521
29526
29528
29529
29532
29541
29546
29550
29551
29552
29566
29567
29567
29568
29568
29570
29571
29576
29583
29583
29584
29586
29590
29590
29592
29594
29594
29600
29604
29604
29605
29606
29610
29612
29614
29615
29615
29621
29621
29633
29656
29659
29659
29660
29661
29674
29676
29681
29681
29681
29682
29683
29687
29690
29692
29693
29694
29695
29697
29697
29698
29702
29703
29705
29707
29715
29715
29716
29718
29722
29722
29723
29726
29726
29727
29728
29730
29736
29738
29741
29745
29746
29746
29748
29751
29753
29754
29759
29760
29761
29762
29769
29770
29774
29774
29778
29779
29783
29783
29784
29787
29789
29792
29796
29796
29796
29800
29804
29805
29807
29808
29809
29812
29816
29817
29818
29824
29825
29825
29828
29829
29837
29841
29842
29844
29848
29850
29856
29857
29857
29859
29859
29860
29861
29864
29865
29870
29871
29872
29873
29877
29881
29883
29886
29888
29890
29900
29903
29907
29908
29910
29911
29913
29921
29924
29924
29925
29925
29925
29925
29928
29931
29933
29933
29934
29937
29940
29947
29947
29949
29952
29952
29954
29958
29961
29963
29967
29973
29974
29976
29977
29977
29977
29983
29988
29989
29992
29992
29992
29994
29996
29997
30000
30001
30001
30001
30008
30012
30014
30014
30019
30019
30019
30021
30023
30024
30030
30031
30031
30032
30032
30032
30038
30038
30038
30040
30040
30043
30047
30048
30048
30049
30055
30056
30057
30059
30061
30061
30062
30062
30064
30066
30070
30078
30080
30081
30083
30089
30091
30093
30094
30095
30096
30096
30097
30100
30100
30103
30110
30111
30112
30120
30121
30122
30123
30136
30137
30140
30143
30144
30146
30148
30148
30153
30154
30154
30156
30157
30158
30162
30165
30166
30168
30170
30171
30172
30175
30180
30188
30188
30189
30192
30194
30195
30196
30201
30203
30204
30205
30216
30216
30217
30218
30218
30221
30221
30222
30223
30225
30226
30226
30226
30228
30237
30243
30247
30253
30256
30263
30263
30267
30271
30272
30272
30273
30274
30275
30278
30281
30286
30289
30289
30293
30293
30293
30295
30296
30297
30304
30314
30318
30325
30331
30331
30337
30340
30359
30360
30362
30364
30365
30367
30368
30368
30369
30370
30372
30373
30376
30382
30383
30384
30385
30391
30392
30395
30396
30399
30401
30404
30405
30405
30406
30411
30412
30415
30417
30418
30418
30428
30428
30430
30430
30437
30437
30439
30440
30448
30454
30457
30465
30471
30471
30472
30476
30477
30480
30480
30480
30481
30482
30482
30486
30488
30488
30492
30498
30505
30507
30508
30510
30516
30518
30519
30523
30524
30525
30525
30525
30526
30532
30537
30537
30538
30540
30542
30543
30545
30547
30550
30556
30572
30574
30578
30581
30583
30591
30594
30595
30595
30595
30597
30599
30600
30601
30602
30603
30603
30604
30611
30611
30611
30613
30621
30622
30623
30631
30633
30633
30635
30649
30652
30654
30661
30661
30664
30665
30668
30675
30678
30679
30680
30682
30684
30685
30692
30692
30693
30696
30699
30705
30706
30707
30707
30707
30710
30713
30715
30717
30718
30719
30719
30721
30723
30724
30724
30725
30726
30732
30733
30734
30734
30740
30751
30752
30754
30760
30763
30764
30770
30775
30776
30783
30785
30790
30791
30791
30791
30792
30795
30796
30798
30799
30804
30805
30808
30815
30816
30818
30819
30823
30824
30824
30825
30826
30827
30829
30829
30830
30831
30832
30836
30836
30840
30840
30840
30844
30852
30853
30853
30854
30854
30855
30858
30859
30860
30861
30863
30865
30870
30873
30873
30881
30893
30893
30895
30898
30901
30901
30908
30909
30917
30920
30922
30924
30929
30943
30945
30952
30955
30956
30957
30960
30961
30962
30965
30967
30969
30971
30973
30976
30977
30978
30980
30981
30981
30982
30987
30996
30999
31000
31001
31003
31009
31016
31018
31018
31020
31020
31023
31024
31026
31030
31035
31037
31038
31040
31041
31048
31049
31051
31053
31058
31060
31060
31061
31065
31069
31073
31074
31074
31077
31089
31090
31093
31093
31094
31096
31102
31104
31108
31116
31116
31126
31126
31126
31131
31132
31134
31137
31137
31139
31141
31146
31147
31151
31151
31154
31174
31177
31178
31178
31181
31185
31186
31188
31188
31193
31196
31197
31199
31201
31205
31208
31209
31217
31217
31228
31228
31233
31234
31236
31239
31245
31247
31248
31254
31259
31261
31261
31263
31265
31273
31274
31276
31280
31280
31281
31287
31288
31291
31296
31305
31307
31307
31309
31309
31309
31312
31312
31315
31321
31321
31325
31327
31334
31335
31337
31337
31342
31344
31346
31347
31352
31358
31361
31362
31362
31363
31368
31368
31383
31384
31386
31389
31390
31391
31392
31394
31395
31403
31405
31406
31409
31409
31414
31423
31424
31427
31442
31442
31443
31446
31446
31448
31448
31450
31452
31455
31455
31464
31469
31469
31471
31473
31475
31476
31476
31479
31480
31482
31491
31492
31496
31499
31500
31501
31503
31517
31520
31525
31525
31530
31533
31540
31542
31547
31554
31555
31557
31558
31569
31571
31573
31574
31575
31576
31578
31582
31583
31583
31587
31588
31591
31593
31595
31595
31601
31603
31606
31608
31609
31614
31615
31615
31624
31635
31639
31640
31643
31646
31649
31658
31658
31660
31663
31663
31665
31668
31671
31672
31673
31674
31674
31684
31685
31688
31693
31694
31696
31697
31698
31702
31704
31705
31709
31709
31717
31718
31720
31720
31724
31726
31726
31728
31729
31730
31732
31733
31736
31737
31739
31740
31742
31743
31746
31749
31752
31757
31759
31764
31765
31769
31769
31773
31774
31775
31776
31776
31777
31779
31784
31792
31794
31799
31799
31802
31803
31804
31806
31813
31818
31821
31825
31826
31831
31833
31838
31839
31839
31845
31848
31849
31850
31851
31852
31854
31856
31856
31860
31864
31869
31870
31871
31872
31877
31884
31885
31890
31891
31895
31897
31899
31905
31915
31918
31919
31919
31920
31921
31922
31923
31925
31926
31927
31929
31929
31932
31936
31936
31938
31941
31941
31944
31948
31954
31955
31955
31956
31957
31958
31958
31963
31966
31966
31968
31969
31976
31978
31978
31984
31989
31990
31992
32000
32001
32003
32003
32005
32011
32011
32014
32014
32016
32016
32023
32026
32029
32030
32030
32035
32038
32041
32041
32044
32054
32055
32059
32061
32062
32078
32081
32085
32086
32086
32086
32091
32091
32093
32095
32095
32096
32096
32097
32098
32102
32104
32106
32109
32109
32110
32111
32111
32112
32114
32114
32116
32119
32120
32122
32122
32122
32122
32122
32125
32129
32129
32130
32131
32132
32133
32140
32144
32146
32146
32147
32148
32150
32152
32152
32152
32153
32153
32154
32155
32156
32159
32161
32163
32164
32165
32168
32173
32174
32174
32177
32178
32178
32179
32182
32182
32185
32190
32195
32198
32205
32205
32205
32207
32210
32215
32215
32220
32221
32223
32224
32225
32230
32236
32236
32236
32240
32243
32243
32245
32249
32250
32252
32253
32255
32255
32264
32265
32267
32268
32270
32275
32276
32282
32289
32292
32296
32296
32296
32300
32305
32306
32306
32307
32309
32310
32317
32318
32319
32320
32323
32324
32325
32330
32334
32336
32336
32336
32338
32342
32344
32344
32346
32349
32359
32363
32364
32366
32370
32371
32371
32373
32373
32375
32376
32376
32376
32378
32382
32382
32387
32391
32394
32398
32403
32404
32404
32412
32414
32422
32424
32425
32426
32427
32430
32430
32431
32434
32435
32437
32438
32438
32440
32441
32442
32447
32450
32452
32457
32458
32461
32469
32469
32470
32472
32472
32478
32478
32478
32479
32481
32482
32487
32489
32492
32492
32492
32493
32493
32493
32495
32495
32500
32503
32510
32515
32517
32518
32518
32521
32521
32522
32522
32523
32528
32528
32529
32531
32540
32541
32541
32545
32549
32550
32550
32550
32550
32553
32557
32559
32561
32562
32564
32566
32568
32568
32572
32573
32575
32576
32580
32581
32584
32585
32587
32588
32589
32590
32590
32593
32605
32609
32610
32612
32613
32613
32618
32626
32629
32635
32639
32643
32645
32647
32648
32655
32657
32657
32663
32663
32667
32668
32669
32670
32675
32677
32678
32680
32683
32683
32684
32685
32688
32689
32690
32690
32691
32699
32703
32707
32708
32710
32711
32712
32712
32715
32717
32717
32724
32726
32730
32735
32736
32739
32742
32748
32751
32751
32752
32754
32759
32766
