22337
29307
15753
31593
30116
15323
22499
559
10396
7265
8843
14053
4242
17800
2087
10453
20868
29492
19578
12223
6269
2430
25657
23688
31957
17215
28334
18593
14637
15710
11535
28728
30761
27354
5019
801
12524
15766
20602
22659
20309
4072
25682
28994
9211
6880
10409
13616
22504
1368
24573
22259
24601
22464
11173
2740
11442
24742
869
31629
4097
22024
2772
11183
6457
16218
24686
11094
24298
29781
17017
21102
30019
15494
9624
26882
3080
23442
6448
27241
28753
5705
5502
20271
28168
31858
3957
2500
19744
849
28249
8679
26262
15608
16156
6864
3368
14418
16763
