32097
31640
31473
30977
30746
30196
30182
29930
29844
29020
28951
28887
28766
28519
28439
28110
27977
27930
27697
27127
26977
26887
26830
26314
25926
25284
25259
24062
24014
23102
21658
20960
20939
19969
19916
19616
19443
19188
18862
18797
18671
18645
18473
18295
18058
17849
17800
17575
17469
17297
17210
17019
16864
16547
16495
16408
16403
16402
16049
15929
15888
15437
15375
13929
13625
13535
13183
12859
12601
12452
12324
12062
11658
11270
10934
10666
9466
8998
8889
8482
8247
6541
6468
6163
6126
5993
5216
4253
3984
3397
3353
2470
2372
1891
1755
1384
1110
606
21
