28756
22948
8461
3568
4890
15344
11727
27115
2549
28660
3483
23372
2232
15342
11440
2159
17050
27450
994
12491
24206
24957
10841
512
21857
13460
18191
12706
5525
31039
7687
26568
2303
11917
13646
18003
22562
29703
19891
6398
1866
30364
11077
31274
18792
16464
27025
30823
9393
22179
22424
2242
17653
21442
6034
20945
6079
26223
32357
7039
3634
25778
28388
28568
8350
23869
11464
14099
28645
21408
25455
24611
8336
4913
23638
22780
19376
17593
8536
27493
8566
13023
1700
17666
6546
26965
22655
14431
19788
6852
10431
700
22371
31096
30723
8859
21928
28363
14003
