0
4
7
14
22
35
37
42
44
46
47
47
49
51
55
55
61
66
76
78
78
82
83
90
92
93
99
100
110
113
113
114
118
119
121
122
132
136
143
144
148
149
149
156
159
166
166
167
174
175
177
179
180
189
191
193
196
209
210
211
218
223
226
227
233
239
246
248
252
255
277
278
278
281
286
288
289
290
291
293
294
294
296
299
300
304
314
315
316
318
319
324
324
325
325
332
343
345
348
352
356
359
361
364
366
371
373
382
386
389
390
399
399
401
413
413
425
435
435
436
438
439
439
447
448
452
454
456
457
466
467
472
473
474
479
484
489
490
491
495
495
500
501
501
503
510
522
527
527
539
543
544
545
550
556
556
557
558
561
561
562
572
574
576
578
579
580
584
586
588
594
601
605
610
612
613
614
616
617
617
621
624
633
633
648
652
653
654
658
663
664
665
670
671
676
678
680
682
684
685
687
688
689
693
693
693
702
703
704
711
714
717
721
731
731
733
734
739
744
749
753
753
754
757
763
766
773
780
782
784
786
786
787
789
791
794
794
811
814
814
815
816
817
821
822
825
830
835
837
839
841
850
858
860
861
862
866
868
869
873
874
875
880
881
887
889
890
893
894
895
896
898
904
908
911
914
914
915
915
920
920
920
921
923
924
925
933
937
937
938
941
942
945
946
946
961
963
967
968
969
976
986
990
995
996
999
1000
1001
1005
1006
1010
1027
1033
1033
1034
1037
1043
1047
1048
1058
1059
1060
1063
1068
1069
1070
1073
1076
1077
1080
1083
1089
1092
1092
1093
1094
1095
1098
1101
1103
1105
1107
1107
1111
1112
1112
1114
1117
1118
1131
1133
1134
1136
1137
1137
1139
1141
1144
1148
1159
1159
1164
1166
1166
1170
1173
1177
1180
1181
1184
1184
1188
1191
1198
1198
1201
1207
1212
1215
1239
1242
1245
1246
1253
1255
1261
1264
1268
1274
1274
1275
1280
1283
1287
1290
1295
1297
1297
1299
1299
1301
1302
1304
1305
1305
1317
1318
1321
1325
1326
1329
1330
1332
1333
1334
1340
1340
1347
1347
1350
1351
1351
1352
1353
1353
1356
1367
1367
1371
1371
1376
1380
1381
1384
1390
1401
1402
1403
1407
1409
1414
1417
1420
1422
1423
1427
1427
1433
1434
1440
1443
1443
1444
1445
1446
1446
1446
1447
1448
1448
1451
1455
1458
1462
1462
1468
1472
1472
1476
1476
1480
1481
1482
1484
1487
1494
1495
1496
1497
1504
1505
1510
1513
1514
1515
1518
1519
1526
1527
1529
1532
1535
1538
1539
1544
1546
1550
1550
1557
1563
1569
1573
1576
1579
1580
1580
1581
1585
1587
1588
1589
1595
1597
1599
1600
1601
1604
1605
1615
1615
1627
1629
1631
1637
1641
1642
1644
1648
1650
1653
1655
1655
1660
1662
1670
1673
1673
1678
1684
1685
1690
1692
1695
1695
1696
1697
1699
1706
1709
1720
1726
1728
1728
1732
1739
1743
1745
1748
1751
1751
1753
1764
1766
1768
1769
1772
1775
1775
1779
1780
1781
1786
1790
1798
1799
1810
1818
1819
1821
1823
1824
1825
1828
1829
1831
1832
1839
1840
1854
1858
1859
1861
1862
1865
1867
1870
1871
1872
1872
1875
1877
1880
1880
1882
1883
1884
1889
1897
1902
1903
1906
1908
1909
1911
1913
1922
1931
1933
1948
1949
1949
1953
1955
1958
1966
1968
1974
1980
1980
1985
1986
1991
1992
1999
2002
2003
2006
2006
2009
2017
2021
2025
2029
2029
2034
2044
2046
2046
2049
2056
2062
2065
2072
2073
2074
2075
2084
2086
2089
2097
2098
2100
2102
2106
2112
2118
2119
2123
2125
2129
2138
2139
2140
2143
2143
2153
2169
2169
2171
2174
2176
2183
2184
2184
2193
2198
2199
2199
2203
2211
2211
2212
2213
2215
2221
2223
2225
2225
2231
2233
2235
2244
2246
2248
2255
2263
2265
2267
2272
2273
2278
2286
2290
2291
2292
2293
2295
2297
2297
2299
2305
2305
2307
2310
2313
2321
2326
2329
2333
2339
2340
2341
2343
2344
2345
2345
2346
2347
2347
2350
2350
2352
2353
2355
2356
2357
2362
2364
2364
2369
2371
2371
2373
2373
2376
2380
2388
2391
2393
2395
2396
2396
2398
2400
2408
2410
2416
2423
2425
2432
2437
2440
2442
2443
2443
2450
2453
2453
2453
2458
2466
2467
2471
2477
2480
2488
2489
2490
2492
2493
2496
2499
2499
2500
2500
2504
2505
2510
2511
2512
2515
2515
2517
2518
2530
2536
2540
2545
2546
2547
2547
2553
2553
2555
2558
2562
2562
2562
2566
2567
2570
2579
2584
2585
2592
2592
2594
2598
2598
2601
2604
2613
2614
2621
2626
2643
2648
2650
2652
2653
2653
2653
2656
2657
2659
2659
2664
2668
2669
2673
2682
2704
2704
2706
2713
2718
2722
2724
2727
2728
2729
2730
2732
2734
2736
2741
2749
2755
2758
2761
2763
2765
2770
2771
2779
2779
2781
2782
2795
2796
2796
2802
2810
2818
2822
2823
2827
2832
2834
2836
2836
2837
2841
2844
2851
2855
2856
2858
2863
2863
2865
2888
2894
2898
2900
2902
2902
2904
2905
2906
2909
2910
2915
2916
2921
2926
2941
2942
2946
2952
2952
2954
2955
2956
2961
2971
2975
2982
2986
2990
2993
2997
2997
2998
3003
3004
3005
3011
3012
3015
3018
3018
3022
3024
3025
3029
3032
3033
3034
3036
3043
3051
3052
3062
3070
3072
3075
3083
3090
3090
3091
3093
3103
3103
3106
3107
3110
3111
3113
3121
3126
3128
3130
3134
3139
3140
3143
3144
3146
3147
3148
3156
3157
3157
3164
3165
3175
3185
3189
3190
3190
3193
3195
3198
3199
3199
3204
3204
3205
3207
3216
3220
3223
3225
3226
3231
3234
3235
3241
3245
3248
3250
3251
3251
3252
3253
3255
3258
3263
3264
3264
3266
3267
3273
3274
3275
3277
3279
3286
3289
3295
3295
3295
3296
3297
3301
3304
3304
3321
3321
3323
3332
3333
3335
3335
3341
3343
3351
3353
3356
3361
3363
3364
3367
3370
3370
3370
3372
3373
3375
3378
3384
3386
3390
3398
3401
3408
3408
3416
3416
3428
3434
3434
3435
3439
3440
3441
3446
3447
3456
3457
3462
3463
3464
3471
3477
3480
3482
3482
3484
3487
3490
3492
3492
3497
3499
3502
3503
3508
3515
3517
3523
3525
3530
3533
3537
3543
3547
3548
3549
3551
3556
3563
3566
3567
3569
3571
3573
3579
3580
3589
3594
3594
3598
3601
3604
3605
3608
3615
3622
3624
3626
3628
3629
3630
3631
3634
3635
3636
3639
3641
3642
3647
3652
3660
3668
3668
3671
3671
3672
3678
3682
3684
3685
3686
3689
3690
3693
3702
3703
3703
3709
3715
3721
3725
3725
3726
3727
3727
3728
3733
3734
3734
3736
3738
3749
3752
3757
3758
3759
3760
3763
3764
3764
3769
3769
3771
3776
3777
3788
3789
3793
3796
3797
3797
3803
3806
3807
3812
3815
3815
3815
3817
3819
3822
3823
3823
3827
3828
3832
3834
3841
3843
3844
3847
3850
3852
3869
3870
3871
3872
3878
3889
3889
3893
3894
3897
3901
3905
3908
3910
3910
3911
3913
3914
3915
3917
3921
3924
3927
3932
3934
3946
3952
3956
3969
3976
3977
3994
3996
3997
3998
4000
4001
4011
4017
4021
4025
4025
4028
4033
4036
4036
4039
4040
4046
4052
4056
4057
4058
4077
4077
4089
4091
4094
4099
4099
4102
4109
4111
4112
4113
4113
4117
4117
4118
4119
4125
4125
4127
4128
4133
4137
4140
4143
4149
4153
4157
4159
4165
4166
4167
4168
4169
4170
4173
4176
4179
4184
4186
4187
4191
4194
4194
4207
4208
4209
4211
4211
4215
4221
4224
4230
4242
4243
4243
4249
4249
4253
4253
4255
4261
4264
4268
4274
4276
4279
4284
4286
4289
4289
4294
4298
4299
4299
4307
4311
4312
4321
4322
4325
4328
4331
4338
4339
4343
4347
4352
4354
4357
4359
4365
4366
4369
4370
4371
4380
4391
4391
4393
4393
4402
4409
4411
4415
4419
4420
4422
4424
4425
4428
4428
4430
4432
4436
4439
4440
4445
4450
4450
4452
4455
4456
4457
4460
4460
4464
4464
4464
4468
4470
4472
4474
4474
4475
4479
4484
4489
4493
4502
4502
4504
4504
4504
4505
4506
4508
4509
4512
4513
4516
4519
4525
4530
4533
4534
4535
4535
4539
4548
4550
4556
4558
4562
4564
4566
4570
4571
4574
4579
4581
4583
4583
4591
4596
4608
4615
4616
4616
4617
4621
4621
4621
4622
4625
4627
4627
4628
4628
4639
4642
4645
4651
4652
4655
4658
4659
4663
4664
4666
4669
4671
4672
4673
4675
4681
4682
4683
4688
4695
4701
4701
4707
4713
4718
4718
4719
4723
4725
4727
4730
4732
4735
4738
4739
4740
4743
4754
4756
4757
4759
4764
4764
4768
4768
4769
4778
4779
4789
4791
4791
4791
4792
4793
4796
4797
4798
4801
4803
4803
4805
4806
4806
4808
4811
4812
4814
4816
4823
4826
4828
4832
4834
4836
4844
4847
4848
4856
4857
4864
4869
4878
4884
4903
4906
4907
4909
4920
4924
4924
4927
4930
4934
4935
4936
4940
4943
4949
4951
4957
4958
4960
4963
4966
4967
4968
4971
4976
4981
4985
4987
4993
4994
4996
4998
5000
5002
5002
5007
5008
5009
5014
5020
5025
5028
5032
5033
5035
5040
5043
5043
5044
5047
5047
5056
5057
5057
5057
5058
5062
5063
5067
5072
5074
5079
5084
5096
5097
5098
5102
5103
5104
5106
5109
5110
5113
5118
5128
5134
5135
5148
5149
5157
5162
5163
5163
5165
5172
5172
5175
5179
5187
5189
5197
5204
5205
5208
5215
5218
5221
5221
5225
5232
5235
5238
5241
5244
5245
5249
5250
5255
5258
5258
5259
5267
5274
5274
5279
5279
5283
5283
5283
5291
5296
5298
5298
5302
5304
5309
5314
5321
5327
5330
5335
5335
5339
5345
5345
5350
5351
5351
5351
5352
5360
5362
5365
5370
5371
5379
5380
5386
5391
5392
5399
5403
5406
5412
5414
5415
5417
5421
5423
5424
5432
5432
5433
5437
5447
5458
5463
5467
5472
5474
5475
5475
5479
5480
5489
5489
5492
5495
5495
5498
5498
5510
5512
5512
5516
5522
5524
5524
5529
5533
5533
5535
5537
5541
5544
5553
5554
5555
5556
5557
5562
5569
5570
5570
5571
5574
5576
5576
5584
5584
5584
5592
5593
5594
5596
5598
5600
5600
5601
5605
5607
5609
5609
5612
5613
5613
5621
5621
5627
5634
5636
5641
5643
5648
5655
5656
5659
5662
5664
5666
5675
5679
5680
5682
5685
5700
5706
5706
5713
5714
5716
5721
5722
5723
5732
5737
5737
5737
5738
5738
5743
5744
5744
5745
5746
5752
5760
5762
5773
5774
5777
5785
5787
5788
5794
5796
5798
5801
5801
5806
5806
5809
5813
5814
5824
5831
5833
5837
5837
5845
5846
5851
5852
5858
5859
5864
5865
5869
5870
5876
5884
5885
5886
5888
5891
5896
5900
5902
5904
5911
5914
5915
5925
5931
5933
5933
5937
5939
5945
5953
5957
5958
5958
5961
5964
5972
5972
5976
5984
5985
5987
5989
5990
5991
5996
6001
6007
6011
6011
6016
6017
6022
6025
6025
6036
6037
6039
6040
6044
6045
6045
6054
6058
6063
6067
6069
6070
6074
6076
6080
6085
6091
6091
6095
6095
6098
6098
6099
6100
6105
6106
6107
6129
6131
6133
6134
6135
6139
6140
6141
6146
6148
6163
6165
6169
6173
6174
6175
6175
6178
6180
6187
6187
6189
6190
6192
6195
6196
6202
6202
6209
6216
6220
6223
6228
6238
6241
6241
6243
6246
6252
6253
6255
6255
6255
6256
6259
6261
6262
6263
6264
6264
6268
6269
6274
6275
6275
6277
6279
6280
6282
6282
6287
6288
6288
6292
6293
6296
6296
6296
6307
6311
6312
6312
6313
6318
6333
6337
6341
6346
6348
6357
6360
6369
6370
6375
6379
6380
6381
6382
6387
6390
6395
6395
6396
6397
6401
6408
6414
6416
6423
6427
6428
6431
6431
6432
6435
6436
6437
6439
6446
6447
6448
6453
6460
6466
6472
6473
6475
6481
6482
6484
6485
6489
6490
6491
6491
6500
6508
6513
6519
6520
6521
6528
6530
6533
6538
6540
6543
6545
6556
6564
6564
6569
6571
6581
6581
6582
6582
6588
6589
6592
6595
6597
6607
6610
6613
6617
6618
6619
6632
6633
6634
6635
6636
6641
6650
6652
6654
6657
6662
6662
6668
6668
6669
6674
6678
6679
6679
6679
6679
6684
6684
6689
6695
6696
6696
6700
6700
6705
6706
6707
6732
6733
6736
6739
6741
6745
6746
6746
6748
6749
6753
6762
6769
6771
6772
6773
6775
6776
6778
6785
6785
6790
6793
6794
6795
6796
6797
6805
6808
6809
6812
6813
6819
6822
6827
6827
6829
6830
6830
6830
6834
6838
6839
6840
6847
6851
6858
6858
6867
6870
6871
6871
6872
6876
6890
6898
6901
6909
6909
6913
6916
6919
6922
6927
6928
6930
6937
6942
6949
6949
6959
6963
6963
6966
6968
6968
6969
6971
6975
6980
6981
6983
6984
6986
6993
6994
6994
6999
7001
7003
7003
7007
7012
7017
7017
7017
7023
7023
7025
7038
7043
7056
7058
7066
7067
7068
7078
7081
7081
7083
7083
7089
7094
7095
7095
7097
7097
7098
7099
7099
7107
7109
7112
7112
7115
7118
7134
7136
7139
7141
7142
7145
7146
7147
7148
7149
7152
7154
7157
7160
7160
7160
7166
7170
7172
7172
7173
7175
7182
7193
7197
7198
7199
7205
7207
7211
7211
7214
7220
7224
7227
7227
7228
7235
7235
7237
7238
7240
7241
7243
7245
7252
7254
7254
7255
7257
7257
7259
7259
7261
7261
7266
7266
7269
7269
7271
7271
7278
7280
7282
7286
7288
7303
7305
7307
7307
7312
7312
7312
7314
7314
7315
7315
7317
7325
7326
7337
7338
7338
7339
7343
7350
7352
7356
7358
7358
7365
7367
7367
7368
7369
7375
7380
7381
7382
7384
7385
7389
7390
7398
7401
7409
7424
7428
7429
7432
7432
7436
7440
7443
7445
7446
7450
7451
7452
7454
7456
7460
7465
7466
7486
7487
7488
7488
7490
7503
7509
7514
7516
7517
7519
7521
7523
7531
7534
7539
7540
7541
7575
7577
7577
7577
7580
7580
7588
7591
7591
7598
7601
7602
7610
7613
7614
7621
7624
7632
7633
7634
7636
7640
7645
7645
7651
7654
7655
7659
7667
7680
7683
7684
7686
7688
7689
7689
7689
7695
7696
7703
7705
7710
7711
7728
7732
7738
7738
7741
7751
7752
7757
7760
7761
7763
7765
7767
7774
7781
7781
7781
7784
7785
7788
7789
7791
7792
7793
7794
7797
7798
7799
7802
7803
7808
7813
7817
7818
7825
7827
7835
7840
7846
7847
7850
7850
7853
7861
7861
7864
7864
7867
7868
7872
7874
7877
7877
7880
7887
7892
7895
7895
7900
7902
7905
7918
7923
7926
7926
7928
7940
7941
7942
7946
7948
7948
7952
7962
7963
7968
7969
7978
7982
7984
7987
7991
7992
7996
7997
8000
8000
8001
8002
8004
8013
8019
8021
8027
8029
8030
8030
8031
8031
8033
8039
8043
8044
8044
8045
8045
8048
8051
8052
8054
8062
8064
8066
8069
8077
8077
8080
8091
8093
8096
8102
8102
8110
8110
8117
8127
8129
8131
8134
8136
8136
8139
8141
8143
8151
8155
8165
8168
8175
8182
8183
8188
8192
8193
8197
8198
8208
8212
8220
8222
8226
8227
8228
8238
8239
8240
8243
8244
8245
8246
8246
8247
8247
8248
8251
8252
8254
8254
8259
8267
8273
8278
8279
8281
8285
8286
8287
8288
8289
8293
8298
8303
8303
8303
8306
8306
8310
8312
8313
8315
8321
8326
8326
8328
8331
8336
8337
8348
8355
8356
8364
8365
8368
8372
8374
8381
8382
8384
8387
8389
8390
8396
8397
8397
8399
8401
8402
8403
8412
8414
8420
8421
8427
8428
8429
8430
8434
8442
8443
8444
8445
8445
8445
8446
8446
8449
8455
8458
8461
8468
8473
8475
8482
8486
8490
8497
8501
8504
8507
8507
8508
8509
8521
8523
8523
8525
8527
8532
8533
8534
8534
8551
8551
8555
8556
8557
8563
8565
8565
8568
8577
8579
8579
8580
8585
8589
8603
8604
8608
8615
8617
8621
8625
8626
8631
8637
8638
8639
8659
8668
8671
8676
8679
8682
8684
8684
8686
8691
8693
8694
8698
8698
8700
8702
8704
8709
8723
8731
8735
8737
8739
8746
8746
8746
8752
8753
8760
8761
8764
8767
8768
8776
8781
8782
8783
8784
8788
8794
8804
8805
8806
8808
8810
8811
8818
8826
8829
8830
8831
8834
8842
8843
8850
8852
8853
8853
8855
8860
8863
8866
8868
8871
8878
8882
8884
8886
8895
8895
8900
8900
8901
8902
8903
8909
8918
8920
8922
8924
8925
8929
8933
8938
8941
8941
8942
8943
8945
8955
8959
8960
8964
8965
8965
8969
8970
8976
8977
8979
8988
8993
9005
9018
9020
9022
9035
9043
9048
9051
9052
9054
9055
9055
9057
9063
9072
9074
9078
9078
9093
9096
9098
9101
9106
9109
9111
9111
9119
9122
9123
9126
9128
9130
9132
9133
9147
9148
9153
9159
9162
9167
9170
9176
9176
9177
9178
9185
9189
9190
9191
9195
9196
9200
9201
9203
9206
9214
9214
9220
9222
9223
9225
9228
9229
9231
9232
9236
9241
9241
9245
9258
9261
9267
9268
9271
9273
9277
9277
9281
9282
9283
9287
9294
9298
9300
9300
9305
9311
9314
9317
9319
9319
9320
9326
9328
9328
9329
9331
9334
9340
9341
9341
9341
9344
9348
9349
9350
9351
9352
9356
9357
9357
9358
9360
9360
9365
9366
9366
9371
9373
9374
9377
9377
9378
9378
9379
9383
9384
9384
9384
9389
9391
9391
9394
9396
9400
9406
9408
9412
9420
9427
9430
9431
9433
9434
9435
9435
9444
9448
9452
9465
9473
9477
9482
9489
9491
9491
9492
9492
9494
9497
9499
9499
9499
9501
9507
9516
9518
9518
9520
9526
9528
9532
9532
9533
9539
9540
9541
9545
9545
9556
9558
9567
9568
9574
9575
9579
9581
9590
9592
9604
9605
9606
9609
9610
9615
9629
9629
9635
9636
9636
9642
9655
9655
9664
9664
9668
9669
9675
9676
9680
9683
9684
9700
9710
9714
9716
9716
9721
9729
9729
9733
9736
9737
9742
9744
9753
9756
9758
9762
9763
9766
9768
9769
9771
9774
9779
9779
9780
9781
9786
9794
9804
9805
9805
9809
9810
9814
9815
9819
9820
9827
9834
9838
9840
9853
9859
9866
9870
9871
9874
9879
9879
9884
9888
9896
9896
9898
9904
9906
9906
9914
9915
9917
9921
9922
9923
9927
9928
9940
9943
9946
9947
9948
9953
9964
9967
9968
9968
9970
9972
9973
9974
9977
9982
9983
9987
9989
9990
9993
9995
9997
9998
10003
10007
10016
10019
10022
10022
10022
10023
10023
10033
10034
10041
10046
10048
10049
10050
10051
10055
10066
10071
10072
10080
10082
10083
10084
10092
10094
10100
10112
10117
10119
10121
10122
10122
10123
10124
10128
10129
10132
10135
10138
10147
10147
10148
10149
10151
10154
10154
10156
10157
10158
10160
10160
10161
10166
10166
10171
10173
10182
10196
10202
10212
10214
10219
10219
10222
10223
10235
10235
10236
10245
10250
10251
10255
10257
10258
10260
10262
10265
10267
10268
10268
10269
10270
10275
10278
10279
10282
10289
10290
10291
10294
10296
10297
10299
10317
10319
10321
10323
10324
10324
10336
10344
10355
10356
10359
10362
10364
10365
10371
10371
10374
10375
10377
10377
10378
10383
10390
10394
10403
10407
10408
10414
10415
10424
10425
10428
10429
10447
10453
10456
10458
10459
10461
10463
10466
10467
10467
10469
10469
10471
10474
10474
10475
10481
10482
10484
10485
10490
10491
10492
10495
10496
10503
10509
10513
10513
10521
10524
10527
10527
10533
10536
10543
10543
10548
10552
10553
10553
10555
10557
10557
10558
10560
10561
10564
10565
10575
10575
10577
10580
10583
10587
10597
10597
10599
10603
10615
10615
10618
10629
10631
10639
10641
10643
10646
10651
10655
10660
10661
10667
10669
10673
10675
10677
10679
10679
10679
10680
10687
10691
10692
10695
10696
10703
10708
10709
10713
10715
10715
10719
10730
10732
10736
10742
10744
10747
10748
10752
10753
10754
10757
10758
10758
10762
10771
10772
10772
10776
10780
10781
10781
10784
10786
10788
10789
10789
10790
10792
10802
10806
10808
10811
10818
10818
10822
10823
10828
10829
10836
10836
10846
10846
10851
10851
10852
10854
10854
10861
10861
10867
10876
10881
10882
10883
10885
10889
10898
10898
10900
10903
10908
10915
10922
10923
10929
10931
10935
10938
10942
10943
10946
10950
10953
10956
10956
10960
10962
10963
10969
10970
10971
10974
10977
10980
10980
10981
10982
10983
10987
10988
10988
10989
10992
10994
10995
10996
11003
11004
11007
11010
11010
11011
11012
11012
11016
11016
11017
11022
11023
11026
11026
11026
11027
11038
11039
11045
11048
11049
11050
11050
11052
11056
11056
11064
11064
11064
11067
11072
11073
11075
11081
11092
11092
11093
11096
11099
11099
11107
11107
11108
11109
11110
11117
11123
11124
11129
11130
11131
11134
11135
11142
11153
11158
11161
11162
11165
11166
11174
11175
11178
11182
11183
11187
11188
11190
11193
11197
11201
11201
11202
11203
11206
11210
11216
11217
11219
11222
11224
11224
11228
11229
11231
11242
11248
11250
11256
11261
11262
11271
11274
11276
11281
11284
11286
11287
11291
11294
11299
11305
11312
11318
11337
11337
11348
11354
11358
11360
11362
11363
11369
11370
11371
11372
11373
11375
11376
11376
11381
11382
11384
11384
11385
11387
11391
11402
11404
11405
11411
11421
11421
11425
11431
11432
11434
11435
11440
11452
11458
11460
11464
11470
11472
11480
11486
11487
11495
11501
11509
11510
11512
11513
11516
11517
11521
11526
11527
11534
11536
11539
11540
11541
11541
11543
11545
11546
11547
11548
11548
11550
11551
11552
11552
11555
11558
11562
11564
11572
11574
11580
11582
11583
11583
11583
11588
11589
11591
11599
11599
11615
11618
11620
11621
11622
11627
11627
11628
11634
11637
11641
11656
11658
11660
11664
11668
11668
11669
11670
11670
11676
11677
11678
11681
11684
11686
11687
11692
11692
11694
11699
11706
11709
11710
11716
11717
11720
11729
11732
11737
11744
11749
11758
11763
11764
11766
11771
11774
11776
11776
11783
11789
11789
11790
11803
11804
11807
11809
11812
11818
11820
11826
11833
11840
11848
11848
11853
11858
11860
11861
11861
11867
11873
11874
11877
11884
11888
11888
11896
11900
11903
11904
11916
11916
11918
11921
11924
11926
11933
11934
11934
11934
11935
11936
11937
11938
11940
11941
11949
11960
11961
11969
11976
11981
11983
11984
11990
11991
11993
11995
11996
12003
12006
12012
12012
12015
12017
12019
12019
12022
12026
12035
12038
12045
12045
12046
12051
12053
12053
12059
12062
12069
12084
12084
12087
12092
12092
12093
12094
12097
12110
12111
12111
12113
12119
12120
12124
12124
12126
12128
12131
12132
12142
12143
12145
12153
12157
12159
12164
12169
12173
12173
12175
12177
12178
12179
12182
12182
12184
12186
12186
12192
12196
12202
12209
12212
12212
12221
12221
12222
12222
12230
12245
12251
12254
12263
12264
12276
12279
12279
12281
12284
12292
12295
12297
12307
12311
12314
12315
12319
12321
12333
12334
12344
12344
12345
12348
12361
12361
12362
12362
12362
12365
12367
12372
12382
12385
12388
12389
12392
12394
12396
12396
12399
12400
12407
12407
12408
12408
12408
12410
12413
12417
12418
12419
12422
12426
12428
12432
12433
12435
12435
12437
12439
12440
12448
12448
12451
12452
12459
12459
12460
12461
12467
12470
12470
12471
12472
12473
12480
12482
12482
12485
12489
12489
12495
12499
12500
12502
12503
12508
12511
12517
12530
12532
12536
12537
12538
12541
12542
12543
12548
12554
12554
12562
12573
12573
12573
12574
12576
12576
12577
12590
12590
12592
12592
12595
12596
12609
12613
12617
12619
12623
12623
12629
12641
12647
12647
12659
12664
12677
12678
12681
12683
12686
12690
12696
12700
12702
12703
12704
12705
12707
12709
12713
12714
12714
12718
12719
12721
12727
12728
12730
12737
12741
12742
12745
12748
12752
12756
12764
12769
12775
12776
12776
12779
12779
12784
12789
12789
12800
12805
12806
12808
12812
12815
12819
12819
12831
12834
12834
12836
12837
12841
12843
12846
12852
12857
12861
12863
12866
12873
12877
12878
12883
12888
12894
12896
12897
12902
12903
12906
12908
12913
12913
12914
12914
12919
12920
12926
12928
12936
12938
12938
12939
12940
12941
12946
12946
12951
12952
12957
12961
12962
12967
12968
12970
12973
12974
12974
12979
12980
12986
12987
12987
12988
12992
12993
13001
13003
13006
13007
13012
13012
13017
13019
13026
13029
13029
13033
13039
13045
13045
13053
13055
13068
13073
13073
13074
13080
13085
13097
13097
13097
13101
13104
13105
13113
13118
13122
13125
13127
13132
13140
13146
13147
13156
13156
13160
13161
13166
13166
13167
13170
13173
13175
13177
13180
13183
13184
13185
13190
13193
13194
13203
13204
13209
13212
13212
13214
13216
13218
13231
13234
13239
13239
13241
13243
13247
13250
13251
13261
13267
13273
13275
13281
13284
13285
13289
13290
13293
13296
13298
13310
13315
13316
13318
13319
13326
13329
13338
13342
13344
13344
13347
13347
13350
13352
13360
13362
13363
13369
13370
13372
13381
13381
13382
13391
13393
13395
13398
13399
13400
13402
13408
13410
13413
13417
13423
13425
13429
13436
13438
13440
13450
13452
13453
13453
13454
13456
13460
13463
13463
13465
13466
13466
13468
13475
13483
13484
13492
13498
13500
13504
13515
13517
13523
13526
13535
13537
13544
13549
13551
13554
13557
13560
13571
13572
13573
13575
13577
13578
13583
13584
13589
13592
13594
13599
13605
13609
13611
13611
13614
13615
13619
13633
13634
13637
13637
13649
13649
13654
13654
13656
13657
13660
13662
13674
13676
13678
13683
13688
13689
13690
13691
13699
13701
13706
13707
13707
13712
13717
13722
13723
13727
13727
13739
13739
13744
13744
13747
13749
13750
13755
13758
13761
13763
13764
13767
13769
13769
13774
13782
13786
13788
13791
13794
13803
13804
13805
13812
13814
13821
13831
13834
13836
13841
13842
13843
13845
13846
13847
13861
13864
13871
13871
13878
13879
13880
13881
13881
13882
13887
13892
13895
13897
13898
13900
13911
13915
13916
13922
13934
13940
13946
13949
13949
13951
13952
13953
13955
13956
13962
13966
13970
13975
13975
13978
13979
13985
13986
13997
14002
14005
14007
14011
14012
14017
14020
14023
14024
14025
14026
14029
14030
14031
14034
14039
14042
14043
14046
14048
14048
14051
14055
14055
14058
14058
14060
14064
14065
14067
14073
14074
14075
14077
14087
14088
14088
14089
14091
14096
14096
14101
14103
14104
14106
14113
14113
14113
14121
14124
14125
14127
14128
14128
14132
14136
14145
14147
14149
14153
14157
14161
14168
14169
14171
14176
14180
14188
14189
14196
14196
14199
14201
14203
14204
14210
14215
14216
14217
14220
14224
14227
14231
14235
14235
14236
14237
14239
14244
14254
14256
14260
14263
14273
14276
14276
14277
14294
14300
14305
14306
14310
14312
14319
14319
14320
14322
14336
14336
14351
14357
14358
14362
14364
14369
14370
14372
14375
14378
14381
14384
14392
14395
14403
14404
14406
14407
14412
14414
14422
14423
14426
14434
14434
14436
14439
14446
14450
14451
14455
14457
14459
14462
14471
14481
14481
14483
14484
14493
14499
14502
14510
14514
14514
14514
14520
14522
14526
14528
14528
14539
14539
14541
14544
14545
14553
14557
14563
14563
14568
14568
14571
14577
14578
14581
14582
14583
14591
14596
14601
14606
14607
14609
14610
14620
14624
14631
14631
14631
14633
14637
14645
14646
14649
14651
14653
14653
14654
14657
14659
14663
14663
14666
14669
14669
14672
14674
14674
14678
14679
14682
14685
14686
14688
14688
14690
14692
14693
14695
14696
14696
14697
14699
14699
14705
14705
14705
14708
14709
14721
14721
14722
14724
14725
14727
14732
14737
14737
14739
14742
14746
14746
14750
14762
14763
14772
14774
14787
14794
14794
14794
14796
14796
14799
14800
14801
14804
14805
14807
14810
14819
14823
14825
14829
14830
14839
14840
14841
14844
14850
14852
14857
14857
14857
14862
14865
14866
14868
14868
14874
14875
14879
14881
14883
14884
14886
14887
14888
14893
14900
14902
14905
14906
14908
14910
14915
14918
14928
14930
14930
14930
14932
14939
14943
14944
14952
14954
14956
14958
14959
14964
14976
14977
14980
14982
14989
14999
14999
15005
15010
15011
15013
15014
15018
15020
15020
15021
15021
15022
15028
15031
15033
15034
15036
15043
15045
15046
15050
15051
15053
15058
15065
15070
15076
15077
15081
15082
15089
15092
15093
15093
15094
15096
15100
15101
15101
15107
15108
15111
15116
15117
15118
15126
15137
15141
15143
15148
15149
15149
15151
15152
15153
15155
15156
15160
15160
15184
15185
15185
15188
15191
15193
15200
15203
15204
15208
15213
15220
15233
15256
15258
15259
15260
15268
15273
15280
15288
15288
15292
15293
15295
15296
15301
15305
15306
15310
15316
15320
15330
15334
15334
15334
15340
15343
15350
15355
15356
15357
15361
15364
15365
15368
15373
15383
15383
15386
15386
15390
15395
15396
15397
15398
15408
15409
15415
15418
15423
15424
15431
15431
15433
15433
15434
15445
15445
15447
15451
15451
15454
15459
15462
15464
15466
15468
15476
15480
15482
15484
15485
15487
15488
15490
15494
15503
15504
15507
15509
15510
15514
15514
15514
15519
15520
15529
15531
15546
15547
15551
15554
15556
15556
15564
15565
15565
15566
15577
15582
15582
15593
15595
15599
15599
15608
15617
15619
15624
15625
15628
15631
15634
15635
15636
15637
15645
15648
15654
15654
15655
15656
15656
15658
15662
15670
15673
15673
15674
15681
15692
15694
15695
15698
15706
15714
15714
15721
15721
15726
15728
15731
15733
15734
15736
15736
15737
15743
15745
15746
15749
15760
15761
15774
15775
15778
15779
15781
15789
15791
15793
15794
15796
15799
15800
15801
15806
15809
15815
15815
15816
15816
15821
15823
15825
15826
15828
15841
15845
15854
15863
15869
15870
15876
15880
15880
15886
15896
15899
15900
15902
15903
15905
15910
15910
15912
15917
15919
15923
15925
15927
15928
15930
15931
15939
15947
15951
15952
15953
15963
15964
15971
15973
15976
15976
15988
15989
15991
15992
15997
16007
16009
16011
16012
16015
16016
16016
16017
16017
16017
16020
16024
16026
16030
16038
16039
16043
16051
16060
16060
16069
16078
16080
16080
16081
16081
16085
16086
16090
16093
16095
16101
16105
16107
16110
16111
16112
16113
16115
16115
16116
16120
16121
16126
16128
16131
16132
16137
16139
16139
16145
16149
16154
16156
16161
16163
16167
16167
16172
16175
16176
16177
16181
16184
16190
16191
16196
16199
16205
16208
16210
16212
16212
16213
16214
16217
16218
16221
16222
16225
16227
16229
16229
16230
16230
16235
16236
16237
16239
16240
16242
16248
16253
16257
16259
16266
16269
16273
16286
16289
16299
16306
16306
16307
16309
16309
16313
16314
16325
16328
16329
16329
16337
16344
16345
16349
16355
16360
16362
16365
16368
16368
16371
16376
16376
16384
16384
16386
16389
16390
16393
16396
16399
16415
16417
16419
16430
16434
16441
16451
16451
16451
16457
16459
16466
16472
16472
16473
16482
16482
16482
16490
16492
16493
16494
16501
16511
16512
16512
16516
16524
16525
16526
16535
16538
16543
16547
16558
16561
16564
16569
16570
16571
16571
16579
16588
16588
16588
16590
16595
16602
16605
16609
16610
16612
16613
16614
16617
16619
16620
16624
16624
16624
16634
16635
16638
16639
16641
16643
16644
16645
16650
16653
16655
16661
16663
16664
16667
16674
16683
16693
16695
16703
16707
16714
16714
16715
16715
16720
16722
16726
16728
16729
16744
16748
16748
16750
16750
16752
16752
16755
16755
16757
16757
16763
16764
16765
16767
16774
16774
16778
16778
16782
16787
16788
16788
16788
16795
16802
16805
16810
16813
16816
16827
16828
16829
16831
16833
16833
16845
16845
16846
16850
16857
16858
16859
16862
16869
16874
16878
16879
16886
16889
16893
16897
16899
16899
16900
16903
16903
16904
16904
16909
16919
16919
16925
16930
16935
16935
16945
16948
16969
16971
16973
16973
16978
16984
16988
16988
16989
16990
16994
16999
16999
17002
17006
17006
17007
17018
17019
17021
17024
17024
17024
17027
17032
17034
17045
17049
17049
17056
17057
17069
17071
17078
17081
17083
17087
17087
17095
17096
17101
17103
17107
17108
17109
17109
17112
17120
17121
17129
17133
17140
17146
17153
17161
17165
17166
17167
17168
17170
17170
17172
17175
17180
17183
17187
17189
17191
17201
17206
17206
17208
17211
17213
17217
17222
17222
17226
17227
17235
17235
17242
17244
17245
17246
17254
17265
17267
17270
17271
17272
17275
17276
17277
17281
17282
17282
17283
17285
17288
17292
17292
17294
17294
17300
17304
17306
17312
17316
17316
17318
17322
17327
17330
17333
17336
17340
17342
17346
17347
17348
17348
17364
17371
17380
17387
17389
17390
17392
17395
17395
17400
17403
17406
17408
17413
17415
17416
17419
17420
17422
17425
17432
17439
17444
17447
17449
17450
17452
17455
17456
17458
17460
17462
17470
17475
17481
17484
17492
17495
17500
17500
17501
17502
17508
17510
17516
17522
17532
17544
17544
17545
17547
17549
17549
17554
17555
17558
17568
17572
17587
17591
17595
17596
17602
17604
17611
17611
17612
17633
17637
17638
17643
17644
17645
17646
17651
17654
17660
17663
17668
17671
17674
17674
17675
17675
17676
17680
17683
17685
17688
17694
17701
17702
17704
17709
17709
17713
17714
17720
17721
17721
17722
17726
17727
17729
17729
17731
17733
17736
17739
17743
17749
17753
17755
17760
17764
17776
17776
17779
17780
17782
17784
17786
17792
17793
17794
17797
17819
17822
17824
17826
17827
17838
17841
17842
17843
17845
17847
17855
17860
17862
17865
17868
17874
17879
17880
17887
17894
17898
17901
17908
17911
17912
17913
17916
17924
17927
17929
17934
17939
17940
17942
17945
17947
17953
17954
17955
17959
17961
17963
17965
17967
17968
17969
17969
17971
17973
17973
17980
17981
17982
17987
17988
17990
17995
17996
17998
18007
18009
18020
18024
18025
18034
18039
18048
18065
18074
18078
18079
18083
18084
18097
18098
18100
18100
18105
18106
18111
18124
18125
18128
18130
18131
18133
18135
18136
18139
18141
18142
18145
18146
18153
18160
18161
18166
18174
18175
18183
18187
18190
18194
18196
18197
18197
18207
18211
18212
18214
18217
18222
18232
18234
18237
18238
18238
18240
18241
18243
18249
18253
18257
18258
18259
18265
18268
18271
18282
18282
18285
18285
18285
18286
18287
18302
18309
18313
18316
18316
18321
18329
18330
18331
18333
18334
18338
18346
18349
18351
18352
18360
18364
18364
18364
18364
18368
18370
18375
18375
18378
18379
18386
18386
18395
18396
18396
18403
18410
18416
18421
18422
18425
18427
18433
18433
18433
18437
18440
18440
18450
18452
18453
18457
18459
18459
18459
18464
18466
18467
18469
18469
18469
18472
18476
18481
18497
18502
18503
18505
18515
18516
18520
18523
18525
18535
18537
18539
18546
18547
18556
18556
18557
18559
18560
18562
18571
18572
18572
18573
18574
18576
18578
18581
18581
18586
18590
18591
18592
18615
18616
18616
18620
18632
18632
18643
18646
18651
18652
18660
18662
18666
18666
18668
18669
18676
18679
18680
18680
18683
18686
18688
18689
18696
18716
18722
18728
18729
18730
18732
18733
18737
18741
18744
18744
18748
18752
18756
18757
18761
18763
18765
18766
18766
18770
18771
18772
18779
18780
18783
18784
18798
18799
18801
18804
18809
18809
18812
18822
18823
18823
18826
18830
18834
18840
18843
18850
18852
18853
18856
18856
18857
18858
18861
18862
18865
18868
18873
18874
18874
18885
18891
18902
18903
18904
18904
18907
18908
18911
18913
18926
18927
18929
18932
18935
18950
18950
18954
18956
18958
18959
18960
18961
18965
18973
18973
18976
18997
19007
19012
19019
19026
19030
19032
19034
19045
19052
19052
19057
19063
19063
19073
19075
19078
19078
19086
19091
19094
19094
19103
19105
19107
19109
19111
19112
19113
19121
19123
19123
19130
19132
19132
19135
19135
19141
19145
19149
19151
19157
19157
19169
19172
19180
19185
19185
19185
19187
19194
19195
19200
19202
19206
19208
19211
19212
19215
19219
19220
19224
19226
19226
19229
19229
19232
19235
19237
19238
19240
19243
19245
19245
19254
19263
19268
19271
19280
19289
19294
19295
19298
19300
19306
19308
19314
19316
19316
19329
19330
19332
19335
19336
19339
19339
19340
19346
19349
19351
19357
19359
19366
19376
19379
19380
19383
19386
19390
19394
19398
19402
19404
19406
19407
19412
19417
19422
19422
19424
19426
19426
19443
19444
19449
19450
19450
19451
19458
19470
19472
19475
19475
19476
19486
19487
19487
19493
19494
19497
19498
19500
19505
19506
19506
19514
19518
19520
19521
19522
19544
19558
19561
19561
19566
19569
19572
19573
19579
19579
19586
19594
19595
19595
19607
19608
19611
19615
19617
19619
19622
19623
19626
19626
19627
19627
19627
19628
19629
19632
19632
19642
19645
19648
19658
19659
19662
19670
19672
19673
19687
19691
19694
19698
19701
19703
19711
19713
19713
19719
19719
19720
19726
19730
19733
19738
19740
19740
19746
19759
19761
19776
19777
19778
19779
19784
19786
19809
19810
19810
19817
19819
19820
19820
19821
19824
19825
19826
19830
19833
19838
19839
19848
19849
19850
19853
19868
19871
19872
19874
19876
19878
19880
19883
19884
19886
19886
19887
19888
19894
19900
19902
19902
19904
19907
19910
19910
19913
19915
19915
19916
19919
19921
19928
19930
19931
19933
19934
19936
19944
19954
19962
19963
19968
19969
19970
19975
19977
19981
19982
19992
19993
19994
20001
20011
20012
20019
20020
20023
20026
20038
20038
20049
20050
20053
20056
20056
20059
20060
20062
20066
20067
20068
20070
20072
20073
20076
20079
20080
20082
20086
20087
20091
20095
20095
20100
20100
20104
20105
20111
20116
20117
20118
20119
20120
20131
20139
20142
20145
20146
20147
20149
20154
20168
20178
20178
20178
20181
20190
20195
20195
20197
20202
20203
20206
20208
20211
20212
20213
20214
20218
20219
20227
20228
20229
20237
20246
20247
20252
20255
20258
20263
20264
20265
20269
20280
20294
20295
20300
20309
20310
20310
20314
20316
20317
20319
20323
20323
20323
20329
20333
20335
20335
20338
20339
20342
20343
20344
20346
20347
20347
20349
20351
20352
20355
20355
20357
20359
20372
20372
20373
20374
20377
20377
20379
20385
20393
20397
20399
20404
20405
20406
20409
20409
20410
20411
20411
20415
20416
20419
20424
20425
20428
20429
20436
20443
20444
20446
20448
20454
20456
20467
20468
20472
20494
20498
20498
20509
20515
20516
20522
20526
20528
20531
20535
20536
20540
20542
20543
20548
20549
20554
20558
20558
20568
20571
20577
20579
20580
20581
20584
20585
20586
20586
20593
20594
20596
20597
20599
20599
20601
20608
20610
20610
20614
20618
20627
20628
20630
20630
20632
20634
20634
20636
20637
20646
20648
20649
20650
20652
20656
20658
20667
20672
20680
20681
20682
20685
20687
20688
20689
20694
20698
20699
20702
20710
20711
20721
20726
20730
20739
20740
20741
20746
20748
20757
20757
20763
20763
20764
20765
20766
20767
20770
20778
20778
20778
20780
20781
20782
20784
20785
20790
20795
20801
20801
20803
20806
20807
20809
20813
20815
20816
20820
20822
20824
20824
20838
20838
20842
20854
20856
20858
20859
20859
20862
20865
20872
20878
20881
20885
20886
20892
20896
20899
20902
20902
20903
20909
20927
20929
20932
20942
20943
20952
20952
20952
20954
20956
20957
20958
20958
20958
20961
20961
20971
20976
20985
20985
20990
20992
20994
20996
20998
21007
21009
21010
21011
21029
21029
21031
21034
21038
21047
21051
21059
21066
21068
21071
21075
21078
21083
21090
21094
21098
21106
21109
21111
21113
21123
21135
21136
21144
21160
21161
21163
21168
21168
21169
21179
21185
21187
21189
21191
21197
21201
21203
21207
21211
21214
21216
21219
21223
21230
21233
21234
21244
21252
21252
21252
21253
21265
21265
21272
21275
21277
21284
21284
21286
21289
21297
21300
21307
21318
21319
21319
21328
21330
21330
21333
21335
21335
21336
21338
21338
21345
21350
21354
21356
21357
21362
21363
21368
21369
21371
21372
21373
21374
21374
21389
21406
21408
21408
21411
21417
21421
21430
21431
21433
21433
21433
21437
21446
21448
21452
21453
21457
21457
21459
21459
21463
21464
21482
21483
21485
21498
21501
21509
21517
21521
21524
21528
21529
21540
21541
21544
21547
21555
21557
21559
21562
21564
21565
21565
21568
21569
21576
21586
21588
21591
21597
21599
21603
21606
21609
21609
21613
21625
21628
21628
21634
21636
21640
21648
21648
21650
21654
21668
21675
21678
21679
21682
21682
21683
21683
21683
21684
21689
21694
21699
21702
21706
21708
21712
21723
21723
21728
21732
21732
21735
21735
21737
21738
21739
21742
21744
21748
21751
21755
21760
21769
21769
21769
21773
21774
21774
21776
21777
21778
21785
21787
21788
21792
21803
21809
21812
21814
21816
21817
21820
21821
21824
21824
21827
21828
21830
21833
21841
21844
21853
21855
21856
21857
21859
21860
21864
21867
21872
21879
21887
21898
21917
21923
21927
21929
21930
21935
21936
21936
21940
21940
21941
21943
21950
21955
21960
21965
21965
21968
21972
21973
21974
21975
21975
21978
21978
21980
21981
21986
21988
21992
22000
22000
22006
22006
22006
22007
22007
22011
22013
22014
22017
22021
22033
22034
22037
22046
22048
22054
22056
22059
22060
22061
22068
22075
22077
22079
22079
22081
22081
22084
22086
22090
22090
22092
22092
22095
22102
22107
22108
22108
22112
22120
22124
22126
22129
22131
22137
22141
22147
22149
22153
22153
22154
22159
22159
22162
22173
22174
22180
22180
22188
22189
22192
22193
22196
22200
22201
22204
22205
22208
22208
22209
22209
22209
22211
22226
22231
22232
22236
22240
22254
22257
22257
22258
22264
22264
22272
22272
22273
22276
22277
22278
22280
22280
22287
22290
22293
22295
22297
22298
22298
22305
22309
22314
22321
22340
22340
22345
22345
22357
22357
22357
22371
22379
22384
22386
22388
22396
22396
22401
22404
22410
22413
22415
22417
22418
22419
22421
22423
22427
22434
22437
22440
22441
22443
22452
22453
22460
22462
22466
22468
22469
22472
22472
22473
22478
22478
22479
22483
22486
22486
22488
22489
22492
22496
22496
22497
22498
22498
22498
22499
22501
22507
22507
22511
22514
22516
22521
22522
22525
22529
22529
22531
22532
22533
22534
22536
22539
22539
22540
22542
22545
22547
22547
22548
22560
22561
22562
22562
22565
22568
22569
22571
22573
22578
22580
22585
22592
22597
22603
22603
22606
22606
22614
22614
22615
22628
22630
22634
22642
22644
22644
22648
22651
22652
22655
22660
22673
22674
22675
22680
22681
22688
22692
22693
22696
22699
22701
22712
22717
22720
22721
22731
22738
22740
22744
22747
22750
22755
22755
22760
22760
22763
22767
22770
22776
22779
22782
22787
22788
22795
22798
22802
22805
22805
22808
22808
22809
22811
22812
22813
22813
22814
22827
22827
22836
22837
22842
22843
22843
22844
22854
22864
22864
22866
22868
22872
22886
22888
22889
22890
22895
22902
22918
22921
22923
22924
22924
22924
22934
22938
22938
22939
22944
22949
22951
22953
22953
22955
22958
22964
22973
22983
22983
22983
22984
22985
22988
22999
23008
23008
23009
23010
23010
23017
23020
23024
23027
23028
23029
23030
23033
23035
23046
23046
23056
23057
23064
23070
23077
23080
23086
23086
23088
23089
23090
23092
23094
23096
23097
23097
23100
23100
23101
23104
23108
23109
23111
23112
23114
23114
23118
23119
23122
23125
23128
23129
23132
23135
23136
23140
23142
23147
23151
23152
23154
23156
23160
23160
23162
23164
23167
23170
23170
23171
23180
23185
23186
23190
23191
23193
23206
23208
23215
23218
23218
23221
23223
23224
23225
23225
23226
23226
23228
23237
23241
23244
23250
23251
23251
23254
23257
23259
23261
23264
23266
23266
23269
23270
23271
23275
23275
23278
23280
23287
23288
23296
23313
23318
23320
23323
23325
23328
23328
23331
23337
23338
23341
23344
23346
23347
23352
23356
23357
23357
23358
23371
23377
23378
23382
23384
23386
23394
23398
23409
23412
23413
23414
23414
23415
23416
23422
23422
23426
23427
23433
23443
23445
23446
23447
23454
23455
23457
23457
23459
23460
23467
23473
23475
23477
23481
23483
23489
23490
23499
23506
23514
23521
23523
23526
23534
23538
23541
23541
23542
23544
23546
23553
23555
23561
23561
23563
23574
23575
23575
23578
23581
23582
23586
23604
23611
23615
23620
23621
23622
23624
23625
23630
23632
23638
23638
23639
23639
23644
23648
23653
23661
23663
23664
23665
23669
23670
23671
23674
23677
23678
23680
23682
23689
23690
23690
23692
23693
23707
23709
23711
23711
23722
23730
23742
23751
23752
23753
23755
23760
23761
23764
23767
23770
23770
23773
23773
23774
23776
23776
23779
23780
23782
23784
23788
23789
23792
23792
23792
23794
23796
23798
23798
23805
23806
23808
23813
23817
23820
23822
23831
23832
23838
23841
23842
23848
23848
23849
23859
23862
23864
23867
23870
23873
23874
23876
23876
23880
23881
23884
23886
23891
23897
23898
23899
23903
23904
23907
23914
23914
23916
23918
23918
23920
23922
23932
23933
23933
23935
23936
23939
23942
23945
23948
23948
23951
23953
23955
23956
23957
23965
23971
23971
23972
23975
23986
23987
23987
23988
23989
23992
23993
23997
24000
24003
24004
24005
24008
24014
24015
24022
24027
24028
24031
24034
24039
24041
24043
24043
24044
24049
24052
24052
24052
24057
24060
24060
24061
24066
24066
24078
24088
24089
24090
24095
24105
24111
24111
24112
24112
24114
24116
24120
24123
24125
24126
24127
24128
24129
24131
24138
24146
24150
24152
24152
24153
24158
24159
24161
24162
24162
24168
24169
24179
24181
24186
24187
24187
24197
24199
24199
24199
24202
24204
24205
24205
24208
24210
24214
24217
24220
24230
24238
24240
24247
24251
24253
24254
24257
24257
24258
24262
24264
24270
24272
24273
24274
24274
24275
24275
24277
24279
24281
24285
24287
24288
24290
24293
24296
24297
24302
24303
24306
24307
24316
24318
24321
24322
24323
24330
24346
24348
24351
24352
24356
24356
24356
24358
24360
24367
24369
24369
24378
24380
24384
24384
24384
24387
24388
24401
24402
24405
24408
24413
24413
24415
24426
24435
24435
24437
24439
24440
24442
24446
24450
24450
24461
24462
24462
24463
24466
24468
24477
24479
24480
24486
24487
24489
24491
24492
24494
24495
24495
24504
24507
24508
24509
24516
24519
24520
24522
24523
24526
24529
24532
24542
24543
24543
24550
24550
24551
24553
24554
24558
24561
24562
24562
24563
24575
24575
24576
24576
24576
24580
24583
24586
24587
24588
24589
24593
24597
24599
24602
24605
24610
24610
24612
24613
24616
24624
24624
24624
24632
24644
24650
24652
24653
24654
24658
24659
24660
24661
24662
24666
24676
24681
24682
24682
24685
24696
24699
24702
24710
24713
24717
24717
24719
24720
24722
24724
24731
24731
24738
24739
24753
24756
24757
24760
24761
24763
24764
24765
24766
24769
24770
24774
24785
24789
24793
24794
24800
24801
24804
24805
24807
24811
24813
24826
24828
24830
24833
24836
24842
24844
24850
24851
24854
24855
24856
24857
24864
24864
24867
24871
24873
24882
24887
24891
24891
24895
24896
24899
24906
24910
24911
24913
24919
24927
24929
24934
24938
24941
24942
24944
24949
24950
24954
24955
24955
24958
24958
24961
24966
24967
24969
24979
24987
24992
24996
24996
24996
24997
25000
25002
25004
25007
25013
25020
25022
25036
25039
25043
25049
25052
25052
25056
25060
25061
25064
25064
25068
25081
25083
25084
25084
25085
25086
25104
25107
25107
25111
25115
25116
25120
25121
25124
25124
25126
25135
25136
25139
25140
25144
25144
25147
25150
25153
25159
25166
25170
25170
25171
25173
25180
25183
25188
25189
25194
25194
25207
25207
25209
25211
25214
25215
25216
25221
25221
25221
25223
25229
25230
25230
25232
25232
25233
25237
25238
25242
25246
25249
25251
25262
25263
25264
25265
25266
25266
25267
25269
25273
25278
25283
25289
25291
25298
25300
25300
25301
25304
25309
25314
25314
25316
25324
25328
25334
25338
25341
25345
25349
25349
25353
25360
25365
25371
25372
25374
25380
25390
25393
25395
25396
25397
25398
25399
25403
25403
25418
25423
25424
25426
25430
25436
25439
25442
25444
25445
25449
25454
25455
25455
25461
25463
25465
25470
25473
25483
25485
25487
25491
25499
25506
25512
25514
25522
25522
25528
25529
25541
25548
25549
25566
25568
25577
25579
25582
25588
25590
25592
25593
25597
25597
25597
25598
25599
25600
25606
25615
25627
25627
25628
25632
25633
25639
25648
25656
25656
25657
25663
25665
25665
25671
25673
25674
25676
25676
25679
25688
25691
25693
25697
25701
25710
25716
25718
25718
25718
25731
25739
25743
25746
25747
25751
25752
25752
25761
25768
25769
25772
25772
25773
25774
25778
25783
25785
25794
25797
25798
25801
25810
25810
25815
25816
25820
25822
25823
25824
25828
25829
25829
25830
25834
25838
25841
25849
25852
25857
25860
25861
25862
25863
25870
25871
25873
25875
25877
25878
25878
25879
25889
25896
25898
25904
25905
25905
25906
25907
25907
25909
25912
25917
25918
25922
25923
25933
25937
25942
25946
25946
25947
25947
25948
25950
25955
25961
25962
25967
25968
25968
25970
25972
25974
25983
25993
25998
26000
26002
26002
26004
26015
26015
26018
26021
26022
26023
26025
26029
26032
26033
26038
26042
26044
26046
26048
26048
26048
26069
26069
26070
26075
26077
26084
26089
26095
26102
26119
26123
26128
26131
26139
26141
26145
26153
26155
26160
26163
26164
26172
26172
26175
26176
26180
26182
26184
26185
26187
26188
26190
26200
26202
26209
26212
26214
26216
26216
26217
26220
26220
26220
26222
26228
26228
26229
26230
26233
26236
26240
26243
26244
26260
26262
26265
26274
26276
26279
26281
26293
26293
26295
26299
26300
26302
26305
26307
26313
26315
26317
26318
26322
26323
26326
26329
26331
26333
26348
26352
26353
26359
26360
26363
26365
26370
26370
26371
26384
26388
26393
26395
26401
26420
26420
26421
26425
26425
26427
26428
26430
26442
26451
26465
26468
26473
26473
26473
26475
26477
26477
26479
26482
26482
26485
26488
26489
26490
26490
26495
26496
26497
26498
26500
26503
26505
26505
26507
26510
26521
26523
26539
26544
26546
26551
26554
26558
26558
26559
26561
26561
26562
26564
26568
26568
26571
26583
26592
26595
26610
26611
26613
26613
26618
26619
26621
26623
26625
26626
26627
26630
26632
26633
26633
26634
26634
26636
26639
26641
26643
26650
26652
26664
26665
26667
26671
26671
26675
26675
26678
26679
26679
26680
26687
26687
26696
26697
26699
26703
26704
26712
26714
26719
26719
26723
26727
26733
26743
26743
26744
26745
26748
26756
26759
26762
26768
26775
26778
26780
26781
26788
26792
26792
26793
26793
26794
26797
26803
26805
26806
26819
26821
26822
26824
26824
26829
26830
26831
26837
26842
26844
26845
26848
26861
26862
26864
26866
26878
26880
26882
26894
26895
26896
26898
26903
26906
26909
26916
26916
26922
26927
26934
26936
26937
26940
26942
26942
26942
26951
26951
26952
26952
26958
26970
26970
26971
26975
26976
26978
26979
26982
26986
26988
26993
26993
26999
27003
27007
27007
27018
27028
27030
27031
27037
27037
27040
27048
27052
27054
27057
27062
27063
27066
27068
27069
27074
27077
27078
27079
27080
27081
27087
27088
27095
27096
27096
27096
27098
27099
27099
27099
27099
27101
27103
27103
27103
27103
27111
27111
27113
27115
27118
27121
27123
27123
27133
27134
27136
27137
27143
27146
27146
27151
27152
27153
27157
27160
27175
27177
27177
27178
27179
27180
27186
27186
27190
27194
27196
27198
27199
27201
27207
27209
27215
27215
27217
27224
27226
27227
27227
27230
27232
27237
27237
27239
27240
27240
27244
27246
27246
27248
27248
27249
27266
27268
27270
27273
27274
27275
27281
27281
27287
27289
27289
27293
27300
27316
27317
27319
27323
27325
27326
27328
27330
27333
27334
27339
27341
27343
27344
27344
27345
27349
27353
27356
27360
27362
27370
27375
27381
27388
27394
27396
27398
27399
27402
27404
27409
27412
27412
27415
27415
27416
27418
27419
27425
27428
27430
27439
27442
27450
27451
27459
27460
27465
27469
27470
27471
27472
27477
27480
27482
27482
27487
27490
27496
27500
27500
27504
27504
27504
27504
27505
27505
27506
27510
27512
27512
27513
27516
27521
27527
27529
27531
27533
27536
27537
27539
27539
27551
27555
27555
27561
27562
27566
27566
27567
27570
27571
27591
27592
27600
27607
27608
27611
27613
27616
27616
27619
27621
27629
27629
27632
27638
27642
27643
27646
27650
27652
27653
27657
27668
27669
27670
27670
27674
27677
27685
27688
27695
27700
27703
27710
27722
27723
27724
27728
27731
27731
27734
27742
27745
27747
27753
27756
27760
27766
27771
27776
27779
27784
27787
27793
27796
27796
27797
27799
27800
27811
27813
27814
27816
27822
27824
27825
27828
27831
27832
27832
27842
27845
27851
27852
27855
27857
27861
27862
27864
27869
27874
27879
27885
27885
27889
27891
27894
27896
27897
27897
27904
27907
27915
27920
27921
27922
27926
27927
27928
27929
27931
27933
27933
27935
27935
27937
27939
27951
27951
27954
27961
27962
27962
27963
27966
27979
27979
27982
27999
28007
28012
28015
28019
28020
28022
28029
28029
28038
28038
28040
28046
28048
28048
28051
28051
28052
28056
28057
28068
28069
28071
28073
28074
28077
28078
28083
28084
28090
28094
28101
28101
28103
28104
28105
28106
28107
28128
28134
28136
28140
28146
28149
28153
28156
28157
28157
28162
28163
28163
28175
28176
28178
28185
28187
28190
28191
28193
28194
28195
28198
28199
28199
28200
28203
28207
28209
28210
28212
28213
28218
28219
28223
28230
28231
28231
28236
28237
28239
28242
28253
28256
28256
28259
28264
28265
28267
28272
28276
28281
28282
28283
28284
28287
28291
28293
28293
28294
28304
28320
28328
28329
28330
28339
28340
28347
28351
28362
28362
28367
28367
28369
28370
28378
28380
28383
28386
28391
28393
28393
28399
28400
28402
28403
28403
28407
28418
28424
28432
28438
28444
28448
28452
28456
28456
28462
28465
28467
28475
28478
28483
28484
28487
28489
28495
28496
28500
28503
28512
28521
28522
28525
28529
28529
28529
28530
28534
28539
28541
28550
28560
28562
28564
28574
28575
28583
28590
28591
28594
28596
28598
28601
28606
28612
28617
28619
28620
28621
28621
28623
28631
28631
28635
28643
28646
28647
28650
28651
28652
28653
28656
28657
28657
28663
28664
28668
28669
28671
28673
28691
28697
28698
28703
28706
28709
28714
28722
28724
28724
28727
28729
28729
28738
28752
28753
28755
28761
28762
28764
28768
28770
28776
28780
28780
28781
28788
28790
28791
28791
28791
28800
28801
28802
28803
28805
28807
28808
28808
28811
28812
28814
28819
28821
28827
28827
28827
28841
28856
28857
28859
28859
28865
28877
28879
28883
28892
28893
28898
28901
28903
28904
28906
28906
28910
28911
28911
28912
28913
28921
28936
28940
28943
28944
28949
28956
28958
28961
28965
28967
28972
28973
28973
28979
28980
28984
28988
28995
28998
28999
29004
29008
29011
29011
29018
29019
29022
29024
29025
29026
29029
29030
29032
29036
29037
29039
29041
29043
29043
29044
29047
29054
29057
29059
29061
29075
29076
29076
29080
29081
29082
29088
29089
29089
29095
29095
29099
29099
29107
29110
29111
29117
29141
29142
29144
29147
29150
29153
29155
29163
29167
29171
29172
29183
29185
29197
29197
29199
29199
29209
29211
29219
29223
29230
29231
29233
29233
29238
29243
29253
29258
29258
29259
29259
29266
29273
29277
29277
29281
29285
29287
29290
29291
29292
29302
29306
29308
29315
29325
29326
29326
29328
29329
29329
29331
29332
29338
29338
29342
29342
29346
29359
29360
29362
29365
29366
29368
29371
29374
29376
29378
29379
29382
29390
29397
29398
29398
29399
29404
29407
29410
29412
29413
29413
29414
29415
29417
29419
29422
29424
29426
29428
29430
29432
29433
29433
29439
29448
29450
29458
29465
29467
29468
29469
29470
29470
29471
29472
29475
29482
29490
29497
29502
29504
29520
29523
29523
29524
29524
29525
29525
29529
29529
29537
29540
29540
29543
29545
29546
29548
29558
29561
29565
29571
29572
29573
29576
29576
29578
29584
29588
29588
29592
29593
29595
29601
29602
29603
29610
29611
29616
29620
29621
29632
29633
29639
29644
29652
29659
29662
29677
29678
29679
29679
29681
29684
29687
29687
29689
29694
29699
29701
29703
29705
29709
29709
29713
29714
29716
29719
29721
29724
29725
29728
29730
29737
29743
29744
29745
29747
29749
29750
29756
29762
29764
29766
29771
29772
29777
29778
29785
29785
29791
29797
29797
29803
29807
29807
29814
29822
29823
29823
29823
29825
29825
29827
29828
29828
29830
29831
29832
29832
29835
29838
29850
29856
29857
29858
29866
29868
29872
29882
29884
29893
29894
29904
29910
29915
29918
29926
29926
29932
29932
29935
29935
29935
29947
29951
29951
29954
29955
29956
29970
29980
29986
29992
29993
29995
29999
30000
30000
30002
30006
30006
30008
30013
30015
30021
30027
30030
30031
30034
30035
30040
30052
30053
30053
30057
30058
30062
30078
30078
30093
30094
30097
30097
30109
30110
30116
30119
30119
30120
30122
30122
30128
30130
30133
30135
30145
30153
30155
30156
30157
30158
30169
30170
30172
30174
30175
30177
30187
30190
30191
30200
30200
30202
30203
30206
30210
30212
30220
30221
30221
30222
30223
30228
30230
30232
30233
30233
30234
30236
30236
30249
30250
30250
30251
30252
30262
30262
30264
30264
30265
30265
30267
30270
30274
30276
30276
30277
30278
30278
30279
30280
30284
30288
30290
30300
30303
30304
30308
30315
30317
30325
30326
30326
30327
30335
30336
30340
30346
30350
30356
30358
30361
30362
30363
30366
30367
30369
30378
30380
30389
30394
30408
30409
30409
30410
30416
30416
30417
30420
30422
30436
30443
30446
30452
30456
30456
30462
30464
30464
30464
30465
30471
30478
30480
30482
30485
30486
30488
30490
30492
30493
30496
30498
30499
30506
30514
30515
30522
30523
30524
30524
30525
30531
30532
30533
30535
30543
30547
30549
30559
30562
30563
30564
30568
30568
30583
30585
30592
30596
30610
30617
30618
30620
30626
30627
30631
30631
30633
30633
30636
30638
30640
30643
30647
30650
30652
30652
30655
30656
30658
30660
30661
30662
30666
30667
30667
30673
30678
30679
30681
30682
30683
30688
30688
30691
30693
30704
30705
30706
30707
30708
30708
30711
30711
30726
30730
30730
30732
30732
30734
30737
30742
30745
30763
30766
30772
30773
30773
30774
30777
30790
30794
30796
30802
30808
30808
30809
30820
30822
30823
30827
30827
30831
30832
30836
30837
30837
30841
30844
30844
30844
30856
30856
30859
30863
30867
30870
30871
30873
30874
30878
30881
30884
30890
30890
30895
30897
30903
30905
30909
30917
30918
30919
30920
30924
30928
30928
30929
30931
30932
30936
30951
30956
30957
30957
30962
30966
30967
30969
30981
30986
30987
30989
30989
30990
30991
30994
30998
31000
31003
31004
31004
31005
31013
31022
31029
31036
31036
31038
31042
31043
31045
31046
31047
31051
31056
31057
31058
31064
31065
31066
31066
31067
31071
31071
31074
31077
31077
31078
31084
31085
31086
31090
31093
31095
31096
31105
31107
31108
31115
31120
31124
31125
31127
31127
31128
31129
31135
31139
31143
31145
31147
31149
31156
31160
31163
31169
31173
31177
31178
31182
31185
31186
31186
31190
31191
31192
31193
31193
31194
31198
31200
31207
31207
31208
31209
31210
31215
31215
31217
31227
31228
31231
31240
31243
31246
31251
31252
31253
31263
31265
31278
31278
31282
31291
31293
31295
31295
31298
31302
31309
31312
31316
31317
31319
31327
31331
31332
31338
31342
31345
31347
31347
31351
31352
31353
31355
31357
31357
31359
31359
31370
31370
31371
31372
31378
31380
31387
31392
31393
31397
31400
31405
31408
31411
31414
31416
31423
31423
31425
31426
31429
31431
31436
31442
31445
31449
31451
31460
31462
31463
31468
31475
31476
31477
31486
31490
31490
31492
31496
31502
31508
31510
31512
31512
31515
31518
31521
31522
31522
31525
31528
31529
31535
31538
31543
31544
31545
31546
31550
31550
31554
31555
31559
31568
31573
31584
31587
31593
31600
31604
31607
31614
31617
31620
31621
31633
31638
31645
31658
31658
31675
31675
31689
31689
31692
31702
31702
31704
31704
31705
31710
31721
31727
31730
31734
31737
31737
31739
31739
31740
31743
31751
31753
31753
31758
31768
31772
31778
31778
31779
31781
31787
31788
31793
31794
31799
31802
31806
31808
31808
31808
31809
31814
31815
31821
31822
31827
31841
31844
31848
31849
31850
31853
31854
31855
31856
31860
31861
31861
31863
31865
31868
31869
31874
31875
31876
31876
31876
31879
31890
31895
31895
31898
31900
31904
31904
31908
31915
31919
31919
31921
31923
31925
31926
31927
31932
31932
31935
31938
31940
31941
31941
31942
31947
31951
31954
31955
31960
31962
31968
31973
31973
31975
31976
31978
31981
31983
31984
31988
31989
31993
31994
32000
32007
32010
32012
32023
32024
32026
32027
32032
32037
32043
32047
32048
32049
32051
32051
32053
32056
32056
32059
32060
32064
32065
32070
32075
32076
32087
32090
32092
32093
32100
32103
32108
32110
32110
32114
32117
32118
32121
32124
32125
32132
32132
32134
32140
32148
32164
32164
32164
32170
32171
32173
32173
32177
32181
32183
32184
32184
32184
32184
32194
32194
32199
32199
32200
32201
32201
32214
32217
32220
32223
32225
32226
32227
32228
32229
32233
32235
32238
32240
32241
32244
32248
32252
32252
32262
32263
32267
32270
32271
32273
32280
32283
32286
32289
32292
32294
32294
32294
32300
32301
32304
32306
32310
32312
32319
32319
32338
32340
32342
32344
32344
32346
32349
32351
32351
32359
32370
32372
32376
32377
32378
32382
32394
32400
32400
32405
32406
32407
32411
32412
32417
32417
32418
32419
32419
32424
32427
32436
32442
32447
32455
32461
32466
32469
32470
32470
32473
32479
32480
32481
32482
32485
32487
32488
32488
32498
32502
32506
32511
32521
32522
32523
32526
32531
32532
32533
32535
32539
32546
32547
32548
32548
32549
32550
32551
32561
32562
32564
32564
32568
32574
32582
32587
32593
32594
32600
32600
32604
32611
32616
32621
32624
32628
32629
32636
32638
32639
32641
32646
32647
32653
32657
32659
32663
32666
32674
32675
32679
32683
32683
32684
32684
32689
32690
32692
32694
32696
32696
32697
32701
32701
32701
32701
32703
32709
32719
32720
32726
32730
32735
32740
32743
32745
32746
32748
32751
32756
32761
32767
