8
10
12
18
23
26
36
37
38
39
39
40
47
49
51
52
53
56
56
61
63
75
78
84
87
89
93
95
95
98
108
111
116
116
118
120
129
131
134
140
142
144
144
148
149
151
155
155
160
167
168
169
175
182
183
184
186
189
190
196
196
199
199
201
202
203
209
209
213
214
215
218
219
220
242
244
252
254
257
257
265
266
270
270
271
275
279
280
281
282
283
285
286
287
290
295
297
300
305
306
318
322
322
324
330
334
335
335
336
338
339
341
342
343
346
349
349
357
361
366
366
367
368
368
369
374
377
386
390
394
394
403
406
408
414
415
417
419
423
429
430
432
434
438
439
440
440
441
443
452
452
455
458
458
459
461
465
470
471
477
478
478
484
484
484
494
500
503
504
507
508
510
522
523
526
529
534
534
535
548
551
552
553
563
567
567
572
574
574
584
588
593
593
598
605
606
608
612
613
619
620
632
633
633
644
645
645
648
651
652
658
659
661
665
666
666
667
673
674
675
679
681
684
692
693
695
697
702
705
706
708
717
720
720
722
724
727
731
731
733
736
744
744
754
755
757
761
762
768
771
772
774
775
775
784
789
792
794
796
804
805
807
810
817
819
825
829
832
833
833
834
835
838
839
840
844
846
850
850
851
855
859
863
866
867
869
870
874
879
888
890
891
892
893
898
898
900
904
904
907
918
918
919
923
934
937
944
944
944
946
948
951
958
960
964
967
968
973
974
975
975
982
990
992
1001
1002
1003
1006
1012
1014
1015
1019
1019
1026
1028
1028
1031
1036
1037
1044
1049
1049
1050
1051
1057
1064
1065
1071
1076
1079
1083
1085
1088
1090
1092
1103
1107
1109
1112
1119
1124
1125
1126
1130
1136
1137
1146
1156
1159
1161
1165
1167
1168
1170
1171
1172
1177
1179
1182
1186
1187
1194
1194
1200
1205
1206
1206
1212
1212
1213
1215
1215
1215
1219
1221
1223
1225
1229
1229
1231
1233
1244
1246
1253
1262
1264
1268
1271
1275
1276
1279
1288
1291
1297
1299
1301
1302
1302
1303
1312
1320
1325
1326
1330
1332
1348
1360
1362
1367
1369
1372
1375
1376
1379
1380
1384
1385
1388
1389
1395
1396
1398
1413
1422
1424
1426
1433
1433
1437
1438
1442
1444
1445
1451
1453
1465
1474
1479
1479
1480
1485
1488
1488
1507
1508
1510
1514
1517
1529
1539
1548
1552
1552
1556
1560
1563
1563
1568
1568
1569
1574
1576
1578
1588
1598
1604
1604
1605
1608
1614
1616
1619
1623
1625
1626
1633
1637
1640
1646
1647
1653
1657
1660
1661
1662
1666
1670
1676
1676
1676
1682
1687
1692
1694
1696
1696
1697
1698
1707
1712
1712
1718
1719
1720
1730
1735
1741
1748
1748
1749
1750
1751
1752
1759
1761
1763
1764
1765
1771
1771
1773
1773
1780
1782
1784
1788
1791
1793
1802
1802
1804
1818
1822
1822
1822
1831
1845
1859
1862
1865
1865
1865
1865
1871
1875
1876
1876
1876
1876
1882
1884
1885
1888
1891
1907
1909
1920
1930
1933
1936
1941
1941
1942
1944
1944
1946
1959
1964
1966
1968
1972
1979
1983
1986
1987
1995
1997
2000
2001
2003
2005
2005
2006
2008
2008
2009
2014
2016
2018
2018
2027
2031
2036
2038
2054
2057
2057
2064
2064
2072
2093
2095
2096
2097
2097
2098
2100
2101
2103
2106
2114
2118
2122
2128
2131
2136
2136
2138
2139
2139
2141
2144
2144
2145
2149
2153
2163
2174
2182
2183
2186
2188
2199
2200
2204
2207
2210
2218
2225
2225
2230
2232
2236
2241
2241
2242
2244
2244
2244
2247
2249
2251
2256
2266
2266
2266
2267
2268
2274
2275
2276
2279
2280
2283
2286
2296
2301
2308
2308
2313
2315
2318
2319
2326
2327
2330
2331
2332
2333
2333
2336
2346
2349
2350
2352
2354
2363
2369
2374
2379
2381
2382
2384
2385
2398
2398
2400
2404
2405
2407
2407
2409
2411
2414
2415
2416
2419
2421
2421
2426
2430
2434
2434
2444
2446
2457
2464
2468
2469
2482
2488
2490
2494
2494
2494
2505
2505
2506
2519
2527
2534
2534
2535
2536
2537
2538
2544
2545
2548
2555
2557
2558
2560
2561
2566
2566
2567
2570
2572
2579
2592
2593
2601
2606
2611
2611
2614
2617
2620
2626
2643
2643
2651
2658
2665
2672
2674
2675
2679
2681
2683
2684
2688
2695
2697
2698
2698
2699
2702
2708
2713
2715
2715
2716
2717
2718
2725
2727
2728
2739
2740
2740
2747
2748
2756
2765
2770
2773
2773
2773
2774
2791
2795
2796
2799
2805
2809
2814
2819
2829
2830
2838
2840
2842
2851
2851
2860
2864
2868
2874
2879
2881
2882
2886
2893
2894
2908
2910
2913
2920
2923
2927
2929
2930
2932
2932
2935
2940
2941
2950
2950
2953
2954
2958
2964
2965
2979
2979
2980
2980
2981
2983
2988
2990
2991
2991
2996
3007
3008
3016
3016
3016
3020
3020
3021
3028
3028
3028
3029
3030
3032
3039
3041
3042
3050
3052
3054
3067
3068
3068
3074
3077
3078
3080
3080
3081
3084
3084
3094
3098
3099
3100
3102
3106
3107
3111
3114
3118
3119
3122
3126
3128
3130
3131
3132
3134
3135
3137
3142
3144
3150
3155
3159
3167
3170
3170
3174
3177
3182
3188
3190
3190
3197
3199
3203
3205
3213
3214
3226
3226
3227
3227
3231
3236
3239
3246
3247
3249
3250
3252
3256
3256
3268
3275
3275
3285
3286
3288
3289
3291
3295
3297
3303
3304
3314
3318
3319
3320
3322
3329
3330
3335
3338
3339
3341
3346
3349
3353
3363
3370
3373
3374
3379
3384
3385
3386
3389
3392
3402
3402
3406
3408
3409
3412
3415
3416
3426
3427
3433
3441
3443
3443
3445
3446
3448
3449
3451
3460
3464
3468
3481
3491
3492
3496
3496
3500
3509
3513
3515
3518
3521
3524
3524
3525
3527
3530
3531
3534
3535
3538
3541
3541
3553
3554
3555
3560
3561
3561
3567
3568
3569
3569
3571
3583
3585
3589
3589
3590
3596
3599
3601
3602
3602
3603
3609
3611
3615
3615
3620
3622
3623
3626
3626
3629
3629
3637
3637
3640
3648
3648
3652
3652
3656
3661
3662
3662
3663
3663
3665
3666
3671
3671
3674
3676
3677
3683
3684
3684
3685
3686
3693
3695
3695
3696
3703
3707
3710
3713
3718
3720
3720
3726
3726
3727
3733
3734
3736
3736
3737
3741
3742
3751
3752
3754
3755
3758
3765
3783
3790
3791
3798
3802
3802
3804
3812
3812
3814
3816
3820
3820
3832
3836
3837
3838
3847
3852
3854
3855
3857
3858
3858
3859
3862
3865
3865
3867
3871
3874
3879
3881
3883
3887
3891
3894
3897
3902
3907
3911
3913
3915
3921
3924
3927
3928
3929
3931
3935
3940
3942
3946
3948
3950
3955
3957
3959
3961
3977
3977
3978
3982
3988
3989
3990
3991
4002
4004
4008
4018
4025
4028
4034
4039
4051
4053
4054
4058
4064
4065
4068
4069
4070
4071
4072
4073
4074
4080
4088
4088
4090
4091
4098
4100
4101
4105
4115
4120
4124
4124
4133
4137
4141
4141
4142
4145
4146
4148
4154
4156
4159
4161
4162
4167
4173
4175
4176
4177
4186
4192
4198
4200
4200
4204
4204
4205
4205
4206
4210
4219
4222
4223
4225
4229
4229
4229
4236
4237
4239
4242
4244
4244
4249
4250
4252
4253
4255
4255
4267
4270
4272
4273
4274
4275
4277
4284
4285
4290
4293
4297
4300
4304
4306
4309
4314
4315
4316
4321
4323
4326
4329
4329
4331
4342
4345
4348
4348
4352
4357
4358
4359
4363
4368
4370
4379
4379
4394
4397
4401
4402
4404
4416
4417
4419
4419
4432
4433
4437
4439
4440
4441
4447
4462
4466
4470
4471
4471
4483
4485
4488
4489
4491
4491
4491
4492
4494
4494
4503
4505
4508
4511
4518
4521
4521
4522
4524
4527
4529
4532
4533
4535
4535
4551
4556
4568
4571
4571
4576
4577
4577
4577
4581
4586
4590
4593
4594
4596
4597
4600
4602
4607
4610
4611
4620
4621
4626
4628
4629
4634
4640
4640
4644
4646
4653
4654
4655
4657
4658
4668
4668
4669
4672
4673
4680
4680
4682
4686
4687
4692
4693
4693
4702
4702
4709
4710
4711
4714
4715
4722
4725
4730
4739
4739
4740
4745
4745
4747
4758
4763
4764
4766
4768
4780
4785
4785
4793
4795
4800
4800
4805
4816
4820
4820
4824
4835
4840
4844
4849
4849
4851
4854
4856
4860
4861
4862
4863
4864
4876
4878
4885
4888
4890
4891
4900
4901
4904
4910
4913
4917
4918
4921
4933
4935
4938
4941
4948
4950
4954
4955
4959
4966
4967
4968
4969
4971
4974
4974
4981
4984
4984
4986
4990
4990
4991
4996
5013
5014
5016
5020
5020
5021
5021
5025
5027
5028
5031
5031
5036
5041
5044
5051
5053
5056
5056
5060
5064
5067
5068
5070
5071
5071
5073
5076
5079
5094
5099
5101
5106
5107
5112
5112
5113
5114
5114
5117
5119
5120
5124
5125
5129
5135
5136
5138
5142
5149
5151
5155
5156
5158
5165
5166
5166
5168
5169
5171
5171
5184
5184
5189
5192
5193
5197
5198
5200
5201
5202
5205
5207
5211
5211
5212
5214
5215
5215
5222
5222
5222
5231
5234
5234
5234
5249
5251
5255
5267
5269
5269
5270
5270
5272
5274
5274
5276
5279
5285
5287
5290
5296
5297
5300
5306
5310
5314
5318
5319
5324
5328
5330
5330
5338
5338
5344
5346
5346
5347
5350
5353
5354
5354
5354
5358
5359
5361
5362
5368
5369
5369
5377
5379
5383
5384
5384
5392
5392
5395
5397
5398
5401
5402
5403
5404
5407
5408
5411
5412
5428
5430
5431
5434
5438
5443
5451
5453
5459
5459
5466
5475
5478
5482
5485
5486
5491
5493
5494
5494
5504
5504
5506
5507
5513
5519
5520
5523
5525
5527
5527
5530
5531
5533
5535
5535
5537
5543
5544
5544
5553
5554
5558
5560
5560
5561
5562
5564
5565
5565
5569
5572
5575
5577
5578
5580
5580
5582
5588
5589
5591
5596
5597
5599
5600
5602
5604
5606
5606
5607
5610
5612
5627
5628
5631
5634
5635
5637
5645
5649
5657
5662
5667
5670
5674
5674
5687
5688
5696
5703
5705
5709
5710
5717
5718
5721
5723
5724
5730
5734
5735
5735
5741
5743
5743
5743
5746
5747
5754
5759
5765
5770
5771
5773
5777
5777
5777
5778
5783
5785
5790
5796
5798
5798
5800
5801
5801
5802
5809
5809
5812
5813
5813
5814
5816
5820
5823
5826
5832
5835
5837
5840
5847
5847
5860
5862
5869
5869
5872
5874
5875
5877
5879
5883
5884
5890
5891
5892
5893
5895
5902
5909
5912
5913
5918
5920
5926
5927
5928
5931
5941
5941
5944
5944
5946
5954
5956
5965
5965
5967
5968
5974
5980
5982
5983
5988
5990
5991
5992
5994
5997
5998
6000
6006
6007
6011
6014
6019
6027
6029
6041
6053
6055
6058
6060
6060
6065
6069
6077
6082
6084
6087
6089
6092
6093
6100
6105
6107
6109
6114
6116
6117
6119
6122
6127
6128
6136
6136
6137
6140
6147
6148
6152
6155
6155
6160
6160
6161
6163
6172
6185
6187
6190
6192
6196
6203
6206
6210
6211
6213
6214
6218
6218
6218
6219
6221
6226
6228
6229
6232
6233
6235
6238
6239
6243
6246
6248
6254
6258
6260
6265
6270
6273
6274
6274
6275
6284
6288
6290
6300
6302
6314
6315
6318
6319
6320
6321
6324
6324
6341
6346
6348
6353
6358
6363
6365
6368
6370
6373
6377
6379
6380
6390
6394
6394
6396
6397
6401
6403
6403
6408
6415
6415
6416
6416
6418
6421
6421
6422
6423
6427
6434
6435
6437
6439
6440
6443
6446
6449
6455
6458
6461
6461
6466
6466
6468
6472
6479
6480
6484
6487
6490
6497
6502
6503
6504
6511
6512
6514
6518
6524
6524
6525
6526
6526
6527
6529
6535
6535
6537
6538
6542
6543
6545
6551
6553
6555
6567
6567
6569
6571
6573
6587
6592
6596
6597
6598
6601
6612
6625
6629
6630
6635
6635
6638
6639
6651
6655
6658
6661
6662
6673
6673
6674
6677
6680
6685
6687
6688
6691
6692
6702
6704
6711
6714
6714
6716
6717
6721
6725
6728
6729
6730
6735
6735
6740
6744
6746
6748
6751
6764
6765
6765
6765
6765
6772
6774
6776
6781
6783
6783
6786
6792
6796
6796
6800
6801
6810
6817
6817
6819
6820
6823
6832
6832
6836
6842
6842
6849
6850
6851
6852
6854
6858
6861
6869
6870
6872
6874
6877
6889
6889
6898
6899
6904
6906
6909
6914
6925
6928
6928
6939
6942
6943
6947
6948
6953
6956
6965
6967
6969
6972
6972
6973
6976
6976
6981
6988
6989
6993
6998
6999
7009
7014
7015
7017
7017
7020
7028
7032
7033
7033
7035
7050
7051
7057
7062
7062
7071
7072
7080
7081
7088
7093
7093
7093
7094
7103
7103
7105
7105
7106
7109
7110
7115
7115
7119
7123
7129
7129
7130
7131
7134
7138
7146
7149
7152
7154
7159
7164
7169
7180
7181
7181
7184
7191
7193
7197
7208
7218
7223
7225
7225
7227
7227
7228
7230
7230
7232
7232
7233
7235
7236
7242
7243
7245
7247
7247
7254
7263
7267
7268
7269
7269
7277
7281
7285
7285
7291
7299
7304
7307
7311
7311
7314
7316
7317
7319
7321
7324
7327
7329
7332
7333
7334
7337
7339
7343
7346
7347
7356
7367
7368
7368
7370
7377
7378
7382
7384
7388
7389
7389
7396
7399
7411
7411
7417
7418
7418
7422
7423
7441
7442
7445
7448
7449
7450
7456
7459
7464
7468
7472
7473
7477
7478
7479
7485
7489
7496
7497
7502
7504
7504
7512
7514
7515
7516
7520
7529
7531
7532
7534
7535
7535
7537
7540
7541
7542
7543
7546
7546
7550
7552
7553
7554
7554
7559
7560
7561
7571
7575
7576
7577
7578
7580
7582
7583
7586
7586
7588
7590
7590
7592
7601
7602
7602
7607
7609
7614
7616
7619
7619
7622
7627
7627
7635
7637
7637
7643
7644
7646
7655
7658
7659
7662
7671
7673
7678
7684
7696
7696
7699
7703
7708
7713
7715
7716
7719
7721
7725
7728
7728
7732
7733
7736
7738
7740
7740
7742
7745
7748
7754
7761
7769
7770
7771
7775
7776
7784
7788
7792
7794
7794
7796
7797
7816
7819
7825
7829
7833
7834
7835
7835
7844
7844
7845
7850
7851
7854
7856
7868
7869
7873
7876
7881
7890
7891
7896
7902
7906
7907
7908
7911
7911
7912
7913
7913
7916
7922
7922
7930
7931
7934
7935
7935
7936
7938
7939
7951
7953
7954
7965
7971
7979
7981
7987
7987
7998
7999
8000
8002
8002
8006
8012
8013
8014
8022
8024
8024
8026
8036
8040
8041
8047
8051
8053
8057
8057
8058
8060
8065
8069
8072
8081
8089
8090
8095
8100
8107
8110
8113
8115
8116
8117
8120
8121
8126
8126
8126
8128
8132
8139
8139
8141
8145
8152
8154
8155
8156
8161
8165
8165
8165
8173
8179
8194
8195
8196
8201
8203
8213
8216
8217
8220
8221
8223
8224
8224
8226
8228
8228
8229
8231
8242
8244
8245
8246
8258
8264
8266
8267
8268
8277
8280
8281
8285
8287
8293
8293
8295
8295
8295
8297
8298
8313
8317
8319
8320
8322
8322
8323
8326
8326
8336
8337
8338
8338
8339
8339
8343
8347
8352
8364
8364
8365
8368
8371
8379
8380
8380
8382
8383
8387
8387
8387
8388
8389
8393
8393
8394
8399
8400
8401
8404
8405
8411
8414
8416
8417
8421
8426
8426
8436
8439
8440
8440
8441
8445
8449
8452
8461
8465
8467
8468
8469
8479
8480
8487
8487
8487
8491
8492
8493
8498
8500
8501
8503
8504
8504
8504
8505
8508
8512
8513
8514
8516
8518
8529
8531
8532
8538
8543
8551
8552
8560
8563
8563
8578
8580
8588
8589
8595
8596
8602
8604
8608
8612
8616
8617
8618
8619
8619
8623
8636
8637
8642
8646
8650
8650
8650
8652
8655
8661
8664
8666
8671
8676
8677
8684
8686
8689
8693
8699
8700
8709
8714
8722
8727
8728
8733
8736
8741
8749
8751
8752
8753
8763
8765
8766
8768
8769
8774
8774
8777
8782
8787
8789
8795
8798
8798
8799
8803
8805
8807
8809
8814
8816
8821
8822
8826
8832
8833
8837
8840
8844
8847
8851
8856
8858
8863
8870
8873
8874
8874
8875
8878
8881
8882
8886
8889
8889
8890
8891
8897
8898
8900
8902
8907
8911
8918
8922
8925
8927
8929
8934
8934
8947
8952
8962
8966
8968
8971
8978
8981
8983
9001
9001
9004
9007
9007
9009
9011
9012
9013
9020
9024
9024
9032
9036
9039
9039
9040
9042
9042
9045
9046
9048
9048
9049
9052
9053
9057
9060
9063
9069
9074
9083
9084
9089
9095
9103
9105
9105
9107
9109
9120
9120
9120
9120
9129
9129
9133
9135
9137
9137
9150
9150
9152
9153
9154
9157
9163
9165
9167
9169
9172
9175
9175
9179
9179
9182
9183
9184
9188
9190
9191
9192
9192
9195
9199
9204
9207
9207
9212
9213
9216
9221
9222
9230
9241
9241
9242
9249
9253
9258
9261
9266
9267
9270
9276
9277
9279
9287
9293
9297
9298
9302
9303
9304
9310
9312
9325
9332
9338
9347
9349
9351
9352
9357
9359
9361
9367
9369
9370
9374
9374
9376
9380
9383
9384
9385
9385
9391
9394
9398
9401
9405
9412
9414
9418
9420
9420
9424
9426
9430
9431
9431
9435
9441
9442
9443
9446
9446
9449
9451
9455
9457
9461
9463
9464
9477
9479
9481
9483
9493
9499
9511
9512
9513
9515
9516
9520
9520
9520
9521
9523
9524
9531
9532
9536
9537
9541
9541
9544
9546
9546
9552
9557
9558
9559
9573
9584
9585
9588
9588
9595
9597
9598
9614
9616
9618
9620
9626
9628
9637
9638
9641
9642
9644
9645
9649
9649
9652
9653
9653
9656
9657
9658
9658
9659
9661
9661
9664
9665
9671
9674
9675
9678
9682
9684
9688
9692
9695
9699
9700
9704
9707
9708
9708
9710
9714
9718
9719
9722
9725
9726
9727
9732
9734
9736
9738
9738
9738
9739
9741
9741
9744
9744
9746
9747
9748
9752
9757
9758
9760
9768
9770
9772
9776
9776
9778
9779
9787
9790
9794
9795
9796
9802
9803
9803
9804
9804
9812
9816
9818
9819
9820
9823
9827
9831
9833
9835
9839
9840
9842
9842
9849
9855
9855
9856
9862
9863
9867
9879
9879
9881
9884
9893
9895
9914
9918
9925
9926
9926
9927
9927
9929
9935
9935
9936
9938
9945
9946
9949
9951
9953
9959
9963
9969
9972
9979
9980
9982
9991
9994
9997
9997
10003
10015
10016
10029
10031
10031
10033
10035
10051
10053
10060
10061
10065
10067
10067
10073
10077
10089
10090
10094
10097
10108
10115
10120
10121
10123
10125
10125
10126
10129
10134
10137
10144
10146
10152
10155
10156
10156
10160
10163
10165
10166
10170
10173
10174
10179
10182
10192
10195
10196
10200
10202
10205
10206
10207
10208
10209
10212
10222
10225
10226
10226
10231
10234
10236
10237
10239
10239
10240
10242
10244
10244
10246
10246
10254
10254
10254
10255
10260
10267
10268
10269
10269
10272
10273
10276
10279
10284
10285
10285
10287
10288
10294
10298
10307
10313
10313
10315
10321
10323
10329
10330
10330
10333
10344
10348
10354
10354
10355
10357
10358
10365
10369
10374
10377
10379
10383
10387
10388
10390
10392
10395
10399
10400
10402
10404
10405
10412
10414
10417
10419
10422
10429
10430
10433
10434
10439
10440
10441
10442
10442
10449
10451
10454
10459
10477
10479
10480
10486
10490
10492
10499
10501
10502
10503
10504
10512
10514
10517
10530
10532
10540
10541
10542
10553
10554
10557
10559
10566
10569
10574
10587
10594
10597
10602
10604
10607
10611
10617
10617
10621
10621
10625
10628
10630
10634
10637
10638
10640
10652
10653
10660
10661
10663
10664
10666
10667
10675
10675
10678
10678
10680
10682
10685
10687
10687
10691
10699
10699
10700
10701
10708
10708
10709
10709
10711
10716
10723
10725
10726
10727
10728
10732
10733
10742
10744
10745
10746
10746
10746
10761
10766
10768
10769
10772
10773
10774
10775
10776
10777
10780
10782
10786
10788
10790
10794
10796
10797
10808
10810
10814
10818
10821
10826
10826
10826
10827
10828
10832
10832
10833
10838
10857
10858
10865
10873
10875
10877
10879
10881
10887
10888
10888
10903
10905
10906
10907
10909
10911
10912
10913
10916
10920
10921
10921
10925
10928
10929
10931
10932
10941
10942
10943
10945
10956
10959
10961
10963
10963
10977
10977
10977
10981
10982
10983
10996
11002
11004
11005
11005
11007
11019
11026
11030
11036
11040
11041
11044
11048
11065
11066
11066
11070
11072
11072
11074
11081
11083
11088
11091
11091
11091
11093
11097
11098
11108
11111
11114
11116
11117
11125
11126
11128
11131
11132
11132
11137
11138
11147
11147
11147
11150
11152
11159
11160
11161
11171
11171
11177
11181
11183
11184
11188
11190
11195
11197
11200
11200
11202
11202
11211
11217
11222
11226
11228
11231
11233
11234
11237
11239
11239
11239
11243
11247
11247
11250
11256
11257
11258
11259
11259
11259
11262
11263
11265
11266
11268
11268
11269
11271
11273
11274
11276
11280
11285
11286
11288
11291
11292
11293
11295
11297
11299
11301
11305
11311
11312
11315
11318
11319
11320
11322
11324
11326
11328
11332
11333
11340
11344
11351
11357
11358
11360
11364
11366
11375
11375
11377
11380
11382
11396
11396
11401
11402
11402
11403
11403
11410
11413
11415
11415
11423
11429
11431
11432
11436
11436
11443
11454
11463
11464
11466
11471
11477
11479
11482
11488
11488
11491
11491
11494
11498
11505
11508
11509
11511
11515
11515
11522
11523
11526
11530
11533
11543
11544
11544
11548
11549
11552
11553
11554
11564
11568
11573
11577
11579
11580
11582
11584
11584
11584
11585
11587
11589
11590
11593
11595
11604
11605
11609
11611
11612
11614
11618
11621
11627
11629
11629
11630
11641
11647
11649
11651
11658
11661
11664
11668
11673
11678
11684
11686
11686
11689
11690
11695
11700
11707
11708
11709
11712
11712
11713
11715
11717
11724
11729
11729
11730
11730
11731
11731
11736
11739
11743
11744
11744
11745
11745
11749
11753
11756
11760
11765
11766
11768
11769
11776
11776
11780
11781
11782
11783
11793
11803
11811
11813
11816
11818
11818
11820
11824
11826
11828
11832
11833
11838
11846
11852
11859
11862
11864
11871
11877
11880
11887
11894
11895
11901
11912
11914
11915
11919
11926
11927
11934
11935
11937
11950
11951
11951
11955
11960
11962
11966
11971
11973
11978
11978
11978
11983
11987
11991
11996
11998
12002
12007
12014
12015
12015
12020
12028
12036
12038
12040
12041
12045
12046
12046
12047
12048
12050
12054
12055
12059
12060
12061
12061
12068
12069
12069
12075
12080
12084
12085
12086
12086
12090
12097
12101
12106
12107
12108
12115
12117
12119
12120
12122
12123
12126
12126
12129
12131
12132
12138
12139
12140
12143
12146
12146
12147
12156
12157
12158
12162
12163
12176
12178
12180
12181
12182
12184
12193
12193
12193
12196
12198
12201
12204
12210
12211
12216
12216
12217
12218
12219
12224
12231
12233
12236
12245
12247
12258
12261
12266
12268
12271
12281
12282
12283
12284
12291
12291
12293
12294
12294
12298
12301
12302
12302
12304
12307
12310
12313
12315
12318
12318
12321
12326
12334
12335
12335
12336
12336
12337
12338
12340
12352
12352
12356
12359
12361
12362
12364
12366
12368
12368
12373
12376
12377
12380
12380
12388
12390
12391
12392
12395
12397
12400
12403
12406
12412
12417
12418
12431
12440
12448
12458
12475
12475
12477
12485
12486
12486
12494
12505
12511
12514
12515
12522
12525
12526
12528
12529
12533
12533
12534
12534
12544
12544
12551
12556
12559
12562
12567
12569
12573
12584
12584
12589
12590
12590
12592
12597
12602
12603
12604
12604
12609
12613
12614
12614
12617
12621
12627
12635
12635
12637
12637
12638
12646
12646
12648
12649
12652
12655
12655
12656
12657
12662
12663
12664
12664
12666
12668
12669
12674
12676
12676
12678
12678
12678
12683
12694
12697
12699
12703
12706
12710
12710
12710
12711
12714
12715
12720
12721
12722
12724
12726
12726
12727
12730
12730
12742
12747
12747
12747
12747
12752
12759
12762
12762
12767
12768
12769
12774
12776
12782
12783
12783
12786
12789
12789
12790
12797
12798
12800
12802
12802
12802
12804
12810
12812
12813
12826
12827
12829
12835
12837
12845
12846
12851
12856
12858
12861
12864
12865
12875
12878
12881
12885
12887
12892
12893
12894
12897
12897
12898
12902
12904
12908
12909
12911
12911
12912
12918
12918
12923
12931
12934
12934
12936
12936
12942
12942
12943
12945
12946
12947
12953
12953
12954
12955
12957
12957
12958
12960
12961
12961
12965
12969
12971
12973
12976
12980
12981
12981
12983
12984
12988
12988
12994
12998
13004
13008
13009
13013
13014
13027
13030
13030
13037
13039
13040
13041
13041
13043
13044
13045
13045
13050
13051
13053
13057
13072
13084
13090
13092
13101
13104
13105
13106
13107
13111
13112
13114
13118
13120
13120
13123
13123
13125
13126
13127
13128
13138
13140
13141
13154
13157
13159
13167
13167
13177
13178
13179
13193
13194
13196
13197
13203
13205
13207
13210
13218
13220
13220
13221
13224
13225
13227
13229
13231
13231
13235
13241
13244
13245
13246
13248
13254
13261
13262
13263
13265
13270
13277
13279
13283
13286
13287
13288
13295
13302
13305
13306
13314
13316
13318
13319
13322
13322
13324
13324
13334
13337
13342
13353
13361
13363
13365
13372
13376
13376
13383
13386
13390
13391
13392
13399
13403
13407
13408
13412
13412
13416
13416
13417
13419
13424
13425
13431
13434
13435
13440
13445
13446
13446
13448
13452
13456
13459
13462
13465
13470
13474
13474
13475
13479
13481
13482
13487
13492
13497
13498
13501
13505
13506
13508
13510
13518
13520
13521
13522
13535
13535
13536
13536
13540
13542
13549
13549
13553
13553
13567
13569
13570
13582
13586
13590
13593
13594
13596
13608
13610
13615
13619
13624
13625
13628
13632
13637
13639
13642
13643
13645
13647
13659
13662
13668
13668
13670
13684
13686
13690
13691
13695
13698
13701
13702
13703
13704
13708
13712
13713
13719
13722
13723
13723
13729
13733
13737
13748
13749
13751
13757
13758
13760
13762
13770
13774
13775
13779
13785
13786
13790
13796
13802
13804
13805
13805
13814
13816
13820
13821
13824
13826
13830
13837
13837
13838
13839
13856
13857
13859
13869
13872
13876
13878
13880
13884
13884
13886
13891
13892
13893
13899
13904
13906
13912
13915
13917
13918
13923
13923
13927
13930
13930
13932
13939
13940
13941
13941
13949
13952
13954
13956
13960
13961
13961
13967
13969
13973
13975
13976
13983
13988
13989
13991
13991
13995
13996
13998
14000
14006
14009
14012
14013
14020
14024
14025
14029
14035
14037
14050
14052
14055
14065
14068
14068
14069
14077
14077
14087
14096
14097
14103
14105
14106
14108
14109
14113
14120
14121
14121
14123
14126
14132
14136
14141
14145
14146
14148
14165
14171
14172
14175
14177
14187
14188
14190
14198
14200
14201
14205
14206
14208
14209
14214
14215
14217
14219
14219
14221
14224
14227
14230
14231
14232
14235
14235
14239
14239
14240
14244
14246
14248
14250
14258
14259
14260
14265
14266
14275
14278
14283
14284
14292
14295
14302
14309
14309
14316
14319
14323
14326
14328
14328
14330
14332
14342
14347
14350
14356
14356
14358
14358
14362
14367
14372
14373
14373
14374
14390
14391
14394
14397
14397
14398
14400
14403
14410
14419
14422
14422
14424
14424
14426
14431
14437
14442
14443
14444
14447
14452
14456
14460
14462
14463
14465
14466
14467
14471
14472
14495
14496
14497
14499
14509
14511
14517
14519
14521
14522
14532
14533
14536
14540
14541
14541
14550
14551
14556
14557
14559
14563
14566
14569
14569
14576
14577
14580
14584
14587
14588
14589
14590
14595
14595
14602
14604
14611
14612
14614
14615
14615
14619
14619
14625
14629
14639
14647
14652
14659
14666
14667
14674
14677
14677
14689
14692
14693
14695
14696
14699
14699
14716
14717
14720
14720
14727
14733
14734
14736
14741
14742
14747
14749
14751
14754
14757
14759
14764
14767
14767
14767
14768
14770
14771
14777
14785
14785
14786
14787
14787
14789
14792
14793
14796
14797
14799
14800
14800
14806
14809
14811
14816
14817
14819
14826
14840
14841
14841
14843
14843
14846
14848
14850
14855
14857
14859
14859
14861
14866
14870
14871
14872
14874
14880
14889
14893
14908
14915
14916
14917
14918
14923
14931
14932
14935
14940
14944
14944
14947
14951
14956
14958
14962
14968
14970
14972
14974
14975
14977
14979
14992
14999
15001
15001
15003
15007
15008
15009
15010
15010
15010
15010
15018
15025
15028
15031
15032
15032
15034
15036
15045
15047
15048
15049
15053
15053
15056
15063
15066
15066
15070
15072
15072
15072
15078
15080
15081
15083
15085
15090
15098
15101
15102
15103
15105
15108
15111
15117
15121
15135
15139
15143
15144
15145
15146
15148
15152
15153
15155
15165
15165
15166
15171
15172
15173
15176
15178
15188
15194
15195
15195
15197
15199
15207
15208
15213
15215
15223
15227
15231
15237
15239
15240
15244
15247
15250
15251
15258
15261
15262
15267
15273
15274
15276
15279
15282
15283
15283
15284
15291
15292
15298
15299
15306
15307
15308
15311
15317
15321
15322
15322
15324
15326
15338
15343
15356
15358
15358
15360
15361
15368
15371
15373
15373
15377
15383
15386
15394
15397
15400
15408
15408
15413
15414
15414
15415
15422
15427
15431
15431
15432
15435
15438
15438
15443
15444
15447
15447
15456
15456
15457
15461
15469
15472
15472
15473
15487
15489
15491
15492
15493
15496
15498
15500
15500
15504
15507
15508
15509
15511
15512
15514
15520
15521
15524
15531
15537
15537
15542
15547
15550
15556
15557
15558
15561
15563
15565
15565
15566
15567
15568
15577
15578
15579
15589
15599
15602
15603
15606
15610
15612
15615
15615
15621
15623
15623
15627
15627
15636
15636
15642
15655
15657
15671
15673
15674
15674
15677
15681
15686
15688
15697
15700
15703
15704
15706
15711
15711
15716
15718
15722
15722
15723
15729
15729
15737
15744
15744
15747
15752
15762
15764
15771
15773
15779
15783
15786
15788
15790
15792
15793
15793
15794
15802
15806
15806
15807
15812
15816
15816
15824
15827
15831
15834
15838
15839
15841
15850
15851
15854
15855
15857
15857
15862
15867
15874
15878
15881
15882
15885
15887
15896
15897
15898
15902
15903
15905
15908
15928
15931
15931
15938
15943
15952
15961
15964
15969
15977
15981
15983
15986
15988
15989
15998
15999
16007
16008
16012
16012
16026
16027
16029
16032
16033
16040
16044
16047
16055
16059
16064
16072
16076
16076
16076
16078
16081
16083
16083
16089
16090
16100
16103
16106
16113
16115
16116
16117
16120
16122
16124
16126
16127
16128
16128
16130
16131
16136
16137
16138
16142
16144
16144
16146
16150
16150
16151
16151
16157
16159
16167
16167
16169
16175
16179
16183
16185
16185
16187
16195
16197
16199
16202
16202
16202
16204
16204
16210
16223
16224
16225
16227
16229
16233
16239
16244
16246
16249
16252
16261
16263
16265
16270
16277
16280
16283
16287
16289
16292
16294
16300
16302
16304
16310
16310
16311
16313
16313
16319
16328
16330
16332
16337
16339
16341
16344
16345
16345
16346
16351
16356
16361
16362
16364
16367
16370
16372
16375
16377
16377
16377
16382
16383
16383
16385
16387
16387
16387
16388
16389
16392
16398
16402
16408
16410
16414
16414
16420
16421
16433
16433
16438
16439
16440
16441
16442
16449
16454
16458
16462
16464
16466
16471
16472
16475
16476
16488
16488
16490
16490
16491
16494
16495
16497
16499
16499
16500
16504
16506
16508
16508
16509
16510
16512
16513
16520
16521
16525
16531
16533
16535
16536
16557
16576
16579
16580
16582
16592
16593
16604
16610
16615
16616
16620
16629
16635
16642
16647
16647
16650
16654
16655
16659
16659
16660
16661
16663
16664
16667
16678
16682
16686
16695
16698
16700
16704
16710
16712
16713
16714
16724
16731
16735
16737
16737
16738
16741
16745
16745
16748
16750
16758
16758
16758
16759
16760
16762
16765
16765
16772
16777
16778
16780
16787
16789
16792
16793
16797
16802
16802
16805
16808
16811
16814
16814
16815
16816
16826
16828
16829
16829
16837
16838
16848
16855
16856
16863
16863
16863
16865
16867
16868
16872
16876
16879
16884
16889
16891
16891
16892
16893
16896
16897
16908
16910
16910
16922
16926
16928
16934
16941
16945
16946
16949
16949
16956
16959
16964
16967
16978
16984
16988
16988
16989
16996
16997
16998
17000
17001
17002
17004
17004
17007
17021
17022
17038
17038
17039
17047
17054
17055
17056
17059
17061
17073
17077
17079
17079
17082
17089
17092
17093
17097
17100
17100
17102
17109
17110
17110
17117
17123
17127
17127
17133
17138
17145
17149
17150
17152
17153
17158
17158
17159
17161
17173
17174
17174
17175
17178
17188
17191
17192
17196
17197
17198
17200
17202
17205
17214
17214
17220
17222
17223
17237
17244
17244
17251
17255
17255
17256
17259
17259
17260
17260
17260
17265
17266
17271
17273
17274
17276
17290
17291
17291
17296
17297
17299
17299
17300
17300
17308
17311
17318
17322
17324
17328
17330
17332
17345
17348
17355
17359
17360
17364
17366
17366
17368
17369
17370
17370
17374
17375
17383
17387
17387
17387
17389
17390
17390
17393
17396
17397
17404
17408
17409
17411
17415
17426
17432
17441
17443
17444
17447
17454
17455
17457
17459
17464
17465
17483
17492
17498
17501
17503
17506
17522
17523
17524
17525
17528
17529
17530
17533
17534
17537
17546
17547
17553
17556
17560
17565
17565
17565
17569
17569
17570
17570
17573
17573
17578
17579
17579
17585
17593
17596
17600
17603
17608
17608
17610
17610
17611
17617
17623
17624
17625
17627
17631
17634
17636
17636
17638
17638
17643
17646
17651
17655
17658
17662
17676
17678
17684
17692
17693
17694
17696
17696
17700
17701
17704
17708
17708
17709
17712
17714
17715
17717
17719
17721
17726
17732
17734
17734
17735
17735
17738
17745
17745
17748
17748
17755
17765
17766
17777
17780
17786
17792
17795
17797
17799
17812
17814
17819
17819
17819
17821
17823
17823
17828
17830
17831
17832
17835
17836
17837
17842
17844
17846
17846
17847
17848
17851
17859
17861
17864
17864
17871
17874
17874
17879
17884
17891
17902
17907
17913
17914
17923
17924
17926
17927
17927
17929
17932
17935
17936
17942
17942
17951
17956
17958
17958
17959
17959
17960
17962
17967
17969
17970
17973
17975
17986
17999
18006
18009
18009
18010
18011
18011
18013
18015
18022
18024
18024
18027
18027
18029
18029
18030
18035
18039
18043
18044
18044
18050
18051
18052
18053
18054
18061
18065
18066
18067
18068
18071
18074
18082
18091
18095
18098
18099
18101
18102
18102
18107
18107
18107
18111
18111
18113
18113
18114
18117
18122
18123
18124
18127
18128
18133
18133
18134
18140
18141
18142
18146
18150
18158
18161
18169
18170
18170
18171
18172
18178
18179
18183
18186
18191
18198
18202
18206
18218
18223
18223
18224
18238
18240
18241
18247
18248
18249
18249
18251
18255
18259
18260
18260
18262
18264
18269
18269
18273
18274
18287
18289
18290
18294
18295
18301
18306
18313
18330
18331
18333
18334
18339
18345
18347
18348
18351
18354
18354
18360
18362
18367
18373
18380
18381
18386
18388
18388
18394
18396
18400
18400
18403
18405
18406
18411
18417
18418
18419
18421
18427
18428
18430
18436
18436
18449
18461
18463
18465
18465
18468
18475
18478
18479
18480
18480
18486
18490
18493
18496
18503
18509
18515
18522
18527
18527
18529
18530
18532
18533
18542
18544
18552
18553
18558
18560
18562
18565
18569
18570
18581
18588
18596
18598
18598
18601
18603
18604
18607
18609
18611
18612
18614
18617
18624
18628
18633
18635
18635
18637
18640
18642
18647
18651
18655
18659
18660
18665
18669
18671
18680
18680
18683
18694
18696
18698
18698
18701
18703
18703
18706
18716
18719
18719
18724
18735
18736
18737
18739
18741
18744
18752
18753
18756
18756
18760
18766
18767
18768
18771
18771
18771
18777
18784
18786
18786
18790
18798
18809
18817
18818
18818
18822
18827
18836
18839
18844
18855
18858
18862
18863
18870
18872
18880
18883
18883
18884
18889
18892
18892
18893
18898
18899
18900
18904
18905
18909
18910
18912
18916
18921
18922
18924
18924
18929
18932
18942
18946
18947
18952
18962
18970
18972
18973
18976
18979
18982
18983
18986
18992
18993
18994
19000
19002
19008
19016
19019
19020
19023
19025
19028
19031
19033
19034
19044
19050
19055
19056
19057
19058
19063
19075
19077
19081
19084
19090
19092
19093
19098
19098
19099
19100
19103
19115
19116
19120
19128
19133
19134
19136
19142
19143
19158
19167
19173
19173
19175
19181
19184
19185
19190
19195
19197
19200
19201
19206
19208
19208
19209
19224
19224
19225
19227
19229
19232
19235
19242
19249
19254
19256
19258
19259
19260
19260
19260
19260
19262
19262
19262
19266
19267
19278
19282
19288
19289
19290
19291
19293
19293
19294
19298
19298
19299
19300
19300
19304
19307
19307
19309
19310
19319
19322
19323
19324
19331
19333
19343
19344
19355
19363
19365
19368
19368
19372
19380
19387
19391
19401
19406
19407
19414
19416
19417
19418
19418
19422
19433
19435
19436
19442
19444
19444
19456
19456
19460
19462
19468
19470
19474
19475
19476
19476
19477
19478
19481
19485
19485
19498
19504
19510
19519
19525
19526
19530
19537
19538
19538
19541
19543
19549
19549
19553
19556
19560
19562
19569
19569
19573
19581
19586
19586
19598
19601
19606
19613
19619
19623
19626
19627
19627
19627
19629
19633
19634
19636
19641
19642
19643
19646
19649
19651
19655
19658
19659
19660
19662
19663
19664
19666
19673
19674
19679
19682
19683
19684
19687
19687
19688
19690
19693
19696
19700
19704
19707
19711
19715
19715
19720
19720
19725
19731
19734
19734
19741
19745
19747
19765
19768
19768
19768
19771
19773
19774
19781
19793
19795
19796
19797
19804
19811
19813
19818
19818
19819
19820
19825
19828
19831
19831
19834
19839
19843
19843
19843
19862
19870
19870
19873
19876
19876
19878
19878
19878
19884
19886
19888
19900
19900
19902
19908
19915
19915
19918
19919
19922
19926
19927
19931
19934
19949
19952
19956
19958
19965
19967
19968
19971
19974
19974
19977
19981
19984
19987
19988
19989
19992
20011
20012
20017
20018
20021
20021
20024
20027
20028
20033
20036
20038
20047
20048
20051
20065
20070
20072
20073
20081
20081
20085
20085
20087
20094
20095
20104
20108
20109
20117
20118
20119
20123
20132
20138
20147
20149
20152
20171
20173
20177
20185
20193
20194
20197
20199
20203
20203
20205
20207
20207
20210
20215
20216
20217
20220
20226
20227
20231
20233
20233
20234
20234
20236
20245
20247
20249
20250
20254
20256
20260
20270
20278
20281
20282
20283
20285
20286
20294
20296
20296
20297
20299
20302
20304
20306
20315
20319
20322
20323
20328
20334
20337
20337
20338
20360
20363
20363
20364
20366
20366
20375
20378
20381
20386
20387
20393
20396
20401
20405
20408
20416
20417
20427
20437
20446
20450
20455
20463
20464
20467
20467
20469
20473
20474
20475
20478
20481
20482
20485
20488
20491
20496
20500
20502
20509
20512
20523
20526
20526
20526
20527
20532
20536
20537
20541
20545
20548
20549
20551
20555
20556
20557
20559
20572
20579
20586
20588
20592
20597
20600
20601
20603
20604
20605
20612
20615
20618
20618
20620
20623
20626
20628
20630
20633
20640
20641
20642
20644
20660
20662
20665
20667
20669
20673
20673
20674
20676
20679
20679
20679
20679
20680
20682
20682
20685
20689
20694
20695
20696
20697
20699
20703
20705
20712
20714
20715
20719
20721
20731
20733
20737
20749
20753
20759
20763
20764
20765
20767
20768
20768
20774
20779
20782
20783
20784
20785
20788
20791
20796
20798
20803
20805
20808
20809
20814
20817
20823
20823
20823
20834
20839
20849
20850
20852
20852
20853
20858
20858
20863
20865
20875
20875
20876
20880
20881
20891
20896
20904
20912
20912
20914
20918
20920
20924
20924
20926
20935
20941
20941
20960
20960
20962
20963
20964
20966
20973
20978
20980
20996
20996
21001
21003
21004
21006
21017
21019
21022
21023
21024
21025
21029
21031
21032
21041
21042
21043
21049
21057
21057
21062
21068
21073
21074
21084
21089
21090
21092
21097
21102
21102
21102
21107
21107
21107
21108
21111
21115
21118
21118
21122
21125
21125
21126
21128
21129
21129
21134
21138
21150
21152
21157
21157
21165
21176
21179
21182
21185
21191
21193
21197
21200
21202
21207
21208
21220
21221
21224
21227
21228
21234
21244
21247
21251
21257
21258
21259
21265
21266
21271
21285
21298
21300
21300
21303
21307
21311
21314
21317
21317
21318
21318
21322
21329
21330
21331
21331
21341
21344
21344
21353
21362
21362
21364
21365
21371
21371
21374
21381
21381
21382
21385
21385
21387
21388
21388
21394
21398
21403
21408
21409
21411
21412
21419
21419
21424
21433
21434
21437
21439
21439
21441
21442
21445
21455
21456
21457
21458
21466
21468
21469
21469
21469
21472
21478
21482
21482
21484
21485
21487
21492
21493
21503
21505
21516
21517
21520
21522
21524
21534
21536
21537
21540
21543
21551
21554
21556
21558
21558
21561
21565
21568
21575
21587
21588
21601
21602
21603
21605
21610
21621
21625
21636
21639
21640
21642
21643
21648
21649
21650
21656
21661
21662
21663
21664
21664
21666
21667
21671
21678
21683
21684
21688
21694
21698
21701
21703
21711
21713
21723
21726
21729
21735
21736
21738
21745
21745
21747
21750
21754
21756
21757
21761
21769
21770
21771
21773
21775
21776
21777
21779
21781
21783
21794
21797
21800
21804
21807
21825
21828
21832
21832
21837
21844
21850
21855
21864
21864
21871
21877
21881
21886
21892
21894
21895
21898
21899
21904
21907
21914
21916
21917
21924
21926
21927
21933
21942
21942
21943
21956
21960
21972
21974
21981
21984
21985
21989
22004
22013
22016
22021
22023
22024
22025
22026
22035
22038
22048
22049
22057
22061
22062
22068
22070
22070
22070
22073
22074
22084
22094
22096
22099
22101
22105
22111
22114
22115
22116
22122
22122
22125
22127
22127
22131
22131
22133
22134
22137
22138
22143
22144
22151
22153
22154
22156
22157
22158
22159
22165
22166
22171
22175
22180
22182
22185
22192
22199
22201
22205
22207
22208
22212
22214
22216
22219
22219
22223
22238
22258
22261
22266
22274
22276
22277
22279
22289
22293
22297
22298
22308
22312
22315
22318
22320
22321
22323
22326
22331
22334
22335
22340
22342
22343
22350
22350
22351
22355
22357
22359
22360
22361
22362
22375
22379
22381
22381
22392
22393
22394
22396
22400
22402
22407
22410
22413
22415
22415
22416
22418
22427
22427
22428
22434
22435
22441
22441
22462
22464
22467
22468
22472
22473
22476
22481
22485
22488
22491
22491
22492
22493
22495
22497
22501
22501
22509
22509
22515
22516
22517
22519
22520
22523
22525
22534
22534
22535
22545
22552
22553
22554
22554
22558
22558
22567
22572
22573
22575
22577
22580
22580
22582
22584
22586
22587
22587
22589
22596
22596
22603
22606
22608
22609
22614
22614
22620
22633
22636
22639
22642
22644
22645
22657
22668
22673
22673
22675
22680
22684
22691
22691
22691
22703
22707
22708
22715
22719
22726
22729
22733
22736
22744
22745
22748
22752
22753
22760
22766
22767
22769
22770
22772
22777
22779
22787
22788
22792
22794
22795
22807
22809
22810
22812
22815
22821
22823
22824
22832
22834
22837
22840
22844
22845
22846
22846
22855
22866
22867
22869
22870
22874
22874
22887
22890
22893
22894
22896
22897
22898
22900
22902
22903
22908
22910
22918
22919
22925
22927
22934
22935
22937
22938
22945
22945
22953
22958
22958
22962
22973
22975
22977
22981
22982
22991
22995
22998
23000
23001
23001
23006
23006
23015
23025
23029
23034
23037
23039
23043
23045
23047
23048
23049
23051
23052
23058
23059
23063
23071
23078
23079
23085
23087
23096
23096
23107
23108
23113
23115
23123
23124
23130
23132
23140
23140
23142
23143
23147
23150
23151
23154
23157
23159
23164
23164
23169
23172
23174
23177
23182
23182
23183
23185
23191
23195
23198
23199
23202
23203
23206
23211
23212
23216
23218
23223
23225
23226
23231
23232
23238
23255
23264
23273
23275
23275
23283
23286
23289
23291
23294
23294
23298
23307
23308
23314
23318
23319
23319
23322
23322
23322
23322
23331
23331
23332
23334
23336
23338
23351
23351
23361
23367
23376
23377
23379
23379
23380
23385
23387
23391
23393
23401
23405
23407
23409
23411
23413
23418
23420
23421
23427
23435
23439
23444
23446
23452
23454
23460
23461
23464
23468
23469
23483
23485
23486
23489
23490
23491
23491
23492
23499
23501
23502
23515
23523
23524
23526
23527
23527
23529
23529
23533
23540
23547
23547
23548
23548
23556
23562
23562
23563
23564
23571
23572
23573
23576
23577
23578
23578
23580
23580
23582
23589
23593
23600
23602
23606
23606
23606
23608
23611
23622
23624
23626
23631
23631
23640
23646
23649
23661
23673
23677
23678
23678
23682
23683
23688
23695
23696
23697
23698
23698
23699
23701
23702
23705
23708
23717
23720
23722
23729
23733
23736
23740
23744
23745
23749
23749
23751
23752
23768
23769
23784
23789
23794
23802
23805
23807
23807
23813
23816
23817
23822
23823
23824
23825
23827
23828
23829
23834
23837
23842
23843
23846
23848
23859
23861
23861
23862
23871
23882
23888
23889
23896
23902
23903
23904
23907
23910
23914
23917
23918
23918
23923
23924
23939
23941
23946
23947
23949
23950
23951
23961
23967
23968
23972
23974
23975
23986
23994
23999
24005
24007
24018
24020
24021
24024
24025
24026
24033
24036
24040
24044
24044
24049
24054
24054
24056
24061
24061
24066
24071
24077
24079
24080
24091
24095
24095
24097
24099
24099
24099
24100
24104
24108
24109
24113
24114
24115
24118
24119
24132
24133
24136
24139
24139
24139
24142
24144
24146
24146
24148
24148
24152
24152
24156
24157
24160
24163
24167
24169
24171
24176
24178
24178
24180
24182
24186
24191
24194
24195
24200
24202
24203
24208
24208
24210
24210
24214
24216
24221
24227
24228
24235
24237
24240
24243
24246
24249
24259
24260
24265
24267
24268
24271
24275
24284
24294
24300
24300
24310
24312
24313
24314
24316
24319
24321
24333
24338
24339
24340
24342
24348
24349
24349
24349
24351
24352
24357
24358
24361
24365
24374
24380
24384
24392
24392
24393
24395
24398
24403
24406
24407
24411
24414
24420
24420
24429
24431
24435
24440
24441
24443
24445
24445
24448
24455
24460
24463
24477
24478
24480
24480
24490
24490
24493
24497
24503
24505
24507
24514
24516
24517
24518
24521
24527
24530
24535
24535
24536
24538
24539
24541
24544
24545
24547
24554
24556
24562
24567
24567
24573
24574
24578
24582
24583
24584
24585
24586
24590
24590
24590
24592
24592
24596
24597
24600
24604
24607
24610
24611
24620
24631
24636
24646
24647
24648
24649
24650
24653
24657
24658
24660
24666
24667
24670
24671
24672
24682
24682
24683
24686
24687
24689
24692
24695
24704
24710
24714
24728
24733
24733
24734
24735
24736
24738
24741
24744
24745
24745
24748
24749
24752
24754
24759
24761
24762
24764
24766
24773
24775
24778
24779
24784
24786
24788
24796
24797
24799
24800
24804
24810
24812
24814
24818
24829
24832
24834
24841
24842
24855
24857
24861
24862
24866
24870
24870
24870
24871
24871
24876
24878
24879
24881
24882
24886
24886
24888
24891
24901
24902
24903
24908
24911
24913
24913
24914
24916
24917
24924
24941
24946
24948
24948
24950
24952
24953
24954
24959
24959
24961
24969
24969
24970
24970
24973
24973
24975
24976
24979
24979
24982
24984
24991
24998
24998
25001
25004
25004
25012
25013
25013
25020
25025
25026
25029
25030
25043
25046
25047
25048
25051
25052
25054
25054
25055
25060
25061
25075
25076
25078
25079
25090
25096
25099
25105
25107
25107
25108
25111
25113
25118
25122
25133
25137
25137
25143
25161
25162
25169
25173
25179
25189
25190
25190
25194
25194
25198
25201
25202
25203
25204
25204
25216
25222
25227
25229
25230
25230
25234
25235
25240
25242
25245
25248
25249
25251
25251
25252
25253
25257
25258
25258
25261
25262
25263
25265
25272
25275
25275
25278
25282
25283
25295
25303
25304
25307
25309
25318
25318
25319
25319
25320
25321
25327
25328
25329
25332
25340
25345
25348
25360
25374
25376
25380
25381
25381
25382
25384
25384
25386
25390
25390
25391
25392
25395
25396
25400
25405
25408
25413
25417
25419
25420
25420
25423
25427
25428
25430
25432
25437
25440
25443
25444
25445
25447
25448
25459
25459
25462
25467
25471
25475
25479
25486
25486
25494
25499
25503
25507
25512
25513
25516
25516
25516
25519
25520
25523
25524
25531
25532
25534
25535
25536
25537
25547
25552
25554
25555
25561
25563
25569
25571
25571
25592
25594
25596
25601
25607
25611
25612
25614
25617
25620
25627
25634
25636
25638
25640
25641
25644
25644
25646
25647
25648
25651
25652
25654
25655
25657
25669
25669
25673
25675
25675
25678
25679
25685
25688
25699
25700
25703
25704
25706
25710
25718
25719
25725
25725
25737
25740
25744
25749
25755
25756
25757
25758
25760
25761
25761
25764
25765
25766
25774
25776
25783
25784
25786
25788
25791
25799
25802
25803
25806
25811
25811
25813
25815
25817
25820
25822
25825
25825
25825
25828
25831
25832
25832
25839
25840
25848
25850
25855
25861
25865
25866
25870
25872
25878
25885
25895
25899
25910
25913
25914
25914
25915
25916
25916
25918
25918
25918
25919
25927
25927
25930
25937
25943
25944
25949
25955
25959
25962
25971
25974
25976
25979
25983
25984
25986
25987
25998
26000
26003
26006
26018
26020
26021
26023
26031
26037
26037
26039
26044
26046
26053
26055
26056
26056
26057
26059
26064
26066
26067
26067
26069
26069
26074
26075
26076
26078
26078
26088
26098
26098
26099
26106
26108
26111
26112
26121
26122
26127
26131
26133
26136
26139
26149
26149
26151
26161
26162
26165
26165
26169
26169
26170
26170
26173
26176
26178
26180
26180
26185
26188
26190
26193
26195
26196
26199
26207
26211
26211
26212
26214
26220
26226
26227
26230
26230
26230
26233
26236
26237
26238
26243
26247
26248
26249
26253
26256
26256
26257
26267
26267
26271
26272
26277
26281
26285
26287
26295
26305
26311
26313
26313
26317
26319
26321
26322
26324
26324
26329
26330
26331
26338
26339
26340
26346
26350
26353
26353
26354
26356
26357
26361
26363
26369
26370
26380
26381
26383
26384
26386
26400
26403
26404
26405
26410
26422
26423
26423
26433
26434
26435
26437
26442
26445
26447
26454
26459
26460
26468
26471
26474
26483
26484
26485
26487
26490
26491
26492
26494
26500
26503
26505
26511
26512
26512
26514
26519
26534
26540
26543
26544
26544
26545
26551
26561
26565
26571
26574
26581
26582
26585
26591
26591
26596
26597
26598
26599
26601
26615
26625
26628
26631
26633
26634
26634
26637
26639
26647
26649
26653
26654
26656
26658
26660
26661
26664
26666
26671
26675
26677
26679
26680
26690
26690
26691
26693
26694
26698
26698
26699
26711
26723
26726
26727
26735
26739
26740
26740
26741
26741
26746
26749
26750
26751
26752
26757
26763
26770
26774
26775
26780
26788
26795
26796
26800
26804
26806
26806
26806
26809
26809
26810
26812
26814
26814
26817
26818
26819
26826
26831
26832
26833
26836
26837
26842
26842
26847
26850
26852
26853
26863
26866
26876
26877
26880
26884
26888
26890
26891
26899
26910
26911
26911
26912
26912
26914
26918
26924
26925
26925
26930
26931
26933
26934
26935
26937
26945
26945
26950
26960
26961
26963
26965
26969
26980
26983
26984
26985
26988
26989
26991
26991
26995
26995
26998
26999
27002
27006
27007
27009
27009
27010
27014
27019
27023
27024
27034
27036
27036
27051
27052
27052
27055
27059
27072
27075
27076
27076
27078
27078
27079
27082
27083
27085
27087
27088
27097
27099
27104
27104
27105
27107
27107
27112
27116
27124
27125
27125
27132
27136
27137
27139
27143
27157
27157
27163
27172
27177
27179
27180
27180
27182
27188
27198
27199
27200
27205
27208
27211
27212
27215
27221
27229
27230
27233
27233
27235
27237
27238
27252
27253
27253
27253
27264
27270
27272
27272
27288
27296
27300
27302
27302
27302
27303
27311
27312
27312
27315
27318
27320
27323
27324
27328
27335
27341
27350
27350
27354
27354
27356
27356
27356
27362
27363
27364
27368
27372
27376
27378
27379
27380
27381
27385
27385
27387
27387
27390
27393
27394
27396
27398
27412
27413
27415
27415
27416
27416
27418
27418
27421
27428
27430
27430
27437
27439
27443
27445
27447
27448
27449
27451
27455
27464
27466
27468
27471
27474
27475
27478
27483
27485
27490
27492
27493
27497
27498
27498
27505
27511
27512
27514
27516
27518
27518
27522
27524
27524
27531
27535
27540
27542
27544
27547
27547
27551
27555
27562
27564
27564
27570
27576
27592
27602
27607
27609
27611
27619
27627
27628
27633
27634
27638
27642
27645
27647
27653
27654
27657
27660
27661
27661
27663
27668
27680
27681
27683
27684
27687
27691
27691
27698
27703
27706
27706
27709
27710
27715
27715
27716
27718
27725
27727
27732
27733
27754
27757
27763
27764
27766
27769
27775
27776
27783
27783
27785
27785
27787
27788
27793
27796
27798
27799
27801
27806
27807
27809
27809
27809
27816
27821
27822
27824
27825
27830
27836
27842
27844
27851
27852
27856
27856
27865
27865
27865
27868
27868
27872
27877
27878
27882
27887
27888
27907
27913
27914
27916
27922
27935
27940
27943
27945
27946
27956
27959
27960
27968
27969
27971
27974
27980
27982
27982
27985
27987
27988
27988
27991
27991
27992
27997
27998
27998
28000
28003
28005
28005
28005
28008
28013
28020
28020
28022
28026
28032
28032
28037
28037
28039
28040
28043
28045
28047
28047
28048
28057
28058
28065
28068
28080
28086
28086
28087
28087
28089
28089
28089
28090
28090
28095
28095
28095
28097
28100
28108
28109
28111
28112
28113
28118
28121
28122
28122
28126
28132
28138
28144
28158
28161
28171
28177
28181
28183
28184
28191
28193
28199
28208
28209
28213
28217
28221
28223
28223
28229
28236
28236
28239
28247
28248
28253
28256
28256
28261
28261
28267
28269
28272
28284
28286
28291
28294
28298
28299
28308
28308
28308
28311
28313
28322
28322
28327
28327
28333
28344
28345
28345
28347
28347
28348
28349
28349
28350
28365
28365
28372
28376
28379
28380
28384
28385
28389
28409
28415
28415
28415
28427
28427
28434
28434
28435
28436
28439
28440
28443
28444
28451
28456
28457
28459
28460
28461
28462
28475
28483
28485
28486
28493
28494
28497
28499
28500
28500
28510
28521
28524
28527
28528
28529
28532
28534
28544
28550
28554
28558
28561
28563
28576
28576
28580
28584
28591
28591
28593
28595
28597
28598
28599
28599
28610
28616
28619
28621
28624
28627
28629
28637
28640
28643
28645
28650
28651
28652
28656
28656
28669
28670
28674
28683
28689
28690
28695
28696
28699
28700
28703
28709
28709
28713
28713
28714
28716
28716
28724
28729
28737
28742
28746
28747
28751
28751
28758
28763
28768
28771
28774
28776
28778
28780
28783
28785
28788
28788
28789
28794
28795
28795
28796
28796
28799
28800
28800
28805
28812
28813
28819
28821
28821
28829
28833
28834
28838
28840
28849
28855
28860
28861
28861
28863
28868
28870
28872
28874
28877
28878
28880
28883
28883
28891
28893
28894
28895
28900
28906
28906
28907
28917
28921
28921
28926
28935
28935
28938
28940
28942
28943
28943
28946
28955
28957
28958
28969
28970
28976
28978
28981
28984
28984
28985
28991
28993
28994
28997
28999
29005
29006
29009
29017
29019
29023
29028
29030
29030
29031
29032
29038
29039
29041
29044
29047
29049
29050
29051
29052
29052
29057
29060
29064
29078
29078
29083
29086
29087
29089
29092
29093
29093
29099
29106
29107
29114
29119
29123
29124
29137
29138
29138
29143
29144
29149
29150
29159
29160
29162
29164
29164
29168
29170
29171
29172
29177
29177
29180
29181
29182
29188
29190
29197
29207
29209
29210
29218
29220
29222
29222
29225
29226
29228
29234
29237
29238
29242
29243
29245
29251
29251
29251
29252
29253
29255
29261
29263
29265
29268
29270
29272
29274
29275
29276
29277
29279
29292
29292
29296
29296
29298
29301
29303
29306
29306
29315
29315
29315
29321
29321
29323
29324
29324
29331
29331
29338
29339
29340
29357
29361
29364
29365
29366
29370
29371
29378
29381
29388
29388
29393
29395
29396
29398
29407
29407
29408
29408
29409
29412
29417
29418
29432
29435
29438
29441
29443
29444
29445
29449
29449
29449
29450
29457
29457
29459
29460
29467
29471
29472
29474
29475
29477
29481
29485
29490
29491
29491
29494
29498
29504
29505
29505
29507
29510
29512
29512
29514
29514
29515
29517
29519
29521
29523
29527
29528
29531
29533
29534
29536
29538
29547
29557
29558
29560
29561
29562
29563
29567
29567
29574
29575
29577
29578
29581
29581
29584
29603
29614
29615
29621
29625
29627
29629
29639
29644
29650
29650
29651
29653
29656
29659
29667
29669
29670
29675
29678
29680
29680
29685
29688
29694
29694
29698
29700
29708
29711
29712
29716
29716
29721
29725
29727
29730
29732
29735
29736
29738
29745
29747
29751
29751
29753
29756
29758
29763
29779
29779
29786
29788
29794
29804
29804
29806
29811
29813
29814
29817
29817
29818
29821
29821
29825
29825
29830
29830
29839
29840
29841
29848
29849
29852
29854
29859
29861
29865
29867
29868
29869
29869
29870
29873
29875
29879
29881
29881
29882
29886
29888
29892
29893
29898
29898
29899
29907
29908
29915
29917
29919
29919
29925
29929
29929
29932
29936
29947
29951
29958
29961
29962
29964
29967
29967
29969
29971
29973
29978
29997
29998
30000
30002
30004
30005
30009
30011
30015
30018
30020
30020
30024
30025
30029
30032
30032
30039
30043
30045
30046
30047
30047
30057
30068
30069
30084
30085
30087
30093
30097
30098
30098
30099
30106
30112
30118
30121
30122
30132
30136
30136
30146
30146
30148
30148
30153
30156
30157
30158
30160
30160
30162
30165
30166
30167
30168
30173
30181
30184
30186
30191
30195
30195
30200
30204
30208
30210
30211
30212
30216
30219
30220
30221
30225
30228
30230
30230
30255
30256
30262
30262
30264
30267
30269
30271
30276
30278
30280
30281
30291
30306
30308
30310
30310
30311
30311
30313
30314
30315
30316
30322
30328
30335
30335
30337
30342
30348
30349
30353
30365
30366
30366
30370
30375
30376
30376
30381
30385
30387
30392
30399
30400
30400
30419
30421
30421
30422
30424
30428
30429
30429
30431
30432
30438
30441
30444
30449
30456
30459
30462
30463
30465
30465
30465
30466
30470
30470
30478
30484
30490
30496
30504
30504
30507
30510
30513
30516
30517
30518
30530
30533
30535
30535
30535
30536
30544
30554
30556
30560
30561
30564
30565
30566
30571
30573
30577
30580
30584
30584
30588
30590
30601
30603
30603
30608
30608
30609
30616
30619
30620
30621
30637
30637
30639
30642
30651
30652
30652
30654
30660
30662
30666
30670
30671
30680
30680
30680
30682
30683
30684
30697
30701
30703
30705
30706
30713
30714
30717
30718
30720
30721
30722
30724
30727
30728
30731
30736
30741
30743
30744
30745
30745
30750
30753
30755
30759
30761
30762
30767
30781
30789
30790
30791
30795
30798
30801
30806
30811
30816
30819
30821
30834
30838
30839
30841
30844
30853
30856
30857
30857
30860
30862
30862
30866
30870
30870
30873
30875
30878
30880
30883
30887
30891
30892
30901
30903
30910
30916
30920
30922
30925
30926
30929
30929
30935
30935
30937
30937
30939
30940
30947
30947
30951
30955
30955
30957
30963
30966
30969
30971
30976
30983
30984
30987
30990
30993
30996
30997
31000
31003
31004
31005
31010
31014
31015
31022
31028
31028
31033
31034
31037
31047
31057
31062
31072
31075
31077
31081
31084
31095
31098
31101
31108
31110
31116
31116
31121
31121
31121
31123
31124
31124
31129
31130
31131
31134
31135
31139
31143
31144
31150
31153
31155
31160
31161
31177
31179
31180
31183
31184
31185
31195
31197
31198
31198
31199
31203
31204
31205
31207
31207
31217
31221
31225
31226
31227
31227
31228
31258
31267
31281
31284
31285
31290
31292
31293
31296
31326
31335
31341
31345
31346
31351
31352
31353
31358
31364
31365
31366
31367
31368
31368
31369
31372
31372
31373
31375
31375
31381
31384
31386
31386
31400
31404
31407
31409
31410
31418
31418
31419
31423
31424
31425
31427
31429
31432
31432
31435
31437
31446
31450
31452
31453
31455
31462
31465
31472
31472
31474
31486
31491
31499
31502
31502
31510
31515
31516
31525
31526
31531
31533
31538
31542
31543
31543
31552
31553
31554
31555
31559
31562
31563
31566
31566
31568
31568
31572
31577
31578
31581
31582
31583
31588
31589
31590
31591
31591
31598
31605
31606
31609
31609
31611
31612
31617
31618
31624
31624
31630
31631
31634
31636
31638
31644
31649
31651
31652
31658
31659
31662
31667
31672
31674
31675
31688
31701
31706
31707
31708
31711
31713
31715
31719
31720
31730
31731
31732
31735
31738
31743
31745
31747
31748
31752
31755
31763
31765
31766
31768
31772
31779
31779
31780
31782
31783
31788
31791
31794
31811
31813
31817
31825
31827
31829
31833
31835
31839
31840
31842
31848
31849
31850
31851
31851
31852
31856
31860
31865
31865
31867
31869
31873
31874
31876
31877
31886
31893
31903
31905
31909
31912
31914
31916
31924
31929
31932
31940
31940
31943
31943
31944
31947
31947
31952
31954
31954
31955
31958
31961
31968
31975
31975
31976
31985
31985
31999
32020
32023
32024
32032
32045
32051
32062
32066
32066
32073
32073
32075
32078
32078
32079
32085
32086
32087
32088
32089
32098
32098
32098
32101
32103
32104
32105
32115
32117
32118
32125
32130
32133
32144
32153
32154
32157
32170
32171
32173
32175
32175
32179
32184
32184
32186
32188
32191
32191
32199
32200
32204
32215
32218
32221
32223
32225
32230
32231
32237
32244
32247
32249
32250
32252
32256
32262
32265
32268
32269
32276
32281
32285
32286
32287
32292
32294
32294
32296
32297
32307
32307
32310
32314
32315
32318
32322
32324
32330
32334
32340
32340
32340
32344
32347
32352
32354
32356
32362
32363
32364
32370
32370
32371
32372
32374
32374
32378
32383
32391
32396
32398
32400
32400
32406
32406
32407
32414
32418
32427
32428
32429
32441
32442
32447
32451
32453
32456
32458
32463
32472
32473
32475
32476
32477
32479
32483
32490
32493
32495
32510
32516
32520
32520
32520
32521
32523
32527
32529
32534
32537
32541
32554
32554
32560
32562
32563
32564
32566
32568
32569
32570
32578
32581
32583
32586
32589
32597
32599
32602
32606
32607
32610
32611
32614
32616
32616
32616
32619
32621
32627
32637
32639
32641
32642
32645
32649
32661
32662
32666
32672
32674
32678
32679
32685
32685
32689
32692
32695
32697
32699
32700
32702
32702
32702
32706
32707
32708
32714
32715
32718
32718
32720
32724
32725
32737
32739
32740
32741
32745
32745
32748
32749
32752
32752
32754
32757
32763
32766
