27925
26692
1644
17354
27216
14052
20501
7081
12062
8372
17824
4269
28586
9145
2801
10745
25753
28641
15600
1293
31189
31712
23356
15368
7704
3019
8335
29598
32570
1397
30191
19671
16187
11917
27802
13965
28176
12404
27311
23203
21550
32223
30364
8965
22999
30257
19787
4708
5927
25237
12044
27823
22749
10463
3904
27472
9707
20512
4811
31019
4540
13067
2359
12887
26439
31754
19624
9114
30936
18208
13444
1447
8345
1405
1758
28694
15843
32483
5287
16423
15175
3259
27795
12087
26970
27382
20685
21758
14916
15013
23386
4494
10759
4695
32077
6923
24464
14390
17584
11051
21120
25056
5421
2156
439
5638
16256
26392
1701
3015
9117
24058
4431
9162
18848
27358
6435
22301
7544
17098
20093
14289
14675
27133
6389
24401
27337
20395
11887
26247
24264
26998
3808
17325
8258
2732
28896
10739
21912
29507
27381
18134
26820
21141
26009
31034
1609
14812
8721
24141
7900
14955
25069
20508
22479
11186
31581
12786
5698
21743
26170
9845
4360
30389
3536
2942
5466
28702
29549
22459
27198
31695
28075
13831
32437
16560
4220
31364
20135
12904
2554
19838
10895
32155
32748
10239
19942
31715
14872
32306
28753
27535
9547
13176
15754
26398
31529
13388
24590
22650
6837
20951
2699
25588
23967
15186
11272
1795
30289
12576
15058
26300
8888
19879
16938
2577
16338
32754
7856
31689
2556
5128
5517
4163
5625
25865
12900
19178
20162
5390
6134
8055
1040
26302
12183
2794
21930
5296
25428
16454
1902
17028
20193
25871
2593
25536
4933
6532
17656
13420
14660
18588
27619
8044
20112
31683
28316
11936
10670
11857
19570
24765
170
23759
22742
233
15994
19432
15522
23577
17203
17201
16429
28715
31469
14233
10767
28866
30583
8622
16053
15845
30907
31637
11427
10327
4080
8902
29068
8116
18818
6539
1044
9808
2497
25656
20063
9935
2123
32296
17761
1924
5690
8827
10469
6026
6926
25745
14426
12708
29785
21573
26720
12502
9261
10730
25878
4800
31301
13830
27938
25533
9206
4305
20861
20671
20180
17771
9732
31464
18979
29921
28350
26857
21252
11486
21998
12827
30556
28209
14040
16223
15235
7938
2388
15798
28337
25812
31252
7839
23081
8762
15284
16948
14115
5209
23686
9987
6010
19489
11547
15277
11546
32586
914
11841
7207
27920
26528
21846
17390
21167
29539
3818
10892
11166
29926
12542
30560
14731
7283
26605
10290
4121
17308
7824
27936
8284
6408
19476
22348
16
15614
17302
17991
26781
6835
24963
16444
10699
2643
12978
8412
3141
2001
28990
19213
24527
2671
29477
18770
12615
18701
26274
2297
25693
30513
30794
7174
11537
18138
16104
11746
9457
15108
2330
5827
30736
5883
26792
14811
26053
30304
6055
6720
4393
23036
4946
21150
23886
13640
2211
23454
20799
18616
28341
19733
16316
21707
27353
1517
11954
29140
23162
26324
14972
6277
7857
2982
28892
10048
1447
12187
24504
28702
28078
10288
21396
7099
32286
8918
467
27848
4593
4445
6829
12366
12318
28959
32495
26307
11702
22764
5494
29134
21951
31161
31849
21210
13011
32263
4665
18012
22136
29717
4698
18405
14910
11973
16830
19175
5787
18767
26390
13383
19335
14759
2760
24742
14038
7599
15023
17263
5208
12061
19861
27297
17329
2602
25200
29530
4090
13056
5984
15143
21780
1504
13412
23053
7888
32278
17888
12630
7617
32670
25295
6941
3547
3988
6856
1689
27348
10076
18354
3369
3639
3733
16198
19491
4936
26559
8265
3932
7323
23462
14215
6263
22387
3990
14478
3822
22747
21053
17968
25826
12422
11102
1718
15522
19816
14907
16356
6909
4112
3776
14001
29256
9932
26991
20163
21038
3963
3599
9644
18490
23344
5396
9703
15654
3980
26573
19857
23265
16856
21328
9447
18274
18405
24101
8323
16431
6819
19637
27478
25260
18052
112
21604
11556
1422
7617
23618
1177
24386
9395
7761
19276
27185
26720
4536
21514
2903
4381
24099
15933
20286
5479
16445
1710
14547
21900
14830
22811
8711
17945
2644
28285
2597
21767
10627
1045
28150
30116
17405
14140
1430
32579
29168
20968
1044
19107
9778
21501
13517
14880
4349
17754
4741
6300
29290
7326
13386
31531
6318
18110
11273
4480
1560
6984
13037
4379
31430
18804
16251
10032
24106
2543
24943
7510
17472
8551
32596
7412
2701
32727
20965
15724
18646
2192
14630
18692
4518
20235
18242
25753
15997
21616
7459
1538
17368
4581
29907
25925
18661
23448
30102
21628
32515
26763
11715
10885
29947
2850
20070
11373
25088
26222
1175
8602
9320
11319
3225
32442
28712
12235
23218
21359
26898
22921
30157
26295
9421
18220
24528
11805
20632
9433
10174
2977
30398
2791
396
32360
8152
27760
32709
12836
19397
25243
19165
6465
32362
24743
29268
32213
23594
7352
13202
13636
4644
14690
21117
25270
1583
31734
24539
29754
2711
7055
2411
18103
4500
29915
20418
7319
7310
11945
15846
21297
25363
6967
32428
762
28052
25145
27602
30316
8163
16297
29403
9138
28525
25426
27566
5400
16695
15642
15597
27701
11161
16914
27158
27605
6077
30271
26460
13481
32471
18214
20291
8366
16161
793
22014
26973
17566
31044
5768
1175
394
3702
5508
25679
29347
21168
5590
1269
11035
25456
6909
30374
9304
9914
13623
19732
19825
10987
29523
8759
5737
14141
5716
6065
29481
22809
25290
770
4671
31264
11248
12400
17241
19192
29830
26803
18815
3799
16749
9572
5396
5072
31236
8228
8586
25568
29253
10380
29416
31415
31390
27864
28413
3144
4496
8530
3682
10255
4873
12928
8497
17701
386
28173
9094
773
17624
20088
23994
11036
31467
21886
19546
16146
13817
8520
3049
8155
17592
10325
17498
6524
24629
18469
20556
24478
23407
4779
7171
18132
12466
1648
30762
18092
2229
7559
23627
4215
6003
24372
21770
18136
27337
24667
6693
8719
1748
24234
2091
3331
27656
25222
31231
1809
25361
5046
15884
22167
10858
11474
9029
22590
25022
14697
23012
30475
20225
2805
9182
6437
22862
4224
4392
3428
21887
32018
17324
17822
142
26849
30474
27056
17327
22840
18447
3918
7721
23331
30710
8843
20728
7391
10081
19239
10276
12805
17685
23196
32223
28272
11384
3815
21345
1011
12236
13847
7044
20156
2601
32407
4895
31878
30012
58
17186
31362
24258
18955
2166
22019
