15881
6830
1819
24176
4448
2662
10408
22715
2313
22461
16046
29969
8287
22509
4620
23350
19268
16399
27233
7992
22476
9049
5538
8196
16043
6423
23645
13253
3679
18026
28362
15872
23836
18372
5782
2928
28028
13855
14704
4002
29155
17408
30800
24657
6836
11823
30602
2687
23349
31795
7062
7512
4418
19599
18076
1734
31669
10431
25282
7635
11153
7409
17718
30403
23537
3972
13818
23789
23731
5185
10354
3677
31715
14172
28847
5419
6633
31785
377
23193
21619
2974
32542
20464
29728
20108
13053
18711
2289
28573
11217
25848
24944
268
5823
8083
18590
16935
7454
27102
13982
16518
21256
25443
24610
20744
676
4504
20633
7314
24626
12541
31509
15495
29395
31736
28158
8966
15902
880
5497
19175
30819
29995
14486
27507
22973
27624
7484
11237
20442
9532
32468
4772
8841
14637
17336
11326
21768
12176
7514
9764
20491
3874
32564
22824
8332
17001
6259
32695
22358
28233
15459
5078
21839
5733
26009
4318
4232
11067
16354
5366
7686
24062
25838
7765
3150
22066
14268
24629
23218
9482
2757
27542
6494
4737
31976
10168
32289
8250
14616
22101
31229
24088
1223
8098
7021
27805
18705
25092
18808
18692
681
16787
9082
16156
17540
13135
4525
7403
14663
36
21114
1022
20337
31647
4226
29841
31816
27246
19819
28260
16773
21658
11627
17240
25023
16259
28565
30668
28568
2975
7910
19641
9129
29170
18446
20367
9518
23884
16384
3022
12657
6981
18232
14949
19959
8441
5583
2763
29037
24452
7232
25054
20305
25660
1272
10878
12897
16561
17055
5097
4548
30309
14121
22997
19705
25164
16283
29263
14979
25602
12446
15702
30033
15566
4037
4662
5359
25179
5534
18086
15471
16688
17530
2977
11285
10996
8188
15364
16837
27748
20836
30956
5165
18192
17561
12237
5298
19160
2552
26195
25628
19242
2271
26617
17920
27641
20216
12650
24305
636
2117
13722
10598
17835
27632
22692
19817
2682
10704
15458
18181
2004
9403
15054
1901
24150
1422
10779
31980
24528
29437
18067
11664
21116
31259
24111
20630
11260
29608
6648
4756
21
29214
288
28777
7982
1146
4575
21733
8326
22987
3087
25911
21560
4476
18822
10266
22768
17504
16439
29631
20843
4738
2567
20089
30128
16810
3697
11818
31760
14511
10712
17009
5599
25472
28335
13713
31727
19440
23627
4128
18128
29509
10115
11124
3786
14463
28941
24269
3991
22376
1432
21314
19425
19552
937
10861
27774
10469
822
25558
22381
9445
6915
11552
14992
30915
24512
2293
1575
19499
14559
30898
4880
17814
10039
5331
28865
1692
22874
16413
5889
8445
10678
24974
30569
20589
25198
20740
10910
1315
25334
25263
13644
2848
881
15672
8417
23104
20938
26286
25614
23298
1172
13365
22270
11286
16290
2157
12116
13484
1638
3235
16359
3959
30730
20666
30781
6787
12624
32216
24520
14268
28714
2000
2275
2618
21785
2386
14218
15437
24134
14036
14300
6733
30817
5183
8274
3614
16701
22874
31677
18309
22568
12535
5889
7470
22540
16096
28307
29305
22343
6271
30644
11784
2378
7247
16747
3337
24051
21510
10563
24388
15019
19839
8137
30692
10559
5737
14532
24325
6271
18098
818
4097
2712
17841
25863
20602
19762
13845
30373
27687
5961
13457
6682
24927
10444
21829
18971
19047
18424
3051
23748
3964
14449
27334
13837
11679
2085
25675
9740
7715
19937
31628
28397
10999
13743
3944
11953
15284
30455
11380
10409
26470
4177
4520
10929
22298
25899
21449
2605
17707
6431
19354
29893
9549
17681
15042
4320
16726
25100
21372
10721
22224
1498
3841
25636
319
19813
32437
13495
32050
4304
1043
6361
4108
15700
7002
18739
8336
28892
9461
25816
19502
13152
22955
20478
1295
27138
21899
17018
1250
24555
26005
16893
8292
226
1064
1040
18354
8625
12336
29649
16206
29239
2827
22379
24051
30029
26944
20823
23321
6746
16863
14676
31302
21684
10422
2343
7963
19645
16184
22803
5658
1722
18477
10263
7736
7026
18971
27626
32550
24203
27760
9399
14431
3748
31604
28824
5362
27441
16113
23252
12301
19482
3999
25305
13901
5907
22354
30456
28615
11961
26594
24290
24278
14194
21726
20966
32675
19969
15344
13544
29813
3052
10254
15392
10942
30094
31590
27800
17633
11770
3078
14691
21700
3222
24399
14494
13082
28788
12311
11304
32621
28015
11169
23073
5358
12042
4414
28963
32764
11528
8383
29763
16502
3531
930
27334
25793
21101
7416
20387
18840
10400
27671
31933
2711
32326
28165
3549
28549
13007
10655
30577
25188
598
21132
19718
14906
1659
12005
29575
26270
26878
11170
15155
18433
9248
19395
7520
16578
27834
24130
6641
19184
8730
9916
28824
7900
24481
25817
12748
13926
3101
26240
25481
14597
743
4285
13771
7315
12988
2925
712
1758
20060
31663
5872
15343
27364
30986
31909
9496
10220
10590
18362
15551
15712
12172
7341
27373
2847
22757
28581
7830
1621
13651
14122
12198
8345
1609
3750
21968
1221
12396
1183
16405
17817
7166
4274
6422
23055
12303
27983
1051
892
21602
20790
24287
31083
9760
17589
21537
30521
19263
3742
2795
1904
4272
29962
32417
10468
16203
19921
19401
10639
21371
6852
32156
21294
937
11697
10320
17816
16745
4116
23587
6881
8551
10909
15655
12594
22031
26726
19408
13926
10495
20976
10815
20837
7982
23523
27212
1345
13273
25986
12374
10770
22065
8944
14026
6033
5574
28452
32372
23927
10673
16813
14216
9619
16004
17447
12143
7086
14067
17273
20307
30495
19263
30932
30569
557
13158
26219
17153
15143
18444
17394
335
27461
17959
14041
28407
20285
8558
21061
31834
11685
4479
6867
11427
30475
17874
2571
22928
19414
27746
19878
26625
987
30485
16000
14657
5054
19440
19291
25880
27663
19451
21337
2189
11808
23797
11320
13691
21160
25016
20555
20186
7705
19818
28732
24011
32449
15721
25731
11104
12451
17908
15013
11057
17170
23962
23085
672
23571
4963
32107
14567
21872
31680
31215
23526
3996
51
5316
9646
5706
32189
24173
28365
29388
24076
21153
31063
18476
5985
14278
24761
5388
16195
31278
14909
14141
7141
32531
12892
3362
24664
11091
12999
20675
32624
6636
23860
2224
16760
15927
26345
10908
2197
28133
8458
19381
28667
3770
14754
31428
12753
25611
370
8201
32741
14328
17021
32468
15119
23658
29519
13539
13671
16332
21265
21375
27430
4488
14926
28245
24157
12872
11395
15381
344
27625
30312
9420
23503
11583
25857
23042
22226
17804
24931
21651
23410
23485
32071
21582
12336
7530
15440
15695
16679
24971
9756
28444
16120
15099
27916
29058
16505
13999
13780
4909
21277
16819
19393
22026
9761
29416
19917
17757
15484
13439
8293
4513
20868
2356
12276
3619
23648
26955
20535
27741
24113
29515
17472
20755
26367
27773
15175
7983
32101
19747
20020
5213
21757
21625
18925
4966
32649
24685
21087
14414
1254
1309
10830
4652
3505
8213
11229
7884
3254
25413
15837
25606
4893
5059
20949
17115
15187
30790
14037
24661
22201
13150
19707
16413
18959
1396
26050
27865
17567
12934
23822
19020
15913
1951
14072
27947
26514
15383
20057
5312
31307
10895
24600
8769
4738
7595
32564
10733
11
11406
15760
31212
14861
25367
5506
13028
24940
12765
24602
20059
32250
25066
25650
11983
25181
2107
19002
5527
25278
13556
192
6775
18999
23139
24002
262
15097
10171
2228
1984
25920
21388
31055
3307
16632
4613
5920
9514
13868
13034
17868
32738
24627
9043
27171
13648
22425
20266
13292
23143
11982
7778
14443
30315
3473
2552
10674
13902
5914
1194
13996
31181
1802
13178
24555
5706
12563
12769
19756
27496
20327
24020
28592
9576
19426
26488
32058
18758
28662
8356
4070
26259
10074
18458
30384
2833
16754
19589
704
21520
23933
17202
23927
14731
28033
3727
13114
28418
31734
28772
16129
30229
8244
979
670
16101
19870
23312
14285
29226
27020
15585
17921
16660
21498
15829
18665
22243
20210
12612
29636
18501
28857
11786
23914
7283
3260
8962
277
19466
16184
14148
32756
20906
1964
29215
28526
10320
7680
26325
16438
21364
28274
24601
2579
19681
26693
18249
18541
29784
2856
17259
21399
23780
24423
19433
8926
5116
17619
11020
9045
15962
17522
11322
12126
9886
20711
29168
29433
6561
8608
12157
18636
11418
5314
17028
23542
18675
17364
26671
6804
6633
14125
2612
17679
14310
25630
24457
9772
11678
25056
23782
16337
13035
316
12542
30872
14697
13053
18558
5653
9937
26901
5570
4072
22806
24209
6234
1921
20546
29246
24639
28854
6669
25
2261
14086
23362
25976
26528
27563
4818
7161
27334
18529
29365
5934
25417
4857
27268
20741
14080
11676
16344
12536
13914
24544
20576
14842
4562
9356
22980
11037
11057
2091
25405
32515
16007
25683
9457
30219
7911
947
2319
5943
741
31454
8879
21471
7377
16857
13927
14871
31408
23141
12460
25057
27134
3853
9711
275
23334
5872
14451
20999
189
10828
32752
14596
9858
21454
20202
21615
31766
2716
29134
25521
20348
24862
17361
12520
29519
21648
13704
26957
19653
2377
8520
4200
17767
32712
2363
31221
7309
3715
6983
30356
21659
11376
5791
7988
14334
22608
28453
27454
12774
10430
19078
32129
30401
20731
13076
21472
14458
9846
7266
17853
25206
29470
5537
32036
6475
8296
17853
22200
31294
1823
3383
21598
22147
28655
27073
3755
26163
4271
30619
20750
12045
4722
11440
19645
6893
27724
10607
3680
31244
7908
15210
8832
27901
7358
28081
5294
29283
27461
17133
13683
5235
18587
30011
21243
29229
25121
22478
20608
8281
26565
13891
18551
7748
2062
19907
9597
23096
8425
15323
24064
444
12593
32539
16045
6544
22272
25968
28573
6503
26296
1089
8255
1890
26319
5708
1539
20305
31838
23359
6604
20904
5225
21782
16403
26179
21996
32567
18395
20186
10410
23375
27736
21826
23733
28650
17758
4457
16060
5333
21131
4879
9495
10547
3379
27461
16788
3937
11536
20902
17407
2699
2982
24920
6515
23051
21112
10690
21603
11909
24556
3850
2407
21699
3839
13910
11464
12881
19881
31166
15562
28632
11789
8211
17596
27963
24169
21586
1216
23411
13240
6374
19035
6187
13095
12961
17851
10011
17983
18297
26572
25892
1483
11522
5369
20784
18318
8879
14530
1736
23206
29640
1538
18034
7870
15658
28670
10192
25079
21186
10285
20857
12692
200
11466
21142
2407
9403
13338
31293
3583
23071
125
18573
15759
14073
26935
21902
17308
21511
9212
18885
23406
7360
6973
17562
27956
8974
23861
19563
20981
29389
28594
9324
27195
8451
5284
9285
29566
4829
19303
28009
18513
14446
6864
6711
30543
14119
28665
17107
23747
16404
7628
29635
11033
3548
18770
29257
3592
18038
20153
27267
21629
15532
27431
25411
19782
19793
14145
5039
17027
21569
15994
30360
16333
29981
16156
14235
3875
13251
24343
22010
6297
6288
24972
6456
4287
23637
10521
13174
8658
22554
4835
11664
31653
13461
30308
30967
30285
5480
22010
17228
13199
15390
3115
26561
27403
24291
441
6704
19749
12039
14441
10232
10422
19249
13971
27292
16247
6499
8042
18458
29993
17585
1033
23819
17798
23233
14658
11390
11496
17665
15909
29077
28602
6571
32594
28381
27810
122
767
22383
25963
10025
18888
11720
27316
432
28730
13415
22106
21054
23837
19500
166
13557
2181
23659
7223
11112
10135
8403
25774
25557
18716
30978
3099
14370
11975
5603
4907
8344
28486
8399
30734
5731
11531
14431
26665
8645
28119
24338
24704
4126
24331
14244
26849
3484
4782
11049
21969
7873
317
21740
15672
13722
23606
20489
2507
24249
32099
17100
22845
16887
32487
17352
4389
29419
18442
29879
22190
19753
6852
28437
21760
22586
28171
24187
32370
28512
8412
25788
13420
10502
21003
9153
541
14857
26827
2341
21986
20649
6653
14223
25969
9037
30265
10707
10441
12026
19613
27592
6106
24978
28248
1255
5876
11212
7925
28840
15856
14071
15720
16540
26144
14958
29146
17483
10999
11482
27700
21195
18808
19754
32621
4645
2655
16212
9620
22631
8978
14537
14492
649
14662
30905
27627
23808
30065
2059
21153
31268
20468
32026
32424
4674
1284
16177
1152
18817
23388
1477
28615
30581
10660
3957
29835
19589
18079
19650
26960
28925
20504
31374
21984
31218
29834
26710
8917
20441
11154
26159
13799
25318
2325
5761
1782
18726
5937
8070
31191
8795
25316
30850
2270
23963
10111
20160
3120
15527
17608
15952
10693
12556
27634
23170
14911
28412
12094
16929
11886
20969
24685
15215
16800
28391
27116
5093
1193
28863
3774
16295
3509
6610
15657
29897
22736
1972
24608
15940
9522
5252
23411
17078
23372
29197
7865
15069
18323
23198
31481
21457
13839
29609
10011
30981
15010
15902
7953
16892
12825
12421
18884
32714
18420
22238
4545
9810
3317
5176
23712
3385
27243
25107
3384
17580
32316
10615
31876
31191
11187
4561
5460
10016
27919
24976
32435
3111
12743
19587
284
10623
21918
19441
4699
15401
31851
23670
13380
29908
24230
15776
4631
26327
21170
3917
2223
27370
7916
26818
1389
29096
24696
17804
26598
453
4806
25623
21071
24079
998
29199
5284
3878
16785
8826
7835
19706
19187
2450
9292
1033
4921
23139
24989
29270
8415
25129
10351
6184
21943
23911
9610
30856
11192
711
2120
25976
29324
24501
30980
21491
22999
25274
2626
29608
21577
12185
4251
1655
8034
6443
3439
13224
31752
23802
6217
21229
25546
31904
29456
27422
18162
20701
13555
24750
8013
12923
14354
4080
25529
21730
13805
20236
10355
11898
16013
5055
30749
2757
30324
14550
12690
8760
18246
8040
30314
21468
28468
10198
30284
23721
6956
16004
8950
10397
30658
30804
6413
6560
25820
31463
18854
24599
14368
11410
12432
16714
14879
26658
9064
26486
19006
12368
1370
6065
21864
7939
27575
27010
2933
3144
32572
23612
32601
10513
9756
26142
7693
2481
17106
22828
10301
23571
5033
14796
6838
17854
32520
25375
12686
9609
22655
5413
29200
13597
27282
18575
26478
17967
20808
25699
32294
6011
29041
12626
10800
32127
6331
9945
17388
23292
4724
28186
18382
9518
15644
13943
25799
28614
27826
14324
1394
15531
9659
32585
16388
2933
32018
24522
22768
25766
10355
9975
17501
23718
3014
28131
21064
19077
20267
9285
29049
11887
18889
12639
13607
1006
19798
18067
2410
31715
7782
16318
16997
23106
9589
11611
29231
29584
9395
25689
12678
1566
32402
12215
18226
27395
22800
32741
23099
23258
10692
13275
6858
16960
30379
22517
3551
25100
22448
30357
26552
14157
1277
22135
8445
26373
32260
17107
12972
10662
5451
14644
9415
29264
27900
6427
23487
19912
12328
12627
20638
13624
5343
18194
8184
20649
29424
29396
7055
25920
31616
28407
19145
27452
23885
13335
1490
1963
25024
32551
6033
26095
20148
7508
4684
11508
6409
6554
17178
3118
13287
10274
28684
7253
2258
27490
19738
4064
25714
28403
21455
28483
25632
29745
27060
23783
12336
27796
382
7405
3841
15825
8951
23715
7365
11184
1452
30146
13329
940
10844
10606
21284
26188
7963
3819
2551
19012
23113
12830
15624
5451
22583
7627
18663
26298
26514
19848
21117
28649
20631
17284
20511
30281
17141
15866
5975
23361
13953
18546
31596
17865
10908
9406
18615
18889
28772
18352
10405
10543
27549
26012
14987
2770
30302
19089
27949
17162
21371
31318
25868
2572
23478
21542
31603
15366
20900
13867
8768
32510
2145
23740
14451
27243
18675
31063
7032
3216
8831
15709
308
27036
4398
21648
26321
20611
10205
2893
8266
8602
10375
7305
21685
25333
14194
25484
29524
16000
5404
28016
27994
17888
2788
9816
16509
6151
30329
7793
7743
17561
8195
8874
15356
2306
18195
9523
6068
17236
4683
12727
15766
14049
19917
26968
23121
32412
9316
17006
9754
18736
16245
2048
29819
15070
31140
21758
29922
4375
4165
1860
28645
25565
32649
26191
3414
8410
30053
31165
28427
7229
1857
19334
11370
21336
5734
4605
31415
15610
3876
32132
3613
17294
28358
9746
32637
17648
15415
21606
17146
13331
24433
8968
31553
14419
937
13060
13721
26267
28732
28774
23214
28726
1111
8820
24605
25462
16745
17326
1726
23047
4170
23942
12725
12560
11560
25568
8760
9999
26165
19528
9245
31601
6418
23797
30507
27636
6906
28545
285
11197
30639
9062
5237
12344
13093
15416
22535
28596
31215
10149
6976
28090
27757
26412
9019
12592
28851
22944
15490
50
14136
8284
7588
32172
24131
7235
26235
1207
24597
15998
18490
23993
14295
10485
8761
10555
26946
23178
8064
7305
22288
25368
8469
27659
5158
23342
261
32614
7038
7051
31284
19282
6870
28761
16614
27961
15386
17450
6153
25749
6546
32435
28488
1542
18635
4939
21968
1078
10311
31521
19936
10861
23524
5952
19731
9459
9229
13892
30061
29481
31650
14810
21287
24422
10408
6137
11067
6291
11184
13282
9902
18821
14857
19160
26272
18973
11941
28831
19732
17953
7628
22455
1664
30169
30594
24917
8212
17513
25785
12582
14026
32754
19255
16579
2866
28519
9285
12018
1531
27183
4637
18082
31040
19839
24593
31141
10904
27509
22907
19243
29148
20469
9064
26114
30902
30532
1283
23184
26351
21094
19139
16524
1909
13624
12372
14463
12845
2636
32070
2302
1662
26759
16504
21412
17049
26236
22083
7633
17290
18311
9574
10534
31232
24233
16052
22460
24540
17191
19327
6183
14972
13025
30403
5421
13764
15987
15634
9542
9200
6925
20291
13779
28188
13843
29658
11807
400
26228
4918
1558
17869
22474
23165
3271
26457
2870
8520
6811
841
2553
32269
11091
32659
9683
13648
7107
7185
25372
28553
1872
2132
26787
25044
298
2606
4426
21851
9546
254
31581
14723
15659
20921
12727
11481
29768
1981
19091
10427
22616
13910
6195
15302
8524
26380
18227
32515
32004
8370
1706
12752
23253
21296
5638
10384
29372
13323
21668
31250
1118
22457
12082
6082
2503
5031
1733
15506
23007
29958
28089
24230
30379
22617
22092
4034
841
28096
3833
30836
7594
13825
10390
23041
6157
17499
8748
17168
20031
20747
30362
25368
4756
26779
26600
10379
28323
17389
9324
5567
13253
5387
8607
30881
5965
21676
18620
28952
22148
23685
20766
29242
7787
23126
25687
10801
13104
26543
26640
31979
4972
21126
2467
32133
4898
25211
26489
4725
10872
9957
29733
12410
29747
6564
28477
22595
6132
8870
4092
17121
7220
18485
15769
26862
23553
6151
29029
20603
7285
5380
7847
19899
32251
13781
15416
8816
17729
16433
19421
10265
14332
3302
31591
28888
2399
169
15244
2853
4697
17823
26756
21557
20881
4519
24675
1320
28450
1390
9017
26357
16406
28720
22763
22806
1444
1102
22736
5875
25642
18581
3851
26639
19944
21064
23467
9972
23938
5107
18308
19167
23604
19695
10955
24620
28626
26036
8563
7040
11399
17633
26955
29624
1610
26893
1492
28308
24095
21323
17891
3107
10003
3711
1787
31982
24309
24420
21096
3812
22228
26969
12315
32009
1853
21486
19273
3549
27697
15666
17602
11405
9448
1210
20242
26844
21320
15217
28761
2511
30500
17443
1514
7963
16693
28872
26022
15695
6617
10384
14615
20673
22413
25266
28236
13114
24876
501
23159
28769
14309
23803
27207
25832
9469
32592
31750
9336
1866
28470
16242
21085
31851
1070
14173
22769
25032
6727
14596
11210
26957
11814
1327
163
15845
11737
22284
11019
29624
2651
1228
1743
16421
21990
3579
7464
13694
31484
13216
28837
32390
22580
30232
7126
21931
19653
5299
11966
13316
467
27403
30454
29705
31869
18472
7841
25620
17571
6997
19987
1179
11384
4800
15424
28202
1227
2005
23014
6947
18964
21847
890
4406
5697
29507
26068
9886
25406
29796
409
24353
27207
16821
31084
7365
11245
12155
5844
8274
27881
18463
12779
5516
13220
26828
26572
10029
4738
3021
19386
22180
19186
23716
32529
5008
5430
29161
23533
20219
6387
18665
7836
1622
25208
24314
14788
568
24782
1183
16724
17623
14468
18017
6187
25666
30519
1896
19595
19556
29667
10716
20284
9401
26605
24830
29056
21965
3308
2308
21946
27257
19259
8377
16093
18653
17727
16593
27285
32540
19321
11533
25144
8154
1355
23315
28267
27255
23178
2827
6548
15112
27079
19961
27907
32282
5981
5597
21727
9253
314
11148
22226
20690
25454
9804
1908
16877
14709
16691
27257
10792
10308
10812
10649
31637
32022
10030
20034
24033
19699
11309
27136
19537
261
16413
22952
6014
23450
19130
3912
18129
16888
10360
3790
5564
22244
8219
2427
2237
12785
5654
17413
22036
16265
6565
13199
7743
5565
10153
32073
12346
18892
16199
17639
21880
4725
9279
30147
24991
17149
27404
29393
519
27391
10945
22854
2289
9974
28830
16904
12423
28043
20853
11732
4503
26015
13503
2097
18959
4376
13693
27928
3896
22636
13520
7520
10163
17135
31319
19947
2356
26588
32332
15763
5632
25637
14686
15826
13863
24827
5708
6707
18561
30491
24902
2684
10091
31455
20739
7064
15679
32000
1441
15174
25748
3116
6465
21124
4155
843
7774
6841
30452
28817
10226
6565
16116
24900
14151
28681
25879
7754
11165
26390
23525
9594
3969
26774
7750
27551
24552
19932
12805
13132
10510
12653
22023
1122
5393
12139
22599
4194
18508
16581
20377
3955
10100
7456
13594
25139
25461
20356
6521
1086
26378
27079
29161
7039
542
698
14562
12345
28390
27413
24219
22995
3259
17698
17735
27752
27832
27436
17681
29451
3096
20646
29657
730
22604
18972
11436
13002
22751
26587
4870
17452
6922
20318
3527
18433
15127
16255
30197
19715
10102
11098
30007
25200
31136
6144
20493
31637
175
10464
6096
30
22970
1782
109
5407
12786
3761
21985
27361
3710
28837
19828
7021
13846
12533
11957
26074
6241
12670
4152
21079
20239
12996
9234
2808
5302
30621
20497
30017
19822
30623
3516
22643
32043
19530
19982
7320
18397
17654
23793
28240
22345
19835
124
21338
17061
5026
20460
31714
21494
5966
32356
23693
18218
4458
5476
23876
24309
23954
23307
10436
27499
21121
24588
26850
7778
13629
29042
31647
18821
13060
27155
27888
25144
3572
8150
16714
26416
26750
26788
23791
973
23433
29487
5115
3390
17253
28517
12077
13651
28534
17075
29046
3873
8349
17402
27204
16728
613
15186
8331
611
2802
8577
25240
14916
28074
23353
18069
26158
3232
27669
10203
6623
5317
23890
11514
15044
12493
21581
8842
20682
32482
5313
14000
2309
13579
27325
24943
17924
8283
14438
1460
23023
27353
9073
5920
18021
21555
7775
20627
7703
18721
18807
18300
25636
1434
26501
26595
1331
11706
25172
9523
18002
2414
6892
27593
17810
20197
396
7997
26718
10166
12646
12659
21407
23761
3101
7776
18834
21800
4351
22684
2404
21273
27650
29356
3218
7330
30848
4365
15875
31299
13234
28928
1762
14514
23278
4121
19773
6465
12704
16517
16479
23824
11018
13854
3821
22258
29627
22576
25283
12320
5841
25609
16012
19360
15086
11330
6436
29811
13051
208
21165
17025
24223
3018
24435
25157
5758
12024
17536
11064
8242
11807
16895
12543
26122
12815
18257
15187
28293
28777
3313
20660
20364
1073
28680
16333
6515
17175
27599
21414
30126
7045
19624
7820
30035
18279
30972
1984
19283
24510
27603
2018
28280
7396
15668
16411
24350
20381
21570
22541
3249
24289
7955
20092
5866
22123
27727
10425
26312
20993
17037
11474
23377
20866
20845
4731
1542
16817
22645
22203
13095
17860
8108
7766
14763
3498
24057
21246
20221
17696
10553
26424
23160
26482
19489
27919
1185
1042
7642
27516
32295
16346
14166
7824
15003
7969
8819
3687
6895
25727
24279
10445
17328
4192
22662
18861
6915
19787
11331
24125
10849
21744
21933
3819
24594
6643
8981
7174
27755
17019
2848
22829
14023
16249
16417
29560
9798
3257
7475
28264
14920
26025
18713
911
11944
31468
10967
20735
10168
29854
3084
627
8705
19813
1302
24895
8631
21053
3812
30457
24062
21247
22169
12005
25567
20406
12006
8738
27913
11938
15140
31381
26183
18184
12340
6297
25029
19647
18199
26467
28930
26747
15692
3127
8852
2264
32493
23628
8095
14374
22152
17792
9491
759
16062
5564
21673
15209
12702
19749
6555
9524
4543
26375
7462
22130
2335
17794
1728
22834
31166
11250
1049
22971
23546
29728
21716
28064
9897
27178
22018
16264
7416
31538
18787
11194
7686
8905
21595
6507
21056
17178
29366
7367
21115
21462
22811
11713
9427
5091
850
32667
11077
10692
27189
17716
24590
24262
7543
28181
31683
24816
15640
10298
24877
14248
3748
12960
27370
22309
10799
19602
30405
32408
31504
19892
19152
19738
4192
13004
12359
14676
31025
11092
24612
22512
10382
29632
7553
7363
7479
2191
6578
695
18713
32276
32286
18042
29839
2305
14306
8168
6491
952
24868
9785
29026
31826
25655
19178
13611
5995
13427
5996
17942
21428
14546
6543
16476
31286
17483
10925
12490
18278
14318
32150
27197
6382
10948
7999
14044
11318
13156
22057
24856
14772
12117
3219
20581
30969
9255
12639
13749
22903
5712
15300
953
31763
29127
15801
11991
14702
24674
12573
28905
16627
10736
27558
3259
7328
31254
26000
19779
9621
10218
16129
15518
13662
23377
12350
20175
8193
11289
20624
31798
17094
5845
24564
2002
13257
25468
32645
27958
24128
22977
1194
12877
6029
24368
21247
6349
30979
23309
26884
27516
2680
31724
2952
25382
2447
15120
15316
24409
22978
14724
25750
28391
26930
21243
27028
25625
5678
616
1549
28851
24965
29789
9709
1452
31116
25381
9657
29354
27118
6304
9525
319
31798
12769
22742
2022
5405
136
1515
12475
6805
9697
5513
28670
11922
17337
27195
26182
19099
24324
25702
10884
2068
20528
16766
14271
8520
23879
16875
31369
30521
22983
16825
14916
10279
26689
12290
23063
738
14772
4379
11693
25296
26279
30593
23988
16574
15880
8066
6160
1127
9671
6571
2019
25284
26930
12277
20798
21785
4367
29102
3236
29884
8571
4649
32323
18340
22917
1573
1265
18869
20617
3070
31975
16077
3406
2709
4672
6542
29407
29440
16177
746
7978
4338
29190
20079
5978
30185
5857
26456
24052
27418
305
591
20147
5660
28915
8195
23588
15446
12203
11374
2818
20778
289
18147
18255
15070
25564
32474
28471
31311
23904
4476
12196
8532
20007
29677
3744
17395
2400
13915
16239
20550
11369
3019
7272
31019
29198
670
25239
8110
32127
14822
2836
26423
22803
8043
24097
24692
9407
635
7175
30468
12372
1909
22445
3561
32124
18452
24317
30378
25971
11388
19703
12107
24197
18694
8593
4846
7498
19660
31573
26949
3492
19699
20153
191
24437
30907
14141
16238
8993
584
15943
22202
12743
18478
13246
1480
23870
3006
29800
5800
9169
16402
14852
577
25531
15834
20775
26364
19041
26597
20695
15923
31570
3183
12265
31832
11007
3885
21530
2021
10553
10265
30448
13063
5999
17149
31823
9226
18085
19394
5850
22659
31028
29558
22031
12095
1092
14878
31265
9454
3337
18753
10644
12175
24000
27441
25755
3688
11032
21041
22001
32065
27078
17145
20868
21254
29500
1494
28615
3817
24824
27210
7379
22099
21758
3215
2142
1112
22955
18295
10332
13564
29241
26628
14962
18472
10257
32455
28703
6250
8404
27385
12713
24944
2343
31579
9161
4674
24642
16589
23574
1858
28728
28337
28722
26597
32516
25853
19382
9263
1111
16418
30942
19952
28708
2720
18420
18880
19943
27750
382
5051
20665
29675
3879
5117
5141
21773
18285
16092
7528
14764
18448
31976
27226
6
2870
5796
6111
721
9054
8193
28156
18202
18955
8094
23641
11232
11564
28098
13196
30575
10062
1813
10015
24190
20096
20258
25703
24840
1546
32397
18948
6378
32461
14611
3127
22081
21112
1862
20967
9601
9583
12294
5745
6997
31612
11710
23602
571
11059
15204
31702
17883
7207
13614
7263
14378
15311
18709
8181
3139
21813
13067
4464
8960
14180
251
24229
1371
22159
6789
27508
10375
21505
2166
18830
22478
6345
14345
8455
24617
28449
13791
5535
22945
18082
7360
13520
10856
3882
13327
14487
8118
22153
31247
11011
14437
5358
5592
13950
32075
21524
27927
11998
859
7468
22920
7979
29562
22921
14901
26670
13346
4622
23660
15294
4281
14679
30849
202
31407
27818
15944
27685
16474
22428
11601
23061
21905
9859
13538
13465
2570
13215
22453
29310
18804
23303
20342
31520
16724
8533
27643
31489
2208
6417
10817
29963
9500
13022
16170
7333
2680
25702
4601
17528
28454
20999
25225
28158
4861
26426
5968
17871
21391
2503
28439
6315
10826
21419
4727
3398
28753
32708
16659
11991
1048
30019
5783
5215
11458
7630
9075
12473
22330
29304
21848
5990
2323
27489
27503
16918
9504
15916
29276
8950
24019
5926
1014
4028
29014
14639
18114
20852
2923
12400
26933
25864
26884
955
5286
14480
6562
4288
5141
29023
31342
32502
10910
1737
18200
30019
21947
15798
23667
32369
30524
20712
2253
18513
8968
21004
1552
10669
3217
3970
31130
6895
20504
2796
5596
3474
5030
19576
14772
20044
15302
7918
10635
24056
12291
120
15918
27973
27428
21557
9581
26401
21290
8316
4213
13795
5382
26096
27630
12091
26
23368
32212
21210
7542
6619
1302
18400
32463
1774
14065
17673
319
1470
13833
20375
32703
15948
24396
31999
12644
1259
2183
9043
12124
11914
3268
9330
24232
24001
17002
16369
14743
5278
14100
6088
13574
5934
19757
21437
15705
27338
5968
3984
1848
32295
3425
32747
12297
17947
30570
31240
27186
23344
10808
18976
12556
25578
29106
1175
16549
22488
17660
15849
19774
26461
8271
21842
13951
5179
8342
15936
12924
18148
15561
29817
11368
27777
14602
1804
21275
27071
12161
26105
4933
28252
19192
24224
31088
30068
3894
29418
14263
32396
19227
30521
19272
19291
4224
8976
32155
11868
19916
130
15727
13845
25941
26204
2953
16676
24189
26897
30508
18190
3209
28266
26199
25032
18240
20458
9665
25601
4424
14338
31893
2101
18496
9721
16365
1138
15004
17561
8720
3816
16196
32666
14700
7988
10988
976
31570
30825
16177
5651
9844
18402
28537
27890
22814
25802
6023
30999
20279
31848
32737
18552
1015
14123
19426
28739
13158
8825
11677
10630
30616
27448
31608
3234
32170
13593
901
5998
3707
6823
14495
27178
26410
8723
5449
26410
7508
12988
20550
8510
2826
22401
16120
17636
32404
22983
377
26669
10729
329
21627
28015
3561
1186
9440
25776
23904
30364
16664
6093
5051
15414
17470
11630
15240
22391
5874
3754
8367
4853
8692
31609
27250
23076
3717
31197
22822
19039
12414
3024
9135
18616
30253
22508
12477
10368
31219
12508
10184
11925
4510
10118
5580
32110
30599
5110
8644
13800
26987
16649
3304
22734
22794
9950
31399
13609
2689
24572
15460
28493
15464
17731
7408
27808
13739
23700
26570
12329
21801
1600
10264
29660
32526
5425
23396
2728
1009
15834
5144
22332
23980
2016
18360
25501
24063
11909
17633
25961
10980
7129
3333
15080
9392
27295
3556
11480
4590
6912
30409
245
11515
26098
9610
10570
28513
23398
26429
7226
14068
14132
2234
8525
8366
6343
29397
7868
13643
2440
20056
13243
17317
32267
27586
11144
1229
15868
27330
5432
26093
24264
23922
3132
5088
15627
25428
32182
9358
8380
30733
30334
31241
30746
29155
17906
15209
21845
27640
385
32615
6909
6212
13559
1212
811
13652
19334
5175
28017
9156
32152
26785
8067
22397
20311
14417
25762
8367
27640
15501
14284
2189
27083
21159
25765
15820
17156
4820
19235
19673
3911
30923
12797
8157
18933
31266
21457
625
12600
9831
4888
9505
2512
11521
202
23714
21404
25797
8656
6355
15080
12631
7982
20342
21113
25159
19693
22187
25177
26599
13257
27440
22371
31214
2463
24154
8077
3022
17557
10194
32504
10965
13575
22288
10681
8709
21044
8345
11877
32692
9645
760
32095
22756
377
16254
6369
26208
27913
8889
14795
22427
29919
22709
29998
30536
18684
18677
11928
32184
22030
13871
25373
11512
17750
7627
6442
4774
3931
4890
265
2967
3408
4694
4659
25899
13638
1886
12633
14443
27922
1070
11057
23271
8188
25376
4097
338
812
20708
15340
28634
13525
31296
6143
21576
8734
22921
24571
9692
24533
24541
30944
9958
25043
30245
9278
25636
15661
4558
7227
19935
24863
22850
25699
18116
29369
5161
23347
17539
14151
25441
22627
24105
14721
31933
25591
25662
5495
26241
20996
24222
5947
28314
20291
3096
6219
22941
10839
16328
18373
1414
26078
14388
18762
31789
24377
19497
22189
12679
5659
2387
20580
27042
24788
8351
26795
606
6491
15441
21881
7404
3869
7140
13604
25352
18824
4517
4563
25590
26454
15886
12199
17726
9882
9443
4521
17191
24972
30734
24946
15604
3092
13371
9628
18657
32279
27443
29419
3035
5765
22522
1083
20739
799
6311
25897
7393
14601
10758
7041
14440
27155
238
31595
28590
711
23907
4692
103
32050
13164
21662
29734
5235
17843
31238
25172
9477
19934
13529
21996
17868
20144
12246
21244
26081
27614
32482
14300
31517
25522
28270
30251
3431
1634
23976
24462
10942
18221
3941
551
4101
17211
7625
20695
4753
23090
31932
4916
5748
13463
14092
22857
7560
21483
21090
28432
15162
2178
1510
2992
31004
26913
12210
14454
30761
10335
13560
11157
23253
25528
14578
4766
17372
18546
22156
2237
30151
10800
18644
13497
24382
26455
11805
19114
8209
14116
20982
28023
21253
15754
10703
11286
10334
204
28772
5763
7472
7391
3056
9853
23398
20605
11027
30723
3727
16393
17535
3474
14700
2598
25958
7195
22586
2581
31396
6854
23488
25554
171
4713
18711
13806
17970
26823
2620
3371
11677
9097
15191
30169
6443
24317
200
18163
28130
29840
12791
761
22842
3340
25816
27275
17804
6802
9792
7370
10552
30295
27371
24942
7321
7710
1353
30887
25258
19833
11276
3253
20597
28351
23923
8518
16191
8140
11091
7315
30069
18043
15338
17977
12885
28901
2915
22488
18524
32086
14889
31597
29298
17939
29676
21359
20440
19662
15220
26796
13005
8677
10024
6626
11779
863
23133
26909
3269
28580
18272
17108
8677
10238
1602
6849
6503
24275
19558
31364
14574
3487
20683
24054
15082
11956
10522
31054
12415
22193
27503
17654
5684
27076
8423
27435
1888
26783
21742
29527
15445
4411
19781
18222
16201
20303
14038
28042
1032
14479
21304
5895
20060
4261
29440
22622
4920
4336
18637
11906
16551
28671
24850
10364
6263
25804
19106
21255
2468
8632
15357
16875
13446
842
16732
21274
1466
28328
16254
1932
5074
7121
22320
3546
11196
18336
30111
23196
14323
2433
7518
27268
28263
18672
13365
2615
28973
3766
25007
16367
19942
11747
19042
13010
2033
138
13308
11279
6480
13375
24082
3518
5723
25169
7080
23413
24615
28615
31104
12457
4531
28957
32035
16587
5080
3515
18609
15646
1007
7994
12136
15450
22848
2134
1781
3
29997
32689
16765
13190
2595
19021
7275
280
1340
8647
28664
6222
26292
16980
27515
636
13586
23677
19062
24783
30482
26266
20060
28714
24661
2576
2339
28353
7367
10314
17550
16246
26324
13176
4664
26358
21578
22282
20575
16019
1548
11243
12150
30944
9852
29822
1129
21518
25254
7257
29614
5641
18989
30660
16656
11858
16886
32496
20538
6555
30102
247
8710
25380
29564
2711
23171
24536
24542
31918
7112
32550
27236
3701
16764
19872
29335
14204
18721
1366
1800
15721
29475
18416
11072
24944
26788
24206
4203
27025
29189
7008
11459
405
2612
14596
23998
12230
23224
21411
246
22897
27773
22474
12252
4893
6496
776
2589
14472
2682
21069
15056
2149
20269
31229
9316
16344
22768
17367
24396
29101
26586
28297
30567
5468
13296
27407
5169
2493
24366
5071
30636
1931
31831
14710
12
16282
13948
8592
6181
8408
25934
21226
17045
517
6693
19367
11185
11058
29132
32036
28208
31483
14099
10637
30361
9092
8722
32572
12654
15156
16445
3541
28694
7476
20780
28962
12427
21926
9256
19887
13256
5541
17013
31525
3824
27393
29282
30823
9022
14263
24337
1390
10416
9522
28934
32485
14195
3908
9074
22404
31757
8931
25149
19244
588
11428
15574
10183
17138
21240
31162
18398
24605
14376
22213
6903
15480
16401
571
22452
22820
30112
6294
13228
9828
19468
13069
15624
13067
14294
21225
12766
26277
23426
13703
29005
12904
17426
23852
25181
25817
28999
23179
27795
3134
9623
8984
24151
5063
14829
11
23815
1915
28963
25139
15063
10979
1856
9855
20079
20089
30833
5965
10306
4047
15305
13938
16815
28800
28088
7174
474
28631
9805
30196
13385
4929
30507
29765
19774
2419
19788
11815
6103
21594
12921
19392
10726
9671
10885
181
14737
23255
10317
9080
12457
16931
22127
27989
6603
6316
12237
12092
17209
27013
9152
1868
13174
15422
16924
25380
19363
15892
10984
23272
13212
20954
15834
12565
27601
12965
17812
773
8422
5435
6817
30273
7434
29753
31278
28298
29464
29446
3208
6310
16239
891
22361
21995
6802
14927
6050
21645
6526
32324
16248
24743
30671
32275
4990
14858
18321
6424
9254
31433
17127
9917
7847
23169
7006
18600
12732
23145
25359
13220
547
9757
27511
6992
27345
13609
13845
11402
1269
31064
21192
17049
13235
9659
18407
17180
12189
23160
24606
19638
19953
16728
31243
9335
32661
26382
13724
3593
17363
23880
6951
31391
2772
29047
6214
15005
17374
1119
28280
7687
4941
20062
28537
12203
27731
7292
9053
30478
2671
21046
13423
27928
1710
15370
15563
3967
1188
32450
20925
16115
13097
12161
26840
21518
7380
24718
29398
5882
1081
12004
18483
1504
18402
7285
17288
5652
2574
17218
9640
23553
6188
11548
8060
17878
19989
23607
7582
21741
28941
20596
12728
512
15992
5482
13723
14346
10844
9530
1055
4606
2458
11279
25533
18219
9196
30839
32493
29290
27037
9317
1600
8205
18699
17154
22590
20103
24542
7992
19197
19931
1030
22268
29574
10694
24694
24413
1767
2731
8610
15697
12568
14658
28089
32570
32142
12545
9378
17211
11681
27974
9145
22078
6302
23881
2374
14273
29100
10948
13249
3683
3935
16223
30920
22834
4382
13533
20444
27058
32309
7177
27871
29356
15033
18014
1614
14269
28191
32377
17214
10650
14235
23359
3352
31524
19514
6606
16660
31535
23230
10789
32118
16146
20797
23186
1675
27118
24696
19935
32610
7359
22780
10299
29259
23332
15867
7914
25873
28910
10727
22188
29943
9322
24788
15598
13939
16751
11403
18355
21676
18726
24173
18497
11445
21148
4878
15499
24711
26633
5005
19298
7616
27870
28853
22362
5150
22672
13269
21629
22458
21031
16735
19634
11012
30853
18755
16107
27778
25463
24841
17682
9288
10621
9137
11441
27958
30297
29514
28259
13812
32346
14420
12286
5551
23141
15063
15742
12432
6344
28991
9392
26625
3774
24830
24483
21151
14018
27872
14798
14333
10132
11565
23553
3102
28684
11648
11021
9905
25506
11370
25906
12810
9145
14534
10829
3557
29102
18650
23230
8665
5540
10035
31002
23453
26125
20797
31382
21758
15353
9124
12846
23964
24607
28782
17048
25704
15531
23253
17132
31965
24525
5349
528
31745
6910
23258
5349
26906
19216
18487
6963
15921
5373
25254
26453
13384
9068
30355
29860
5978
12546
8583
22692
24087
27502
9797
6897
348
31539
26278
8167
20340
15412
7988
4628
14097
29441
16521
30303
17928
2788
613
22260
22480
10409
3218
12535
12217
7729
20856
4324
31468
2741
30335
2504
30246
13275
26153
29474
13107
25467
26603
6550
14893
22062
22990
20055
626
1691
26570
338
32614
24960
23773
21019
15598
11906
27118
17304
18343
14773
32357
32367
23786
2539
3719
20017
7809
12221
25490
17731
17958
31067
20892
13200
5311
5907
28460
23537
31067
31906
10901
5207
11244
2878
22806
15550
14274
20575
7091
14546
12748
25937
13777
22621
5773
15227
12692
23160
3039
24940
28153
30574
619
3243
29362
7535
29412
29755
9669
19449
13062
18416
16099
14854
7762
20597
5257
13046
3718
1048
7897
22075
24542
7260
19509
9670
32013
30781
929
3893
12026
22337
28885
23481
11323
14659
30245
13000
9298
28415
24593
7048
17066
10076
13995
10486
25935
1405
18605
15578
880
2950
19542
3435
32662
26158
12808
22977
24994
25865
1187
30975
13448
11155
29599
12348
974
26364
25324
31542
13506
5301
7305
13238
14206
9662
32742
17345
19357
2734
19195
20099
21690
29823
22820
31740
31405
22047
29635
21351
4484
29367
4244
20591
1347
1209
6606
7953
17756
18860
7167
10831
27629
32439
30117
27034
7355
6639
25740
6397
22514
19552
3306
18441
15514
6365
22075
27524
30425
2952
14813
24016
21995
24096
24428
31261
17889
5389
8923
15950
10525
24877
24663
8108
19849
21084
8668
32333
31130
9926
2707
25410
19720
17132
7154
30083
29002
7799
12434
20891
21971
12736
18639
12308
29711
12315
1313
1696
22300
6887
27197
4108
25416
31062
19179
26341
6479
16637
29606
7911
20817
15130
29685
2345
10645
29353
8588
3851
9472
30501
12577
20443
13651
30
272
27978
11560
15744
29102
12945
21930
24733
26477
610
9239
10751
21172
14225
19191
2032
22907
25727
8985
4549
32426
7498
10322
27631
25391
14518
1525
24767
31969
13274
28433
14844
24344
9354
15981
10023
28936
26248
6724
15497
11746
28522
6081
22273
19113
30025
6713
28815
24021
21550
27179
12703
25769
24125
16376
19222
16980
671
15969
25886
5322
30513
6341
11954
31584
20718
24856
23016
11050
14108
14755
4353
27924
7481
26237
12338
25027
12197
31437
20528
10025
24332
7613
28030
15338
13977
9021
14454
15474
26844
29820
23065
21970
16247
1063
14742
2655
22924
19040
3740
9225
25831
1149
19551
28796
15850
13445
12652
8953
8764
7275
2093
30705
25137
12552
25660
30310
15607
16602
26728
27394
21382
19070
24968
30964
24133
16111
16898
23694
4477
11132
18969
15263
23679
1931
26874
8081
28563
8720
8838
30019
13479
27339
1502
11940
9908
4932
175
25108
13295
17287
6978
891
5813
24223
26947
4901
20787
4821
15180
24164
14296
12710
23865
11748
13948
2949
27947
32204
15437
19285
5976
7066
31358
3492
17049
17851
25006
12201
31153
10477
2584
4604
7518
22357
29312
19223
11042
5471
16857
1424
9422
6234
30647
1556
25811
4815
14199
5411
27464
10916
6704
18573
28603
13557
13144
26800
17336
21422
13366
28015
21017
20712
23052
20209
18195
21513
4864
9758
11517
19610
1486
22746
2528
12007
26672
19967
18879
24152
20488
25885
427
24978
27475
11761
22405
15437
19150
7078
6801
2803
11109
12237
22720
15358
27232
22814
31930
782
4173
492
16557
25037
7851
2666
472
25219
3163
10912
16598
24696
7367
30763
23211
31245
32207
2999
18064
2201
22648
573
25726
14853
16467
22013
10364
10278
11695
19258
11945
2525
28286
27833
1033
23024
14856
21495
12303
4007
21329
14637
19182
17702
26187
1796
11424
26510
3004
28184
179
19666
8173
13359
19158
19289
22552
15158
10279
12120
17039
31743
22842
10733
7596
28860
24809
5628
12668
11067
17374
11978
6186
4831
13537
5211
8493
1634
14818
14732
15153
23884
5574
6127
4295
1330
754
17769
17355
13999
2712
18317
29593
32292
1220
16567
31215
5167
3365
21224
2720
16876
30876
21605
8702
19694
6022
12814
28165
9980
20682
7039
7751
23947
24993
21736
18075
1279
20008
19117
16517
7074
20135
17085
14180
8288
17823
18354
19294
22857
2709
10669
30476
1475
5537
12527
9188
30866
22453
24120
6506
21897
19374
21728
13078
28429
3101
19126
2308
32591
31186
6556
30558
14661
16172
20190
12425
28013
15395
21591
17938
15937
10002
3906
21591
8313
28229
4321
15605
8963
9799
13520
7157
15043
4328
18726
25526
3594
2320
7249
19352
31704
24391
3246
32109
23250
29440
30187
11680
11265
5288
6173
2595
15696
31859
21664
11290
30660
25057
23730
30793
21881
18
11726
6718
15200
4815
30666
1598
12986
6228
18607
11760
15955
25567
6748
21451
18303
19705
7641
10561
24278
1927
24700
9129
19631
28816
9918
13293
11613
23499
6362
19703
5420
11760
7467
25820
30746
20411
31811
23751
20821
17856
10955
31652
18040
30962
21789
26512
17030
31729
2210
18947
17570
22807
5869
2747
24212
13633
3732
19815
7932
21341
26066
7705
25428
17592
13022
30824
19879
20997
3593
5480
23059
26924
31130
11339
20479
7128
27498
4564
2845
31423
21566
25215
22559
22960
16615
9074
24888
18526
28955
1569
26201
19438
18
15044
15656
9538
31456
32122
21696
12291
149
19002
14636
9841
18454
25470
21152
21994
10170
6062
23677
4155
31396
29005
20483
26026
32739
15845
16083
29632
3915
6067
22828
21719
16401
24083
7138
31846
23848
18602
25117
3087
17247
341
22231
28005
1335
28885
531
15487
28805
10807
28126
20286
20940
8452
7943
25949
4440
5677
23966
19773
1562
26549
2349
2414
6727
12060
29881
17149
7599
23183
1655
5248
25054
11473
5966
31202
31732
20455
19984
28911
18500
26246
29304
5790
2991
18493
29667
19746
20159
21602
8143
13999
20099
1982
17428
4365
7981
16632
14564
15838
23660
24514
3716
942
906
10949
23239
21439
21317
10317
25167
8338
19823
21940
6531
4405
13892
27024
14671
7504
11663
3228
25503
24045
15739
13671
5017
7946
31546
4798
21916
32224
5464
12506
765
8177
27612
17738
32124
20180
3619
19871
9864
1216
14973
27865
3639
13786
15236
13204
5635
25151
16192
16114
838
15567
1020
23111
15731
29375
30438
3976
13338
24541
8297
21105
10394
15266
31307
12920
22435
2810
2950
16244
15987
25298
26086
3341
30668
18277
24934
226
27831
13383
12619
22397
21755
6446
12030
3064
17244
22403
30378
3691
14740
3245
12698
29981
19
13592
10832
5222
15733
29703
1636
10597
2503
3103
16931
871
31098
21679
18915
22546
23587
14272
19751
11861
11000
1249
10104
3088
25355
9391
31486
21122
18244
31014
22753
30070
17951
30379
4962
31021
32555
16853
5559
25354
9278
24063
23979
2304
12921
14478
29426
27580
16127
7426
30797
1937
21364
23999
12898
18471
5687
15769
8281
2787
14944
26146
566
23573
29560
30387
26873
23269
26875
30779
11383
28666
25998
16842
25334
17135
15872
6620
13963
6775
11266
8294
13364
4938
6311
19874
28853
22999
4762
4507
7987
21159
27681
24696
30098
23954
15573
14216
31374
8101
17182
26385
6555
32719
24945
11480
6269
16974
13129
27504
19111
28380
30182
2627
7765
28056
16584
19042
24424
1718
18922
7180
19461
12518
12735
16640
22252
23173
4845
18306
13208
6534
20940
10799
2076
28190
26525
8322
24760
1075
9610
27682
16702
8066
11106
12017
28711
7826
3601
5589
22388
16476
27104
25668
5958
6327
23666
11410
9788
24453
8826
16634
7056
1696
21821
10606
32497
17026
971
10782
14878
29110
9213
9930
2119
3842
5933
28360
32547
6737
16056
15828
3536
9315
23605
32155
3439
26931
14706
5126
16251
9515
21555
19015
21997
4362
2473
6308
24850
12433
32180
25350
16167
24561
14808
29249
27066
19444
16385
13857
15552
16621
3319
7224
4981
31841
18079
1898
22263
28018
4599
13365
23201
4111
19663
5569
8744
20189
10056
30635
28024
6116
22798
28817
9804
4090
28245
29021
2959
4336
26772
32082
13942
24190
12036
22232
21850
15854
2775
11527
14422
23691
11065
5621
2981
12489
27911
25024
23480
16945
25170
4698
16154
1043
21906
1047
16900
12010
17578
4856
28608
17549
4000
18613
5566
11035
22296
24460
7287
2724
18069
9676
4613
22935
18031
3616
17023
17392
20884
30876
31254
22814
27391
137
19697
11445
28408
23281
200
21976
15376
4585
29762
31076
28635
10401
8207
19165
13163
29741
3525
12313
21393
13584
24700
29614
8403
15757
19240
12829
21292
12462
4281
28091
28038
9745
27124
30051
23800
15990
27919
2525
20415
29960
21263
28173
32766
14702
14050
19931
28214
7825
10811
10214
18307
10796
15409
9704
29596
4373
19863
4071
1672
27725
20249
17953
4641
13000
17691
28085
4938
1021
11602
15377
30448
3886
8734
3359
29377
9077
22446
12334
11695
13458
20178
6050
29731
24694
22943
22364
29697
16782
19909
7655
15456
6609
175
5223
32006
8840
26975
20802
16806
3296
1032
18827
9433
32561
21352
27955
14044
6924
7148
23022
5135
22535
13441
20711
26409
16200
2363
23331
21308
21458
11177
18613
364
13202
3314
30375
20079
15656
15800
1955
21444
18039
20393
31589
18611
12267
13541
20705
30471
24717
14611
7987
16270
30408
28737
20810
27213
14840
14207
28756
16003
6328
9019
10473
7780
16360
30555
30455
8850
5760
1309
9328
29019
10776
2734
1716
19894
22579
28811
9920
6650
16463
155
16404
19044
19117
29449
16998
839
20448
27875
16904
24336
11544
19572
794
6144
20780
24417
2927
4521
3689
24198
26432
32293
15644
19342
3219
6937
31457
3156
2409
17005
4778
24573
26794
19145
22926
2514
31185
29646
3159
19934
26455
23065
31178
6987
18401
12024
1460
125
5673
12266
20665
17644
15276
6617
4316
17602
6680
5142
26317
27192
16244
20248
15350
24752
12557
21236
30020
23955
31012
14748
1718
6888
25433
20695
13222
24505
5077
24580
2010
12838
25915
3470
21834
3910
14668
8238
17071
17601
10332
6116
14032
18478
15224
23219
11404
10285
7508
28959
15270
29508
28151
3687
25171
12410
9509
24707
23429
17846
12176
25564
3573
26581
12989
14030
24563
28812
9143
10462
31725
13828
7287
443
20929
16431
7182
15350
24770
30699
7576
12161
5772
11230
12769
26601
20104
1804
2004
8787
15934
21816
4008
12088
23134
12545
9417
13280
140
30647
27271
1951
29167
7938
18304
10450
27256
18481
11214
1432
24818
11619
3569
5201
15310
17496
19067
30680
1708
13076
21118
11136
29865
29241
21685
29391
15211
14626
19829
2301
4845
4031
10577
19499
26123
8755
26256
24675
32717
12847
24912
1619
16755
16908
13942
8649
11589
21931
26973
11246
21015
25869
14394
3394
25502
23729
19281
7003
2934
18353
10969
13917
16111
32667
10160
16952
9627
32272
8895
30628
23704
11295
24363
18654
8861
19295
19265
22047
14535
21710
27678
11745
1057
26988
22561
21713
15349
12439
27666
20882
12502
16421
9999
14392
30824
27203
22842
29055
2550
3344
4388
14799
6065
16377
29688
5104
12489
31443
27751
11149
30766
4794
23639
25450
31779
10411
15691
2917
31367
26083
23440
31278
7651
8695
6189
1734
32562
20144
23944
7608
30836
17836
13016
28186
5105
21430
6734
27203
9294
7648
9731
6217
20817
15462
28576
28225
9587
10050
24271
13878
26667
20622
27237
13797
20725
2206
16460
5694
24356
2009
50
18075
25197
14939
29939
22462
47
10573
30919
2701
16771
7679
28715
3724
30216
23242
1936
11294
30571
1448
8134
22139
6585
8336
5415
24945
21604
11154
19843
22234
28695
19639
14543
10209
17721
6550
12428
13812
22339
24246
25081
28551
22722
167
12024
31887
25643
21215
12737
14009
30050
85
20296
26990
28681
25055
1135
5512
16009
24140
23020
13521
21985
12353
11000
14656
10801
11732
10941
17394
24581
28138
21628
20457
18018
26449
12929
19592
26003
26012
10184
25546
11952
28610
10349
26694
6131
31862
3284
9955
12730
4164
27548
6235
92
8560
9797
11889
9900
23950
5275
14577
11598
11489
31466
7788
29372
3956
14048
25776
4118
12282
20288
17673
16046
18534
21068
18490
2640
13386
12015
9786
23633
19697
29870
26031
11102
27451
9805
30507
23554
11067
2881
18473
7668
19857
11225
2502
21030
21129
25643
10047
17806
10992
14783
10286
19634
6842
24574
31364
3062
10581
5976
24645
30886
15307
21304
32007
24257
13466
21161
16168
30603
13651
6085
8402
23761
24053
27105
31920
25850
9735
20090
29293
13266
11127
9438
5873
3094
4917
20634
27738
11711
22415
7847
23996
19727
8267
20819
15001
28252
134
32497
28191
12959
13903
12096
28196
24764
18434
25500
7650
14223
7014
30182
8306
21691
25222
31284
22282
15409
31312
3897
1782
19586
5871
18803
25431
11237
23016
9495
30366
31240
11766
10940
10184
21143
1190
13001
22359
27789
20915
29600
20500
25149
24607
18055
1926
28191
23830
20315
27184
10331
13442
29427
12174
4375
7021
18517
29134
29569
25627
28827
1359
28059
30691
419
19418
10442
4817
28538
32675
3868
7421
8326
12798
2396
15785
6261
31201
4568
1054
26089
3613
10221
16963
16096
18267
28759
29954
30693
17881
3642
22107
16888
14050
239
30020
23358
30223
4752
28487
7785
1599
9026
10202
7397
7767
23877
6525
12231
17850
7613
7318
11126
15495
7741
16396
8727
11158
11032
4005
24762
22576
29288
25632
4934
22416
14299
6418
15140
32285
31041
17537
25774
1637
20438
19522
18262
11225
6735
29970
15510
13643
15270
18295
14748
11048
31397
26196
14257
13685
20020
13135
14189
23946
8803
23779
19100
12177
25143
12868
20719
30654
21045
22774
21347
5964
1967
16428
10865
11579
2257
28129
23290
3787
24939
440
22001
19382
14460
2452
1734
14897
12930
1015
23702
18081
11396
11291
14867
797
7131
27602
30772
12968
7877
3870
26526
19499
2472
5520
31950
12596
32037
15713
4875
5233
20708
9298
29197
19435
24346
6723
621
2818
31962
406
23756
16428
11041
22849
8131
4716
19616
19637
14478
14996
27719
25970
2679
13372
24726
14951
8452
638
22435
14603
22752
1143
6122
25660
11146
5501
471
9434
2495
29984
7701
2083
28840
13026
17556
1996
9668
6582
10333
14309
17811
22331
21525
30314
4360
23221
25426
30888
9644
10191
1185
21078
3218
6419
4179
21102
19454
20005
16396
20944
26580
16835
21257
20374
31938
17277
11060
30517
25133
20787
12009
27736
32476
3155
31622
30844
15463
18128
13493
30284
17757
25569
31865
5818
31288
2174
24569
23521
18689
22427
17679
26014
21443
13859
9360
27624
4529
21171
7513
755
22294
27931
11294
1289
28673
6549
5106
15907
14764
31683
17302
13642
26289
13674
17282
12208
23019
1265
30899
18829
17453
20375
18490
16571
28837
4983
26497
19728
27662
32061
25948
8831
29337
7590
14292
30957
20633
31417
23218
13780
8689
30919
19149
5018
7229
22307
27155
25263
20419
15522
6234
16489
2840
4049
3300
24479
19858
5881
15540
16135
29809
7124
22931
26960
3788
3852
13793
6910
1085
26487
6428
27145
31308
14612
20786
19253
9372
16325
3207
4400
27608
22986
18628
16749
5979
11777
25189
23235
26017
31200
4353
27076
16242
17198
23640
1758
29128
27012
22047
6708
6789
21383
9354
314
13270
13282
10653
29203
27236
8710
21299
14506
10817
673
24523
10642
3725
31711
9238
26270
8172
29027
7489
20800
3496
17412
23554
18082
19877
20808
5220
390
20232
28321
24147
15838
11174
23657
29415
31275
1070
27807
29297
29334
29463
22879
32582
12751
16968
1827
14669
21417
20360
11964
26187
21874
19372
11022
21225
4115
16506
26254
14474
14316
2399
9341
13263
32365
10965
8673
6119
12661
13458
19016
10903
29803
6769
31804
5389
28445
12321
6533
5476
3675
13200
24353
15606
12882
4629
16644
18278
26282
21600
17808
22121
95
23842
7379
7767
15712
26235
28546
20341
16874
27176
8633
18431
4001
24681
1392
23288
21107
435
14525
14258
7981
30490
11212
15900
32729
9596
2718
19407
27102
32622
1668
19927
31191
2536
15194
9025
4399
32688
11396
7273
12673
16263
5546
8960
12721
28949
2867
22240
10441
3220
9858
11151
10902
12607
14835
21141
12799
30329
18580
32382
21800
9150
15779
19117
8010
31562
8140
21479
11344
907
15391
19867
25138
31559
1235
8179
25618
25741
8125
23195
6936
21085
24718
2132
28942
25879
10959
12087
6331
8612
30622
2506
32767
3942
31526
17604
18355
18656
9695
19872
23869
27429
32139
32228
4598
4098
2540
12078
19517
16107
20805
1027
11864
166
8343
29015
20238
441
7065
21724
24581
28564
20596
9227
24028
31871
19267
32755
9735
13890
25933
14788
3694
7062
19455
5146
23237
7246
31660
19723
11177
28741
10757
15599
17280
28934
23639
5618
15629
25150
9607
4187
4053
21730
18381
3993
32310
4384
13875
3090
18752
13063
12748
19883
18010
26101
32437
17175
12950
27332
27853
481
24527
21683
12340
15159
6024
10518
17796
12668
20356
19902
24018
31372
3109
29222
3683
6861
3205
24418
16430
17657
7254
23240
6934
19118
10106
1883
26852
2482
27489
29179
11270
25096
25126
13391
26121
180
17257
23150
18904
2893
14058
30544
21938
30791
5354
5111
4332
8189
20546
25949
26988
21121
26176
29980
27873
32292
28741
10464
22979
12996
13087
21645
17422
3544
18471
17199
18878
23356
15386
25253
4873
30397
16312
32269
6751
14948
17950
13038
30754
1411
11492
3368
11813
10369
18934
30108
12006
16741
31539
24475
7308
21795
5063
24847
31647
12713
17225
8556
21897
25769
21139
19284
1744
21285
21093
27917
13585
15804
6073
29603
10427
15798
8676
11484
1681
1744
18033
31712
9437
31177
16061
11429
30837
21417
29522
4636
21871
1492
8452
23325
32676
722
13261
18963
18149
3035
29545
15207
11007
19237
23985
9901
17265
18158
19129
1681
26344
31048
13992
21376
20095
6312
19802
32022
12471
23853
5047
3658
4152
20144
19153
26715
14917
26511
26816
16505
12544
6201
17213
19508
32099
30585
18433
18598
9466
11140
24283
18527
16226
22465
20884
29715
26498
7002
21891
10757
1163
27783
4846
10290
9904
23701
17959
11582
29605
4280
22115
15392
24281
31638
32345
28300
10612
9103
25247
547
26127
462
12739
3165
31798
17937
10796
306
26527
2872
8623
30859
12071
18575
27376
24172
20368
3035
13439
31198
5628
18470
15790
30365
9768
17738
32052
23942
10346
31808
5507
10175
23401
27686
13033
22692
1438
13330
12136
19061
654
32153
6230
6592
26564
1053
29109
23439
32144
17626
21328
2642
1922
9136
15258
21899
6309
4270
13382
16444
28540
31330
9381
14864
5566
6371
28100
8011
16336
23963
11329
19315
10246
5077
15345
10940
24986
32266
22836
30260
24424
31723
31763
1715
10863
1325
18718
27264
1032
1304
13320
10691
28644
25295
12286
26031
25031
16989
2508
15980
2822
19075
18351
11205
961
31556
11000
13462
19425
24877
12133
12531
24528
12645
9279
792
23803
6776
15155
29461
29193
21986
10481
6454
5848
18014
13190
819
18492
12012
19066
29
17270
20133
1193
16131
32118
27966
8162
11367
20945
9310
24129
14947
9600
29087
23884
32667
31070
23910
17104
22754
10336
16995
23417
31147
19858
487
1844
5942
3541
12521
3909
6774
16730
2518
16935
1220
14557
12060
28967
29510
6818
2677
11199
27933
4912
21748
21683
26706
21968
5072
27885
12670
10436
5619
12313
8763
31048
15938
24320
21070
13130
9899
21414
12176
22760
26608
15138
10401
5549
4661
4416
22092
18827
8778
14807
20409
18328
32697
21483
5461
17545
20367
8835
16002
12527
10219
10057
22014
31539
28743
19171
4371
30035
31369
12052
19843
23129
8393
1681
562
12192
29665
3748
3729
32198
18102
1666
5327
7536
8775
16493
19134
5057
28282
10378
28037
14999
23457
23936
17419
12427
22735
14036
23583
19623
8926
21767
28263
4582
14395
5997
5391
24172
15736
5067
16685
21130
7823
27576
6902
11120
30967
7088
14499
3503
6761
8184
22561
31606
8303
2870
1915
29321
1201
27340
26631
28160
8703
5368
30804
18373
32285
15533
4303
13771
25682
26414
32567
24335
7343
8048
27847
17487
19488
813
31517
30861
18740
1480
17388
25922
29100
1252
10085
5731
19653
2754
5478
18965
1605
23134
15713
16431
3656
8521
20747
1395
27079
27461
17864
13964
32749
13218
16601
30407
28698
12379
6723
5777
15539
13039
8830
9653
22192
15105
5859
27986
21987
5807
28883
3485
27145
11442
31654
15196
20626
19514
23898
22814
23344
7815
32248
26683
21281
5703
31173
3471
17725
30899
2606
9717
703
23656
4465
9861
25299
14854
13579
17550
4323
27274
13029
8530
29602
12139
23869
30084
30933
8311
26965
30850
20964
7020
31966
32594
27940
4438
9763
3934
14306
19884
10998
24815
29999
4904
23131
3435
13678
10858
19702
25935
15006
15947
16436
10730
21864
8706
30780
9951
1768
23801
21652
26456
29499
6253
915
778
28877
19144
139
16109
16479
15550
18610
32185
14811
17449
29397
15391
31191
20645
5563
5324
23531
9707
10586
2079
19891
24558
20156
932
18083
7351
10927
25944
28813
26625
16175
30364
19699
17556
28564
6901
25358
28514
7035
11913
17051
14435
31862
20569
26472
3376
12915
5183
18850
4449
10989
22695
9947
24744
20180
15373
20446
22186
9021
28218
1843
30881
18634
22846
15472
23731
1495
24108
12358
11023
18281
8600
19783
5325
17623
9169
16760
23682
12854
8415
9371
19622
11654
29755
14137
14247
21149
31825
1649
24009
8663
14774
131
21700
9595
9769
17948
19739
492
32587
17503
20798
23700
286
25527
23135
17808
19519
22367
22292
4123
29668
22958
32689
17852
28563
24868
5219
8239
27816
6709
24845
13845
15236
12759
8931
18011
21653
15565
11207
20074
12555
18353
24422
22291
29523
23492
26130
9272
7003
1142
12638
13115
17029
8628
11899
13352
7016
4852
16981
27042
12617
1793
27501
7054
9052
31878
9589
2177
22458
16221
27309
490
25122
28309
28416
7935
6768
22341
28893
12905
7901
12307
15318
28334
15868
387
14587
25954
1136
18177
10484
19725
27246
5293
25569
14811
23798
19944
15090
13574
7888
14498
22469
24324
15689
31074
13699
2160
5291
17426
4025
28088
8317
19856
25334
396
4991
18933
23338
29186
29540
931
19385
21641
13389
22289
3426
9364
4106
8022
24019
258
5391
24438
7432
21583
10552
13424
1127
21373
31804
23555
13213
32704
9715
23620
12086
5868
27720
6113
11519
7839
27900
23347
18971
30254
10015
11781
1767
6992
8271
30246
9359
3469
8623
14001
16493
31844
18599
30743
18725
11327
26461
9457
10625
15895
28918
26503
17677
17895
28045
21535
8818
23506
12784
27655
24467
5139
22301
17762
19305
2472
11647
25522
16799
26558
10216
3369
9197
7643
31309
10415
3380
10958
26693
28850
6750
10838
32576
1714
25843
4500
14471
13192
2940
17970
16119
24697
25496
31825
21629
5374
12767
1844
4945
1361
890
2222
1778
32183
1407
11083
22756
13969
30221
21313
3372
23840
2860
29205
2696
23835
27489
26893
27246
14066
5140
9817
19659
28384
18851
26880
11128
24755
27970
22412
27004
1115
21657
21876
6660
28468
32539
17230
15139
7699
17703
5553
24649
21522
23777
28395
2181
6684
20687
10088
7291
11063
17459
28893
20515
22932
8490
55
25670
14424
3209
27207
953
5672
15219
7978
14424
5239
1722
12409
13250
26511
22523
20022
26582
2912
19576
9841
10992
30988
10675
5053
25572
10542
32720
18006
31158
28398
5544
21519
799
30662
31404
23294
29121
31761
23168
8934
13605
27736
28243
26983
4472
10076
10240
17639
9738
1251
29414
19007
24450
16707
9864
24870
20962
5551
1763
29534
13886
2373
28307
25248
2107
18131
32420
29000
32586
877
28729
2496
24482
16815
25567
4270
24319
32210
19119
11741
6428
3697
17701
14316
20465
17945
5059
11961
29613
8595
30053
28811
11890
3824
3939
5633
28626
6489
15209
8382
13325
1427
22293
26834
776
11093
29013
29927
25357
5962
29055
