15997
7991
16481
31433
1704
24181
23209
27630
3169
22472
9519
22597
6687
18666
6371
10669
18830
22627
7082
16567
8254
13000
15081
2633
19214
16308
722
21236
9302
10888
32369
29716
28887
15074
11381
13997
32612
14558
29887
2048
5965
22799
27308
23537
24974
27708
26659
22808
14524
20186
19805
10921
2987
21581
29047
5124
16096
10719
4025
8731
14522
28028
15780
5768
1119
29747
13758
26730
14183
31853
796
30467
1611
18411
22964
18962
13196
22913
10079
31729
17827
21140
10673
10607
12204
11349
5241
875
22737
18618
5398
24117
11895
5953
16000
23204
11563
18788
10770
1271
3147
21211
22809
1388
30836
12692
8989
16034
2223
14707
15601
30127
23130
24521
9340
24577
32728
17046
32070
13045
11768
26495
10690
4409
21542
28301
11614
29154
2900
13483
9035
23884
1958
8670
22028
7093
30944
8002
17345
12697
1424
28872
6960
17867
19706
28337
32152
19800
7112
23241
4406
6427
16238
19812
12436
8480
9311
30234
17044
10681
10993
11330
1856
7778
24337
2863
25935
15958
32422
5677
1142
30445
31430
8250
16501
1980
24475
29572
16604
19563
20243
29862
16801
18516
31307
15778
22627
20449
17849
27806
17020
27554
1051
8799
1993
20785
29731
27782
32313
3526
27871
6028
31254
16025
25834
9343
14102
29435
16469
24186
17953
5171
4435
19429
3040
28441
14246
30578
7177
15220
2765
19667
32109
15637
31466
1339
8894
23216
21621
24475
9250
18045
4771
8345
1400
5267
27796
5712
5484
23295
2367
7114
12605
14247
1566
22590
31049
22497
15512
13834
16990
24018
29234
19823
20415
16264
24438
16142
8696
31703
14751
14886
26210
16628
11017
10891
21365
24787
26203
19045
32208
12096
16498
5038
29194
9663
32012
19817
7990
26917
14905
12451
24120
3315
9858
24875
8651
12405
28118
13841
6989
20895
2360
3551
24657
29090
23851
10905
23779
26449
21209
20854
7833
31543
22533
10845
17502
10612
29111
6942
7934
9564
19873
6773
20081
31438
32339
14015
26599
26964
20003
19578
28823
21759
21722
10366
14664
26880
15390
4605
26268
18438
24227
30780
12831
26203
11794
16398
12307
27070
2997
27925
9721
11006
32743
8888
15839
13659
31806
14563
8813
24476
5237
24706
20397
23280
23067
5051
9374
21381
18173
19949
375
32490
25172
18285
32443
13349
3247
12539
2304
27028
7838
11014
28032
13444
17956
29860
9052
9875
20186
3663
23988
9414
16611
19552
12904
5225
659
5453
25003
31146
26846
18339
2636
25588
25218
962
22211
17420
10740
21850
28414
2030
10764
30888
15081
6245
367
14193
16832
5229
20672
6587
12820
26184
16262
26190
24222
3682
25563
12014
15303
16358
30938
25685
10739
11036
4038
11762
6289
4489
10235
356
19939
32709
22933
13749
24462
18714
32482
3671
10209
8417
2184
31199
17381
28061
26741
131
26153
12756
16267
7765
2634
9905
14857
1340
21828
25691
18104
695
11900
13331
5338
1362
23945
26640
1234
32228
14534
21786
30610
6285
12440
18920
10441
2419
17280
8251
32714
26935
9952
17335
827
23865
12429
19076
23426
1937
19736
31656
4079
31432
3804
24355
27305
11610
8647
13255
12122
10476
12265
26334
4250
29005
702
27002
4124
24366
27963
32666
13723
27298
19099
25857
18562
8532
7654
25558
30814
17546
7750
14588
8196
19165
15369
25135
3970
16821
27253
12772
2246
19079
14927
17629
23312
12238
4394
13710
18713
19914
2416
10546
9729
19195
18226
4781
21753
23644
19887
18208
6069
4448
8614
16462
22415
25517
17500
10418
21883
1691
21355
3420
27822
12907
22865
20879
21517
26439
6836
16412
2648
25598
27766
22141
22803
19580
24189
9648
6712
15370
18239
25817
11422
16203
31760
4503
17191
29170
16939
14882
31404
15428
17538
19753
25258
27729
6725
2925
25769
9970
10804
30493
13936
27777
30373
23792
17130
11611
7765
21253
13782
10775
7663
18810
5682
7043
7772
2254
7013
24163
23504
14839
10543
7912
29073
21570
7761
16370
5765
3311
25083
31237
5763
9352
23546
28173
5206
11781
17310
10194
24720
11169
29036
19513
28949
7546
8073
28480
17763
24043
17633
19895
17314
26538
30490
26303
23151
24992
32572
12548
29544
3211
3357
26554
631
28246
13709
11096
15839
22323
10054
29207
19208
7294
17042
1065
27659
9554
32698
31228
9447
20530
8359
14329
7858
26246
18433
19190
4154
4354
32576
25159
23740
4900
29511
23786
22142
10691
8988
30618
499
9724
15971
20373
28308
19168
28575
17959
16761
23006
3624
4351
19897
31217
29676
814
22151
25994
29413
23294
22281
2877
9822
8312
27639
3371
7141
24755
15096
19250
4111
20958
29629
25557
15086
11277
18138
22509
26707
17092
28263
15629
22468
11076
9306
10934
8252
31639
8866
20032
5029
28253
2308
20867
24086
30549
17590
72
23756
5290
21949
22642
26858
26883
3591
28908
4593
27209
9800
25426
1021
12599
17557
9310
5573
13731
20673
30489
14928
910
12923
26301
21112
13549
21796
29548
6688
15413
3441
23956
11572
19368
15557
15389
24677
25954
20043
18775
27042
24610
27095
4774
5205
27865
30842
30443
32098
26868
22247
8113
4832
2410
20873
24860
21397
10884
18016
11410
2612
20592
2207
550
86
9347
25095
3273
25912
31569
19969
21807
25658
12143
19070
14210
10003
23811
23183
1993
16341
18960
5827
4375
13988
1923
26436
23411
14134
5884
17328
25739
6666
8542
5304
14103
17768
2581
4987
3342
8731
27434
17056
26764
8177
17928
23862
20350
1519
29963
22347
5651
2644
10702
19534
25570
28244
1073
30501
24539
6545
3629
4109
12015
29017
10327
11317
12671
26530
13109
31514
11142
32198
324
32161
17285
14079
24005
4854
1074
13984
13387
30502
19679
1561
9478
3967
23724
16040
4557
8355
25708
4832
28653
19054
19288
29659
27316
25998
4726
20030
8891
7899
711
6897
5623
27770
4659
16283
31871
14518
11061
31456
9755
24217
17222
22618
9360
21582
27658
26712
20142
7990
19261
14169
26645
28108
9564
16711
31179
29497
26387
23667
10112
24758
22890
22612
3483
6310
27822
19455
29708
30575
17952
20582
25041
19996
31840
8784
23877
27316
11927
26652
25899
19032
25191
5941
28286
20766
21652
13652
29430
9136
10351
29049
23642
32421
8710
20647
22665
10139
22285
27234
25158
21528
650
28905
2758
8742
26436
308
20475
32424
27881
30380
2975
5502
25602
16044
18175
10077
7319
26556
32652
24939
15266
26760
10275
4765
31540
23202
29464
23249
16745
9468
12548
12202
14861
21027
20563
21295
24331
3644
18828
6179
7065
2240
1119
4130
30245
13815
368
32640
27902
11317
21734
13025
29123
6359
15794
4760
12172
2300
26015
4032
2010
516
5662
18205
29247
9674
28111
30128
10956
24225
25295
6940
23359
20239
7620
26043
10985
332
31145
17535
24929
4729
13402
14987
2027
21920
7135
20621
13734
10863
17528
16354
29303
948
4973
13159
23736
22935
10898
14880
32161
923
156
18315
30834
13907
12839
24002
102
8420
22403
15699
16728
26174
27458
14048
10033
28185
3458
31349
12313
18866
12283
172
13657
10306
30407
27010
22290
5955
23028
27896
30368
2658
21452
14697
27595
26434
10207
23470
24756
4343
3797
3316
122
12093
21237
600
25775
11644
10612
6727
28030
11644
21630
920
28824
27112
23046
14950
27363
17540
23374
30383
8418
31790
22837
26798
23010
18070
28996
24312
8682
18877
24438
12888
15968
12590
20683
4972
16763
23295
21131
5628
26732
22662
27227
5661
12364
16092
8961
21258
19908
787
6647
23485
29566
24119
22961
10577
4943
29957
3246
791
1569
16237
21825
2170
18081
27593
22044
31891
10926
14811
14241
12171
18300
2441
13800
8628
27788
6487
912
15463
24908
12456
3398
15515
20877
12724
27159
11082
5289
20296
1141
32644
15216
25153
18443
17999
4311
6854
24641
27718
31071
2377
21389
1261
23878
15163
1919
11221
2417
26514
31115
23411
13076
26363
14485
21953
2599
29663
27455
31378
1673
28184
28402
10166
23536
7792
23469
32466
16536
13790
30864
11516
29351
1151
27943
4121
10338
9301
15224
22006
22290
5059
20171
28969
31924
31684
11068
32678
22627
7663
2561
32544
15750
9771
28284
27429
28089
23601
0
8440
9596
28870
13411
9517
18334
25270
5960
9991
21351
14224
14889
23953
4488
1059
6439
6783
9156
187
145
11970
25434
9499
16182
31981
14905
2106
12651
21834
25315
32702
28891
30651
15133
15161
13585
22354
5468
22310
12486
31664
13550
9122
30700
7198
24811
6890
14966
20589
14811
17304
24558
29581
15908
31389
20404
5104
10554
24829
29207
3484
6533
26958
13845
10771
10513
16622
10226
25059
25848
4359
25723
7179
20367
21316
29975
1812
22867
13904
24723
26603
31890
19987
31913
31361
26585
2987
19541
16417
25377
14636
30424
22420
23480
29976
9097
15094
17136
27037
18015
32598
11147
15249
10558
29201
20961
27950
15876
12268
31447
12429
1363
4594
21888
26083
5660
3091
19344
16767
4592
22905
27781
21887
4615
4777
24468
31573
22796
2399
2132
22782
21934
1574
18988
32252
16871
17337
5758
21528
27402
17436
12688
24537
28303
23418
23102
3266
30623
3261
16482
335
18782
5104
30207
13998
8698
14932
18224
20542
17016
20547
9427
28360
10041
26825
3572
31616
15695
13052
9211
9913
8322
3359
21910
5739
11808
11642
19556
103
30856
31991
2406
11348
26485
32636
23590
6513
4363
26124
8357
17417
6051
9885
28678
18101
6231
13751
12283
21332
30284
15825
11507
16331
3778
28779
11008
8829
8669
19690
6538
14985
31792
31032
21942
8135
11535
2072
10132
30336
21905
18762
26123
8943
23655
32610
28036
14459
4704
5992
21849
8370
5048
15920
4092
13829
29220
28536
25063
20038
29598
23235
23367
28898
29168
14840
16488
13534
9986
30137
3295
658
29157
13188
32121
13608
24731
10636
19686
22484
2732
21589
3877
31441
2154
27154
22447
23583
4863
10174
5731
24573
6459
21500
22324
5416
21791
5040
20628
16594
11816
27737
27807
11873
29789
4149
14600
16108
16408
20499
27076
29814
660
20214
23160
29928
4922
21358
15011
16592
17835
21175
20619
6620
21644
4494
32489
21781
11541
30423
31060
5339
26457
27632
21358
9892
30547
26323
22224
115
25268
31214
19382
6682
1902
1474
8298
7729
16128
26685
7025
11986
27264
17880
1144
14873
13162
18544
28669
6751
3370
28646
6590
32305
17259
20597
31202
21522
8477
23254
232
13813
31817
2581
9811
4217
12948
4913
13842
482
25236
29302
2225
11483
28118
29339
4674
31470
4012
2459
29705
2751
5303
10068
31978
17932
32568
20960
17555
23397
9237
11191
19817
6058
3246
16257
22836
23369
10589
11708
23689
10036
8399
6162
15611
32165
18438
26231
17921
4753
3882
16902
165
2029
28435
24985
23026
12708
9110
1066
17435
7507
16019
13549
15979
22986
24507
13609
28656
14915
7458
10202
16615
4448
26760
23304
7910
8166
32103
19173
22476
13116
9148
15017
14185
12193
21397
32558
21484
560
1375
22347
13584
13973
15085
28144
16902
11405
3400
25094
8737
10527
19257
28676
31811
16284
29847
6481
16651
20055
7761
25949
27580
2853
2874
6269
26092
23443
1431
31882
31217
29930
17770
5945
11
32740
28541
27193
12881
15403
31021
6415
21341
24469
31996
4273
5047
11553
19412
3300
25090
32689
18204
5973
4584
17541
20348
23674
1479
8571
21617
29222
18200
17161
20624
27631
14755
3574
16025
22848
21861
12507
21315
2364
4924
20829
1985
12377
30808
20775
16664
19385
27746
26282
8224
24135
18025
1428
18011
25494
15505
21265
7033
5242
8826
8644
24487
22882
8817
12676
5787
1660
23897
11991
5985
15750
7512
11823
19682
4469
1857
7910
29497
18377
30404
29179
23990
21419
29015
28810
4526
26316
23523
32269
16905
13308
24367
16981
30601
16268
9997
30534
29146
22885
26695
22101
3423
7397
22855
25027
14775
4733
2440
1430
19729
20235
17344
19548
16436
11512
26314
9119
8013
31505
24917
27687
15223
15654
15439
20978
26893
23141
24591
10228
22191
21876
69
17295
18709
27216
23201
5072
18326
11752
13382
28783
1399
2936
16877
23685
5108
15271
26329
14603
10512
4447
30335
8983
1821
14448
25841
31189
20747
16868
4622
18502
22384
6688
7019
3771
10843
17599
24832
10256
31705
31278
10387
18089
8003
775
3044
17710
12622
27950
7581
18182
13520
30382
28920
25748
12371
19025
28718
24372
6235
27137
11683
6388
4727
25313
7123
19474
23818
10027
22522
15930
26582
10696
29574
27516
26957
6065
26685
25871
31896
19208
9006
24520
5219
21493
21081
11864
20079
13121
24861
9032
29653
8885
20326
5814
12827
1841
20371
3021
22776
26763
22312
12805
10471
2861
3640
15904
32366
1901
18832
22240
26155
31403
31651
4488
26019
11820
18490
14873
1226
20409
9944
25417
25682
6135
16366
31299
27828
31365
28867
23074
25087
15320
8737
6955
26723
2262
24000
6604
17789
27699
20084
29016
27232
15759
5909
26240
4711
26188
11314
32145
701
6193
7285
14448
13993
20928
29652
14421
1178
19543
9597
16202
2038
12297
10366
19810
23459
10554
13112
21946
29009
15356
16770
18225
4494
28972
20892
25831
20615
14668
986
10870
927
8479
2316
14323
946
13319
2992
419
18470
10270
32727
16253
9910
12310
1495
22628
17405
3793
19382
17697
197
18624
6481
10018
28685
3836
29519
3828
8668
16421
202
11906
20168
6910
8119
29451
12357
32453
21529
17124
4526
21843
32233
23283
26133
760
452
2023
28363
30740
20562
14136
16046
16501
30842
7138
9781
11380
12360
25313
21564
28622
153
13163
14224
21059
32652
30448
27962
19953
17832
9426
18316
14189
2509
3556
14829
19366
4060
25508
13668
16250
22054
30521
16869
11542
11669
27691
24671
31502
10396
23268
385
6464
3296
7914
7504
12136
13219
19674
14186
6531
1269
3107
23575
19941
31129
20616
25109
2329
20408
12115
32032
23420
24136
19546
27971
29848
13114
6835
22241
18497
26726
27958
3970
26994
23351
4791
27487
14053
13078
31232
22444
13684
25239
6545
19879
13362
3942
5911
27237
5704
3311
27309
14167
24209
21968
31188
28575
22773
12288
26163
19989
32134
26556
3088
12311
26972
19765
27786
6420
2353
24827
32668
25304
20923
23335
10706
9877
8653
31051
20936
10933
10796
16155
20840
24929
30514
5592
16095
17361
30757
30336
18788
5714
8277
2743
9640
24857
32247
28787
17947
10697
25284
3179
23269
14790
31313
5949
21919
32055
27181
20834
27861
18141
22460
2514
23357
1175
28630
25462
22196
12465
19487
1362
31484
3056
21028
8558
9271
27742
26682
32393
29986
11478
7191
28797
1299
2382
5933
27505
29105
29671
31946
7616
20597
11958
3569
15532
15332
13904
12022
28611
30857
18711
10971
1805
28084
5959
20589
26619
28149
26560
17694
23823
2903
15761
10657
13386
29533
19016
27720
22618
3774
14588
25885
20608
24799
7703
6082
21315
25364
6116
14089
22486
22423
27612
18002
21066
20548
11440
29864
1652
25882
13590
3482
7580
22130
852
7131
27370
5885
16781
6553
2705
31103
1742
19101
18360
32333
7384
7207
29997
31879
22187
9863
9416
8982
17367
11387
27041
3428
19586
13388
4337
26590
568
5799
32201
24619
12661
7996
4981
23849
32756
6936
23213
15020
9142
28867
19841
1269
32465
7705
30210
28660
11261
14313
19377
1598
18400
18255
31657
19404
789
8402
1931
20601
18686
4412
26413
28218
1870
31805
6402
12059
25173
18622
19783
5885
25098
14086
6131
19729
25562
31887
21852
24851
23859
16806
11689
10311
15055
23749
25339
28212
26817
26544
22106
29987
20288
2642
28513
598
20535
5973
21162
29193
4488
22147
4855
3882
8228
6367
18725
10967
14284
29314
16081
12187
15268
13879
6087
11368
11132
3798
9775
4948
8670
21089
21878
10260
9943
27360
22525
23097
25478
28924
900
1836
614
21598
2133
24554
18523
11717
28464
28288
12925
5865
2554
30534
9384
9235
17188
12763
29888
23417
30684
5604
24261
18011
18678
14212
11674
30686
3737
28569
9364
9643
23210
19388
30149
11847
13816
503
20743
10545
1068
25669
22471
23741
14958
4042
407
13747
21720
21463
15729
7334
13979
3228
23500
17686
24819
28074
3425
21061
11468
30768
698
28121
29490
6386
30847
11319
20601
10760
15488
23193
28208
21596
30593
4853
32710
3297
18377
12686
24058
10643
30825
2134
27908
18995
24909
27658
14725
4288
15364
30476
30767
26036
31055
7679
21556
17412
25451
29221
14448
18645
6430
11640
32597
766
11652
25737
13722
15937
30871
31260
23459
17993
25727
12417
20911
23907
17311
29873
23236
25340
31579
16172
25178
26079
4011
9876
28874
7723
23393
9
31348
2837
314
10564
30131
12387
24998
22642
25474
12196
8535
3542
14059
14640
3212
797
18227
4322
25370
13440
14535
8856
22847
24476
2276
25191
22822
5137
10250
29855
20794
12764
20254
22914
6955
29045
31586
6339
18369
20904
15637
10432
23395
1844
17641
3455
18278
18981
23593
27498
11287
7409
13223
2506
12167
26965
13670
261
29977
3821
17676
4248
460
16278
6918
22738
6473
17796
9849
29782
24492
3874
8684
11598
19474
7340
18102
19055
14311
11150
19241
12209
5868
15227
6011
20172
9227
18766
23928
9073
3802
23457
32490
14157
30193
15662
28355
27071
14828
232
30992
30547
30015
11224
7582
32006
9405
8377
26986
29497
19686
10578
31434
23665
10227
14743
7260
9172
10403
18559
8882
26467
24003
23204
30906
10744
640
6812
1775
10495
18284
6937
24897
20980
8274
7875
26565
5024
8890
464
17948
1811
16699
8553
32165
11360
28547
23741
26210
14107
31527
3041
21163
9875
9515
2158
16789
9680
18513
9177
19487
28491
6178
10128
14626
12400
17597
15066
25591
10452
3939
19051
25061
310
7102
19914
4689
5687
2548
1635
1445
13017
9584
5227
26364
30393
13419
32120
21650
25613
13372
220
21230
20827
3685
21957
18124
15103
4697
12053
8652
12378
16398
8450
11741
22746
12103
17517
9064
19630
8095
13315
30268
15686
32084
16150
1340
10637
26329
28217
6346
6630
32538
13725
23538
8168
6285
28975
15447
5592
1277
1645
23774
23018
5653
18444
1820
311
6831
30539
18304
15998
25818
32533
8256
30874
9389
17625
32516
19655
9167
11050
24917
30869
11713
8726
21444
26536
12530
24902
14298
24885
25729
10202
31939
4412
32464
7681
14009
27013
18637
13403
16689
5725
6655
7440
22472
781
2386
15021
20972
10783
24227
8386
27978
11600
4363
572
21243
29012
24044
10627
17262
14668
17597
22098
5395
32264
29589
7514
29133
31996
28793
9622
32533
15108
2917
24429
23790
30423
25884
4489
10124
18253
5807
22393
26563
24912
17871
28169
7729
16804
12756
26973
21802
13910
1417
12496
25960
1029
31165
23695
22895
8916
5259
20723
7106
20267
4452
13218
23496
27184
15841
5734
21883
26120
22346
29640
26582
14798
13542
22900
9724
6479
19200
23628
20264
27788
21182
12874
22872
17133
8865
3606
31417
15941
987
6251
24017
12681
4180
9002
27758
28496
25979
29243
23890
1034
14285
13863
28827
22528
4902
5238
1780
29967
21450
22985
32638
27684
9267
12728
2172
5750
2968
105
20160
11911
22850
14837
14297
31960
30862
21371
4858
5231
31168
10752
27817
23305
23438
31501
28971
22815
24937
19206
2482
3483
649
21836
8261
16727
15807
25106
13931
5722
24058
7680
15007
20177
31638
20361
18547
1999
18024
1549
16258
25540
25738
7854
23831
24767
29159
15090
17566
22115
27781
1309
8910
22443
6550
24140
22420
29789
12093
21073
21182
5711
20256
27986
3948
30301
7601
20256
23095
25894
572
6232
19998
25481
23473
3388
13365
18146
13871
2639
12812
25861
19796
9906
29408
1014
26439
8257
14212
2414
21634
28013
30989
9743
8288
4312
2624
30817
15978
2738
25533
25492
16481
982
1768
5621
24843
3747
9115
31532
28606
6555
27788
5691
26798
28606
18047
32566
17910
25252
15917
194
21863
31325
28912
4432
7956
18184
21555
9239
10394
12342
1948
3539
8496
24060
7670
31039
17010
6106
2272
10067
29164
13647
4919
30526
28521
31800
5701
29218
7162
2284
21926
22161
9669
7193
11774
24523
9363
27229
604
17589
29463
18852
5229
10905
20735
22596
13153
1952
6588
31194
28061
12560
7186
17890
12581
4421
24159
17432
1735
16753
23467
4754
21512
787
1395
20890
20432
21817
5685
29005
5589
8565
187
15604
1223
15520
2088
16421
21312
14161
19651
24986
1898
14875
22918
20428
15726
27018
32358
6999
26784
3548
865
6925
31595
31360
73
30167
8702
29008
25938
28240
31667
32141
92
19488
32580
670
2817
32536
30124
31368
3422
22546
14302
8236
8610
29574
6953
324
25688
12780
14438
13340
7540
22998
31207
11536
28191
16329
7199
28617
3906
4063
3345
6198
27860
5405
22137
30540
10724
6805
32445
16254
22886
16955
3218
31995
30653
28040
6510
21931
28940
5072
7858
19687
16445
8804
27027
1787
29389
16999
25036
18524
7518
8305
3845
11432
3323
4581
2305
20835
16680
13330
16011
28779
31409
24844
16158
9792
27440
5704
29527
24566
20827
10490
28699
11510
3603
25647
20616
28792
32300
27818
17052
11969
9469
1662
12968
29212
29607
6255
16754
921
14630
2313
28973
29576
1817
20862
13594
11699
5969
25153
20474
5471
32283
13667
11578
25857
13645
10928
8413
19905
19475
2441
14889
4784
18295
17535
5393
7112
32690
23220
22117
15527
1588
29426
16060
11019
24693
3208
29
24844
9082
25064
17008
26397
15398
22786
679
16832
28742
7518
14508
32524
25690
16380
28681
8160
12836
30956
16217
22757
23538
26284
19058
26437
10412
26436
15183
29997
13469
26403
24000
18947
17153
16824
18896
16999
7251
4048
18682
19435
1363
32690
25098
24723
6873
4860
14293
15883
7772
24123
9880
21675
32577
9805
19505
10795
11493
30584
26368
11302
32105
4678
14234
11856
13632
18982
20788
4214
31610
12740
1226
18490
18125
12579
21266
19084
3944
24960
4388
4328
20856
19175
11238
13905
11383
24465
13881
26641
11063
20740
11749
9773
178
6889
9029
4010
17806
24492
12209
13955
627
29398
26288
14181
4877
11562
11738
4400
11744
26241
10127
30766
7375
12645
7258
8465
29290
13424
3874
16303
18426
15715
26646
13692
20558
27141
25174
11211
19268
706
10338
5572
9750
25343
19267
22052
21610
2878
123
1208
11800
14582
21166
3991
23993
8240
12557
13346
11251
8929
2438
3005
13191
8715
22957
10314
18967
17554
25192
31850
10680
20447
27229
2930
10044
28214
15133
7471
316
32471
17677
29018
5096
19416
5656
11993
32142
16829
3863
2748
32747
1245
1019
25330
10805
116
12992
18639
6116
19335
15633
14142
20548
32635
4283
28869
4796
23668
27348
16702
7131
22382
25000
8015
12072
28190
8550
27054
29094
23686
18319
15382
24873
4187
2330
6152
29787
30230
3943
23874
12173
31708
14314
19968
14911
26127
8852
6901
16750
20912
15104
13064
12960
123
10339
21199
7088
19136
20528
4044
15194
21251
22414
23402
3717
22355
20346
14774
26195
15467
30652
10205
21227
11914
17547
28265
28417
29714
4863
23355
22570
19938
14395
8007
24545
373
22358
19474
16728
26807
10766
11501
26624
9131
10283
30702
4823
18366
14773
4787
24693
10472
24533
26326
4052
6280
139
559
482
13820
16661
32460
18376
11523
6939
28337
18936
32212
6299
18256
21497
11003
25239
2247
4338
26870
3712
7388
17656
11155
22112
10681
20247
11527
10187
21607
16418
19150
13700
12043
4667
21575
30702
20195
19745
9995
18489
17920
9020
13585
584
31937
21354
20610
22884
10003
23431
22877
19363
20842
18366
10443
24598
16766
10899
22079
7093
9926
2476
12885
22795
22197
19298
4968
28321
4279
28940
20465
20524
1514
10758
675
5750
8349
2947
29767
6669
18313
30999
18263
3245
6353
2563
16733
15725
22715
30528
19977
29612
4140
24138
6165
3259
5861
25777
21465
18504
1408
2145
6061
28557
19241
10412
24066
17212
25372
5148
3391
23593
26081
9979
8541
27317
29258
18078
21313
254
10793
17782
23005
21448
16082
31700
8453
7722
18772
8575
4625
5112
27254
13304
19000
3828
28275
30087
23207
25267
28789
20750
28260
849
14803
11913
29158
27348
22795
1128
6256
26977
11390
12685
23345
19489
23790
27683
19997
1777
952
20772
26249
19660
30928
24745
3977
17144
1153
29424
10250
15091
28898
29231
18094
7964
14103
25883
24426
32290
17485
5687
9954
24877
4723
25565
20351
22734
4281
1294
31830
27815
6089
20217
1465
23002
26056
18252
27545
19507
24075
3902
4514
32276
2201
29529
8468
27428
3429
11272
11362
439
10056
6884
28813
32507
19136
4287
20543
25064
31851
26732
25767
8421
4929
596
16407
3643
25236
27834
15967
5946
1993
17609
32487
18989
22484
7267
25742
20223
10357
28840
14150
16042
28980
32072
17260
1379
29
30857
4840
15239
15932
1047
7177
8515
16343
24207
541
10502
7278
8650
17363
15528
19059
6634
29522
10583
31433
293
21525
24134
12287
11348
31373
27156
3401
29754
18804
25340
6466
26517
26867
9666
28772
4583
4979
5977
9027
25345
21571
21844
15500
852
5102
275
10945
8439
3674
4522
2482
375
3745
22672
1978
25698
3247
9484
25279
658
2208
12895
14567
13882
16342
19634
10523
6066
6109
22718
32572
6914
23296
10813
26664
31280
8872
21780
26987
30794
2935
25917
6341
18738
3880
10614
20320
10796
8229
31915
21710
30505
25317
14884
15812
18641
8460
18543
31384
26450
21056
26379
20860
7659
22220
10969
16504
15159
16375
21827
809
19002
16930
29225
14395
20525
11428
26768
25256
6921
870
27145
17069
27861
5693
27875
17041
4016
12811
7440
29461
7838
18324
28632
21434
3858
9248
17983
25269
18239
6102
18999
12467
19743
9683
29318
29773
23104
6669
22901
22857
24657
8427
21054
1942
19056
15520
26931
7686
1841
13387
15022
7369
10094
22736
19644
31661
7633
15220
22408
26647
27426
12858
10377
26304
17233
17921
3179
21809
30531
26202
27582
1788
12125
32555
1633
31424
17105
19461
31149
25306
14251
1348
32097
32235
14234
17132
848
31502
1407
12606
9676
26070
16311
29469
4305
22026
31529
20004
20977
24352
782
31876
15107
31610
18819
16542
17291
28514
21712
5732
5352
24519
13686
7792
11584
6325
20730
7905
17708
16278
3444
13817
25634
27946
10710
6775
20390
27464
20221
1461
16688
4690
9593
9090
3804
633
31773
9149
13012
13494
19269
18870
23933
8067
8426
5444
32356
27485
16743
24998
28647
29435
2312
5658
12707
2891
23128
17471
23969
20273
9511
20523
17471
27391
21085
32332
23264
9138
8322
767
26963
5618
15625
28658
8708
26824
9823
6970
4325
28701
8888
23603
3354
31478
22420
14875
6503
18801
19987
26734
24410
26239
28670
11519
12600
24927
18833
3035
16040
8926
7178
21725
26657
23120
3314
28433
23829
15948
32302
32201
28890
7467
23236
15233
21085
31039
25710
9844
4741
11476
19937
23290
9576
20968
11738
14248
18992
27049
5869
10022
1484
32691
24589
11214
7254
17670
27098
2314
13639
24265
27822
9834
5725
25792
7014
2184
8519
19343
9968
31644
22
13996
28313
19422
11364
28197
26900
10143
15682
29719
4681
1830
10211
30186
27107
13899
24329
5453
20120
23509
32051
17653
16951
6805
25987
13589
25203
10303
1905
2972
8817
30219
12594
25649
4371
18191
7398
21487
14338
20571
9348
27872
24446
16082
18566
32059
17125
16075
30036
1629
516
24939
13169
10121
23329
31680
11879
30816
31172
23454
15987
3871
26185
28218
24817
11930
25127
13448
19334
22524
15614
8532
1551
15420
28258
15650
14156
18782
106
11207
4172
20334
5879
28612
664
31037
8132
1893
11551
5338
30514
16286
11237
26575
3537
22688
13930
2849
23214
22590
14555
2821
9823
9731
21499
18018
31439
19727
28623
18955
17354
32694
19724
9145
27719
14551
16705
26825
1145
5884
2500
27835
15508
19766
24926
25446
16479
17846
17590
27388
16254
21035
4478
14786
11901
1503
27743
27532
3228
5521
6565
11001
14941
22800
13482
12916
11470
19100
29188
24806
2455
8188
22638
24123
30658
22879
7287
2971
12621
25075
2796
15205
8561
7751
11782
27883
7088
1121
6484
2032
30625
6559
2151
21474
7547
29262
15423
9943
20323
3852
17272
2122
15221
13278
6452
17298
8852
5392
18119
9766
8178
30160
29733
26002
23902
5257
4876
26936
16465
256
4337
29639
23479
14385
15276
26749
12925
8679
17635
10268
5854
19486
4150
16813
12910
24
14383
29432
739
3393
30184
13502
22438
26052
22393
20157
7198
26857
28968
12129
31415
30517
30032
842
9396
11328
24333
18562
19130
23124
7085
22906
4632
9162
24278
11209
4823
20005
3447
16037
10885
10987
27503
29981
12226
12871
30720
22556
21127
11104
9458
31774
13625
32375
21639
1711
2674
3267
18978
4008
17290
10764
31158
23081
7143
5129
25071
8533
3337
891
23843
29904
30548
13062
5367
24826
2972
30674
1233
24296
16755
18405
14081
18470
26162
19006
10414
18991
4296
19634
130
5545
1605
15240
1045
17761
23333
30419
30747
14601
23901
8594
22348
24499
4903
18056
3094
11788
23182
28380
6405
15449
30136
1649
23534
18483
4087
10755
22495
5634
1934
15110
12742
28219
2115
21823
19428
12889
17065
543
11247
17821
19498
17890
6154
17797
29654
25196
5733
19980
6127
27614
15284
17831
18480
2811
29777
27900
16609
2366
13360
11872
2716
695
14726
26903
19164
22953
20025
13387
4427
18405
13318
21960
11720
10725
10100
26749
23354
24487
9596
28339
19223
24399
24565
19466
23987
21884
3265
25400
4937
28518
31674
21377
459
10940
8026
4598
23401
18239
29740
23149
20963
13854
29430
13380
25231
8976
31139
1749
22313
29492
22259
31159
1886
21928
25825
7354
10007
16875
24023
5025
11654
32755
22676
16797
8433
5645
5849
12430
21313
14457
4823
12281
23369
5825
30552
26567
22232
8925
28335
23235
16765
11784
29793
5329
27677
30560
5520
239
24886
2112
19499
8941
16880
31326
24791
12524
26600
931
32668
18584
22460
25549
27472
15397
20566
4039
31684
13067
761
14019
21168
6784
16397
32029
29534
8634
9386
2288
10521
15841
5350
15476
26709
29142
3807
14878
5787
21926
8839
3701
25915
6604
6706
7094
10927
554
8161
8999
26321
5318
27468
2107
23997
30789
17585
10603
30084
15912
26719
27343
17045
5320
5889
20094
28396
7442
24235
13995
26616
24579
26790
11644
32589
8162
22524
20137
27150
321
1218
11993
19224
18353
8232
23741
13295
8776
3394
22504
18537
17364
31379
6517
28956
17116
2142
2647
18568
32090
1965
894
12037
31803
7710
13231
12651
4754
23152
1824
11907
13472
1489
27862
26416
17029
15845
5567
25949
17090
9110
2447
26022
18550
10910
11611
12230
340
21974
6134
2499
10087
27708
20495
12763
21125
29381
20487
2860
26004
30440
27539
26919
4992
30183
29462
9651
14328
27867
12475
28192
32747
23943
6998
29394
7622
21465
23288
26026
1386
14399
31572
29491
27631
31408
26581
8849
1819
25205
3451
18474
18592
3771
15993
30481
4377
29658
13200
7479
5827
24931
18217
13904
31739
23788
17973
16774
20859
23962
29381
26081
84
13427
5224
29041
22443
11617
12872
8000
14899
13573
21251
20475
10094
3905
24138
8538
7331
27268
31804
4181
2462
23508
3712
4613
21802
3997
7972
20314
11599
15163
24889
28546
8012
6985
7979
7444
13139
2727
13025
12800
2055
32333
25496
13880
10678
29139
17791
7450
8534
4284
30483
28068
30529
10374
22585
16726
9648
12146
5917
17894
14073
27667
11980
11686
2952
2457
13203
15030
927
9435
2327
20713
2253
7718
24113
14968
13103
15303
2703
2921
1642
26970
10764
20413
612
8145
4554
28764
965
16963
31509
31425
12337
31610
32759
14181
27202
26683
17819
15085
2375
6739
28770
24082
20670
16486
15815
18516
25491
32375
24563
31070
12055
17206
30495
32056
2495
9741
17582
14127
417
6633
29702
28548
5806
201
5426
4055
23728
27655
9529
14929
16643
5481
16443
10132
28691
23783
22865
30564
5785
22330
5154
24594
31380
14633
7237
26796
10249
11155
5723
6630
11643
21563
1767
20935
9258
8022
19188
9747
11
5590
32357
380
25482
19572
27674
26503
29442
14208
25544
2879
25592
28520
4501
9373
17435
12810
13174
12466
13308
11449
18505
2202
4493
23313
5297
31521
20059
1659
6581
21810
28043
12927
22808
1284
26006
461
886
17410
25028
24585
27683
29566
8042
31833
24259
6166
25315
24752
12969
8162
16463
12761
14320
24419
13326
25667
23132
28971
18171
29071
5614
25676
14952
23258
6473
25985
30686
970
12743
20255
16529
12890
23898
19385
22693
16230
7717
30614
10787
17398
27606
11476
7097
20298
24265
26200
5941
29097
28894
25981
31680
10218
28694
1656
30682
29631
32496
28557
1817
11461
16006
1779
4001
22092
32358
23432
23394
1510
3633
27701
26901
9905
3318
31263
20724
9572
21068
20882
14652
20764
19761
13742
5731
31972
29862
23247
13081
11782
9734
7102
15361
25364
3370
21913
19244
16309
29247
5762
12122
10545
2402
2826
27375
8122
8192
22108
9910
24704
17392
16681
5209
7283
16461
27479
31900
20438
3093
27753
30045
1672
1667
3756
31564
6417
7468
4391
27498
11887
14299
7232
6211
3743
1582
21806
30442
4586
2797
15394
8121
14580
301
16693
7878
14726
30505
15376
20516
3094
15067
12893
17374
17948
29790
6385
26036
19732
2563
31670
25747
11857
10805
14426
5590
10120
5901
14265
20543
11288
4020
21003
31411
29466
29564
18893
19129
23085
31421
2416
28337
10494
8561
4036
8148
410
8079
14115
22511
2419
2856
17245
9951
5939
66
25191
25547
28996
27256
3010
13860
26908
19534
27309
12894
24393
8277
16138
1643
31808
12290
24848
29180
10725
31823
21430
1654
6618
5135
4571
27318
25736
29714
565
7813
3310
19708
15872
31194
29996
19174
5730
25554
4046
15026
1184
32112
23001
10542
28931
15380
27032
22512
31880
12221
7715
9195
14666
28926
15284
14805
32176
29377
169
13369
15958
13247
32600
32603
6845
3003
18583
7887
2225
4225
13062
12504
19070
20130
19235
19329
7122
20972
14347
3965
16752
14764
8465
3264
26522
21667
24576
21722
31547
201
3120
22294
27096
19139
10827
25174
29749
2342
3293
26796
32711
28521
12701
24761
4829
21676
10109
24774
26508
10795
18803
20388
16735
23936
23045
18243
29115
8860
19351
1301
14100
24964
16756
1056
25298
17355
5534
7397
29185
7635
28502
18165
1211
12226
13930
22604
24661
31302
28481
24180
26700
8969
19367
27994
14830
9459
31833
32751
22216
18467
3920
18046
2515
7595
26318
32464
29533
31501
5417
12801
26553
12665
10586
29728
3238
31940
14405
394
24960
26152
11974
22019
7720
5822
14463
6553
5300
21948
18276
32569
471
11886
2051
28942
30735
31222
20116
9885
20881
18627
18629
162
21748
26578
66
18088
30879
32167
31238
8810
28916
31498
32356
29932
30009
23426
21972
24921
26443
29075
1662
10651
18945
15030
24200
14524
12897
30492
22304
30464
8069
291
7240
17342
25931
8341
17765
12546
5568
21923
2693
23781
5450
22436
627
1191
17815
17293
13693
11665
29513
13871
4352
32653
29278
20020
1976
11649
5473
20951
27337
1904
27474
29798
18316
4688
28758
30585
22042
16809
7454
9200
17563
12018
281
22190
27468
27307
21337
7447
13649
17209
9798
7498
19008
7558
10757
17950
17513
15189
10662
734
32743
2917
12048
28357
20072
24397
31148
17464
7100
8978
13268
965
20254
29321
4858
3807
30021
10352
20120
12887
32554
17226
6619
23706
8600
15358
3087
31661
8565
10798
9161
16105
6354
21080
20694
14454
180
31151
12519
6792
2976
7095
27384
3164
7400
23971
21893
21233
26808
23406
21356
18823
2272
10939
5024
26073
4703
12142
8084
17433
30643
7686
25697
30383
17379
18369
8893
5554
31304
3182
29084
18979
10015
3600
16291
20716
27856
567
32593
12699
6652
15646
27117
9437
5193
21125
1325
26301
9197
26701
22443
28826
27643
5845
30728
22250
7024
29463
25309
18097
8957
7809
17254
24255
31634
30868
6893
24748
18863
20030
29432
30100
26986
8952
1586
659
12095
28575
3098
18687
27034
29459
4973
20072
28454
28818
5972
18513
17875
30674
15181
1963
11945
4832
23003
8213
8784
30139
20973
18134
2651
2991
16144
9622
17240
32371
2131
7391
13208
4866
29182
12887
703
30778
7666
9915
15882
25397
9950
28571
30051
5483
16935
4312
7462
10372
5268
4573
16561
15358
9661
2720
20910
24707
7729
1111
8224
23815
15466
10747
18222
10661
11377
1150
6834
15415
11857
16075
24961
695
14141
11649
26744
10073
31104
5743
14923
31332
32553
29647
2061
7636
17266
12099
3711
20145
30452
4241
1048
26669
23181
23581
23512
31872
23821
23850
26829
8068
26531
22480
11874
16144
1290
7868
26987
9492
20339
18602
7664
32633
20785
16803
13757
2486
17447
13303
31654
13362
23537
1274
32666
25949
1749
24958
12143
12428
20840
5652
12391
7832
22784
12033
17797
25654
30941
7170
20114
8725
7702
21440
11246
2746
28229
13073
4887
2587
11506
5109
8187
19197
3008
22603
12030
13837
20825
25686
19401
18113
795
17652
16600
20972
32127
32152
5058
6692
10061
14860
31303
19924
11138
24553
5148
19231
26109
15313
30069
17787
28396
18035
20054
10506
28920
15676
15002
22455
13875
2781
1728
7189
6077
15234
30073
28151
15418
30924
20978
25807
20724
18834
23265
29640
10703
4444
21073
19361
29680
2971
15918
32335
26412
16042
9616
16466
8754
8837
22215
25555
7545
30540
555
27011
24807
1909
13728
17202
26694
20948
1259
9265
25191
22348
27320
31593
14100
2131
11879
29496
32695
3623
23194
4879
24267
27602
4224
24268
25094
13022
17374
4056
23363
18393
11234
17408
23601
29319
29863
15892
16574
13802
32135
5186
29761
11250
12324
26672
23914
24836
15413
1243
7402
27437
17426
32306
2785
14627
17918
11889
7947
21759
20022
11582
12202
5820
15805
7302
13107
623
12773
26390
28856
20036
22685
19705
19224
19516
15742
22932
4840
13224
23444
8066
2848
1637
32748
22064
3206
3541
18658
13624
29659
11168
20007
10622
18118
31279
15765
16397
15236
30949
30898
25263
3917
16411
32518
16974
22405
30946
12573
2829
14760
5240
14426
15910
13810
32646
8066
19842
28881
19743
26628
21786
9995
5497
10249
3600
14511
1129
32064
22412
30397
21408
24679
29015
8085
11432
9624
17466
13856
11932
13657
21524
8128
5034
19041
14270
13560
12874
16427
12959
12507
22075
15933
19470
11062
11586
19509
107
2428
17314
6808
26619
4726
19546
3162
28551
4263
12577
19757
32436
12160
9762
138
10273
32584
15735
21888
16195
19401
13927
2879
28671
12731
1120
12899
13324
7922
18867
14082
16903
10567
16913
32628
21075
26694
22729
11237
21943
15772
26303
17051
31157
14398
21548
21768
5803
32346
6679
27023
25516
27135
24471
13846
3100
17547
11973
30544
781
19672
32131
28872
12380
29733
1520
25004
21387
32198
10919
31327
14429
28043
25274
7868
6452
28914
26993
299
19242
12044
11714
25190
4081
11055
15760
521
10603
9825
10404
3035
2824
11135
5996
3551
17635
12849
4470
17177
1180
1166
12202
16160
18420
21390
13898
18024
7466
9779
21163
24396
3351
3959
30897
26590
2827
22260
7179
15471
1638
85
16692
15069
31222
23936
8741
11935
5396
6017
25306
29073
23165
23093
4491
19840
20721
3771
28327
27253
8590
20634
14480
21954
16361
2482
30489
28109
30705
24804
705
16031
32132
26497
17324
6956
22990
12659
25701
32608
21094
17454
29782
1774
9767
2132
13827
1240
15310
10795
5385
1981
7768
5311
32730
22245
25369
29654
8501
13325
21916
26776
13672
28147
1342
23803
30533
4002
4233
8688
24806
14459
19025
17487
15392
26887
5265
17539
16072
20606
3331
7413
11944
26390
26497
17209
18751
24845
4638
4091
27452
18037
32515
14760
13241
15299
12299
19932
7992
18197
24606
21902
22110
7751
26190
4093
11377
18868
11955
28761
2451
10188
25863
18994
15548
7514
11520
22689
29049
32402
1137
3129
17766
31966
11039
19371
14700
9573
11364
4923
31419
15455
26246
7910
16262
284
11221
2896
13185
9933
22918
6511
12316
3609
82
250
15484
2912
31438
32143
4414
17869
3465
679
7147
31518
27879
16954
15929
13363
17600
29233
17671
13912
7608
31888
21270
15698
15452
1632
15241
18987
22017
31069
2075
4797
14173
31844
10018
24065
14562
1691
32071
22805
7390
31070
22274
12559
13140
27885
30168
32132
24472
7126
13652
18390
23468
6435
967
15169
21853
15684
10943
18852
16669
30139
9032
20753
32415
25481
29157
3603
11061
29788
17996
26306
15849
25205
23269
23175
18781
18267
20481
8880
32611
11585
32474
20403
21083
19256
79
28482
20560
22549
25436
1810
5073
8224
20315
28779
26257
18817
3580
24688
29118
29547
14597
10540
6177
7173
1994
32608
22010
31005
30828
20751
17049
12172
20689
30917
4028
5479
13159
22955
8876
27370
17304
12364
8982
13861
5643
9253
7082
11620
26785
26095
2165
23647
24106
26283
28415
28710
14827
29554
23588
21963
22224
16889
25523
6093
22129
14822
32200
9799
17351
1750
24041
30173
9643
16171
8163
8545
15634
11158
26211
31305
27402
31592
18259
13266
31347
29080
8698
5360
18814
22163
15058
23804
3815
15047
14632
18204
14066
21998
25206
22641
5159
3866
12160
25860
24524
31109
5937
30574
17959
21014
11059
1865
31344
18867
25168
10841
3736
10313
11403
11386
2749
5276
11517
14921
104
3279
13681
2706
5516
23475
24511
12925
17215
5840
24809
4215
17461
28980
29175
31202
28417
28414
27282
6011
30732
17832
26979
7311
22353
29976
9769
17629
19934
25958
18844
17738
18186
5483
26373
6983
4471
9742
29594
26371
11206
20046
22427
15440
8477
1039
29997
5717
12634
26020
16633
23033
16660
12320
18564
4874
19798
20060
16972
22577
24346
19656
936
406
14983
15859
30813
7763
17898
23512
30719
21658
25718
29166
5390
6309
16572
23534
16844
26209
17128
9570
26335
27097
11969
5618
18347
16995
9566
13934
20589
19597
1705
6810
10776
7879
28309
31677
12272
9421
18975
28648
8935
1498
16390
18951
14010
16782
26953
28329
21707
12188
5477
10639
12477
20019
5707
20470
2770
2866
20515
15268
15364
29707
2243
27316
26596
30834
13038
20514
28726
11214
12620
8470
1610
12637
19757
10993
30232
16165
23806
32280
1827
25502
22151
31107
3850
31265
18666
772
4590
31246
31324
30808
3208
3264
9632
9455
17413
5682
4936
18555
14248
7278
2731
31290
4126
14777
22181
29956
10400
1408
23057
6164
3531
8193
28679
10390
3647
19641
5078
8180
14585
18320
3264
4833
25969
16583
6520
32034
8563
11165
22364
32287
8382
19396
24946
21037
2654
11655
25380
5272
16329
29880
6844
5747
31164
11867
1950
22049
22227
4371
16455
25503
14315
22608
11273
15767
1591
9782
7299
29476
16165
6220
738
5734
25070
31465
15579
19397
6911
18271
13668
518
18699
22756
21813
7951
14317
1092
32514
11642
11583
32329
4981
22236
8890
15590
14573
14034
19028
16166
25337
21199
14355
26583
21907
17064
19891
22261
8220
21980
17403
28120
19483
16805
28127
27165
15285
9152
4438
17238
29676
26107
29177
14193
20120
20099
26977
12777
20517
18666
10557
31150
7442
13307
821
20949
19237
16446
21122
30975
2670
11081
25418
13195
25090
25549
29629
19579
31861
25180
10992
14631
16404
17147
8572
19364
12007
27500
22486
8178
19050
19000
13932
12263
30469
31358
29573
14815
6993
22654
31445
26145
30473
21221
13027
22288
28114
1238
15387
4118
16811
25788
1458
24400
31026
5074
21566
13817
28060
6767
5649
7064
15474
7442
8537
10217
6412
22066
14328
12173
14799
24770
27940
3952
23846
8070
18622
17150
8769
19736
17523
12549
12688
185
32405
23400
28926
13273
16055
23945
16366
5220
10250
25972
30454
12242
13690
5068
10078
17133
23432
28278
22102
14945
27622
20999
12283
12294
5844
3566
28168
28908
9789
5985
28252
22570
20112
32520
13616
2662
12640
5484
22292
24100
28090
27166
1710
31952
23114
4519
16946
2185
17709
24115
23712
21171
21907
30460
24257
28475
27420
31352
31711
12457
5872
5953
5703
22759
2716
18376
3967
2771
6320
7354
24648
18566
8985
16942
13394
2658
4927
11155
1473
15070
14301
4700
29796
8977
9380
13160
21680
5119
28559
30515
12926
22695
26628
28863
17289
15560
9136
24384
1445
13431
32031
7818
1216
28770
24606
12859
1178
27361
32721
22440
2628
14786
21139
19080
346
12497
28560
10338
30975
8489
10788
7864
13469
16702
1778
20465
3162
2470
26309
6919
22873
4778
806
12789
27061
16016
6337
10974
14398
15526
23416
30717
25585
12558
4164
29264
9017
3405
26832
25348
12008
26002
31956
14239
24820
20166
32050
19695
753
4439
31953
31926
2130
15556
27453
23058
12384
26601
7419
18606
19446
10760
32173
23211
8961
6299
18411
8524
13755
21980
24283
23652
21922
31760
9622
13439
21051
29079
28731
27603
13704
29109
27343
12773
19530
22046
4571
1531
30199
27971
6339
21573
30842
26975
23016
14794
21421
13376
11389
6931
20630
13270
15402
31130
18533
19325
15970
13297
24361
9738
8581
7347
11862
5271
4533
5163
6903
3599
28536
4294
21427
7032
5138
16953
12929
15619
32672
15217
32299
5077
19700
20287
18308
23699
1844
3008
24168
1712
15665
141
6776
29814
28296
15272
29586
12245
11899
10529
9747
8175
6285
16779
24268
2911
29407
13090
10949
29517
6733
29113
9908
4915
5192
22885
10811
4460
25201
20460
27365
11393
29691
4331
21215
28979
20669
4297
1910
17736
23066
8799
23380
21270
15761
19300
10362
8656
29987
29594
19964
26259
29032
23226
19840
23088
18800
288
17525
8119
3162
28470
15634
1992
4278
1954
4885
15513
23964
20527
26680
8902
2441
23932
25715
31452
11005
19815
15861
4004
14037
31799
17632
32047
26728
24715
28359
23718
3940
14854
7656
24782
24423
32440
8233
12126
7517
13131
8660
769
18076
6642
4114
25129
3520
25617
10025
30361
18760
21164
10357
20913
12269
29073
29735
10616
32454
22853
705
23147
25885
9136
31309
14856
21007
32648
23392
1561
32741
3709
466
31937
22837
31273
30010
26952
5048
27574
17708
12710
7402
21069
27954
12497
13412
9282
31883
27078
20473
1792
32166
24410
9618
2486
22876
7358
30410
24254
12784
15059
31304
16338
29128
28211
32480
26861
2538
27131
9321
22018
7221
9050
18012
12128
3428
16859
29745
4320
15042
18546
4986
6100
20397
17224
1980
25519
30413
1606
31760
30068
25362
18531
10878
6624
27759
10158
15636
19030
15448
25114
9418
12431
17916
20237
534
14590
1602
26023
31565
24580
18309
23506
7360
9688
25872
10766
7826
21812
19032
32762
11355
2240
10748
30113
2686
6975
10365
1418
13642
28284
30397
7038
21971
13554
6201
17431
10382
10814
20742
18701
12719
26181
30605
17984
23363
14117
9734
901
22796
11741
1973
7985
28192
18875
15847
21862
28736
28297
6315
28704
9465
4470
8017
11262
21629
18630
9380
7633
11839
10809
25318
25830
23376
9276
23440
13843
23164
15826
30406
2948
547
26945
7836
1347
17369
21884
21003
18056
3517
27220
27569
23494
26010
23389
6220
30066
6591
32161
14581
913
9118
19463
11548
32264
6183
18049
16455
26019
16866
6137
14218
18915
16591
12025
15045
24456
19454
13596
5536
29665
28909
4408
3143
18646
27812
24649
16358
9650
31378
4380
24291
10417
13606
3776
7390
9549
25645
9644
11882
6985
21742
4016
17544
4730
6151
21149
17384
26456
16645
23987
13278
21576
966
4559
8485
17319
19343
8273
28759
13974
10221
27854
23592
19592
11084
23931
7014
14220
5977
18004
27313
10587
29463
23311
30202
1313
26307
21444
23996
25100
31081
12377
21501
10901
3138
18095
3331
25745
12244
1934
32727
28150
11976
9809
12923
14958
27274
3921
3562
23966
26019
22802
30164
28211
6102
7216
8214
3505
26620
24071
26619
8442
26527
31269
6453
1441
11353
13937
28313
20460
25323
28184
16542
23979
30748
32571
8083
18875
29528
26457
21923
3161
24324
14974
3211
21544
23202
24873
4885
25600
12969
18686
32347
380
6690
29744
8893
16450
25090
5036
8351
13841
19018
6150
227
25484
18657
25892
7466
24008
25132
5293
20426
1175
28531
29487
10125
20882
28403
9234
6959
3048
14787
6208
30870
27881
15207
17298
3023
338
1846
15609
14797
21334
26476
13681
2784
10609
16910
29094
24822
26092
28545
12899
21909
21294
24297
14270
31636
26825
9282
19205
156
21824
19521
31591
27234
22682
4584
31074
27554
15272
20971
15600
3290
28693
22470
25201
9420
9522
24731
27223
23729
23935
28621
18323
15421
20728
20829
26819
31063
10278
26119
10264
1941
23521
5403
19976
9081
17893
29
4793
21869
11804
21532
18985
10368
24741
21714
10013
4318
6311
32129
16591
15889
19417
21384
18262
21754
8909
18119
4821
19853
10751
15289
31076
28752
1953
6986
6078
12177
16932
1149
30895
22634
25478
31679
18235
22390
1374
13320
30606
3408
4521
19895
4776
28367
17490
10026
4293
27908
14723
6944
28301
24816
5294
18640
26880
30469
3162
16837
3103
22115
26286
14720
91
32719
12990
4812
17087
8307
19097
26335
13276
21592
27151
25141
10616
5284
26178
4908
28405
19859
20980
1632
24707
22582
6794
19652
3333
21486
27107
18309
2756
7080
22747
21919
27350
21206
16029
16187
30540
17968
10412
31439
10270
7215
18353
10228
31447
4422
23810
23558
6401
15327
29942
7294
31054
5145
31211
8975
26507
15170
27668
18306
8005
16150
18947
11089
25912
21685
30202
774
19324
18278
9201
6481
3182
5902
7271
26604
10335
622
24553
25135
12799
31007
30563
19826
30087
12623
32042
17190
26281
23865
10949
14514
313
15462
30591
10511
2200
1189
5037
15394
20964
24267
19647
2012
1249
29483
9737
18196
32678
16852
12879
8735
18695
17037
31250
25909
15814
2193
31389
16515
25721
26123
2510
28175
5177
19280
10917
22864
23055
24030
7822
9353
18719
792
16238
10217
8594
23231
28272
18020
31301
25904
9100
13391
22835
20832
27100
3006
26275
11927
21662
19102
10001
32239
14600
5777
26589
24460
14543
25228
19125
22424
26998
21043
7107
26374
9303
30447
24215
29698
19314
17109
15827
15930
3833
19766
18841
23247
32663
17670
12469
29722
31108
11501
24713
18719
13386
15663
14268
10450
852
1852
14242
25868
4923
14102
24681
31051
12240
3687
9225
24876
24297
30046
7146
23210
23532
15693
27986
4116
16413
28932
2197
26064
25511
20203
12026
26577
17260
18657
27503
4825
30604
9688
27117
30064
1719
8493
22953
25760
8755
9160
17920
16501
5804
29432
4639
1079
32191
28939
885
7781
31813
19376
1754
19570
6495
13326
7292
30271
31302
31904
5774
17755
3792
14551
5807
29692
31425
14957
30235
4029
18391
2186
1171
11285
11411
11418
18957
16539
29641
28905
14108
12028
20711
27907
28701
11448
11525
31694
7975
3231
14512
30563
30896
9231
20086
22193
24319
18410
29233
2257
20566
7514
30996
10790
3035
14916
9847
28476
6474
20877
18786
24926
8029
26383
9947
18677
13558
18266
15600
24995
6418
16171
10883
13347
32110
20140
18392
12767
20471
21617
15327
28238
12018
27694
6722
4628
29680
32058
22063
25559
367
13508
5602
738
16208
26583
13049
12156
29181
6415
29559
15622
22614
7705
18325
2519
15456
8428
6221
6360
25260
30921
29348
10462
1161
5875
7098
26058
16617
815
22930
3939
12308
9210
31906
12782
1550
20109
30234
19603
28617
23185
1781
367
5899
13730
21440
11128
31005
12933
26925
30228
31801
4138
32087
21113
28593
29792
31186
26307
25311
22106
6778
21206
32464
5349
11513
26362
20143
13415
15637
10287
8947
151
14783
15957
31560
3582
24283
10237
9023
22321
28624
20492
28084
29131
3792
24854
15107
5933
15588
29300
13802
31989
20159
27435
29500
14655
25151
13948
24651
11934
8386
9802
11283
15320
23086
7984
5926
11109
17599
27231
22107
7846
28047
18744
29750
28902
9703
9901
23830
19985
31047
599
545
31030
30775
29015
16112
32446
25548
20719
28153
20074
1529
1756
22464
30990
17051
27513
26813
3599
11586
14740
23052
21662
12224
8207
14551
23729
3444
20791
30852
9158
20308
11236
31645
18775
25787
23125
16259
3868
1272
712
5842
8451
7570
26076
7827
24816
22877
1703
23077
12852
3134
14487
8680
207
4029
12041
20654
102
23631
27307
23522
24322
27489
8338
17014
26510
11812
30490
32398
20495
9499
13441
26094
12193
25702
15170
9508
22581
4300
28723
16757
4108
8586
26206
19848
26354
29405
27807
15572
9019
30033
22786
459
639
1480
11737
25284
18965
14921
29856
12713
25424
12174
27282
21093
32636
9036
23303
15370
32662
26432
17300
24774
7119
30974
7649
10372
1727
19065
27464
27233
2153
1873
24115
4309
19699
25311
15666
21662
25378
15106
23519
14955
9879
7080
17778
16206
4555
28444
29987
24543
13260
26385
14403
26159
17845
27250
5657
10867
7150
5095
22909
12909
28457
3367
6198
23449
14615
21248
21524
31773
8430
11816
4558
9838
13212
27841
409
31681
25544
10414
5516
14648
3469
9880
8631
27593
31221
6590
25085
30446
7735
22657
437
23055
4785
19883
260
24751
32164
12931
5112
10584
28081
23953
22373
12103
24599
12849
30592
17112
28330
31962
9277
7344
24978
18476
28520
30636
8393
30395
28805
23949
16722
11677
19049
4704
10810
23477
28309
19118
3408
27070
14933
6248
12195
24343
18845
14993
15808
1873
7070
15273
10152
25720
25899
2781
16531
31269
11471
31728
7784
15680
3242
23015
29943
13461
13840
30839
26876
5662
4831
28719
5844
27914
8356
29029
18684
5265
24941
23010
6735
4983
32364
31053
32764
9313
30800
12376
30536
30427
355
22188
21257
29989
23908
5013
25822
6849
25378
5485
32303
10173
31709
21450
1256
15552
15452
18535
6132
11223
29646
19155
32636
2557
19553
31451
25820
19820
22948
26040
3689
1190
12445
20985
6886
29250
26026
24111
30911
6519
3096
24154
5387
1898
4996
9238
32324
25911
7925
7557
30403
7873
12727
30459
13054
10810
19958
11117
16258
15473
24862
12183
19118
30175
6644
9199
20021
21615
1140
14668
21585
30225
1897
13398
21704
30717
8143
15276
26016
32455
30184
23768
15265
13095
10272
29684
13967
16262
26530
25112
29988
6728
17078
16011
11471
10460
14561
28325
16687
1925
29883
20613
22350
485
18318
25720
24734
2126
17075
8484
22964
11721
2733
24184
14534
31458
16386
852
18406
8505
6621
25079
26363
23498
3685
28460
29060
2039
9435
16436
17420
17242
19830
31602
7533
6733
23294
10201
22468
4918
31274
1814
13624
8851
17082
26236
15466
21449
15956
4787
24762
12972
288
23072
29248
16845
12322
18963
4485
2439
4442
4788
8965
3016
413
15787
32357
10400
27698
9104
21876
16267
8236
19481
3811
6527
8074
9469
4292
26548
17423
15275
14021
25398
21986
26028
28713
22827
28646
984
16778
12260
19927
19516
9808
12454
24617
18119
3567
8759
16801
26807
28901
39
27312
31430
14703
23268
16018
13843
31758
11387
20011
17362
15293
11823
27804
2995
13807
31419
29096
32019
29258
2407
17866
16101
4646
19917
5138
29279
7108
2152
15811
29796
15694
5089
27566
18868
17299
15130
22860
8661
16511
25590
13726
7360
7515
6895
13765
16204
5322
19285
13665
16987
20607
12391
170
10439
9919
19219
9295
18442
13210
26765
24337
12207
18921
1426
4383
7036
30726
6777
17712
23644
7246
7166
12130
25615
17752
15566
15830
24464
23026
15314
5896
3146
17631
19259
8687
13305
8275
23634
29656
31585
7466
23549
16387
28594
8684
11280
9466
32438
23938
25945
29621
17856
18868
11882
19567
25429
22890
13092
11590
14231
20127
2312
20117
16245
29732
3133
26897
30356
14106
353
16806
27644
23597
2064
5903
30083
19600
10805
19768
11770
14013
5139
29267
10777
32490
16658
31164
4139
15178
10570
18573
32376
14345
15313
28673
27767
16132
12741
12682
29360
8012
1560
10416
9587
12377
7710
14000
28219
19726
28376
3024
4063
624
11006
27267
16766
28198
17870
66
3112
2224
22167
28708
22349
22375
10500
27459
20454
16953
1577
29391
5733
2336
591
8175
24413
5479
23423
3419
29425
8860
13521
16058
14078
31572
14962
8636
12296
17825
31350
1271
9445
6996
32355
8323
20779
27123
29049
3156
21083
22137
24515
16474
15306
8400
23006
31322
32083
17167
2444
9610
2238
18547
760
8175
25071
6175
24263
31095
1486
12179
26851
2262
21498
2286
28678
29217
26413
10468
520
31531
2157
4221
8425
18851
10488
3731
15518
26346
3821
11529
32156
9653
8378
13771
11301
17767
31561
2954
16469
28459
16106
21045
26347
26837
16126
9014
1753
6518
105
18801
5002
15297
12981
16637
14325
23072
4102
30368
9830
28822
20418
781
6407
20563
6140
24028
20273
8473
6565
17485
4981
7249
17265
20413
5736
24044
14219
30692
10802
26363
28664
31956
10965
11789
15819
29873
7998
22860
3854
31025
24334
32342
10091
12498
18725
988
14238
12254
22259
253
32667
27936
6269
13920
26494
18020
25905
32019
15158
20656
19819
18215
29937
28739
6339
3591
16967
29777
23837
19101
12326
12924
31342
21283
10624
24082
1870
15049
13494
5897
31299
3852
7106
27835
7111
3792
27431
20578
3359
14147
29594
13137
28635
17010
14957
19704
31275
29608
1216
17557
1000
19851
26982
15035
22622
3572
5528
28292
22747
2961
12380
31381
15353
20797
2227
26070
30122
4890
31365
1006
5128
22900
13901
24961
7386
32085
22404
14377
14310
21224
30159
9781
12793
7566
7400
9764
9399
10690
22348
480
20259
10413
14249
15802
27373
10632
3334
14121
2687
19638
11696
29506
19398
3229
1256
22775
27584
14408
20302
21263
1738
31678
12811
5609
4519
4639
6338
1264
22352
32132
1588
29661
1918
24724
17333
16304
8696
21990
6994
31596
19100
24858
2239
11413
21039
21942
3331
21354
32742
20418
4322
15074
26545
6690
526
19561
22858
7862
5900
25431
13312
15411
26088
23605
11076
7615
14744
23470
18416
28751
21041
2391
12891
4545
31691
14879
4381
5560
10293
18068
2211
15419
30553
2267
10097
13837
23150
15980
19258
21194
15840
18833
19106
29894
26111
3742
28621
26277
27241
26862
4015
28346
31800
29601
18963
15392
25324
8727
15976
2458
23575
25643
16718
4652
18891
21040
24292
13174
23491
7340
13776
22995
8020
15319
30475
4661
8722
6865
5746
23998
4929
15015
30732
8991
4098
2308
9756
22961
1594
26295
23526
19029
23105
6632
28994
524
15183
10266
29410
21077
21159
21472
29538
31562
14721
14943
24852
23417
25016
19591
27785
16771
23864
8208
19424
15223
12325
21558
26318
32748
6604
1589
14193
19680
74
4484
27604
22612
27390
6097
5185
11939
14256
3263
27210
6822
30334
16738
31894
29578
6282
11126
19308
27756
23909
25699
8705
16825
11066
7153
14465
24648
15802
31435
27359
25140
22475
12469
4189
32123
25584
10893
16347
16472
12151
11267
3295
14176
11364
18711
2408
22878
26144
31575
6258
21744
5345
20182
23881
7134
31705
25323
21390
18493
32286
15023
23562
14152
5724
6452
18998
30201
7484
25989
16006
23403
2707
21090
22905
27887
7499
17848
4962
26608
5650
15330
17651
3463
28868
8866
11406
3037
18585
26590
31820
8516
21262
14362
15561
21780
7572
10425
4278
25159
31227
18931
9500
12244
17821
23701
23153
29388
30538
10108
29276
22069
8183
10447
20040
17577
18981
7935
2730
12206
25619
9600
787
28884
8355
24900
2805
8337
31501
30972
26421
32477
18757
21774
21620
18828
2349
25429
9757
7278
21627
23195
18991
14119
10088
14806
15816
17616
26142
32550
15989
330
19678
21130
17467
22630
14068
8294
4196
23223
26716
24501
23819
9265
17970
14
31079
4234
10714
15192
24279
22861
15091
18252
2737
31166
31741
8879
10442
29809
30148
31309
23237
22185
11668
25012
10268
5489
21019
23478
25328
8316
19228
28316
3472
18110
6105
16426
3275
18630
10302
30039
13046
13538
7373
20937
28604
26865
6477
21266
12456
22022
5682
17325
15988
25026
23755
439
8975
366
6702
30061
25712
27355
13539
29545
8221
30457
20819
1692
21370
4666
12526
24074
23762
22180
22559
23112
295
11192
9969
30391
698
2055
20606
2686
5208
12429
23835
7497
13675
4564
9029
19395
17084
3785
25418
30676
18441
24925
29111
16538
24139
26843
7301
32297
8899
524
14082
15619
4810
17676
30849
30038
22614
17642
6593
31224
21323
11523
23838
23331
27528
22555
28026
14576
30636
15680
16361
16788
17580
20063
25630
22366
2582
9379
28569
6764
22306
5777
28558
21040
17533
5093
3476
29350
30421
25386
21266
14675
15909
7451
14186
7676
23998
444
25826
4908
18713
824
24663
21091
24926
8825
32672
12318
32691
31113
23235
13195
22598
4012
9178
28169
537
21305
4547
20065
12176
21820
18827
27590
25532
8909
29336
1166
12389
22575
24984
11438
18649
18856
1581
26616
30071
24099
1877
11283
13306
30598
15003
1598
4231
1236
25087
24772
885
6658
23718
9278
24542
10651
13890
12427
7913
15379
16703
27024
5077
16618
10163
21424
21702
21896
7938
31754
25680
7635
10836
10357
26564
2705
6072
2877
30269
10625
9237
30362
19561
23352
29141
19444
28951
2748
15951
8921
5765
17122
504
25530
17511
15720
26442
21097
5815
18385
17520
17491
7488
6660
950
32381
10216
31395
9907
30527
3008
19756
20531
30659
11469
26066
231
22845
22676
16153
29388
23015
15719
27956
16219
17860
2674
27422
15477
28432
1156
7546
15373
12937
7070
10028
6803
865
19774
27571
18468
15102
24424
23373
14450
10359
16505
25801
25973
7119
6059
10538
20687
26863
21095
19712
12288
7781
14926
902
12110
27615
24582
12156
30577
29797
26309
13763
25090
2138
31902
23994
2210
816
2958
23387
6890
18670
28485
24340
10006
8035
15286
18278
16752
24360
24669
20543
13950
14423
13395
23576
13291
1804
14099
13006
5174
29600
4618
21057
14620
23200
9952
11439
8390
14479
13961
28878
8627
5472
27914
14251
31075
11186
24076
13381
6601
18377
15906
16616
24942
6736
25818
26187
10853
31441
25477
14441
23538
22000
15558
9503
27385
17259
2269
4234
29992
32721
4785
23326
25316
17925
14751
11655
15348
17522
9221
9792
6896
10763
3724
17652
27495
1802
17465
12183
24275
32100
2867
11588
17470
32014
4690
29397
11952
2034
11116
7492
5727
14768
24158
30149
24726
3861
8412
23455
31329
10588
16121
28622
29181
2343
16501
24154
15107
32059
22218
24949
2382
16638
8181
23127
28337
1714
18949
7130
10074
26991
25445
17109
16644
738
25576
14392
2272
8392
15001
14572
27713
22056
27712
32616
14346
25683
3764
27411
25304
14236
11492
16732
19950
29656
24483
25755
10468
19604
10039
7334
25615
9497
20896
19763
23983
13344
31144
13809
13787
10069
27311
6245
29997
654
30003
24453
29229
14024
34
9494
8574
11494
25311
12485
15563
16424
21526
19719
27759
25708
31040
3506
24551
29736
25333
25688
248
25123
501
7784
