32720
32676
32674
32608
32608
32557
32533
32496
32458
32411
32401
32373
32368
32361
32344
32294
32252
32202
32153
32115
31999
31986
31914
31897
31897
31883
31775
31753
31644
31592
31538
31481
31477
31436
31433
31288
31102
31082
31054
31046
31023
30996
30952
30939
30871
30860
30812
30775
30699
30574
30533
30509
30435
30397
30394
30352
30329
30298
30252
30237
30157
30133
30078
29977
29959
29932
29911
29901
29878
29838
29819
29810
29784
29772
29758
29724
29674
29673
29667
29666
29641
29636
29581
29576
29562
29535
29476
29462
29420
29396
29384
29333
29249
29225
29194
29176
29094
29034
29021
28982
28981
28916
28861
28777
28772
28754
28719
28712
28695
28680
28673
28671
28665
28618
28570
28549
28410
28393
28372
28362
28323
28305
28286
28201
28185
28138
28125
28123
28097
28036
27930
27876
27862
27826
27799
27776
27720
27706
27667
27637
27633
27628
27583
27579
27556
27545
27540
27528
27514
27458
27445
27379
27369
27353
27285
27282
27258
27252
27248
27228
27227
27219
27184
27168
27139
27105
27086
27070
27068
27062
27053
27033
27021
26992
26955
26943
26815
26754
26748
26736
26704
26639
26620
26618
26585
26582
26547
26515
26492
26385
26354
26353
26337
26291
26232
26202
26202
26131
26102
26063
26020
26002
25992
25991
25976
25944
25911
25869
25863
25832
25746
25692
25691
25525
25523
25501
25473
25462
25450
25390
25383
25354
25299
25234
25178
25167
25143
25124
25096
25094
25085
25063
25039
25036
25000
24997
24974
24967
24857
24842
24816
24814
24778
24776
24738
24612
24601
24600
24560
24508
24508
24444
24365
24329
24281
24274
24260
24236
24203
24129
24113
24111
24105
24064
23981
23970
23929
23854
23822
23594
23562
23545
23526
23516
23512
23461
23454
23450
23430
23427
23415
23387
23330
23251
23246
23219
23180
23131
22939
22925
22919
22899
22857
22814
22784
22784
22738
22672
22651
22620
22579
22514
22501
22501
22445
22433
22428
22396
22381
22360
22347
22321
22235
22223
22184
22109
22070
21993
21980
21975
21942
21910
21904
21872
21871
21867
21856
21832
21808
21764
21711
21679
21679
21644
21612
21596
21493
21485
21469
21397
21356
21338
21258
21203
21166
21138
21137
21127
21070
21012
20993
20963
20951
20898
20869
20855
20820
20782
20749
20715
20711
20693
20683
20673
20659
20657
20607
20461
20442
20360
20331
20318
20304
20300
20265
20224
20209
20198
20197
20182
20178
20177
20171
20117
20079
20076
20011
20004
19981
19929
19845
19767
19758
19722
19691
19669
19646
19645
19418
19403
19391
19363
19260
19211
19148
19086
19068
18938
18923
18868
18865
18857
18693
18691
18670
18613
18606
18597
18561
18560
18528
18525
18517
18485
18347
18307
18243
18232
18144
18107
18105
18097
18056
18053
18032
17961
17960
17918
17896
17885
17869
17855
17818
17787
17736
17697
17656
17613
17607
17543
17534
17512
17449
17317
17253
17219
17209
17198
17154
17139
17136
17123
17107
17102
17098
17080
17061
17008
17004
16991
16872
16799
16761
16755
16751
16744
16740
16673
16648
16636
16542
16519
16491
16472
16418
16400
16376
16351
16345
16323
16287
16243
16219
16202
16195
16170
16166
16160
16133
16098
16066
16050
16037
15955
15838
15832
15802
15795
15789
15778
15741
15702
15689
15655
15628
15623
15590
15563
15542
15528
15522
15509
15433
15394
15385
15362
15344
15278
15270
15254
15241
15179
15172
15075
15072
15060
15025
15008
14983
14955
14950
14892
14831
14808
14791
14777
14775
14753
14612
14596
14596
14541
14455
14453
14450
14358
14266
14248
14236
14234
14226
14063
14012
13988
13914
13910
13880
13852
13851
13735
13721
13612
13590
13525
13501
13462
13451
13436
13414
13396
13353
13333
13316
13240
13202
13194
13156
13153
13127
13091
13078
13070
13054
13038
12990
12909
12872
12814
12798
12743
12731
12705
12696
12686
12635
12627
12624
12601
12560
12553
12546
12533
12504
12496
12396
12386
12380
12342
12293
12197
12189
12164
12162
12115
12112
12089
12088
12012
11977
11939
11890
11872
11829
11770
11762
11628
11555
11518
11451
11418
11405
11376
11346
11170
11141
11135
11079
11064
11011
10983
10965
10906
10836
10726
10719
10711
10648
10644
10619
10599
10585
10570
10555
10536
10532
10523
10515
10500
10453
10446
10436
10421
10306
10249
10233
10221
10167
10137
10132
10052
10016
9935
9906
9865
9843
9841
9829
9786
9772
9764
9750
9741
9572
9506
9496
9454
9435
9410
9394
9384
9384
9305
9249
9244
9231
9206
9201
9200
9147
9127
9123
9041
8970
8949
8770
8739
8734
8731
8720
8707
8681
8655
8611
8542
8540
8479
8440
8415
8412
8393
8373
8362
8362
8338
8164
8150
8119
8064
8050
8032
7991
7895
7852
7850
7845
7741
7732
7709
7680
7608
7604
7600
7584
7555
7550
7512
7345
7315
7277
7256
7188
7163
7158
7039
7000
6942
6942
6921
6862
6854
6852
6821
6771
6714
6710
6701
6668
6631
6627
6608
6559
6513
6444
6419
6398
6378
6359
6349
6339
6317
6298
6295
6282
6234
6233
6214
6160
6016
6013
6008
5995
5991
5947
5882
5815
5744
5742
5722
5709
5653
5634
5634
5633
5616
5615
5612
5605
5589
5554
5509
5481
5442
5429
5398
5375
5321
5293
5287
5279
5273
5260
5240
5236
5160
5135
5130
5091
5027
4980
4978
4974
4964
4949
4948
4910
4889
4872
4838
4797
4763
4705
4689
4661
4570
4555
4507
4486
4454
4333
4325
4320
4245
4244
4215
4162
4148
4145
4131
4077
4038
4032
4029
3969
3968
3957
3940
3935
3912
3871
3860
3830
3797
3750
3739
3674
3647
3642
3613
3597
3522
3504
3477
3454
3435
3412
3399
3364
3336
3265
3217
3147
3116
3026
3003
3001
2932
2883
2828
2826
2805
2770
2750
2704
2693
2627
2574
2549
2503
2466
2458
2444
2442
2437
2369
2354
2302
2274
2224
2194
2185
2107
2095
2032
2028
1954
1929
1917
1911
1892
1884
1860
1824
1756
1752
1740
1738
1737
1727
1703
1691
1650
1563
1524
1469
1446
1409
1273
1256
1251
1217
1207
1182
1170
1036
1032
1023
973
969
886
866
866
792
788
787
722
579
505
503
454
443
417
402
395
387
382
345
345
312
305
289
281
200
145
144
99
63
29
28
5
