47
148
165
207
245
289
289
298
336
433
528
538
574
579
591
606
650
652
671
738
775
805
900
909
950
989
992
1013
1022
1068
1072
1168
1181
1183
1208
1257
1266
1315
1323
1370
1386
1427
1428
1459
1488
1498
1542
1567
1611
1665
1705
1795
1849
1875
1887
1891
1902
1916
1926
1938
1940
2038
2094
2112
2142
2226
2232
2259
2269
2315
2334
2495
2503
2599
2641
2665
2694
2713
2744
2760
2819
2899
2902
2941
2952
2957
2998
3010
3022
3035
3061
3099
3121
3130
3165
3194
3198
3314
3318
3324
3335
3339
3422
3598
3640
3647
3667
3713
3750
3759
3801
3828
3910
3966
4010
4022
4035
4063
4077
4130
4150
4172
4245
4273
4320
4361
4375
4378
4382
4385
4416
4424
4429
4484
4485
4493
4518
4531
4629
4674
4707
4735
4768
4789
4825
4843
4849
4911
4928
4928
4934
4964
4971
4983
5017
5057
5146
5154
5165
5398
5422
5456
5467
5509
5525
5564
5594
5626
5638
5667
5728
5761
5761
5816
5887
5909
5914
5918
5935
6042
6090
6114
6122
6153
6176
6190
6208
6211
6277
6292
6329
6410
6443
6467
6468
6501
6505
6536
6563
6668
6747
6812
6817
6857
6881
6885
6886
6925
6927
6940
6955
6955
6979
7001
7023
7084
7098
7183
7226
7297
7306
7345
7373
7412
7423
7458
7469
7473
7531
7603
7606
7611
7776
7785
7847
7952
7971
7988
8009
8101
8155
8170
8216
8240
8304
8310
8315
8316
8344
8347
8352
8356
8373
8412
8466
8477
8484
8552
8593
8609
8709
8747
8790
8794
8887
8928
8950
9039
9048
9078
9087
9176
9213
9236
9240
9245
9334
9350
9388
9494
9601
9636
9669
9768
9798
9884
9894
9911
9951
9970
9983
10013
10098
10115
10157
10161
10244
10249
10289
10352
10388
10397
10540
10564
10574
10623
10644
10653
10659
10691
10701
10704
10721
10740
10788
10796
10842
10873
10878
10887
10893
11041
11078
11079
11125
11235
11262
11274
11297
11304
11314
11318
11337
11347
11390
11411
11496
11528
11529
11536
11550
11560
11621
11666
11718
11719
11721
11748
11758
11823
11828
11886
11959
11962
12040
12052
12078
12088
12212
12244
12285
12294
12335
12394
12419
12463
12575
12592
12595
12660
12682
12685
12726
12774
12833
12838
12842
12860
12961
13010
13089
13096
13109
13117
13171
13181
13210
13313
13370
13382
13416
13447
13454
13491
13533
13556
13598
13606
13631
13660
13662
13713
13822
13853
13871
13893
13912
13992
13999
14050
14096
14124
14129
14172
14207
14215
14219
14219
14247
14309
14321
14343
14346
14349
14419
14544
14547
14626
14676
14730
14817
14839
14847
14870
14923
14923
14972
14976
14988
15076
15139
15144
15163
15168
15173
15187
15189
15197
15203
15211
15223
15242
15315
15315
15382
15428
15442
15479
15500
15508
15524
15588
15597
15712
15750
15828
15843
15857
15973
15996
15998
15999
16076
16098
16119
16154
16162
16166
16177
16199
16326
16336
16381
16447
16478
16505
16589
16595
16644
16672
16692
16732
16758
16806
16854
16856
16893
16898
16929
16934
16939
16941
16958
17088
17115
17132
17145
17237
17258
17302
17343
17372
17393
17400
17456
17462
17501
17503
17541
17577
17616
17656
17656
17668
17672
17680
17735
17749
17764
17768
17770
17789
17794
17806
17820
17828
17838
17897
17903
17931
17941
17965
18001
18004
18050
18057
18085
18108
18167
18262
18263
18302
18324
18330
18405
18433
18450
18461
18508
18512
18518
18619
18633
18642
18675
18711
18723
18724
18815
18828
18844
18911
18912
18939
18954
18958
18962
18971
19005
19040
19042
19042
19050
19072
19079
19083
19084
19124
19139
19156
19225
19247
19255
19267
19315
19336
19343
19356
19373
19393
19445
19451
19465
19547
19551
19568
19585
19603
19627
19689
19717
19739
19777
19780
19829
19858
19882
19902
19907
19922
19966
19992
20024
20029
20032
20068
20098
20122
20201
20226
20235
20264
20330
20375
20449
20614
20628
20662
20785
20792
20836
20893
20923
21006
21019
21025
21027
21069
21081
21092
21170
21190
21269
21301
21336
21384
21452
21493
21493
21526
21556
21616
21668
21730
21768
21772
21776
21796
21798
21804
21832
21869
21876
21877
21879
22005
22042
22072
22078
22079
22109
22146
22211
22379
22401
22413
22486
22537
22654
22663
22668
22719
22729
22734
22775
22777
22797
22894
22918
22929
22936
22995
23010
23028
23037
23083
23151
23160
23196
23263
23282
23284
23294
23302
23376
23410
23450
23486
23679
23712
23760
23770
23771
23781
23810
23810
23821
23869
23948
24007
24022
24039
24058
24089
24142
24167
24193
24193
24236
24327
24346
24354
24359
24360
24397
24510
24624
24674
24770
24789
24793
24824
24962
25079
25111
25114
25115
25128
25142
25153
25181
25222
25364
25371
25409
25417
25425
25449
25467
25491
25508
25513
25526
25587
25596
25707
25712
25719
25785
25880
25926
25957
25970
26002
26024
26031
26038
26038
26040
26080
26105
26153
26192
26200
26200
26360
26389
26402
26416
26425
26450
26470
26540
26700
26709
26733
26763
26784
26832
26836
26839
26849
26855
26906
27005
27007
27058
27181
27190
27233
27361
27370
27391
27394
27408
27419
27451
27483
27495
27500
27557
27647
27649
27661
27691
27695
27715
27720
27738
27748
27781
27799
27805
27814
27815
27839
27917
28017
28082
28185
28303
28325
28343
28370
28383
28393
28452
28486
28503
28509
28543
28560
28584
28658
28742
28773
28803
28839
28887
28901
28913
28923
28925
28940
28946
28950
28974
29064
29091
29094
29147
29166
29196
29197
29238
29258
29293
29316
29396
29415
29477
29485
29523
29546
29592
29618
29672
29683
29712
29718
29729
29756
29800
29830
29835
29853
29860
29871
29877
29928
29934
29937
29940
29995
30024
30034
30082
30102
30140
30160
30213
30237
30296
30296
30300
30329
30363
30374
30395
30425
30450
30609
30619
30650
30698
30706
30761
30824
30904
30922
30999
31000
31044
31045
31069
31157
31160
31169
31220
31253
31263
31263
31321
31329
31374
31385
31425
31432
31444
31466
31469
31506
31544
31554
31592
31596
31627
31663
31695
31755
31762
31783
31815
31826
31855
31937
31955
31963
32027
32059
32094
32133
32157
32160
32183
32223
32255
32304
32347
32360
32451
32468
32475
32476
32548
32631
32673
32750
32767
