0
3
7
15
15
18
20
21
21
28
33
35
35
43
46
49
50
52
54
61
62
64
65
68
70
77
77
80
80
82
85
86
92
95
96
96
96
96
96
99
100
103
109
112
113
114
118
120
121
123
128
135
143
147
148
150
155
162
176
177
183
183
185
195
198
200
204
207
214
217
219
220
229
229
231
231
233
234
240
242
249
253
260
260
262
263
269
271
273
277
278
279
286
287
287
287
289
290
293
298
299
299
307
307
310
310
310
311
315
316
321
322
328
335
337
343
357
358
358
359
365
366
367
367
372
375
377
379
383
389
394
402
404
407
409
409
412
412
418
422
432
436
437
441
442
447
448
449
450
452
453
458
458
459
462
469
470
470
471
478
495
496
503
504
505
506
513
513
514
514
518
524
525
528
538
553
553
558
567
573
574
574
575
587
589
590
592
593
595
597
602
602
608
609
609
610
611
612
613
617
617
620
622
623
623
632
639
643
644
645
648
662
664
664
665
673
673
679
682
688
689
693
697
698
699
701
701
701
706
706
706
707
708
714
716
716
716
719
723
723
724
725
726
730
732
733
734
736
739
744
749
751
754
754
757
764
765
775
778
778
781
783
784
786
787
790
797
803
806
808
810
811
811
813
813
818
825
827
828
833
834
836
837
846
848
856
868
870
870
880
883
884
885
889
890
890
894
897
898
900
904
911
913
915
916
920
921
924
928
933
936
938
939
946
948
949
957
959
975
976
979
980
980
981
981
986
989
990
1000
1003
1004
1009
1012
1012
1012
1021
1021
1021
1024
1024
1024
1025
1026
1028
1028
1034
1038
1042
1047
1047
1051
1052
1052
1055
1060
1063
1072
1074
1080
1082
1083
1084
1089
1095
1095
1096
1100
1102
1102
1103
1103
1105
1105
1106
1110
1113
1116
1117
1120
1121
1122
1122
1128
1128
1134
1134
1137
1141
1147
1148
1151
1155
1158
1160
1161
1168
1169
1169
1171
1172
1184
1186
1188
1190
1194
1194
1197
1201
1207
1209
1211
1215
1228
1229
1236
1236
1238
1239
1240
1240
1248
1251
1254
1255
1269
1274
1275
1276
1277
1278
1284
1289
1297
1300
1303
1304
1316
1325
1326
1327
1334
1344
1345
1345
1346
1349
1353
1354
1356
1359
1360
1363
1364
1367
1370
1374
1376
1391
1398
1401
1403
1405
1407
1408
1416
1418
1429
1430
1430
1431
1435
1435
1438
1438
1443
1446
1450
1458
1458
1459
1460
1464
1466
1471
1473
1474
1475
1482
1484
1500
1502
1509
1509
1513
1522
1528
1531
1534
1534
1537
1542
1547
1552
1553
1555
1555
1557
1559
1561
1562
1565
1572
1579
1581
1581
1582
1586
1587
1591
1592
1593
1600
1601
1606
1609
1613
1614
1614
1617
1624
1624
1624
1629
1632
1634
1638
1641
1641
1643
1645
1650
1650
1654
1654
1678
1679
1681
1689
1695
1696
1705
1708
1713
1715
1716
1716
1719
1720
1720
1722
1728
1730
1730
1740
1743
1746
1748
1748
1754
1755
1756
1761
1766
1767
1772
1780
1781
1784
1788
1789
1798
1799
1803
1808
1808
1817
1817
1820
1820
1828
1831
1833
1837
1838
1839
1840
1841
1842
1844
1846
1853
1857
1858
1858
1864
1864
1865
1867
1868
1880
1883
1885
1886
1888
1888
1890
1891
1891
1895
1899
1899
1901
1907
1908
1913
1913
1918
1931
1937
1939
1950
1952
1954
1956
1962
1979
1982
1985
1991
1992
1994
1996
1996
1997
1999
2002
2010
2011
2012
2016
2022
2023
2026
2038
2043
2043
2043
2058
2060
2068
2077
2079
2079
2080
2081
2093
2095
2096
2097
2099
2101
2103
2105
2111
2119
2123
2136
2137
2139
2146
2146
2148
2155
2158
2159
2162
2164
2165
2174
2175
2182
2183
2196
2196
2197
2201
2204
2209
2211
2212
2213
2216
2221
2223
2225
2227
2227
2231
2234
2235
2236
2241
2242
2245
2256
2257
2257
2258
2259
2266
2269
2269
2271
2274
2276
2277
2291
2294
2295
2296
2297
2298
2302
2303
2303
2304
2304
2313
2316
2316
2319
2321
2323
2325
2341
2346
2348
2348
2350
2353
2357
2358
2363
2363
2366
2385
2386
2388
2388
2389
2390
2391
2395
2397
2399
2404
2404
2407
2413
2413
2416
2417
2417
2418
2421
2425
2430
2434
2434
2436
2438
2447
2451
2452
2452
2452
2455
2456
2458
2468
2469
2470
2471
2474
2483
2495
2497
2498
2504
2509
2512
2513
2515
2518
2518
2523
2525
2533
2540
2541
2546
2547
2555
2557
2559
2559
2559
2572
2575
2580
2586
2590
2596
2598
2602
2604
2605
2607
2607
2611
2614
2615
2622
2626
2637
2639
2639
2641
2643
2643
2644
2646
2648
2648
2650
2656
2667
2669
2670
2681
2687
2689
2689
2698
2701
2706
2708
2708
2711
2712
2717
2718
2728
2738
2738
2739
2740
2740
2758
2771
2776
2781
2782
2796
2799
2800
2802
2822
2833
2836
2838
2838
2843
2849
2852
2853
2854
2855
2861
2862
2865
2867
2868
2871
2872
2874
2879
2883
2884
2884
2884
2884
2885
2885
2886
2892
2896
2900
2902
2902
2904
2904
2906
2907
2909
2913
2914
2916
2918
2922
2926
2931
2933
2936
2937
2937
2940
2941
2944
2951
2953
2957
2962
2965
2967
2967
2971
2985
2993
3002
3002
3005
3006
3013
3013
3019
3021
3023
3026
3038
3040
3049
3050
3055
3060
3061
3062
3069
3073
3076
3077
3077
3078
3081
3083
3089
3092
3095
3096
3098
3103
3103
3105
3106
3107
3109
3111
3123
3123
3128
3133
3137
3138
3139
3140
3142
3143
3146
3151
3152
3157
3162
3162
3163
3168
3168
3170
3170
3173
3174
3179
3180
3181
3184
3185
3186
3188
3190
3192
3192
3198
3200
3203
3207
3210
3211
3212
3212
3217
3220
3221
3224
3224
3225
3233
3235
3241
3254
3265
3268
3268
3270
3274
3274
3275
3280
3280
3289
3294
3299
3303
3303
3305
3305
3306
3316
3319
3319
3323
3326
3326
3329
3333
3340
3342
3344
3347
3354
3355
3355
3357
3366
3369
3369
3370
3376
3383
3386
3394
3395
3398
3399
3399
3401
3401
3416
3420
3430
3437
3441
3441
3441
3442
3443
3448
3448
3456
3460
3462
3464
3467
3468
3469
3470
3471
3481
3483
3489
3497
3500
3506
3509
3510
3515
3516
3517
3526
3529
3533
3533
3534
3536
3539
3545
3550
3551
3555
3570
3571
3571
3573
3576
3579
3583
3583
3588
3592
3593
3595
3600
3625
3625
3629
3631
3631
3639
3646
3647
3648
3649
3651
3654
3656
3656
3658
3658
3660
3664
3672
3682
3682
3683
3685
3689
3691
3693
3693
3696
3698
3701
3706
3706
3709
3711
3718
3718
3721
3722
3725
3725
3726
3727
3730
3732
3733
3734
3736
3740
3742
3747
3748
3750
3750
3752
3755
3756
3758
3764
3772
3772
3775
3776
3780
3781
3783
3784
3790
3799
3803
3808
3814
3814
3815
3818
3824
3826
3826
3838
3841
3843
3844
3845
3845
3851
3854
3856
3860
3863
3866
3866
3868
3869
3872
3874
3874
3875
3883
3884
3886
3895
3897
3899
3901
3902
3916
3921
3922
3926
3935
3936
3938
3939
3944
3946
3947
3949
3950
3952
3955
3957
3957
3959
3962
3965
3969
3971
3974
3979
3979
3980
3983
3990
3992
3992
3993
3997
3999
4000
4003
4005
4015
4017
4018
4021
4021
4028
4031
4031
4031
4038
4043
4046
4047
4050
4067
4068
4069
4075
4076
4081
4083
4087
4098
4104
4106
4111
4115
4120
4123
4124
4125
4125
4139
4140
4140
4140
4149
4153
4155
4156
4157
4158
4159
4160
4160
4165
4173
4174
4176
4178
4183
4185
4185
4187
4190
4198
4205
4217
4223
4223
4230
4231
4231
4232
4239
4242
4251
4260
4261
4265
4274
4277
4281
4283
4284
4285
4287
4290
4290
4294
4295
4296
4304
4308
4308
4310
4312
4312
4315
4324
4327
4327
4328
4329
4333
4333
4333
4335
4335
4335
4339
4341
4341
4346
4349
4353
4357
4364
4368
4371
4372
4373
4377
4379
4384
4387
4388
4390
4391
4395
4399
4403
4403
4406
4413
4417
4417
4428
4432
4432
4435
4435
4439
4448
4453
4454
4458
4464
4471
4471
4472
4475
4477
4483
4483
4484
4486
4487
4488
4491
4491
4492
4494
4495
4495
4498
4498
4506
4510
4515
4515
4517
4520
4520
4521
4522
4525
4532
4534
4543
4543
4543
4544
4544
4545
4546
4549
4550
4552
4553
4560
4566
4568
4568
4569
4569
4569
4579
4579
4580
4581
4582
4586
4591
4595
4598
4606
4606
4608
4610
4612
4614
4616
4623
4630
4632
4632
4637
4644
4645
4657
4658
4659
4661
4665
4669
4673
4682
4689
4689
4693
4706
4706
4708
4713
4714
4715
4717
4721
4722
4723
4725
4729
4730
4730
4735
4736
4738
4739
4740
4741
4755
4760
4760
4763
4764
4768
4770
4770
4778
4782
4784
4785
4787
4789
4791
4792
4792
4798
4798
4800
4800
4806
4807
4816
4818
4832
4841
4852
4858
4860
4869
4878
4883
4883
4884
4886
4886
4895
4898
4905
4921
4922
4924
4925
4927
4931
4932
4932
4942
4953
4959
4960
4963
4965
4965
4968
4977
4994
5003
5007
5011
5012
5013
5013
5017
5020
5021
5022
5024
5026
5026
5033
5038
5038
5046
5047
5047
5050
5054
5055
5060
5063
5067
5071
5074
5077
5079
5080
5081
5081
5085
5085
5090
5090
5092
5095
5096
5098
5102
5103
5105
5107
5112
5118
5119
5122
5128
5130
5139
5140
5140
5141
5143
5145
5147
5148
5149
5152
5155
5161
5163
5163
5168
5171
5171
5173
5173
5175
5177
5178
5178
5180
5181
5182
5183
5185
5185
5187
5188
5192
5196
5205
5212
5213
5214
5214
5216
5216
5225
5230
5234
5239
5240
5248
5251
5252
5255
5256
5258
5259
5264
5266
5266
5268
5269
5272
5273
5274
5276
5285
5291
5293
5304
5305
5305
5307
5309
5310
5315
5317
5318
5330
5331
5331
5332
5333
5334
5335
5336
5338
5339
5344
5346
5354
5360
5362
5365
5373
5375
5383
5385
5386
5387
5393
5394
5395
5398
5402
5402
5405
5405
5405
5408
5410
5412
5417
5421
5426
5430
5432
5434
5434
5438
5443
5450
5451
5453
5455
5457
5458
5463
5465
5466
5468
5470
5471
5472
5479
5482
5483
5485
5489
5492
5495
5499
5501
5503
5507
5512
5512
5512
5521
5523
5525
5535
5542
5544
5546
5546
5547
5558
5564
5567
5576
5585
5586
5591
5593
5595
5596
5601
5606
5607
5611
5611
5616
5616
5617
5618
5621
5622
5623
5626
5628
5632
5635
5637
5639
5642
5642
5644
5645
5647
5654
5656
5657
5662
5666
5671
5672
5672
5673
5679
5682
5682
5684
5686
5689
5695
5697
5699
5704
5705
5705
5708
5713
5716
5716
5726
5727
5736
5736
5739
5740
5740
5747
5751
5751
5755
5759
5761
5761
5762
5764
5769
5773
5774
5778
5780
5781
5789
5791
5794
5798
5800
5800
5801
5804
5809
5813
5825
5827
5828
5828
5838
5844
5845
5850
5850
5851
5852
5857
5858
5864
5867
5867
5876
5883
5886
5888
5901
5906
5907
5916
5921
5925
5926
5926
5928
5931
5933
5936
5942
5946
5949
5949
5953
5954
5957
5958
5967
5969
5969
5976
5980
5981
5982
5986
6002
6005
6008
6009
6018
6020
6021
6028
6029
6032
6033
6038
6048
6051
6053
6054
6063
6065
6068
6072
6072
6081
6082
6083
6083
6089
6091
6096
6098
6099
6106
6125
6126
6129
6136
6137
6138
6146
6148
6153
6156
6158
6165
6169
6180
6184
6186
6187
6190
6191
6194
6194
6199
6203
6206
6207
6210
6214
6220
6225
6230
6234
6239
6241
6245
6246
6251
6251
6256
6257
6261
6264
6268
6268
6276
6278
6280
6284
6286
6301
6301
6302
6304
6311
6328
6329
6338
6340
6344
6351
6351
6354
6356
6356
6357
6368
6377
6378
6383
6384
6385
6386
6397
6401
6404
6405
6407
6409
6418
6425
6426
6427
6437
6442
6442
6443
6443
6444
6447
6450
6457
6465
6471
6472
6476
6477
6482
6485
6489
6496
6497
6506
6507
6509
6511
6512
6513
6513
6520
6524
6526
6528
6529
6534
6536
6536
6537
6538
6548
6563
6567
6575
6577
6581
6584
6585
6590
6592
6593
6594
6596
6598
6599
6600
6605
6607
6610
6614
6617
6622
6629
6633
6637
6637
6640
6642
6646
6651
6653
6664
6667
6670
6672
6672
6675
6677
6679
6683
6684
6687
6691
6701
6705
6705
6706
6712
6715
6716
6716
6721
6722
6724
6733
6733
6742
6749
6750
6753
6754
6755
6757
6758
6762
6767
6768
6769
6771
6772
6775
6780
6783
6786
6794
6796
6806
6809
6817
6818
6821
6823
6824
6824
6846
6847
6852
6853
6854
6859
6871
6872
6876
6882
6883
6884
6885
6886
6887
6891
6895
6907
6917
6921
6921
6929
6938
6939
6942
6948
6951
6958
6961
6972
6976
6984
6987
6993
6995
6997
7002
7005
7006
7006
7007
7010
7012
7019
7028
7041
7041
7042
7049
7050
7056
7058
7059
7063
7068
7068
7073
7077
7081
7081
7083
7090
7091
7092
7098
7103
7104
7109
7111
7111
7114
7120
7125
7125
7127
7130
7136
7141
7143
7146
7148
7155
7157
7158
7159
7160
7163
7168
7169
7170
7172
7175
7175
7177
7183
7184
7184
7185
7187
7199
7201
7209
7211
7214
7214
7215
7215
7218
7223
7223
7224
7234
7239
7239
7249
7251
7251
7253
7255
7256
7264
7264
7275
7276
7291
7297
7300
7309
7310
7312
7313
7327
7335
7347
7354
7359
7360
7361
7361
7364
7366
7368
7370
7376
7389
7390
7394
7396
7399
7405
7405
7416
7416
7418
7433
7435
7443
7444
7444
7445
7446
7450
7456
7459
7462
7462
7465
7466
7469
7469
7470
7471
7477
7478
7481
7482
7487
7494
7495
7497
7500
7501
7502
7502
7506
7507
7507
7508
7508
7513
7520
7522
7534
7536
7544
7556
7563
7566
7569
7570
7573
7574
7574
7577
7580
7582
7584
7586
7590
7591
7593
7593
7600
7601
7603
7606
7607
7607
7618
7623
7623
7624
7624
7627
7628
7631
7631
7638
7641
7642
7643
7644
7646
7650
7651
7652
7653
7657
7658
7658
7659
7660
7669
7670
7672
7673
7675
7675
7679
7679
7683
7686
7693
7694
7696
7703
7703
7705
7711
7715
7717
7724
7735
7736
7738
7738
7740
7743
7743
7749
7750
7751
7752
7752
7756
7756
7757
7764
7765
7765
7766
7767
7771
7773
7773
7776
7776
7788
7789
7793
7798
7800
7805
7807
7809
7818
7823
7823
7824
7830
7832
7853
7858
7859
7862
7874
7875
7877
7881
7886
7889
7890
7890
7891
7896
7899
7907
7909
7913
7915
7917
7920
7924
7924
7927
7932
7932
7934
7935
7939
7945
7945
7949
7957
7960
7967
7970
7971
7972
7973
7973
7978
7978
7979
7981
7990
7991
7991
7992
7997
7999
8000
8007
8007
8010
8014
8014
8018
8018
8020
8023
8023
8024
8032
8046
8053
8055
8056
8057
8064
8065
8066
8066
8069
8077
8080
8080
8085
8087
8087
8089
8090
8092
8094
8099
8102
8108
8110
8112
8113
8113
8119
8121
8125
8134
8134
8137
8139
8139
8140
8147
8148
8154
8154
8156
8169
8170
8170
8170
8175
8176
8179
8185
8186
8190
8193
8195
8195
8196
8200
8208
8211
8211
8214
8215
8220
8224
8242
8243
8244
8249
8256
8257
8260
8263
8270
8272
8274
8285
8287
8290
8293
8303
8313
8316
8323
8326
8328
8332
8333
8333
8338
8340
8341
8342
8344
8345
8346
8347
8348
8349
8350
8355
8357
8358
8365
8373
8376
8382
8390
8393
8405
8416
8425
8429
8434
8435
8440
8443
8444
8448
8454
8457
8462
8466
8468
8471
8473
8474
8490
8492
8493
8493
8498
8501
8504
8506
8506
8507
8510
8512
8517
8521
8524
8527
8529
8531
8532
8536
8537
8538
8539
8539
8542
8543
8544
8544
8547
8553
8556
8556
8559
8560
8570
8573
8576
8583
8585
8587
8591
8593
8602
8606
8607
8608
8615
8619
8624
8625
8629
8633
8638
8638
8639
8640
8641
8642
8642
8645
8645
8647
8648
8652
8655
8655
8657
8663
8664
8670
8674
8675
8685
8686
8686
8686
8686
8687
8692
8700
8700
8705
8707
8709
8710
8715
8716
8717
8719
8720
8728
8731
8737
8746
8747
8755
8757
8759
8763
8770
8772
8774
8774
8775
8782
8782
8783
8783
8786
8787
8794
8795
8796
8796
8798
8799
8801
8808
8824
8831
8834
8837
8840
8842
8843
8843
8856
8857
8858
8863
8875
8882
8893
8897
8897
8901
8905
8906
8909
8918
8919
8920
8927
8930
8931
8934
8935
8936
8943
8943
8952
8955
8969
8972
8973
8978
8980
8981
8986
8992
8993
8997
9000
9001
9003
9006
9009
9016
9021
9023
9027
9043
9049
9051
9051
9054
9063
9068
9070
9077
9080
9082
9082
9091
9093
9094
9097
9098
9098
9102
9104
9117
9126
9127
9130
9133
9137
9138
9138
9140
9146
9150
9151
9151
9151
9152
9152
9152
9153
9154
9159
9164
9167
9167
9170
9170
9170
9171
9171
9171
9176
9181
9185
9188
9194
9205
9207
9207
9212
9215
9218
9228
9228
9230
9238
9240
9243
9244
9244
9247
9249
9255
9259
9263
9267
9268
9282
9285
9294
9296
9297
9297
9299
9300
9316
9321
9324
9325
9326
9327
9331
9333
9333
9337
9339
9342
9345
9346
9350
9352
9354
9356
9357
9360
9364
9367
9367
9376
9379
9383
9385
9391
9393
9394
9394
9397
9399
9401
9402
9404
9404
9407
9408
9417
9418
9426
9435
9437
9438
9439
9442
9446
9448
9462
9462
9462
9463
9466
9471
9477
9479
9485
9487
9489
9496
9497
9503
9504
9505
9505
9506
9509
9510
9517
9517
9522
9525
9527
9529
9533
9539
9543
9550
9557
9557
9559
9562
9570
9572
9578
9580
9582
9582
9584
9587
9589
9591
9599
9606
9607
9609
9611
9611
9617
9620
9624
9624
9625
9625
9626
9628
9631
9635
9637
9642
9645
9651
9653
9657
9658
9661
9662
9665
9666
9667
9669
9670
9675
9680
9693
9695
9697
9698
9700
9700
9707
9708
9710
9710
9710
9715
9715
9716
9719
9720
9728
9731
9733
9736
9740
9744
9747
9749
9753
9757
9759
9760
9765
9774
9776
9791
9791
9804
9804
9805
9806
9811
9817
9822
9833
9835
9837
9842
9847
9853
9858
9859
9860
9861
9875
9875
9880
9882
9887
9890
9894
9895
9896
9896
9897
9899
9902
9910
9912
9912
9915
9915
9918
9919
9921
9924
9933
9938
9938
9940
9945
9947
9951
9952
9953
9955
9957
9958
9960
9967
9971
9975
9977
9986
9987
9987
9989
9990
9996
9997
10000
10006
10008
10009
10010
10011
10014
10025
10026
10029
10035
10036
10039
10043
10044
10050
10052
10054
10065
10065
10067
10068
10070
10074
10075
10075
10078
10081
10087
10095
10096
10106
10115
10115
10119
10121
10122
10125
10127
10131
10132
10138
10139
10144
10145
10150
10152
10153
10156
10160
10163
10169
10170
10171
10171
10172
10173
10173
10176
10176
10176
10179
10183
10184
10186
10186
10188
10190
10193
10199
10201
10207
10207
10210
10212
10216
10217
10223
10226
10226
10231
10234
10235
10241
10241
10242
10244
10250
10256
10258
10260
10262
10263
10266
10267
10270
10274
10274
10278
10278
10282
10282
10283
10292
10295
10295
10296
10304
10306
10309
10314
10318
10319
10327
10327
10331
10333
10334
10334
10336
10338
10347
10348
10349
10356
10359
10361
10363
10367
10383
10385
10387
10387
10391
10393
10394
10394
10395
10396
10401
10404
10405
10405
10407
10408
10412
10421
10426
10429
10431
10433
10433
10434
10442
10442
10442
10449
10450
10450
10450
10459
10475
10484
10485
10491
10500
10504
10504
10510
10511
10511
10521
10521
10528
10531
10531
10532
10532
10533
10535
10537
10538
10539
10543
10546
10552
10552
10553
10559
10561
10564
10569
10569
10583
10584
10590
10591
10592
10592
10594
10601
10601
10609
10610
10614
10615
10620
10624
10625
10633
10634
10643
10645
10658
10661
10665
10670
10678
10684
10689
10691
10694
10694
10696
10698
10704
10706
10713
10715
10717
10719
10721
10735
10737
10738
10745
10754
10757
10759
10769
10770
10770
10770
10775
10775
10780
10781
10782
10783
10784
10784
10785
10785
10792
10792
10797
10797
10798
10799
10799
10809
10822
10823
10833
10833
10835
10838
10842
10850
10853
10857
10858
10866
10867
10868
10869
10870
10878
10885
10891
10893
10893
10895
10899
10902
10902
10904
10909
10912
10912
10915
10917
10918
10922
10929
10933
10935
10936
10947
10948
10951
10953
10962
10964
10964
10970
10978
10980
10989
10993
10994
10995
10995
10998
11005
11005
11019
11020
11029
11033
11033
11034
11035
11040
11045
11048
11048
11059
11060
11068
11073
11076
11078
11094
11095
11100
11106
11109
11114
11114
11115
11119
11121
11123
11124
11135
11138
11144
11144
11150
11156
11157
11157
11157
11159
11159
11160
11167
11167
11176
11180
11183
11184
11186
11187
11188
11188
11189
11190
11190
11190
11191
11193
11197
11197
11199
11199
11204
11206
11210
11211
11216
11217
11219
11224
11224
11225
11225
11238
11244
11244
11248
11251
11268
11270
11272
11276
11278
11280
11289
11293
11296
11299
11305
11307
11315
11315
11320
11322
11323
11326
11329
11331
11335
11338
11339
11347
11349
11350
11367
11375
11376
11380
11381
11395
11397
11401
11415
11416
11420
11423
11426
11427
11430
11431
11433
11445
11465
11467
11468
11471
11471
11473
11476
11477
11477
11477
11477
11478
11478
11499
11515
11516
11530
11532
11534
11537
11540
11541
11542
11542
11543
11544
11545
11550
11551
11556
11560
11561
11569
11570
11571
11573
11573
11574
11578
11579
11585
11587
11588
11588
11589
11591
11593
11595
11608
11612
11617
11617
11621
11621
11626
11626
11626
11627
11628
11629
11641
11642
11654
11656
11662
11668
11672
11680
11680
11690
11694
11695
11696
11697
11698
11698
11707
11710
11712
11713
11713
11714
11715
11719
11723
11726
11727
11727
11728
11728
11730
11731
11732
11733
11736
11745
11746
11748
11748
11749
11749
11750
11752
11753
11761
11768
11770
11774
11780
11790
11792
11799
11799
11801
11803
11806
11806
11807
11811
11816
11818
11824
11828
11833
11833
11834
11839
11848
11850
11851
11856
11856
11857
11857
11860
11861
11861
11866
11871
11875
11884
11886
11889
11892
11894
11898
11899
11899
11900
11903
11918
11919
11920
11924
11927
11927
11927
11929
11929
11936
11940
11940
11954
11957
11959
11962
11963
11964
11966
11966
11968
11972
11973
11977
11979
11981
11982
11986
11988
11988
11992
11992
11993
11995
11996
12002
12008
12009
12010
12011
12011
12012
12013
12015
12027
12028
12030
12035
12036
12040
12041
12045
12046
12046
12052
12057
12057
12058
12059
12061
12065
12066
12067
12068
12068
12069
12073
12074
12075
12077
12082
12087
12091
12092
12094
12097
12098
12099
12100
12104
12109
12111
12114
12116
12119
12124
12125
12126
12127
12128
12133
12137
12143
12148
12150
12161
12168
12169
12173
12174
12175
12182
12187
12187
12193
12195
12209
12212
12213
12215
12224
12225
12228
12243
12247
12249
12249
12260
12260
12263
12269
12275
12276
12287
12288
12289
12290
12291
12291
12292
12296
12305
12305
12313
12317
12319
12320
12321
12322
12328
12329
12332
12334
12334
12342
12342
12344
12344
12348
12350
12353
12353
12367
12372
12375
12380
12380
12388
12394
12406
12406
12409
12409
12413
12414
12425
12426
12435
12439
12440
12442
12454
12458
12464
12465
12473
12482
12485
12497
12500
12507
12509
12509
12509
12513
12519
12520
12524
12525
12527
12528
12535
12543
12545
12554
12557
12560
12561
12566
12575
12576
12579
12598
12601
12604
12610
12614
12616
12620
12620
12622
12624
12625
12631
12639
12643
12644
12645
12645
12647
12649
12649
12649
12652
12654
12661
12662
12665
12665
12668
12670
12671
12681
12683
12686
12696
12697
12702
12702
12704
12705
12706
12708
12709
12717
12730
12730
12736
12738
12742
12745
12749
12752
12756
12757
12757
12767
12768
12769
12772
12774
12774
12776
12777
12778
12779
12787
12791
12793
12797
12798
12799
12800
12801
12807
12808
12815
12824
12824
12824
12827
12834
12837
12840
12842
12855
12859
12859
12862
12863
12864
12864
12866
12867
12867
12876
12882
12901
12904
12904
12915
12917
12917
12927
12935
12940
12944
12945
12945
12949
12952
12952
12968
12973
12975
12977
12978
12983
12986
12999
12999
13001
13010
13013
13014
13014
13016
13016
13018
13023
13027
13027
13028
13035
13036
13046
13068
13070
13078
13079
13088
13091
13093
13094
13104
13108
13109
13110
13116
13118
13119
13124
13125
13126
13127
13134
13135
13140
13141
13142
13143
13156
13157
13158
13158
13163
13163
13164
13165
13168
13170
13170
13172
13172
13179
13182
13190
13201
13212
13216
13217
13219
13219
13226
13232
13233
13240
13245
13250
13250
13251
13253
13253
13256
13257
13259
13262
13262
13264
13267
13271
13274
13274
13278
13279
13280
13281
13282
13284
13288
13288
13290
13292
13298
13299
13301
13301
13306
13311
13311
13315
13315
13319
13323
13328
13330
13331
13334
13337
13339
13339
13342
13349
13355
13359
13359
13360
13363
13365
13366
13369
13369
13371
13373
13384
13385
13388
13388
13397
13404
13406
13414
13414
13415
13417
13419
13429
13430
13438
13439
13442
13445
13451
13456
13456
13459
13461
13462
13468
13469
13472
13476
13477
13493
13498
13499
13500
13504
13506
13508
13510
13510
13516
13519
13524
13529
13532
13539
13545
13550
13551
13552
13563
13565
13565
13570
13572
13574
13576
13578
13582
13584
13586
13587
13593
13594
13594
13595
13597
13600
13604
13605
13610
13612
13613
13613
13616
13619
13621
13623
13624
13624
13627
13627
13628
13635
13637
13639
13640
13641
13641
13647
13655
13659
13665
13673
13673
13673
13673
13673
13674
13691
13692
13693
13695
13705
13706
13713
13716
13727
13727
13729
13733
13737
13737
13741
13747
13752
13752
13753
13753
13754
13755
13759
13772
13777
13778
13787
13787
13792
13796
13800
13801
13803
13806
13807
13812
13817
13820
13820
13831
13833
13835
13841
13842
13847
13848
13857
13857
13858
13859
13865
13865
13868
13868
13869
13876
13877
13886
13888
13889
13891
13892
13893
13895
13899
13907
13909
13912
13916
13916
13918
13920
13924
13930
13932
13938
13939
13939
13943
13946
13951
13955
13957
13961
13964
13969
13972
13975
13975
13979
13984
13985
13986
13995
14000
14005
14005
14009
14011
14012
14017
14022
14022
14023
14026
14032
14044
14051
14051
14053
14058
14064
14066
14069
14077
14082
14084
14090
14090
14093
14096
14098
14102
14108
14112
14113
14117
14119
14122
14126
14130
14131
14133
14134
14135
14137
14139
14140
14147
14149
14152
14158
14158
14160
14166
14169
14169
14170
14175
14176
14176
14180
14182
14187
14189
14191
14193
14194
14198
14201
14202
14203
14205
14207
14210
14212
14213
14213
14216
14218
14223
14229
14232
14234
14235
14241
14243
14246
14251
14256
14256
14257
14264
14264
14269
14275
14283
14285
14286
14287
14290
14291
14291
14295
14298
14306
14311
14314
14323
14325
14328
14331
14333
14334
14341
14341
14345
14345
14346
14347
14355
14356
14357
14363
14365
14366
14371
14372
14373
14376
14390
14391
14394
14397
14401
14409
14412
14412
14417
14417
14419
14422
14425
14429
14432
14433
14434
14437
14441
14444
14444
14449
14454
14455
14457
14460
14460
14462
14463
14478
14481
14482
14483
14483
14484
14485
14488
14488
14490
14494
14510
14511
14516
14516
14516
14517
14519
14522
14526
14530
14533
14535
14536
14540
14542
14542
14542
14544
14545
14551
14552
14554
14556
14556
14574
14576
14578
14585
14597
14599
14601
14603
14606
14610
14611
14612
14612
14616
14620
14620
14622
14623
14623
14625
14632
14634
14638
14639
14639
14642
14645
14645
14646
14647
14655
14655
14664
14669
14673
14677
14677
14678
14679
14679
14680
14681
14685
14688
14694
14700
14700
14701
14708
14715
14716
14717
14723
14734
14737
14737
14738
14738
14744
14744
14754
14754
14756
14757
14773
14774
14776
14777
14779
14782
14795
14798
14803
14805
14806
14807
14810
14811
14820
14824
14825
14829
14833
14833
14835
14839
14843
14851
14856
14860
14866
14867
14868
14869
14873
14874
14875
14876
14882
14892
14893
14894
14894
14895
14895
14903
14905
14920
14922
14935
14938
14940
14942
14944
14950
14951
14953
14955
14958
14958
14962
14962
14965
14965
14974
14979
14983
14992
14998
15004
15019
15027
15030
15031
15031
15035
15037
15040
15042
15056
15063
15063
15066
15071
15079
15082
15082
15084
15086
15087
15093
15094
15095
15099
15100
15104
15108
15108
15110
15114
15127
15130
15130
15131
15131
15135
15136
15139
15148
15151
15155
15156
15158
15160
15161
15162
15163
15164
15165
15166
15166
15168
15168
15169
15169
15186
15190
15192
15192
15196
15198
15198
15201
15202
15206
15209
15210
15212
15213
15216
15218
15222
15223
15224
15225
15225
15225
15231
15232
15233
15234
15240
15243
15243
15243
15244
15248
15250
15251
15268
15272
15274
15279
15281
15282
15284
15287
15298
15299
15303
15303
15314
15316
15320
15321
15327
15327
15329
15331
15331
15335
15336
15338
15339
15341
15342
15343
15344
15345
15347
15350
15353
15355
15355
15361
15366
15370
15373
15374
15375
15383
15388
15389
15391
15392
15397
15403
15404
15406
15406
15407
15423
15427
15428
15428
15430
15432
15434
15443
15443
15445
15447
15450
15458
15460
15467
15468
15470
15471
15472
15481
15481
15487
15491
15498
15499
15501
15505
15508
15512
15514
15521
15521
15523
15528
15533
15535
15535
15551
15552
15556
15568
15571
15574
15576
15582
15589
15595
15596
15597
15600
15602
15604
15605
15606
15607
15608
15613
15619
15625
15628
15629
15629
15632
15635
15639
15641
15646
15646
15653
15659
15663
15665
15665
15667
15672
15672
15681
15683
15689
15691
15696
15696
15699
15706
15707
15710
15710
15714
15717
15719
15724
15726
15730
15735
15742
15747
15754
15755
15755
15757
15759
15763
15770
15771
15772
15775
15783
15788
15789
15794
15796
15801
15805
15818
15821
15824
15826
15827
15831
15834
15835
15844
15845
15856
15857
15857
15859
15860
15862
15865
15867
15868
15871
15871
15881
15885
15885
15891
15902
15904
15904
15905
15907
15909
15911
15912
15917
15922
15925
15929
15932
15933
15934
15935
15936
15939
15939
15940
15940
15946
15953
15956
15960
15963
15964
15973
15975
15976
15977
15979
15979
15981
15985
15994
15998
15999
16002
16017
16020
16021
16023
16030
16031
16034
16036
16039
16046
16048
16055
16064
16066
16070
16072
16077
16077
16078
16079
16086
16090
16092
16098
16101
16106
16107
16113
16113
16114
16118
16122
16126
16127
16128
16132
16133
16135
16147
16149
16150
16150
16158
16173
16178
16184
16186
16188
16189
16191
16200
16204
16206
16212
16222
16223
16229
16230
16233
16234
16234
16237
16248
16252
16255
16258
16259
16260
16261
16263
16268
16271
16279
16279
16283
16284
16285
16289
16291
16292
16295
16297
16298
16304
16305
16310
16311
16315
16316
16317
16332
16332
16332
16334
16343
16350
16358
16365
16368
16374
16375
16377
16378
16379
16380
16383
16387
16388
16388
16394
16397
16398
16398
16408
16408
16410
16413
16413
16414
16417
16418
16418
16424
16425
16430
16432
16432
16442
16444
16445
16449
16460
16461
16462
16462
16463
16463
16463
16465
16472
16473
16475
16477
16477
16478
16482
16483
16483
16490
16492
16499
16504
16512
16514
16514
16519
16524
16524
16524
16524
16525
16525
16529
16530
16536
16548
16549
16557
16557
16562
16563
16566
16568
16568
16582
16584
16586
16586
16593
16594
16598
16598
16607
16609
16610
16611
16611
16615
16615
16624
16630
16632
16633
16637
16638
16640
16641
16649
16656
16657
16657
16663
16667
16667
16668
16682
16685
16685
16691
16693
16698
16699
16703
16703
16706
16707
16708
16710
16711
16713
16716
16729
16729
16730
16732
16735
16737
16737
16738
16743
16753
16754
16756
16757
16757
16760
16762
16762
16765
16766
16770
16774
16777
16781
16784
16788
16789
16795
16797
16804
16805
16811
16819
16823
16836
16838
16843
16844
16844
16848
16859
16860
16860
16863
16865
16874
16886
16889
16897
16897
16898
16905
16906
16907
16910
16912
16912
16915
16921
16922
16924
16924
16925
16927
16930
16931
16932
16938
16938
16940
16943
16943
16947
16948
16951
16953
16954
16955
16956
16961
16961
16963
16975
16975
16977
16979
16981
16982
16986
16989
16991
16992
16993
16994
17001
17007
17009
17010
17012
17014
17014
17018
17020
17026
17027
17029
17032
17034
17036
17039
17043
17046
17046
17050
17055
17065
17067
17071
17074
17081
17082
17083
17084
17086
17093
17097
17099
17102
17103
17106
17106
17107
17112
17113
17117
17121
17123
17124
17125
17127
17143
17146
17152
17153
17153
17166
17175
17177
17181
17195
17203
17207
17208
17211
17212
17213
17215
17217
17218
17219
17224
17228
17230
17238
17241
17249
17251
17253
17254
17257
17258
17259
17267
17267
17276
17279
17279
17280
17281
17283
17285
17288
17290
17294
17297
17311
17312
17316
17317
17320
17321
17324
17327
17328
17329
17329
17331
17340
17349
17350
17354
17357
17358
17364
17379
17386
17387
17392
17393
17395
17399
17404
17405
17407
17414
17415
17420
17426
17433
17436
17439
17441
17445
17446
17451
17462
17462
17464
17465
17477
17477
17486
17488
17496
17500
17504
17504
17506
17506
17507
17507
17507
17510
17513
17513
17513
17514
17519
17520
17524
17530
17535
17542
17544
17545
17547
17548
17551
17553
17556
17560
17562
17565
17566
17567
17574
17586
17589
17590
17597
17598
17602
17603
17603
17604
17606
17606
17608
17609
17612
17622
17622
17623
17624
17636
17637
17637
17642
17649
17653
17655
17660
17662
17663
17663
17668
17669
17673
17674
17679
17686
17687
17701
17703
17705
17706
17711
17721
17722
17728
17731
17733
17738
17738
17738
17744
17746
17747
17751
17752
17755
17755
17763
17765
17768
17768
17770
17772
17776
17780
17781
17790
17795
17796
17803
17803
17813
17816
17818
17821
17824
17829
17837
17838
17838
17859
17863
17876
17889
17893
17893
17894
17894
17894
17902
17905
17906
17912
17914
17915
17916
17916
17917
17918
17922
17922
17926
17926
17930
17930
17931
17936
17937
17939
17948
17950
17953
17956
17965
17966
17973
17976
17979
17980
17983
17984
17985
17987
17996
17998
17998
18005
18008
18011
18012
18013
18016
18018
18019
18021
18033
18036
18039
18048
18048
18056
18056
18066
18070
18071
18071
18080
18091
18095
18097
18103
18103
18105
18107
18111
18111
18113
18116
18118
18119
18120
18123
18125
18132
18135
18139
18148
18154
18157
18157
18161
18164
18166
18169
18172
18174
18178
18180
18180
18185
18189
18190
18191
18195
18197
18199
18203
18204
18208
18209
18212
18216
18225
18225
18226
18226
18228
18228
18232
18239
18241
18243
18246
18248
18249
18251
18257
18264
18266
18269
18272
18272
18278
18279
18284
18287
18291
18299
18300
18304
18308
18310
18310
18311
18317
18317
18317
18318
18319
18323
18330
18333
18334
18344
18350
18351
18353
18354
18357
18360
18378
18383
18389
18392
18393
18394
18395
18401
18401
18401
18403
18404
18404
18407
18407
18410
18411
18414
18415
18418
18425
18429
18432
18433
18444
18446
18451
18452
18454
18454
18456
18462
18471
18475
18480
18481
18485
18489
18496
18500
18501
18503
18506
18508
18509
18514
18518
18523
18523
18524
18524
18526
18529
18530
18535
18537
18544
18551
18552
18553
18555
18562
18565
18565
18570
18574
18579
18582
18583
18585
18586
18592
18593
18600
18605
18607
18612
18614
18617
18623
18626
18628
18630
18632
18644
18650
18651
18651
18665
18667
18672
18675
18683
18686
18688
18695
18699
18711
18712
18713
18716
18718
18729
18730
18734
18741
18742
18744
18746
18751
18762
18764
18766
18768
18770
18771
18772
18772
18775
18778
18782
18786
18787
18788
18797
18801
18805
18814
18818
18822
18824
18832
18840
18848
18848
18850
18854
18856
18882
18886
18886
18895
18897
18900
18904
18907
18909
18913
18913
18913
18919
18920
18923
18926
18929
18938
18940
18942
18944
18944
18953
18953
18955
18956
18960
18963
18967
18975
18975
18979
18981
18990
18991
18993
18996
18997
18999
19002
19004
19011
19016
19018
19022
19023
19027
19030
19030
19030
19038
19041
19043
19046
19046
19060
19063
19064
19065
19066
19067
19069
19083
19084
19087
19093
19098
19101
19102
19105
19105
19110
19112
19116
19119
19125
19128
19130
19130
19133
19135
19135
19141
19144
19147
19151
19151
19154
19161
19162
19168
19171
19172
19173
19175
19177
19179
19179
19185
19187
19187
19188
19192
19194
19201
19201
19205
19208
19209
19211
19212
19223
19227
19240
19242
19244
19247
19250
19261
19263
19271
19272
19277
19281
19283
19284
19290
19291
19292
19302
19309
19322
19325
19328
19337
19338
19339
19340
19345
19353
19355
19356
19360
19364
19364
19374
19375
19383
19386
19386
19387
19387
19389
19398
19402
19411
19416
19416
19420
19420
19426
19428
19431
19449
19455
19463
19465
19473
19475
19479
19480
19480
19480
19482
19485
19486
19493
19495
19497
19497
19499
19500
19502
19503
19505
19505
19510
19511
19514
19518
19525
19526
19526
19526
19530
19531
19533
19534
19534
19538
19547
19553
19555
19556
19564
19567
19572
19579
19580
19581
19581
19582
19583
19586
19591
19591
19592
19599
19599
19605
19624
19637
19653
19653
19654
19662
19665
19676
19680
19682
19683
19683
19686
19688
19704
19705
19705
19707
19708
19717
19721
19722
19722
19724
19730
19733
19733
19734
19734
19735
19743
19745
19748
19748
19752
19754
19754
19757
19771
19776
19781
19783
19785
19787
19791
19792
19795
19795
19795
19807
19816
19820
19823
19824
19824
19825
19828
19835
19835
19837
19838
19849
19851
19857
19860
19865
19867
19875
19877
19880
19889
19895
19896
19905
19905
19905
19906
19906
19908
19911
19921
19922
19924
19926
19927
19929
19929
19932
19940
19949
19949
19959
19969
19974
19978
19982
19984
19984
19991
19993
19993
19997
19999
20001
20011
20013
20013
20017
20020
20030
20033
20038
20039
20050
20055
20057
20063
20064
20076
20077
20079
20079
20081
20084
20087
20087
20088
20091
20091
20104
20108
20110
20110
20116
20116
20121
20121
20124
20128
20129
20136
20138
20147
20150
20150
20152
20160
20163
20167
20168
20173
20177
20181
20184
20192
20199
20204
20205
20206
20207
20209
20209
20211
20212
20217
20218
20221
20221
20226
20230
20236
20246
20246
20247
20247
20254
20257
20259
20260
20260
20262
20266
20269
20269
20270
20275
20279
20281
20283
20287
20291
20292
20298
20303
20305
20307
20308
20311
20312
20316
20318
20319
20320
20330
20332
20333
20333
20336
20336
20336
20341
20347
20350
20353
20357
20360
20362
20365
20369
20372
20375
20375
20375
20376
20376
20376
20378
20378
20381
20388
20393
20395
20405
20408
20408
20409
20410
20411
20415
20416
20428
20432
20433
20434
20436
20447
20447
20447
20450
20452
20453
20458
20460
20463
20468
20474
20483
20486
20486
20486
20490
20493
20494
20500
20501
20502
20502
20504
20505
20507
20509
20510
20514
20519
20521
20522
20524
20526
20527
20528
20528
20529
20531
20535
20537
20540
20542
20544
20551
20555
20557
20561
20567
20568
20576
20580
20588
20599
20611
20612
20613
20613
20618
20621
20625
20627
20627
20636
20639
20650
20653
20658
20659
20659
20659
20661
20661
20662
20663
20665
20665
20666
20671
20678
20679
20679
20685
20686
20686
20687
20689
20690
20691
20696
20697
20700
20702
20704
20706
20708
20712
20713
20714
20717
20719
20725
20727
20730
20734
20738
20742
20746
20753
20756
20761
20763
20765
20766
20767
20776
20778
20784
20787
20791
20794
20795
20797
20797
20803
20805
20817
20820
20822
20832
20832
20833
20836
20836
20836
20849
20850
20852
20854
20858
20863
20866
20879
20882
20883
20883
20885
20889
20890
20894
20897
20899
20902
20904
20905
20910
20917
20917
20917
20919
20926
20929
20931
20932
20938
20945
20951
20954
20956
20962
20966
20967
20977
20979
20984
20984
20993
21000
21001
21002
21005
21013
21014
21015
21026
21029
21038
21038
21038
21039
21042
21043
21045
21047
21054
21056
21056
21062
21063
21064
21064
21070
21072
21076
21086
21098
21107
21110
21115
21116
21120
21128
21131
21139
21148
21149
21153
21154
21157
21161
21161
21164
21169
21170
21181
21190
21191
21195
21199
21199
21199
21199
21199
21200
21200
21209
21213
21214
21216
21217
21220
21241
21245
21252
21258
21270
21272
21274
21274
21281
21282
21288
21288
21292
21295
21301
21305
21318
21321
21322
21323
21325
21325
21326
21333
21341
21341
21342
21344
21345
21354
21354
21355
21360
21362
21367
21368
21373
21375
21378
21383
21384
21385
21389
21394
21398
21398
21399
21399
21399
21404
21406
21410
21410
21410
21412
21416
21423
21424
21431
21435
21437
21437
21444
21448
21451
21466
21469
21480
21483
21483
21489
21491
21494
21494
21512
21515
21517
21520
21521
21521
21524
21528
21530
21533
21536
21545
21547
21548
21563
21568
21569
21570
21572
21574
21578
21580
21583
21591
21596
21602
21604
21605
21608
21621
21626
21632
21637
21639
21650
21662
21663
21664
21665
21667
21669
21671
21677
21678
21692
21693
21697
21704
21705
21711
21723
21723
21728
21731
21731
21742
21748
21750
21751
21754
21757
21776
21777
21778
21784
21784
21787
21794
21800
21808
21814
21821
21826
21832
21833
21836
21838
21839
21840
21844
21845
21846
21848
21850
21852
21854
21856
21857
21857
21861
21861
21863
21867
21871
21874
21876
21881
21884
21885
21895
21898
21899
21899
21900
21904
21905
21905
21906
21908
21908
21909
21910
21911
21921
21929
21930
21930
21930
21930
21933
21943
21943
21943
21943
21952
21954
21963
21965
21972
21972
21973
21974
21978
21979
21979
21982
21982
21988
21996
21996
21999
21999
22000
22001
22006
22008
22013
22016
22028
22035
22037
22040
22042
22051
22052
22052
22062
22063
22066
22067
22070
22081
22082
22093
22094
22096
22098
22101
22111
22118
22121
22123
22123
22124
22132
22132
22135
22136
22139
22141
22143
22144
22144
22145
22149
22155
22156
22157
22159
22161
22161
22165
22165
22170
22172
22174
22177
22177
22180
22180
22182
22185
22185
22186
22187
22203
22204
22205
22205
22207
22208
22209
22210
22210
22210
22216
22217
22224
22226
22235
22237
22251
22251
22255
22256
22257
22259
22264
22268
22268
22270
22271
22273
22278
22280
22283
22289
22289
22297
22299
22299
22300
22301
22307
22307
22309
22312
22314
22314
22321
22332
22332
22344
22344
22345
22346
22356
22356
22358
22358
22363
22363
22370
22379
22385
22397
22402
22406
22417
22419
22423
22426
22426
22432
22437
22438
22443
22446
22453
22455
22469
22469
22469
22471
22473
22474
22482
22485
22485
22489
22493
22497
22504
22506
22508
22514
22517
22518
22520
22522
22524
22525
22534
22545
22546
22547
22549
22573
22574
22578
22579
22588
22588
22593
22594
22602
22603
22621
22626
22627
22628
22629
22629
22632
22636
22639
22639
22643
22644
22645
22648
22648
22649
22649
22650
22652
22652
22653
22653
22660
22661
22672
22677
22686
22688
22697
22699
22702
22706
22706
22709
22710
22715
22715
22718
22726
22737
22739
22741
22748
22749
22750
22752
22753
22755
22756
22757
22758
22760
22762
22763
22769
22772
22780
22786
22789
22792
22795
22798
22805
22807
22816
22830
22830
22835
22841
22841
22846
22853
22855
22862
22864
22873
22876
22877
22877
22878
22879
22879
22884
22888
22894
22897
22901
22901
22905
22906
22916
22919
22932
22935
22947
22950
22952
22956
22958
22959
22961
22966
22966
22967
22969
22969
22974
22978
22980
22982
22983
22988
22989
22992
22997
23000
23001
23004
23009
23009
23010
23015
23016
23021
23025
23031
23033
23038
23040
23044
23046
23048
23049
23050
23053
23056
23057
23057
23063
23069
23070
23073
23073
23076
23079
23081
23088
23094
23098
23104
23115
23115
23126
23129
23141
23167
23172
23173
23175
23176
23180
23186
23191
23198
23208
23212
23219
23221
23229
23231
23238
23240
23241
23242
23243
23243
23245
23255
23256
23264
23265
23267
23271
23273
23283
23284
23286
23288
23289
23292
23293
23298
23300
23300
23305
23310
23311
23316
23318
23320
23322
23322
23323
23324
23330
23333
23336
23337
23346
23348
23356
23363
23367
23372
23373
23375
23379
23383
23385
23385
23386
23389
23392
23400
23404
23404
23415
23430
23432
23436
23438
23439
23441
23443
23446
23447
23453
23461
23463
23464
23468
23470
23474
23475
23478
23481
23486
23490
23493
23496
23506
23511
23512
23513
23517
23519
23519
23524
23535
23537
23537
23547
23547
23548
23550
23552
23553
23560
23570
23578
23582
23585
23589
23591
23600
23605
23605
23611
23616
23622
23625
23625
23628
23628
23629
23633
23634
23638
23641
23644
23653
23664
23664
23668
23669
23673
23674
23681
23685
23689
23695
23695
23696
23697
23697
23705
23709
23719
23722
23723
23725
23728
23734
23736
23738
23739
23743
23745
23752
23753
23756
23756
23762
23766
23769
23773
23776
23787
23787
23793
23794
23802
23805
23817
23820
23832
23837
23849
23852
23855
23856
23856
23857
23857
23861
23861
23867
23874
23879
23888
23891
23891
23892
23892
23894
23900
23910
23910
23910
23919
23920
23920
23922
23923
23925
23926
23927
23928
23928
23930
23933
23938
23958
23958
23964
23964
23967
23970
23978
23984
23985
23987
23988
23989
23991
23993
23994
23999
23999
24001
24009
24011
24011
24012
24014
24014
24017
24020
24021
24021
24026
24028
24032
24036
24048
24052
24052
24052
24056
24056
24058
24067
24082
24083
24084
24086
24089
24091
24092
24094
24102
24105
24106
24107
24110
24115
24120
24122
24127
24129
24131
24136
24140
24144
24155
24158
24160
24166
24170
24171
24177
24178
24181
24182
24187
24191
24193
24194
24202
24202
24203
24204
24206
24208
24209
24213
24218
24218
24220
24222
24227
24234
24235
24238
24238
24244
24245
24248
24248
24249
24249
24253
24262
24269
24274
24282
24286
24288
24289
24292
24297
24304
24311
24314
24322
24323
24326
24327
24329
24329
24332
24333
24335
24337
24340
24350
24354
24363
24371
24376
24377
24377
24379
24393
24394
24394
24397
24398
24398
24401
24401
24402
24402
24404
24405
24410
24410
24413
24415
24418
24420
24420
24425
24433
24434
24441
24443
24446
24451
24452
24453
24453
24454
24477
24478
24478
24490
24496
24502
24506
24507
24519
24527
24527
24527
24531
24534
24536
24537
24540
24543
24544
24549
24551
24551
24551
24558
24563
24563
24563
24573
24576
24577
24578
24578
24580
24589
24592
24600
24604
24606
24610
24615
24615
24615
24618
24618
24619
24623
24623
24629
24634
24636
24637
24641
24642
24643
24646
24655
24661
24663
24664
24664
24665
24675
24686
24688
24691
24692
24692
24693
24699
24700
24705
24706
24714
24727
24729
24731
24739
24743
24746
24753
24755
24755
24761
24763
24765
24769
24770
24773
24774
24776
24777
24790
24797
24804
24807
24809
24813
24813
24816
24817
24818
24822
24823
24823
24826
24831
24831
24834
24835
24837
24837
24839
24847
24847
24850
24850
24855
24858
24859
24870
24873
24876
24879
24886
24888
24888
24893
24894
24899
24904
24904
24918
24922
24922
24923
24923
24924
24934
24934
24935
24941
24942
24942
24945
24946
24950
24950
24959
24965
24966
24969
24972
24979
24979
24984
24989
24991
24999
24999
25004
25014
25019
25026
25027
25029
25039
25041
25055
25055
25062
25063
25064
25067
25069
25071
25076
25078
25079
25081
25083
25084
25084
25085
25091
25093
25095
25096
25098
25099
25099
25099
25101
25105
25106
25110
25111
25118
25135
25140
25140
25145
25148
25151
25155
25157
25163
25165
25165
25175
25176
25178
25183
25183
25187
25190
25190
25191
25196
25210
25211
25215
25217
25232
25233
25234
25240
25242
25244
25246
25248
25249
25263
25264
25272
25272
25272
25275
25275
25276
25278
25278
25280
25281
25284
25293
25300
25304
25305
25308
25312
25313
25314
25316
25316
25317
25335
25337
25339
25343
25343
25354
25354
25355
25358
25362
25364
25369
25375
25377
25381
25390
25392
25393
25396
25415
25425
25425
25427
25430
25440
25443
25445
25457
25464
25465
25467
25468
25481
25484
25492
25497
25500
25507
25513
25516
25516
25520
25526
25529
25542
25546
25548
25551
25554
25570
25572
25575
25575
25578
25579
25582
25583
25585
25587
25589
25591
25593
25599
25604
25606
25613
25618
25619
25623
25627
25633
25635
25656
25658
25661
25663
25672
25673
25675
25675
25679
25680
25681
25687
25689
25696
25699
25702
25703
25713
25723
25726
25727
25729
25731
25734
25734
25742
25742
25747
25749
25752
25753
25754
25755
25760
25772
25780
25785
25790
25791
25791
25792
25797
25798
25803
25807
25820
25822
25823
25823
25823
25828
25835
25839
25845
25848
25849
25849
25851
25853
25863
25868
25870
25872
25874
25876
25876
25878
25880
25885
25885
25886
25887
25896
25897
25901
25902
25902
25909
25910
25911
25913
25915
25917
25917
25918
25920
25921
25922
25927
25928
25929
25929
25930
25931
25933
25946
25949
25949
25950
25952
25956
25960
25960
25972
25973
25973
25973
25974
25980
25985
25988
25994
25998
26000
26003
26005
26007
26008
26008
26009
26012
26013
26014
26018
26020
26020
26021
26023
26032
26045
26047
26048
26049
26051
26054
26069
26071
26076
26077
26077
26094
26103
26110
26131
26134
26136
26137
26140
26141
26146
26148
26149
26152
26154
26158
26162
26170
26176
26178
26181
26182
26187
26187
26187
26191
26191
26193
26195
26197
26202
26208
26208
26210
26215
26217
26218
26219
26220
26224
26230
26238
26243
26247
26252
26255
26258
26259
26264
26265
26265
26268
26268
26271
26274
26275
26276
26282
26289
26293
26295
26295
26298
26302
26307
26309
26311
26312
26312
26313
26314
26321
26322
26331
26335
26335
26350
26351
26356
26366
26368
26368
26375
26379
26381
26393
26393
26394
26395
26399
26399
26399
26401
26403
26406
26407
26410
26411
26412
26413
26413
26417
26423
26427
26428
26431
26438
26453
26459
26467
26470
26474
26477
26479
26482
26482
26487
26489
26490
26492
26492
26498
26499
26505
26505
26507
26509
26513
26518
26522
26523
26524
26527
26527
26527
26534
26537
26539
26541
26544
26547
26549
26557
26558
26558
26570
26571
26573
26574
26578
26578
26579
26584
26586
26588
26595
26600
26600
26600
26601
26602
26604
26607
26617
26618
26620
26620
26622
26625
26634
26641
26641
26643
26643
26644
26644
26645
26645
26649
26652
26658
26660
26667
26667
26668
26671
26676
26678
26678
26680
26680
26680
26681
26685
26689
26695
26695
26699
26700
26703
26704
26704
26706
26717
26719
26725
26725
26726
26727
26727
26728
26731
26734
26738
26745
26752
26754
26756
26759
26761
26763
26764
26764
26765
26771
26776
26777
26781
26783
26790
26790
26792
26795
26796
26797
26797
26798
26801
26803
26807
26807
26809
26818
26821
26824
26829
26840
26841
26842
26847
26847
26851
26853
26856
26856
26864
26864
26864
26865
26871
26871
26872
26879
26880
26890
26896
26899
26906
26906
26910
26911
26911
26913
26913
26916
26923
26924
26924
26924
26932
26935
26936
26937
26938
26942
26945
26952
26952
26953
26955
26962
26963
26965
26967
26971
26977
26982
26990
26996
26996
26999
27002
27004
27006
27008
27009
27012
27017
27017
27021
27026
27027
27029
27029
27031
27032
27035
27046
27048
27049
27053
27053
27060
27062
27063
27068
27069
27070
27070
27071
27072
27073
27076
27080
27081
27083
27098
27103
27103
27104
27105
27105
27114
27117
27118
27122
27132
27137
27139
27140
27145
27147
27151
27152
27154
27155
27160
27160
27160
27160
27165
27168
27169
27172
27176
27182
27183
27190
27190
27192
27197
27201
27204
27208
27209
27211
27214
27216
27234
27234
27240
27241
27242
27244
27246
27249
27249
27257
27259
27262
27270
27270
27277
27281
27285
27285
27293
27296
27299
27301
27302
27305
27307
27313
27325
27329
27330
27333
27343
27344
27348
27351
27351
27356
27356
27365
27365
27366
27368
27374
27378
27379
27382
27383
27385
27387
27387
27395
27396
27400
27402
27408
27428
27430
27432
27437
27437
27441
27445
27450
27451
27456
27459
27460
27461
27466
27467
27468
27470
27474
27479
27480
27489
27493
27497
27502
27503
27508
27511
27513
27513
27516
27517
27522
27523
27524
27528
27531
27532
27532
27535
27535
27537
27540
27540
27545
27558
27563
27565
27580
27581
27582
27586
27590
27590
27595
27607
27608
27612
27614
27616
27618
27618
27619
27625
27626
27627
27627
27629
27633
27635
27638
27640
27642
27657
27659
27661
27665
27669
27675
27688
27689
27699
27700
27701
27703
27706
27710
27711
27712
27713
27717
27725
27727
27738
27739
27740
27744
27748
27750
27754
27755
27761
27763
27768
27769
27771
27773
27774
27775
27779
27781
27783
27786
27786
27789
27795
27797
27800
27800
27801
27803
27808
27811
27817
27817
27824
27824
27827
27828
27829
27834
27834
27846
27848
27848
27849
27854
27857
27860
27861
27864
27864
27868
27871
27872
27878
27879
27881
27881
27881
27881
27882
27882
27888
27889
27892
27895
27896
27897
27902
27905
27905
27906
27913
27913
27914
27914
27918
27918
27919
27925
27931
27936
27939
27947
27951
27952
27952
27955
27956
27964
27964
27966
27970
27971
27973
27979
27980
27981
27982
27982
27986
27989
27992
27994
28001
28003
28005
28006
28007
28010
28017
28019
28020
28020
28021
28021
28022
28022
28023
28032
28033
28034
28042
28042
28047
28050
28053
28055
28060
28066
28074
28076
28076
28078
28083
28086
28088
28092
28096
28097
28097
28101
28105
28107
28109
28110
28110
28111
28117
28117
28119
28119
28121
28128
28128
28129
28132
28137
28137
28138
28139
28149
28151
28151
28152
28160
28164
28173
28174
28179
28182
28183
28183
28185
28186
28187
28189
28192
28195
28199
28200
28202
28204
28205
28224
28229
28230
28231
28241
28243
28248
28249
28251
28251
28256
28258
28266
28268
28270
28284
28285
28287
28287
28288
28294
28303
28306
28309
28309
28315
28331
28335
28337
28341
28343
28344
28349
28351
28353
28354
28362
28362
28364
28372
28378
28380
28381
28389
28393
28396
28396
28397
28400
28404
28405
28406
28409
28417
28422
28424
28429
28431
28431
28437
28441
28442
28442
28444
28447
28451
28452
28457
28458
28460
28462
28463
28466
28472
28481
28489
28494
28500
28501
28511
28518
28519
28523
28533
28534
28534
28536
28537
28537
28539
28540
28540
28543
28545
28546
28549
28549
28552
28558
28559
28559
28560
28561
28561
28567
28569
28573
28576
28582
28588
28588
28593
28593
28598
28602
28603
28609
28611
28616
28617
28618
28618
28620
28627
28629
28629
28631
28632
28634
28634
28635
28638
28640
28640
28647
28658
28661
28668
28671
28672
28681
28685
28696
28698
28698
28699
28699
28699
28703
28703
28706
28706
28708
28709
28712
28713
28717
28717
28717
28718
28719
28721
28721
28723
28730
28731
28734
28735
28743
28746
28747
28747
28749
28749
28754
28755
28764
28766
28766
28768
28777
28779
28781
28783
28783
28784
28786
28787
28788
28795
28803
28811
28817
28821
28826
28828
28843
28852
28854
28856
28862
28867
28867
28869
28872
28874
28875
28882
28886
28893
28899
28905
28910
28915
28917
28924
28932
28936
28936
28945
28947
28949
28951
28953
28960
28961
28962
28963
28965
28965
28970
28975
28984
28985
28991
29007
29011
29013
29015
29022
29022
29025
29032
29034
29040
29044
29047
29049
29052
29052
29053
29055
29061
29062
29067
29070
29075
29076
29079
29082
29091
29093
29095
29111
29123
29125
29133
29141
29141
29142
29142
29143
29144
29145
29148
29151
29154
29156
29159
29161
29161
29162
29164
29167
29169
29169
29169
29170
29172
29175
29176
29183
29184
29184
29186
29186
29192
29193
29197
29200
29200
29202
29202
29204
29220
29221
29228
29229
29237
29237
29238
29238
29238
29240
29243
29251
29252
29252
29253
29260
29260
29261
29262
29266
29269
29273
29274
29277
29277
29278
29281
29292
29307
29309
29312
29314
29315
29315
29318
29318
29321
29324
29330
29333
29335
29337
29338
29341
29343
29346
29347
29347
29351
29353
29372
29373
29383
29392
29393
29399
29402
29404
29415
29415
29426
29427
29434
29442
29443
29443
29452
29467
29470
29477
29478
29481
29484
29486
29488
29489
29489
29490
29493
29498
29501
29504
29504
29508
29514
29516
29520
29521
29525
29527
29527
29530
29531
29533
29538
29538
29540
29543
29543
29545
29545
29549
29550
29553
29553
29560
29565
29566
29567
29568
29569
29570
29576
29578
29581
29581
29584
29585
29590
29594
29602
29602
29607
29609
29612
29618
29619
29621
29625
29628
29635
29642
29643
29646
29646
29663
29668
29668
29669
29669
29673
29674
29675
29676
29676
29685
29687
29688
29690
29699
29699
29700
29700
29705
29706
29708
29709
29713
29714
29716
29720
29721
29723
29725
29727
29728
29728
29729
29730
29733
29734
29734
29741
29745
29747
29749
29750
29758
29761
29770
29786
29787
29788
29789
29800
29801
29801
29810
29813
29831
29833
29837
29839
29843
29846
29846
29847
29850
29850
29851
29854
29857
29860
29866
29876
29885
29888
29889
29889
29894
29906
29911
29914
29915
29918
29920
29920
29921
29922
29925
29926
29929
29931
29937
29940
29940
29945
29950
29951
29957
29960
29961
29972
29982
29982
29992
29997
29997
30001
30009
30014
30015
30016
30022
30024
30036
30036
30043
30051
30058
30060
30065
30069
30072
30072
30075
30076
30085
30085
30097
30098
30105
30107
30108
30117
30117
30119
30124
30125
30129
30133
30135
30137
30137
30137
30138
30140
30143
30143
30148
30148
30149
30151
30152
30163
30166
30166
30166
30168
30171
30172
30174
30177
30178
30178
30179
30181
30181
30187
30188
30196
30198
30198
30200
30200
30204
30208
30208
30223
30226
30229
30237
30238
30241
30248
30254
30255
30258
30260
30260
30261
30269
30273
30276
30282
30290
30292
30292
30296
30297
30299
30302
30302
30303
30306
30307
30311
30320
30327
30330
30330
30337
30341
30343
30345
30345
30353
30353
30354
30360
30363
30366
30371
30371
30371
30372
30374
30375
30378
30389
30393
30399
30399
30400
30402
30404
30405
30405
30408
30412
30413
30413
30413
30415
30426
30426
30441
30442
30444
30444
30447
30449
30453
30454
30458
30459
30460
30463
30465
30470
30472
30475
30477
30487
30487
30488
30489
30489
30490
30491
30492
30501
30501
30502
30508
30513
30514
30514
30521
30529
30531
30533
30537
30539
30543
30553
30560
30560
30562
30582
30585
30590
30603
30608
30612
30617
30619
30627
30627
30627
30628
30629
30630
30631
30631
30637
30640
30646
30647
30650
30652
30652
30656
30663
30670
30678
30681
30681
30683
30684
30687
30690
30697
30700
30702
30713
30713
30714
30723
30726
30730
30730
30731
30733
30735
30735
30735
30736
30737
30743
30750
30751
30756
30757
30759
30766
30766
30767
30772
30772
30774
30781
30790
30793
30802
30812
30813
30820
30821
30821
30823
30827
30827
30838
30845
30846
30846
30849
30854
30858
30862
30862
30863
30864
30871
30872
30876
30876
30876
30877
30881
30881
30881
30884
30888
30892
30894
30896
30900
30900
30906
30907
30913
30917
30918
30920
30924
30930
30940
30941
30946
30946
30947
30947
30952
30954
30957
30958
30961
30963
30966
30970
30971
30975
30988
30991
31012
31023
31024
31028
31031
31031
31038
31041
31041
31044
31047
31049
31050
31056
31061
31065
31070
31092
31092
31093
31097
31097
31097
31098
31099
31102
31102
31105
31105
31105
31111
31111
31121
31123
31127
31131
31137
31140
31141
31146
31149
31154
31155
31166
31167
31169
31177
31188
31195
31196
31205
31212
31219
31221
31221
31223
31224
31225
31225
31226
31227
31235
31235
31236
31239
31240
31241
31243
31245
31248
31252
31253
31257
31265
31267
31268
31270
31271
31272
31275
31277
31277
31281
31283
31286
31288
31292
31296
31296
31298
31300
31310
31315
31315
31316
31320
31321
31326
31328
31328
31329
31330
31332
31338
31338
31341
31344
31347
31350
31355
31356
31360
31361
31364
31379
31392
31397
31397
31400
31407
31416
31425
31427
31439
31441
31443
31456
31462
31465
31466
31467
31469
31470
31471
31476
31485
31486
31488
31491
31493
31494
31494
31495
31500
31502
31505
31506
31514
31519
31520
31521
31524
31531
31536
31537
31544
31546
31549
31553
31553
31559
31562
31567
31568
31568
31576
31577
31578
31589
31590
31591
31593
31601
31603
31608
31608
31609
31609
31610
31614
31621
31623
31631
31634
31637
31641
31643
31646
31655
31658
31660
31661
31661
31661
31661
31670
31670
31674
31683
31685
31689
31698
31700
31701
31702
31705
31706
31707
31708
31713
31713
31713
31725
31732
31732
31736
31737
31737
31742
31743
31745
31750
31750
31751
31753
31756
31756
31758
31760
31767
31772
31774
31775
31776
31779
31780
31782
31790
31790
31791
31804
31808
31810
31818
31822
31824
31827
31829
31829
31834
31834
31835
31836
31862
31863
31870
31872
31873
31878
31881
31881
31883
31889
31893
31895
31895
31898
31907
31910
31910
31914
31924
31926
31927
31928
31941
31942
31950
31951
31952
31953
31954
31957
31958
31967
31973
31975
31977
31979
31980
31983
31985
31990
31991
31991
31992
31992
32002
32006
32012
32016
32017
32023
32023
32028
32031
32046
32048
32054
32063
32064
32065
32067
32070
32077
32084
32100
32103
32108
32117
32121
32123
32125
32126
32128
32131
32135
32136
32136
32136
32139
32140
32143
32149
32150
32151
32156
32157
32159
32160
32163
32178
32184
32186
32191
32194
32195
32196
32203
32208
32209
32211
32220
32221
32228
32242
32247
32248
32255
32260
32262
32265
32267
32270
32274
32277
32279
32279
32281
32288
32296
32299
32299
32302
32307
32314
32324
32326
32326
32338
32343
32350
32350
32352
32353
32364
32366
32370
32372
32376
32376
32377
32378
32379
32380
32380
32381
32382
32385
32389
32392
32392
32394
32394
32395
32397
32401
32414
32414
32418
32418
32421
32421
32424
32424
32424
32426
32428
32434
32437
32439
32442
32442
32454
32455
32467
32471
32472
32473
32480
32483
32485
32486
32486
32486
32488
32493
32495
32497
32502
32505
32519
32521
32521
32522
32524
32527
32527
32528
32529
32530
32534
32544
32548
32549
32549
32553
32555
32557
32561
32561
32563
32563
32570
32571
32572
32574
32586
32586
32597
32599
32601
32605
32607
32608
32613
32618
32620
32622
32628
32628
32629
32634
32638
32639
32640
32645
32646
32651
32658
32668
32671
32672
32678
32678
32684
32684
32685
32687
32694
32698
32704
32706
32711
32713
32715
32718
32719
32723
32728
32731
32731
32734
32739
32750
32753
32755
32760
32761
32765
