32767
32767
32757
32755
32748
32741
32737
32734
32733
32728
32725
32717
32711
32701
32701
32693
32692
32684
32681
32671
32670
32669
32661
32654
32653
32653
32651
32648
32633
32631
32628
32627
32620
32619
32619
32615
32615
32613
32611
32608
32605
32603
32601
32600
32596
32596
32588
32581
32579
32579
32577
32569
32565
32564
32562
32560
32560
32558
32553
32552
32550
32549
32548
32545
32543
32539
32526
32524
32523
32522
32521
32520
32519
32515
32510
32507
32505
32503
32500
32499
32495
32494
32492
32490
32490
32490
32485
32483
32482
32479
32479
32467
32465
32465
32464
32462
32450
32449
32449
32444
32443
32442
32438
32438
32435
32432
32431
32428
32427
32424
32424
32413
32410
32408
32406
32402
32399
32396
32395
32390
32380
32378
32370
32368
32368
32368
32367
32363
32362
32352
32350
32350
32345
32340
32337
32328
32328
32324
32324
32318
32317
32316
32316
32313
32313
32309
32307
32303
32300
32298
32289
32286
32286
32282
32281
32272
32269
32265
32260
32256
32254
32246
32246
32245
32239
32239
32231
32230
32227
32225
32217
32217
32212
32209
32207
32200
32198
32196
32195
32194
32183
32182
32178
32176
32171
32168
32167
32166
32162
32160
32159
32157
32154
32154
32149
32146
32145
32144
32143
32143
32137
32136
32133
32132
32132
32130
32129
32125
32119
32113
32099
32098
32089
32088
32086
32084
32084
32083
32074
32072
32070
32066
32065
32064
32063
32058
32057
32057
32052
32051
32047
32046
32045
32039
32036
32034
32032
32026
32026
32023
32020
32020
32020
32018
32013
32012
32010
32009
32008
32005
32003
32000
31998
31994
31991
31971
31969
31964
31962
31961
31960
31956
31953
31950
31948
31946
31932
31932
31930
31929
31929
31928
31924
31917
31916
31912
31910
31908
31906
31905
31904
31903
31903
31901
31894
31893
31892
31889
31887
31887
31885
31885
31884
31884
31884
31881
31881
31880
31877
31873
31871
31859
31858
31856
31855
31854
31843
31837
31837
31837
31836
31828
31827
31824
31817
31817
31816
31815
31811
31809
31808
31801
31800
31795
31794
31792
31790
31788
31782
31779
31774
31772
31769
31765
31764
31754
31750
31743
31735
31734
31732
31732
31730
31729
31727
31724
31723
31719
31718
31707
31706
31705
31690
31689
31686
31686
31684
31679
31679
31673
31672
31672
31652
31644
31642
31642
31639
31638
31637
31636
31632
31632
31625
31625
31612
31607
31604
31603
31598
31592
31589
31588
31586
31583
31583
31582
31578
31578
31576
31575
31568
31567
31562
31562
31555
31554
31553
31551
31549
31544
31539
31532
31530
31525
31521
31519
31511
31510
31510
31507
31502
31493
31488
31486
31486
31485
31484
31483
31481
31480
31480
31475
31472
31459
31458
31456
31455
31454
31449
31449
31443
31439
31436
31436
31435
31431
31425
31420
31404
31403
31400
31400
31398
31397
31392
31387
31384
31382
31381
31380
31377
31376
31374
31373
31369
31368
31365
31360
31358
31356
31351
31350
31346
31343
31339
31337
31334
31334
31329
31325
31323
31320
31318
31314
31314
31307
31306
31303
31299
31293
31291
31290
31287
31281
31277
31276
31276
31275
31268
31265
31258
31257
31256
31254
31254
31253
31253
31250
31250
31236
31233
31231
31230
31227
31226
31223
31223
31218
31217
31216
31216
31208
31206
31201
31198
31198
31198
31196
31190
31186
31182
31177
31168
31167
31166
31163
31162
31161
31158
31155
31146
31142
31140
31137
31131
31121
31118
31115
31115
31114
31114
31106
31103
31100
31100
31097
31095
31094
31093
31091
31088
31075
31074
31074
31065
31065
31061
31051
31040
31039
31036
31027
31025
31019
31013
31010
31005
31003
31003
30994
30993
30989
30988
30986
30970
30968
30967
30966
30961
30959
30956
30947
30946
30944
30939
30937
30937
30936
30936
30934
30934
30933
30932
30930
30929
30924
30924
30923
30917
30911
30905
30901
30900
30871
30869
30867
30866
30865
30859
30848
30841
30831
30830
30826
30825
30822
30821
30820
30818
30816
30815
30808
30799
30799
30796
30791
30790
30789
30788
30786
30781
30780
30767
30765
30761
30760
30754
30751
30749
30745
30744
30743
30740
30738
30735
30732
30732
30728
30728
30727
30727
30727
30720
30720
30716
30714
30713
30703
30698
30697
30693
30693
30692
30689
30680
30675
30669
30667
30662
30661
30659
30658
30654
30653
30652
30650
30649
30645
30643
30641
30638
30638
30637
30631
30631
30629
30626
30624
30623
30623
30620
30619
30610
30608
30604
30598
30597
30594
30584
30582
30581
30580
30576
30570
30569
30565
30562
30560
30557
30556
30556
30551
30539
30537
30534
30524
30521
30520
30518
30516
30514
30506
30498
30498
30496
30493
30490
30487
30480
30479
30475
30472
30472
30466
30462
30457
30454
30453
30447
30446
30445
30443
30440
30425
30424
30422
30417
30414
30409
30402
30400
30400
30390
30385
30384
30372
30368
30367
30364
30359
30354
30349
30348
30344
30340
30338
30337
30324
30323
30323
30321
30320
30319
30314
30310
30306
30304
30303
30290
30285
30278
30276
30273
30270
30268
30266
30264
30252
30242
30239
30238
30236
30222
30222
30220
30218
30218
30215
30214
30213
30206
30206
30205
30205
30204
30201
30200
30195
30193
30192
30188
30188
30185
30184
30183
30182
30180
30169
30165
30163
30154
30151
30150
30148
30140
30127
30124
30116
30112
30108
30108
30105
30100
30098
30097
30088
30076
30075
30075
30072
30065
30061
30060
30034
30029
30028
30028
30023
30023
30021
30018
30003
30001
30000
29999
29997
29995
29987
29983
29980
29975
29975
29973
29969
29968
29966
29966
29956
29956
29954
29953
29947
29945
29932
29931
29930
29925
29925
29924
29920
29915
29914
29912
29908
29897
29894
29892
29892
29891
29887
29887
29887
29882
29878
29878
29876
29874
29869
29867
29861
29860
29853
29852
29851
29851
29850
29849
29848
29846
29843
29841
29838
29838
29836
29836
29836
29833
29822
29820
29813
29810
29809
29808
29808
29806
29800
29798
29798
29797
29797
29792
29789
29786
29784
29782
29780
29780
29776
29772
29764
29760
29757
29756
29756
29746
29745
29744
29742
29739
29737
29732
29731
29726
29724
29724
29718
29713
29713
29704
29702
29699
29699
29698
29698
29698
29693
29689
29688
29688
29685
29681
29672
29671
29670
29668
29657
29655
29654
29653
29649
29643
29640
29638
29637
29637
29634
29625
29625
29616
29615
29606
29596
29595
29591
29590
29588
29588
29588
29586
29583
29583
29581
29581
29565
29563
29555
29553
29550
29548
29547
29545
29542
29538
29536
29535
29534
29525
29516
29516
29513
29513
29513
29512
29511
29510
29503
29503
29498
29498
29498
29488
29483
29476
29473
29473
29466
29465
29460
29459
29450
29450
29448
29448
29447
29447
29447
29444
29442
29442
29441
29439
29433
29428
29428
29423
29420
29420
29413
29409
29408
29407
29406
29404
29404
29396
29394
29389
29388
29387
29387
29385
29381
29380
29380
29378
29375
29369
29363
29359
29355
29347
29346
29344
29343
29338
29338
29329
29326
29325
29324
29311
29311
29307
29306
29305
29305
29302
29299
29291
29290
29287
29283
29283
29283
29280
29278
29274
29268
29263
29262
29260
29260
29259
29257
29255
29254
29252
29251
29248
29247
29225
29211
29208
29191
29188
29182
29177
29170
29159
29150
29149
29147
29147
29145
29145
29145
29139
29136
29132
29127
29125
29124
29123
29123
29120
29120
29117
29117
29108
29104
29103
29101
29101
29095
29095
29089
29079
29076
29075
29073
29073
29070
29069
29065
29057
29056
29046
29043
29040
29039
29032
29023
29023
29018
29015
29011
29005
29004
29002
28989
28986
28978
28978
28976
28972
28971
28969
28969
28965
28962
28961
28951
28951
28950
28948
28947
28946
28945
28941
28938
28935
28930
28929
28926
28911
28910
28902
28900
28899
28891
28887
28887
28882
28881
28877
28873
28867
28866
28863
28856
28855
28844
28844
28843
28843
28832
28831
28827
28827
28825
28821
28815
28812
28811
28808
28806
28798
28796
28796
28791
28787
28784
28775
28775
28764
28762
28762
28755
28749
28748
28745
28742
28742
28741
28740
28739
28738
28735
28731
28731
28730
28729
28723
28721
28717
28714
28711
28701
28701
28697
28685
28681
28679
28678
28676
28676
28671
28671
28670
28668
28668
28668
28664
28659
28659
28658
28658
28650
28639
28639
28627
28625
28625
28624
28619
28611
28608
28608
28601
28599
28598
28592
28591
28587
28587
28587
28584
28582
28581
28579
28579
28576
28560
28559
28559
28555
28554
28552
28552
28551
28550
28548
28547
28546
28543
28542
28541
28539
28531
28528
28522
28518
28513
28506
28505
28504
28499
28498
28498
28493
28487
28487
28486
28486
28484
28480
28479
28474
28473
28471
28464
28463
28459
28458
28450
28445
28444
28443
28443
28440
28434
28434
28425
28422
28420
28420
28418
28416
28414
28411
28407
28396
28392
28369
28366
28362
28361
28352
28351
28345
28343
28340
28338
28335
28333
28332
28329
28326
28324
28323
28310
28306
28301
28295
28292
28288
28277
28276
28274
28270
28264
28258
28256
28255
28255
28255
28251
28249
28248
28248
28247
28245
28237
28233
28231
28230
28229
28226
28225
28224
28222
28221
28220
28219
28217
28213
28213
28211
28206
28203
28201
28200
28198
28196
28192
28189
28187
28182
28180
28178
28168
28167
28166
28165
28162
28162
28159
28158
28154
28153
28152
28150
28143
28143
28142
28135
28134
28132
28131
28130
28122
28120
28111
28110
28108
28106
28102
28092
28089
28087
28083
28083
28081
28077
28076
28073
28071
28064
28055
28054
28053
28050
28049
28048
28047
28043
28035
28033
28031
28028
28025
28007
28005
28001
27998
27995
27993
27991
27989
27989
27989
27984
27984
27977
27975
27961
27952
27947
27935
27929
27920
27916
27916
27908
27908
27893
27875
27869
27867
27862
27862
27862
27861
27860
27859
27859
27859
27859
27856
27855
27853
27851
27836
27831
27831
27829
27816
27816
27815
27814
27813
27802
27802
27800
27798
27796
27792
27765
27763
27760
27759
27752
27750
27748
27744
27743
27730
27728
27727
27725
27719
27719
27717
27716
27716
27714
27713
27702
27692
27692
27691
27690
27687
27680
27674
27673
27673
27669
27667
27666
27663
27651
27649
27649
27644
27643
27643
27642
27642
27641
27641
27638
27635
27634
27634
27630
27629
27626
27625
27622
27609
27603
27603
27602
27595
27593
27590
27586
27581
27550
27549
27543
27542
27540
27537
27533
27533
27525
27522
27522
27522
27518
27507
27506
27504
27504
27503
27503
27503
27502
27500
27500
27499
27497
27494
27492
27486
27485
27470
27469
27467
27461
27461
27455
27452
27452
27451
27450
27450
27449
27448
27448
27443
27436
27427
27412
27406
27405
27405
27402
27400
27396
27395
27384
27378
27373
27372
27371
27367
27364
27361
27354
27353
27352
27347
27346
27343
27342
27336
27332
27331
27330
27323
27321
27316
27313
27310
27307
27306
27303
27291
27284
27283
27278
27274
27272
27263
27258
27255
27252
27250
27250
27249
27249
27248
27247
27245
27243
27241
27240
27238
27235
27234
27233
27232
27231
27227
27212
27206
27203
27200
27192
27191
27191
27181
27179
27178
27176
27176
27175
27175
27173
27173
27169
27169
27168
27167
27166
27164
27161
27154
27147
27131
27130
27130
27126
27124
27123
27121
27120
27119
27119
27108
27105
27104
27101
27096
27094
27093
27092
27086
27085
27083
27081
27081
27076
27075
27071
27059
27059
27058
27054
27053
27050
27045
27044
27036
27035
27030
27030
27029
27025
27024
27021
27010
27010
27009
27008
27004
27003
27001
26999
26998
26998
26998
26991
26990
26985
26984
26975
26975
26973
26971
26970
26966
26955
26954
26951
26945
26942
26942
26941
26941
26940
26938
26937
26936
26931
26931
26925
26923
26920
26918
26917
26916
26909
26902
26900
26898
26894
26889
26886
26885
26885
26882
26881
26881
26876
26872
26869
26857
26854
26853
26848
26847
26842
26838
26835
26835
26833
26833
26830
26830
26828
26827
26827
26821
26812
26810
26809
26807
26806
26805
26804
26803
26798
26796
26783
26783
26776
26773
26767
26765
26758
26752
26751
26742
26741
26739
26739
26738
26736
26729
26729
26729
26722
26718
26711
26698
26695
26695
26691
26691
26685
26677
26675
26672
26672
26671
26667
26665
26660
26653
26652
26646
26644
26642
26642
26641
26640
26639
26639
26634
26633
26625
26624
26623
26623
26622
26619
26619
26617
26617
26617
26612
26612
26595
26595
26594
26591
26587
26584
26581
26578
26577
26577
26570
26566
26564
26560
26560
26559
26558
26556
26554
26552
26544
26542
26542
26542
26540
26539
26538
26536
26536
26530
26526
26525
26525
26522
26520
26520
26519
26514
26512
26511
26508
26499
26495
26493
26490
26485
26484
26481
26472
26472
26469
26461
26456
26451
26447
26447
26442
26442
26424
26417
26416
26413
26405
26404
26403
26402
26399
26397
26396
26391
26383
26383
26379
26368
26365
26360
26356
26351
26349
26345
26338
26337
26332
26327
26324
26322
26321
26320
26318
26315
26312
26309
26305
26304
26304
26304
26303
26301
26296
26295
26294
26292
26292
26290
26289
26287
26283
26283
26281
26268
26264
26264
26262
26258
26258
26254
26254
26251
26247
26245
26239
26232
26230
26228
26225
26222
26221
26221
26220
26201
26197
26195
26191
26191
26190
26189
26183
26178
26174
26172
26170
26162
26160
26157
26153
26150
26145
26139
26138
26136
26131
26131
26128
26125
26119
26118
26117
26116
26109
26107
26106
26102
26100
26100
26092
26091
26086
26078
26078
26075
26075
26073
26071
26069
26065
26065
26062
26060
26059
26056
26056
26055
26054
26043
26041
26041
26040
26039
26031
26031
26025
26025
26024
26019
26018
26016
26013
26012
26011
26005
26003
25989
25986
25982
25979
25978
25973
25968
25965
25962
25961
25960
25957
25956
25955
25952
25937
25935
25933
25933
25928
25927
25926
25923
25922
25922
25921
25919
25916
25915
25914
25910
25909
25909
25906
25902
25899
25897
25896
25894
25886
25879
25877
25869
25865
25864
25861
25852
25851
25850
25843
25841
25840
25839
25834
25833
25830
25822
25810
25808
25805
25803
25799
25790
25788
25784
25774
25770
25770
25769
25768
25768
25767
25766
25764
25760
25758
25758
25757
25755
25750
25747
25747
25744
25743
25741
25733
25730
25727
25725
25722
25711
25708
25707
25706
25702
25695
25688
25685
25683
25678
25677
25673
25673
25671
25669
25665
25663
25657
25656
25655
25651
25646
25639
25628
25628
25626
25625
25623
25609
25607
25604
25602
25602
25599
25599
25597
25596
25595
25593
25588
25573
25570
25567
25566
25564
25564
25561
25557
25556
25554
25549
25549
25548
25545
25543
25542
25534
25533
25533
25524
25520
25515
25512
25512
25499
25492
25491
25485
25484
25484
25479
25476
25469
25468
25462
25457
25457
25454
25453
25446
25443
25438
25436
25433
25429
25429
25429
25414
25396
25395
25386
25385
25385
25379
25377
25375
25373
25371
25371
25370
25361
25360
25350
25343
25339
25338
25328
25326
25324
25323
25320
25318
25314
25312
25311
25308
25304
25297
25291
25291
25286
25277
25275
25274
25266
25265
25261
25260
25257
25247
25246
25245
25244
25240
25232
25224
25222
25220
25220
25214
25210
25209
25203
25194
25190
25187
25184
25182
25180
25171
25167
25163
25161
25159
25153
25152
25151
25151
25143
25141
25139
25136
25125
25118
25116
25115
25112
25108
25101
25101
25091
25090
25077
25069
25066
25064
25062
25058
25054
25049
25046
25045
25044
25039
25038
25034
25034
25033
25024
25019
25019
25013
25013
25009
25007
25005
25004
25003
25001
24997
24997
24991
24983
24982
24976
24974
24967
24965
24965
24959
24958
24958
24955
24953
24947
24946
24940
24939
24939
24936
24935
24935
24931
24930
24926
24922
24921
24920
24916
24909
24908
24904
24901
24895
24885
24885
24882
24877
24873
24872
24870
24868
24867
24863
24859
24858
24858
24856
24854
24848
24848
24844
24843
24837
24832
24828
24825
24819
24818
24814
24811
24806
24804
24804
24802
24797
24797
24796
24795
24791
24782
24779
24778
24768
24766
24763
24760
24751
24745
24742
24742
24740
24735
24728
24721
24720
24716
24715
24712
24709
24697
24685
24685
24683
24681
24680
24680
24676
24675
24674
24673
24668
24650
24647
24646
24645
24645
24628
24625
24622
24621
24620
24615
24613
24601
24598
24594
24589
24589
24583
24580
24576
24573
24563
24560
24559
24558
24554
24547
24544
24544
24541
24541
24537
24537
24535
24534
24518
24517
24515
24515
24514
24513
24512
24510
24510
24505
24504
24498
24496
24495
24494
24490
24489
24489
24480
24480
24475
24475
24472
24472
24466
24465
24464
24464
24461
24460
24456
24445
24441
24435
24435
24434
24428
24427
24423
24423
24417
24412
24409
24408
24407
24405
24395
24395
24379
24378
24376
24369
24359
24354
24354
24354
24354
24353
24351
24345
24344
24344
24334
24330
24319
24314
24313
24311
24309
24309
24308
24298
24298
24295
24291
24282
24280
24274
24271
24266
24253
24251
24250
24249
24249
24247
24247
24246
24242
24242
24240
24239
24232
24232
24225
24224
24222
24221
24219
24218
24217
24214
24206
24202
24199
24198
24197
24188
24187
24180
24170
24169
24164
24163
24158
24153
24153
24152
24150
24145
24142
24135
24134
24130
24126
24118
24112
24110
24108
24107
24096
24094
24084
24082
24079
24078
24078
24073
24070
24069
24063
24057
24056
24054
24054
24051
24045
24038
24035
24033
24031
24026
24016
24012
24010
24009
24007
24006
24004
24002
24000
23997
23997
23996
23994
23988
23988
23986
23978
23978
23971
23970
23968
23967
23966
23964
23954
23950
23948
23945
23939
23935
23932
23926
23921
23920
23919
23918
23917
23917
23916
23914
23912
23909
23908
23902
23892
23889
23886
23881
23880
23878
23875
23873
23871
23867
23861
23860
23855
23849
23840
23838
23831
23818
23817
23812
23811
23806
23802
23800
23793
23791
23789
23786
23775
23772
23765
23762
23759
23749
23746
23734
23733
23731
23720
23717
23712
23706
23699
23694
23683
23681
23672
23666
23663
23656
23656
23655
23655
23654
23646
23643
23642
23633
23627
23625
23623
23623
23620
23618
23618
23615
23614
23607
23604
23604
23603
23599
23591
23589
23587
23586
23569
23567
23567
23566
23562
23561
23548
23547
23543
23536
23531
23525
23524
23524
23520
23514
23503
23502
23501
23499
23497
23496
23494
23493
23489
23481
23474
23470
23466
23464
23460
23460
23455
23449
23441
23438
23437
23437
23432
23429
23425
23411
23410
23408
23408
23404
23400
23397
23390
23386
23384
23380
23378
23374
23371
23363
23362
23361
23359
23358
23356
23356
23350
23350
23342
23339
23332
23327
23323
23322
23316
23314
23309
23301
23298
23295
23295
23292
23290
23290
23288
23287
23273
23268
23266
23265
23260
23258
23254
23254
23253
23251
23247
23245
23242
23239
23227
23227
23226
23225
23223
23221
23216
23215
23213
23211
23210
23210
23206
23200
23198
23193
23193
23192
23188
23179
23170
23168
23167
23159
23159
23154
23151
23148
23146
23146
23145
23145
23143
23140
23138
23137
23136
23135
23133
23130
23130
23128
23125
23122
23120
23118
23111
23106
23096
23095
23082
23076
23075
23073
23072
23071
23070
23065
23062
23057
23055
23051
23050
23050
23049
23038
23037
23035
23034
23033
23030
23030
23027
23027
23025
23024
23019
23019
23018
23010
23007
22999
22998
22998
22994
22991
22989
22988
22987
22979
22977
22963
22957
22950
22947
22945
22944
22936
22936
22932
22932
22930
22930
22928
22927
22922
22918
22912
22907
22907
22906
22905
22904
22903
22900
22894
22887
22885
22879
22879
22877
22874
22868
22868
22867
22866
22860
22859
22857
22839
22835
22833
22826
22822
22818
22816
22813
22812
22812
22804
22795
22794
22783
22775
22774
22771
22770
22768
22766
22763
22756
22747
22747
22745
22744
22737
22727
22726
22726
22725
22725
22722
22718
22713
22713
22711
22711
22705
22702
22699
22695
22695
22695
22694
22692
22690
22689
22680
22678
22667
22667
22666
22664
22663
22658
22656
22655
22650
22647
22645
22643
22642
22625
22624
22621
22617
22614
22612
22612
22611
22609
22608
22608
22608
22605
22599
22599
22597
22595
22593
22586
22585
22583
22582
22578
22576
22574
22571
22569
22565
22557
22550
22546
22545
22544
22544
22542
22541
22532
22532
22530
22529
22524
22523
22521
22521
22519
22518
22518
22512
22511
22510
22507
22507
22493
22491
22487
22483
22473
22469
22465
22448
22444
22442
22439
22430
22426
22421
22420
22419
22417
22417
22416
22408
22407
22397
22393
22390
22389
22387
22385
22381
22380
22380
22377
22375
22373
22373
22371
22365
22361
22353
22347
22346
22344
22343
22338
22333
22330
22329
22329
22311
22306
22305
22305
22297
22295
22295
22289
22287
22285
22283
22279
22279
22277
22267
22266
22264
22261
22260
22258
22248
22237
22234
22232
22225
22223
22218
22216
22208
22198
22196
22194
22193
22189
22181
22176
22173
22170
22161
22158
22158
22157
22155
22153
22151
22135
22132
22130
22125
22123
22119
22109
22103
22100
22094
22081
22075
22071
22064
22060
22047
22038
22038
22031
22030
22028
22023
22020
22020
22012
22009
22005
22003
22002
22001
21992
21989
21980
21979
21978
21977
21975
21975
21975
21974
21971
21970
21969
21958
21952
21949
21949
21946
21946
21946
21942
21941
21933
21931
21926
21926
21925
21923
21919
21919
21911
21908
21906
21892
21884
21879
21873
21873
21870
21868
21868
21861
21860
21854
21851
21842
21837
21831
21831
21830
21829
21826
21823
21821
21813
21809
21804
21801
21785
21785
21783
21783
21779
21771
21768
21764
21754
21752
21751
21749
21749
21748
21746
21737
21731
21728
21724
21715
21714
21708
21702
21699
21699
21693
21689
21688
21683
21679
21672
21662
21662
21660
21659
21656
21653
21653
21651
21647
21644
21644
21639
21636
21633
21630
21622
21620
21608
21604
21603
21601
21601
21600
21598
21590
21582
21581
21579
21573
21566
21562
21561
21558
21557
21554
21548
21546
21543
21537
21536
21529
21527
21526
21524
21522
21513
21508
21503
21503
21498
21489
21487
21486
21481
21470
21464
21461
21452
21451
21445
21442
21437
21434
21434
21432
21432
21430
21426
21423
21423
21422
21421
21420
21412
21411
21410
21406
21405
21400
21398
21390
21386
21380
21376
21374
21371
21365
21363
21361
21360
21359
21349
21347
21346
21344
21344
21343
21338
21333
21332
21331
21330
21324
21322
21321
21315
21311
21306
21303
21298
21298
21295
21268
21262
21262
21260
21259
21242
21240
21239
21238
21237
21236
21232
21232
21232
21224
21221
21214
21212
21208
21208
21207
21205
21203
21190
21189
21189
21186
21180
21177
21173
21172
21164
21161
21156
21154
21152
21148
21147
21143
21143
21137
21127
21124
21123
21123
21117
21115
21109
21103
21100
21098
21097
21095
21085
21078
21069
21068
21066
21058
21055
21049
21049
21046
21046
21039
21037
21037
21036
21034
21029
21029
21025
21024
21023
21018
21015
21011
21006
21004
21000
20985
20985
20985
20984
20984
20980
20977
20974
20965
20959
20957
20939
20938
20938
20937
20936
20936
20932
20922
20922
20921
20919
20917
20916
20914
20902
20901
20899
20896
20894
20887
20886
20883
20882
20878
20871
20865
20864
20862
20862
20860
20860
20855
20855
20854
20850
20845
20845
20843
20834
20834
20830
20825
20822
20822
20821
20818
20812
20808
20805
20804
20796
20796
20796
20790
20789
20786
20783
20777
20777
20776
20771
20769
20765
20763
20761
20759
20757
20753
20753
20752
20747
20746
20742
20741
20729
20727
20718
20715
20715
20710
20707
20705
20703
20700
20698
20696
20695
20695
20695
20692
20689
20687
20682
20681
20679
20677
20672
20672
20668
20668
20667
20664
20663
20659
20657
20655
20650
20648
20648
20640
20638
20637
20637
20631
20626
20625
20618
20614
20613
20613
20612
20610
20609
20608
20604
20604
20598
20594
20593
20584
20579
20578
20576
20576
20570
20566
20549
20547
20545
20543
20539
20535
20526
20526
20525
20524
20517
20516
20502
20498
20496
20491
20488
20484
20483
20479
20475
20465
20461
20461
20454
20454
20454
20448
20443
20438
20437
20436
20436
20434
20433
20432
20423
20406
20404
20399
20396
20389
20387
20379
20378
20372
20371
20369
20364
20363
20363
20361
20360
20354
20353
20349
20348
20346
20345
20344
20341
20333
20320
20315
20313
20305
20302
20301
20300
20295
20292
20292
20291
20290
20290
20288
20287
20282
20280
20274
20271
20270
20269
20268
20265
20257
20256
20253
20251
20249
20248
20247
20246
20240
20237
20237
20220
20220
20219
20218
20218
20213
20211
20209
20204
20204
20203
20200
20199
20199
20199
20194
20193
20192
20192
20190
20188
20188
20187
20185
20181
20178
20177
20174
20173
20172
20170
20167
20164
20162
20158
20157
20157
20152
20141
20137
20135
20129
20128
20127
20126
20123
20123
20122
20121
20118
20112
20110
20106
20100
20097
20096
20093
20092
20089
20087
20086
20080
20078
20072
20065
20065
20064
20054
20051
20038
20034
20033
20030
20029
20026
20023
20013
20011
20008
20008
19998
19997
19991
19988
19982
19981
19978
19978
19973
19971
19971
19968
19966
19963
19960
19952
19949
19946
19946
19940
19939
19938
19938
19936
19934
19931
19931
19930
19929
19928
19917
19908
19905
19903
19903
19902
19902
19895
19891
19889
19886
19886
19881
19871
19870
19865
19864
19858
19855
19851
19849
19849
19841
19839
19835
19835
19825
19824
19823
19808
19805
19802
19801
19800
19795
19794
19794
19793
19788
19787
19782
19779
19771
19769
19765
19765
19756
19752
19750
19748
19746
19743
19743
19741
19739
19739
19736
19734
19731
19731
19726
19722
19720
19719
19715
19715
19715
19712
19711
19707
19704
19704
19695
19693
19692
19688
19686
19681
19674
19670
19659
19652
19649
19647
19638
19638
19635
19631
19630
19626
19626
19625
19621
19617
19617
19608
19607
19604
19603
19599
19599
19594
19593
19592
19592
19591
19585
19570
19564
19562
19560
19559
19555
19555
19547
19545
19542
19531
19525
19521
19521
19519
19506
19506
19505
19504
19502
19499
19497
19497
19491
19488
19476
19471
19462
19462
19453
19452
19438
19438
19423
19423
19417
19413
19413
19409
19407
19405
19402
19402
19401
19400
19393
19392
19392
19390
19390
19389
19388
19387
19386
19385
19377
19376
19373
19367
19365
19362
19361
19353
19351
19348
19348
19344
19341
19339
19339
19327
19327
19327
19326
19326
19321
19320
19307
19307
19305
19303
19301
19300
19294
19290
19286
19283
19279
19278
19276
19269
19267
19263
19260
19257
19255
19249
19244
19242
19239
19206
19206
19205
19205
19201
19198
19194
19192
19182
19179
19174
19168
19165
19165
19164
19160
19159
19158
19158
19155
19155
19153
19151
19150
19143
19133
19132
19130
19125
19125
19124
19123
19119
19116
19114
19108
19108
19104
19103
19100
19092
19082
19080
19079
19077
19075
19073
19069
19068
19067
19065
19059
19058
19052
19049
19048
19029
19025
19022
19020
19013
19010
19008
19002
18996
18995
18990
18989
18983
18972
18972
18968
18967
18964
18962
18960
18959
18957
18956
18949
18945
18941
18937
18936
18930
18929
18925
18921
18920
18917
18915
18913
18907
18904
18899
18899
18896
18889
18887
18882
18881
18879
18876
18872
18866
18862
18858
18852
18851
18850
18838
18837
18827
18827
18824
18815
18814
18814
18807
18805
18802
18800
18797
18796
18794
18794
18784
18779
18775
18774
18773
18772
18767
18764
18764
18762
18762
18754
18747
18745
18744
18741
18739
18734
18733
18731
18729
18728
18726
18720
18718
18715
18715
18713
18708
18705
18704
18702
18701
18701
18700
18697
18693
18693
18690
18688
18680
18680
18679
18673
18672
18671
18668
18666
18658
18657
18656
18653
18643
18642
18635
18627
18624
18621
18604
18604
18595
18593
18585
18583
18583
18583
18580
18572
18572
18570
18569
18565
18550
18548
18548
18545
18545
18543
18539
18535
18530
18528
18527
18521
18519
18513
18511
18508
18508
18502
18501
18500
18500
18499
18498
18496
18496
18493
18492
18488
18485
18485
18481
18479
18474
18474
18469
18467
18465
18460
18459
18448
18440
18438
18427
18425
18423
18421
18416
18416
18415
18412
18406
18404
18401
18397
18397
18397
18396
18395
18393
18393
18384
18377
18374
18372
18368
18367
18361
18356
18348
18348
18346
18345
18344
18342
18338
18334
18331
18329
18326
18321
18317
18313
18311
18306
18305
18304
18300
18300
18300
18297
18296
18296
18284
18280
18280
18279
18275
18274
18273
18259
18256
18255
18254
18249
18249
18247
18247
18246
18233
18231
18225
18224
18217
18213
18208
18207
18204
18204
18204
18203
18201
18197
18195
18194
18193
18188
18187
18186
18185
18179
18176
18174
18174
18167
18164
18155
18149
18137
18136
18134
18131
18127
18126
18121
18120
18118
18114
18114
18113
18111
18110
18109
18103
18102
18099
18092
18091
18086
18077
18077
18071
18063
18058
18054
18052
18044
18043
18039
18039
18035
18033
18030
18028
18023
18022
18019
18010
18009
18003
17998
17995
17994
17987
17987
17980
17978
17975
17971
17969
17967
17961
17956
17948
17946
17942
17939
17938
17937
17931
17931
17929
17921
17921
17919
17915
17915
17910
17909
17909
17909
17908
17907
17906
17901
17899
17898
17891
17882
17868
17866
17865
17863
17852
17852
17849
17848
17847
17844
17841
17837
17837
17829
17822
17820
17820
17818
17817
17815
17813
17813
17811
17798
17795
17793
17792
17792
17790
17789
17788
17788
17782
17781
17779
17779
17779
17775
17774
17764
17757
17753
17747
17742
17741
17738
17725
17723
17719
17716
17716
17715
17711
17707
17706
17705
17699
17698
17685
17683
17683
17680
17676
17675
17669
17669
17656
17650
17647
17641
17639
17637
17635
17633
17632
17632
17631
17630
17626
17625
17624
17620
17619
17616
17611
17609
17604
17598
17591
17590
17588
17586
17581
17580
17579
17571
17571
17567
17563
17556
17555
17554
17552
17551
17548
17542
17540
17535
17535
17532
17532
17528
17527
17522
17520
17517
17510
17507
17503
17503
17497
17493
17491
17491
17489
17484
17483
17482
17482
17475
17472
17469
17468
17467
17464
17457
17455
17451
17451
17451
17450
17449
17446
17440
17439
17433
17424
17423
17423
17418
17414
17413
17407
17404
17404
17403
17400
17399
17391
17381
17379
17378
17378
17376
17375
17373
17367
17361
17358
17349
17348
17346
17346
17344
17340
17333
17329
17329
17325
17324
17315
17312
17312
17310
17298
17297
17288
17286
17277
17272
17271
17266
17263
17263
17261
17255
17254
17252
17249
17246
17245
17242
17239
17238
17234
17230
17228
17221
17218
17217
17215
17213
17207
17205
17204
17203
17200
17196
17189
17185
17184
17179
17173
17160
17159
17156
17148
17143
17142
17141
17141
17137
17134
17130
17128
17127
17122
17122
17107
17105
17101
17100
17099
17097
17090
17088
17086
17082
17075
17073
17069
17069
17068
17067
17065
17065
17065
17064
17064
17063
17062
17060
17059
17057
17051
17045
17044
17041
17036
17034
17033
17030
17026
17026
17024
17023
17019
17014
17012
17012
17010
17007
17007
16999
16999
16995
16983
16979
16976
16954
16949
16947
16945
16941
16937
16937
16933
16933
16931
16920
16918
16914
16911
16910
16909
16909
16906
16905
16901
16898
16892
16890
16886
16875
16873
16870
16869
16865
16865
16864
16862
16861
16860
16859
16854
16849
16844
16842
16840
16833
16830
16823
16819
16818
16818
16814
16809
16807
16804
16799
16795
16791
16783
16775
16763
16763
16757
16754
16751
16744
16742
16741
16739
16732
16731
16730
16730
16727
16725
16722
16720
16717
16717
16716
16715
16708
16708
16706
16705
16705
16702
16695
16683
16679
16679
16677
16677
16676
16670
16669
16663
16661
16658
16658
16652
16650
16650
16647
16647
16634
16625
16623
16622
16621
16612
16604
16602
16598
16597
16595
16587
16585
16585
16584
16578
16577
16568
16568
16566
16565
16560
16559
16557
16556
16556
16556
16552
16545
16522
16518
16510
16509
16505
16501
16493
16489
16487
16486
16484
16475
16471
16468
16460
16460
16457
16456
16455
16450
16450
16448
16446
16446
16439
16438
16430
16428
16425
16412
16410
16409
16407
16400
16394
16384
16382
16381
16367
16364
16363
16360
16358
16354
16350
16350
16349
16344
16341
16339
16339
16338
16336
16335
16321
16320
16320
16316
16315
16312
16307
16307
16301
16298
16296
16294
16292
16291
16279
16276
16267
16265
16265
16262
16261
16260
16256
16254
16253
16250
16250
16246
16243
16241
16240
16239
16237
16236
16236
16233
16232
16232
16227
16222
16209
16207
16203
16198
16197
16197
16194
16187
16185
16183
16181
16179
16173
16173
16169
16164
16162
16160
16156
16155
16155
16151
16150
16150
16148
16144
16137
16135
16131
16129
16124
16124
16119
16118
16111
16103
16100
16100
16098
16097
16089
16076
16076
16073
16066
16052
16047
16047
16046
16042
16039
16038
16037
16035
16031
16029
16024
16019
16017
16009
16008
16007
16004
16003
16001
16001
16000
15991
15985
15984
15982
15973
15971
15969
15969
15969
15956
15953
15952
15951
15950
15947
15941
15940
15935
15933
15932
15927
15927
15923
15919
15915
15914
15905
15899
15897
15892
15891
15885
15883
15882
15881
15868
15866
15865
15861
15861
15859
15856
15854
15840
15839
15839
15830
15830
15829
15827
15824
15823
15822
15820
15820
15818
15816
15814
15813
15812
15810
15809
15809
15806
15804
15802
15802
15801
15800
15793
15790
15788
15786
15782
15781
15780
15777
15777
15776
15775
15765
15756
15751
15749
15747
15745
15745
15743
15742
15738
15730
15727
15724
15723
15717
15715
15713
15709
15704
15699
15694
15686
15686
15685
15675
15674
15671
15670
15659
15657
15650
15631
15631
15614
15608
15604
15604
15601
15597
15597
15596
15595
15584
15584
15580
15579
15577
15577
15576
15575
15571
15569
15567
15567
15565
15548
15526
15523
15518
15516
15514
15510
15508
15504
15496
15494
15492
15490
15487
15483
15481
15478
15477
15473
15467
15467
15462
15457
15455
15450
15446
15445
15432
15430
15428
15427
15424
15415
15414
15411
15409
15409
15408
15403
15402
15397
15394
15390
15384
15380
15380
15380
15378
15378
15376
15371
15370
15361
15360
15355
15347
15345
15344
15339
15339
15322
15321
15318
15302
15301
15295
15285
15282
15266
15259
15258
15257
15254
15250
15245
15230
15225
15223
15220
15218
15214
15213
15208
15206
15205
15203
15203
15198
15195
15195
15194
15191
15188
15185
15185
15179
15178
15177
15175
15173
15169
15169
15164
15163
15162
15150
15150
15137
15134
15133
15133
15116
15115
15114
15113
15103
15103
15103
15102
15102
15098
15093
15091
15088
15088
15079
15074
15071
15071
15070
15069
15067
15066
15062
15060
15056
15055
15049
15040
15037
15036
15032
15031
15030
15028
15027
15025
15024
15022
15021
15012
15006
15005
15005
15003
15003
15000
14994
14987
14985
14983
14981
14981
14979
14978
14971
14966
14964
14963
14955
14942
14938
14935
14934
14928
14926
14907
14904
14903
14901
14897
14889
14889
14886
14886
14880
14873
14868
14866
14866
14857
14855
14854
14844
14842
14839
14837
14836
14828
14827
14826
14826
14820
14820
14815
14815
14813
14808
14806
14804
14803
14802
14800
14798
14794
14792
14792
14792
14789
14788
14787
14786
14784
14781
14777
14773
14771
14764
14758
14758
14754
14749
14746
14744
14739
14736
14735
14732
14731
14729
14728
14716
14715
14709
14707
14705
14702
14702
14701
14693
14683
14680
14677
14676
14675
14674
14663
14655
14648
14647
14641
14638
14630
14630
14628
14628
14627
14614
14613
14610
14608
14603
14599
14596
14593
14592
14590
14589
14587
14582
14581
14576
14573
14573
14563
14557
14554
14541
14535
14534
14529
14527
14525
14523
14519
14517
14515
14514
14513
14511
14508
14506
14502
14500
14499
14499
14499
14498
14498
14480
14479
14478
14478
14477
14470
14467
14463
14458
14454
14448
14444
14437
14433
14432
14432
14431
14431
14431
14419
14416
14412
14401
14401
14399
14395
14393
14380
14380
14379
14379
14379
14376
14376
14373
14372
14372
14370
14370
14369
14364
14360
14359
14354
14352
14352
14346
14344
14344
14342
14341
14339
14336
14329
14328
14326
14322
14321
14318
14317
14315
14314
14314
14310
14310
14303
14302
14300
14294
14290
14289
14283
14282
14279
14277
14274
14273
14271
14268
14267
14266
14261
14257
14256
14256
14255
14255
14252
14248
14236
14232
14225
14223
14212
14211
14210
14209
14203
14202
14199
14196
14184
14180
14178
14174
14172
14164
14159
14156
14154
14154
14148
14148
14142
14141
14138
14134
14133
14132
14128
14123
14122
14120
14109
14109
14107
14106
14105
14100
14097
14093
14091
14085
14078
14078
14075
14071
14068
14067
14061
14059
14058
14051
14047
14033
14031
14029
14026
14026
14024
14020
14017
14011
14010
14003
14003
14000
13989
13987
13986
13985
13981
13979
13973
13971
13962
13960
13958
13951
13948
13941
13941
13926
13926
13923
13921
13918
13913
13911
13910
13909
13907
13903
13902
13901
13900
13899
13898
13896
13893
13892
13886
13882
13881
13870
13868
13867
13867
13866
13863
13862
13861
13858
13858
13855
13854
13854
13854
13846
13845
13839
13833
13831
13827
13827
13823
13819
13818
13814
13812
13800
13799
13798
13794
13793
13787
13786
13785
13784
13780
13778
13774
13760
13752
13749
13748
13745
13741
13739
13737
13736
13735
13734
13733
13720
13719
13719
13716
13714
13709
13705
13703
13700
13695
13693
13691
13687
13678
13677
13664
13659
13656
13650
13648
13647
13646
13644
13643
13640
13631
13629
13629
13628
13622
13621
13620
13614
13612
13610
13610
13606
13605
13604
13590
13588
13586
13579
13569
13568
13566
13565
13561
13560
13552
13521
13520
13519
13513
13510
13504
13498
13491
13487
13485
13484
13483
13481
13481
13481
13479
13475
13469
13468
13467
13463
13461
13451
13450
13442
13440
13440
13430
13430
13427
13424
13419
13415
13414
13408
13407
13405
13404
13398
13397
13396
13391
13390
13382
13380
13374
13372
13363
13363
13360
13359
13356
13349
13346
13342
13337
13337
13336
13332
13328
13327
13327
13318
13317
13313
13309
13308
13307
13306
13306
13305
13303
13299
13295
13295
13293
13291
13289
13282
13276
13276
13274
13269
13261
13260
13257
13256
13256
13253
13250
13244
13234
13230
13227
13223
13201
13199
13196
13179
13178
13177
13176
13175
13170
13168
13160
13158
13156
13149
13139
13135
13133
13132
13132
13130
13121
13117
13114
13111
13108
13104
13102
13094
13093
13089
13089
13077
13069
13066
13065
13064
13063
13063
13060
13060
13059
13057
13051
13041
13040
13035
13033
13029
13028
13010
13009
13004
13003
13003
12999
12999
12997
12995
12991
12990
12988
12987
12967
12965
12960
12959
12957
12949
12949
12944
12943
12943
12940
12935
12930
12924
12922
12913
12911
12907
12903
12889
12887
12885
12882
12882
12878
12874
12873
12870
12868
12866
12860
12859
12854
12853
12847
12846
12845
12837
12830
12830
12825
12820
12817
12816
12804
12804
12804
12797
12796
12784
12784
12784
12780
12774
12768
12767
12763
12754
12752
12751
12750
12747
12737
12736
12735
12728
12726
12725
12724
12713
12703
12703
12702
12696
12695
12687
12686
12685
12678
12677
12675
12673
12671
12671
12666
12663
12659
12656
12651
12646
12642
12641
12638
12634
12634
12632
12630
12626
12618
12612
12607
12605
12594
12591
12583
12582
12577
12573
12569
12569
12569
12568
12568
12561
12558
12556
12554
12551
12547
12546
12545
12542
12542
12540
12536
12531
12528
12519
12518
12518
12512
12508
12508
12498
12497
12496
12494
12486
12484
12481
12479
12473
12471
12470
12463
12462
12459
12449
12444
12442
12441
12434
12421
12418
12415
12414
12411
12408
12407
12402
12399
12394
12391
12385
12384
12380
12377
12373
12363
12360
12356
12354
12353
12352
12349
12346
12339
12338
12336
12333
12330
12321
12318
12312
12306
12306
12305
12303
12300
12300
12296
12290
12288
12287
12285
12284
12278
12278
12277
12272
12260
12260
12255
12251
12244
12241
12239
12237
12236
12231
12230
12220
12217
12211
12211
12207
12207
12201
12200
12191
12188
12187
12184
12179
12176
12170
12170
12164
12159
12158
12150
12147
12144
12139
12136
12134
12134
12132
12127
12126
12126
12124
12122
12120
12103
12099
12098
12098
12094
12094
12086
12085
12085
12084
12081
12081
12076
12074
12073
12073
12072
12067
12051
12050
12046
12045
12043
12039
12030
12017
12015
12015
12015
12015
12011
12007
12003
11998
11994
11983
11977
11977
11968
11967
11956
11954
11953
11948
11946
11942
11939
11932
11932
11932
11931
11931
11929
11928
11921
11915
11914
11906
11905
11900
11899
11897
11887
11880
11876
11875
11874
11868
11867
11865
11864
11855
11853
11853
11850
11840
11834
11833
11829
11827
11811
11810
11804
11803
11801
11794
11793
11790
11788
11788
11788
11786
11783
11782
11766
11762
11762
11761
11761
11756
11755
11755
11755
11754
11754
11754
11750
11750
11748
11741
11733
11732
11731
11729
11728
11724
11720
11713
11713
11711
11709
11708
11706
11690
11685
11685
11682
11680
11677
11674
11669
11669
11667
11666
11658
11657
11657
11652
11650
11648
11647
11646
11645
11642
11642
11635
11633
11630
11623
11623
11623
11621
11618
11618
11618
11617
11614
11612
11611
11609
11609
11601
11596
11594
11590
11581
11580
11580
11578
11575
11573
11572
11570
11568
11565
11557
11555
11555
11554
11552
11551
11544
11543
11539
11537
11534
11533
11530
11528
11527
11522
11519
11517
11512
11508
11501
11501
11500
11500
11494
11492
11492
11490
11486
11486
11485
11483
11482
11481
11477
11473
11468
11466
11461
11461
11459
11456
11454
11454
11451
11451
11450
11449
11448
11446
11446
11437
11434
11430
11412
11412
11410
11409
11402
11401
11399
11397
11389
11389
11387
11384
11380
11374
11368
11362
11361
11359
11359
11358
11356
11356
11355
11355
11352
11351
11348
11345
11345
11341
11333
11331
11331
11325
11325
11324
11320
11314
11312
11311
11309
11308
11308
11303
11293
11293
11291
11287
11286
11286
11279
11279
11276
11274
11274
11272
11269
11266
11263
11263
11261
11256
11253
11253
11252
11247
11246
11233
11232
11231
11230
11230
11228
11223
11223
11222
11221
11220
11217
11213
11209
11208
11205
11196
11193
11190
11190
11181
11181
11180
11172
11171
11166
11164
11163
11156
11149
11147
11144
11142
11140
11132
11129
11129
11124
11121
11115
11112
11101
11100
11098
11095
11093
11087
11082
11082
11077
11076
11074
11071
11070
11066
11066
11062
11061
11057
11053
11051
11050
11038
11032
11031
11030
11029
11027
11023
11019
11018
11008
11002
11002
11001
10994
10991
10986
10983
10982
10982
10979
10976
10976
10972
10972
10967
10963
10956
10955
10955
10952
10952
10951
10950
10947
10942
10940
10935
10933
10929
10928
10927
10922
10922
10921
10916
10915
10912
10907
10905
10898
10887
10886
10885
10882
10875
10875
10873
10870
10864
10863
10860
10858
10854
10853
10849
10846
10843
10842
10841
10836
10834
10827
10814
10814
10809
10804
10794
10792
10791
10784
10775
10774
10772
10766
10762
10761
10759
10758
10755
10755
10751
10750
10749
10749
10745
10745
10738
10738
10736
10732
10732
10730
10728
10718
10712
10710
10710
10705
10702
10696
10695
10692
10689
10684
10679
10679
10678
10670
10669
10668
10666
10660
10658
10656
10653
10651
10644
10644
10642
10640
10634
10632
10631
10628
10624
10622
10619
10613
10611
10610
10608
10605
10604
10604
10600
10596
10593
10591
10588
10585
10584
10583
10583
10583
10573
10570
10568
10565
10564
10563
10555
10551
10551
10550
10550
10547
10545
10536
10536
10534
10532
10531
10529
10526
10525
10521
10514
10511
10511
10510
10509
10504
10500
10500
10497
10496
10489
10486
10486
10485
10480
10479
10475
10475
10470
10467
10462
10462
10460
10459
10456
10454
10452
10450
10448
10447
10445
10445
10440
10432
10432
10429
10428
10427
10419
10418
10411
10411
10410
10408
10405
10398
10394
10394
10382
10379
10379
10375
10363
10353
10347
10346
10345
10345
10345
10343
10341
10340
10338
10338
10338
10327
10327
10327
10326
10311
10307
10305
10304
10297
10290
10287
10274
10266
10263
10255
10255
10252
10245
10234
10231
10230
10230
10228
10221
10216
10211
10208
10206
10205
10200
10199
10195
10193
10188
10187
10185
10181
10180
10179
10177
10171
10171
10171
10170
10170
10169
10162
10157
10154
10154
10147
10146
10146
10140
10136
10134
10133
10133
10129
10125
10122
10118
10108
10106
10106
10102
10101
10091
10091
10083
10079
10077
10077
10071
10062
10061
10060
10055
10055
10054
10054
10053
10052
10042
10042
10042
10041
10040
10037
10023
10022
10020
10019
10019
10015
10014
10013
10013
10006
10005
9998
9994
9991
9988
9985
9980
9979
9977
9974
9970
9969
9964
9964
9963
9957
9953
9950
9945
9943
9943
9943
9941
9940
9940
9934
9931
9931
9930
9928
9927
9926
9925
9923
9920
9918
9915
9915
9909
9905
9901
9900
9899
9898
9895
9888
9886
9886
9886
9884
9880
9875
9873
9873
9871
9870
9869
9864
9863
9862
9857
9854
9853
9852
9846
9845
9838
9826
9824
9808
9805
9803
9803
9801
9801
9800
9798
9798
9797
9795
9793
9791
9788
9781
9777
9772
9771
9769
9768
9764
9763
9762
9753
9751
9751
9739
9734
9729
9729
9729
9707
9706
9706
9705
9702
9701
9700
9700
9697
9697
9696
9694
9692
9686
9685
9680
9679
9678
9668
9666
9664
9661
9659
9646
9646
9644
9639
9633
9632
9631
9631
9624
9620
9616
9613
9612
9601
9601
9599
9594
9589
9588
9585
9581
9576
9571
9571
9563
9557
9557
9555
9554
9553
9549
9546
9543
9542
9542
9534
9530
9529
9527
9525
9520
9516
9508
9507
9505
9499
9496
9490
9487
9484
9483
9479
9476
9471
9470
9469
9466
9464
9463
9462
9460
9459
9457
9457
9453
9451
9442
9441
9440
9439
9437
9429
9421
9420
9417
9412
9409
9408
9403
9402
9398
9394
9393
9393
9390
9386
9381
9378
9371
9370
9370
9362
9360
9356
9337
9335
9331
9327
9325
9325
9324
9316
9312
9311
9309
9305
9302
9302
9300
9298
9295
9289
9289
9289
9274
9270
9267
9256
9241
9239
9234
9233
9229
9226
9226
9225
9220
9219
9217
9213
9209
9204
9201
9199
9197
9194
9190
9190
9186
9184
9181
9181
9176
9169
9166
9165
9162
9161
9158
9156
9153
9152
9143
9142
9136
9134
9132
9123
9123
9122
9105
9102
9099
9099
9099
9098
9098
9097
9095
9095
9088
9080
9077
9075
9066
9060
9056
9056
9055
9054
9054
9047
9038
9036
9034
9034
9029
9028
9021
9020
9010
9006
9004
9000
8997
8991
8988
8987
8985
8983
8977
8976
8976
8975
8972
8971
8967
8964
8954
8953
8950
8944
8943
8943
8942
8937
8937
8932
8924
8923
8920
8919
8912
8909
8908
8908
8907
8906
8902
8902
8895
8895
8894
8894
8891
8890
8889
8888
8883
8882
8880
8876
8872
8870
8866
8864
8862
8853
8850
8847
8842
8840
8840
8839
8827
8826
8824
8823
8823
8817
8811
8810
8806
8803
8803
8798
8796
8795
8791
8789
8787
8782
8777
8768
8767
8767
8766
8765
8760
8758
8755
8755
8751
8742
8740
8736
8732
8728
8723
8720
8718
8711
8704
8702
8692
8690
8687
8686
8686
8684
8682
8670
8669
8668
8665
8665
8663
8658
8653
8641
8640
8637
8635
8631
8630
8629
8629
8628
8627
8626
8626
8623
8613
8610
8610
8606
8604
8603
8591
8589
8584
8582
8578
8576
8560
8553
8549
8549
8543
8539
8538
8537
8537
8535
8531
8522
8518
8517
8507
8503
8498
8498
8494
8492
8491
8491
8488
8487
8480
8479
8478
8477
8471
8461
8461
8461
8454
8449
8446
8438
8438
8437
8436
8433
8428
8426
8421
8421
8418
8417
8416
8415
8415
8413
8413
8409
8403
8395
8395
8382
8379
8374
8373
8373
8372
8371
8366
8363
8356
8350
8349
8349
8348
8348
8347
8344
8337
8336
8334
8328
8326
8320
8314
8313
8312
8310
8310
8308
8301
8296
8286
8284
8282
8275
8272
8271
8267
8266
8260
8259
8256
8254
8252
8249
8247
8245
8237
8228
8225
8220
8220
8212
8211
8210
8207
8207
8204
8202
8199
8198
8197
8183
8180
8180
8178
8178
8174
8173
8170
8162
8158
8155
8154
8147
8145
8143
8138
8137
8137
8128
8126
8126
8123
8121
8115
8110
8106
8102
8096
8090
8084
8078
8077
8073
8073
8057
8049
8048
8044
8042
8040
8037
8036
8034
8033
8033
8026
8024
8021
8021
8019
8017
8015
8015
8012
8007
8007
8004
8002
8001
8001
8000
7994
7994
7984
7979
7977
7972
7971
7971
7964
7959
7952
7944
7940
7939
7939
7937
7937
7934
7928
7928
7928
7927
7926
7920
7916
7915
7903
7891
7886
7879
7879
7877
7876
7875
7872
7870
7852
7852
7851
7844
7840
7839
7838
7834
7827
7814
7812
7812
7811
7806
7806
7799
7798
7791
7787
7784
7783
7782
7778
7777
7773
7767
7762
7760
7759
7758
7754
7749
7745
7742
7736
7735
7734
7728
7719
7718
7714
7714
7712
7696
7690
7682
7676
7662
7660
7658
7656
7652
7651
7635
7635
7634
7631
7631
7628
7628
7626
7623
7617
7615
7613
7612
7611
7610
7608
7599
7597
7589
7585
7585
7583
7575
7573
7566
7563
7562
7560
7550
7550
7544
7542
7531
7527
7527
7526
7525
7524
7517
7515
7497
7492
7489
7485
7484
7480
7478
7477
7477
7471
7470
7470
7466
7461
7456
7454
7451
7447
7446
7444
7441
7438
7437
7434
7433
7431
7430
7430
7427
7426
7422
7421
7417
7416
7416
7415
7415
7396
7395
7395
7394
7388
7383
7381
7378
7376
7374
7371
7371
7368
7367
7366
7365
7364
7360
7360
7358
7357
7357
7356
7356
7353
7353
7353
7351
7350
7345
7344
7343
7342
7328
7327
7321
7321
7318
7311
7311
7305
7305
7302
7302
7302
7301
7301
7300
7296
7292
7291
7291
7291
7286
7283
7280
7277
7275
7274
7272
7271
7270
7265
7258
7253
7252
7243
7243
7243
7240
7240
7238
7238
7234
7231
7230
7229
7226
7224
7224
7222
7219
7218
7207
7202
7199
7198
7198
7196
7195
7193
7190
7188
7186
7181
7176
7172
7172
7164
7159
7153
7149
7148
7144
7140
7138
7130
7116
7113
7109
7102
7100
7096
7096
7096
7095
7092
7092
7091
7091
7082
7081
7078
7077
7077
7076
7071
7071
7071
7070
7067
7063
7063
7055
7054
7054
7052
7045
7043
7043
7041
7040
7037
7033
7028
7028
7025
7021
7020
7019
7010
7009
7008
7004
7004
7002
7002
7001
6998
6993
6992
6989
6978
6975
6972
6967
6965
6962
6961
6951
6936
6929
6928
6923
6923
6922
6921
6920
6905
6904
6897
6894
6890
6888
6887
6886
6885
6883
6881
6879
6875
6873
6873
6861
6861
6856
6853
6853
6849
6848
6847
6847
6845
6832
6830
6822
6814
6809
6808
6808
6805
6804
6799
6799
6799
6797
6792
6789
6786
6785
6781
6777
6770
6770
6767
6765
6762
6761
6754
6746
6744
6740
6738
6737
6734
6728
6728
6722
6722
6719
6719
6715
6714
6713
6712
6710
6709
6706
6701
6699
6699
6696
6688
6687
6685
6684
6682
6678
6674
6669
6666
6665
6660
6656
6655
6655
6654
6653
6650
6646
6644
6642
6640
6640
6635
6626
6625
6624
6624
6623
6619
6618
6611
6609
6608
6607
6600
6598
6591
6587
6582
6581
6570
6565
6565
6562
6560
6560
6556
6554
6553
6551
6542
6540
6537
6537
6533
6528
6521
6520
6515
6515
6508
6507
6507
6504
6502
6497
6494
6493
6490
6489
6487
6486
6484
6483
6481
6479
6476
6464
6460
6459
6455
6451
6449
6447
6443
6438
6438
6435
6432
6429
6424
6418
6414
6413
6410
6407
6407
6406
6404
6400
6399
6397
6393
6390
6389
6389
6387
6384
6378
6376
6373
6370
6364
6359
6359
6358
6357
6356
6350
6345
6340
6340
6339
6339
6334
6333
6330
6324
6320
6314
6309
6306
6306
6305
6304
6302
6302
6300
6294
6285
6283
6282
6278
6278
6276
6275
6266
6265
6265
6264
6262
6258
6257
6253
6252
6252
6251
6242
6233
6227
6225
6221
6216
6212
6211
6211
6208
6207
6206
6204
6202
6199
6199
6197
6194
6191
6161
6161
6156
6150
6149
6147
6146
6144
6142
6139
6137
6131
6128
6122
6119
6108
6100
6096
6093
6092
6088
6083
6071
6071
6071
6065
6063
6056
6056
6055
6046
6044
6042
6041
6041
6040
6036
6033
6026
6026
6024
6020
6013
6011
6007
6005
5995
5993
5992
5992
5990
5982
5977
5970
5969
5944
5942
5941
5940
5939
5938
5938
5937
5934
5931
5926
5918
5912
5909
5894
5893
5890
5888
5871
5870
5869
5868
5867
5861
5861
5861
5860
5860
5857
5857
5856
5856
5856
5853
5853
5850
5849
5849
5846
5844
5839
5837
5827
5825
5818
5811
5804
5803
5801
5794
5793
5791
5787
5787
5786
5782
5778
5769
5767
5764
5761
5761
5759
5755
5752
5751
5751
5750
5744
5738
5732
5730
5727
5726
5725
5719
5719
5718
5712
5710
5709
5708
5707
5705
5705
5695
5692
5691
5691
5690
5690
5688
5685
5666
5658
5648
5645
5641
5639
5638
5635
5635
5634
5629
5629
5628
5627
5616
5611
5608
5604
5602
5597
5596
5586
5585
5585
5579
5577
5566
5563
5562
5562
5560
5557
5555
5547
5545
5537
5533
5533
5526
5526
5522
5521
5518
5514
5509
5509
5508
5504
5487
5484
5480
5475
5470
5466
5462
5460
5442
5442
5440
5435
5424
5424
5414
5409
5407
5403
5401
5389
5378
5378
5376
5366
5364
5362
5359
5359
5350
5347
5342
5325
5324
5321
5318
5317
5316
5311
5309
5307
5300
5293
5292
5286
5285
5279
5275
5265
5262
5259
5258
5255
5254
5254
5251
5249
5246
5245
5244
5244
5239
5229
5229
5227
5224
5223
5220
5219
5219
5218
5217
5217
5212
5211
5205
5205
5204
5202
5192
5186
5184
5184
5184
5183
5181
5179
5173
5166
5166
5162
5156
5155
5151
5144
5143
5137
5133
5120
5116
5112
5111
5093
5088
5087
5074
5073
5071
5066
5064
5062
5052
5045
5044
5042
5035
5032
5031
5031
5026
5024
5024
5020
5018
5017
5014
5005
5003
5002
4996
4996
4993
4993
4989
4986
4985
4979
4979
4978
4976
4975
4975
4974
4969
4967
4963
4963
4959
4958
4956
4956
4955
4952
4942
4940
4939
4936
4934
4931
4929
4928
4926
4924
4915
4915
4912
4910
4908
4908
4907
4906
4898
4897
4897
4895
4894
4894
4894
4889
4887
4886
4883
4880
4879
4876
4871
4871
4865
4864
4857
4854
4850
4850
4850
4847
4844
4844
4827
4811
4804
4803
4797
4789
4786
4786
4785
4783
4779
4778
4775
4772
4772
4771
4769
4769
4754
4752
4752
4749
4748
4747
4740
4736
4733
4733
4728
4727
4727
4720
4719
4719
4715
4714
4713
4712
4710
4709
4707
4704
4700
4694
4689
4686
4684
4677
4673
4670
4665
4662
4658
4652
4647
4640
4639
4638
4636
4628
4622
4621
4619
4618
4614
4610
4603
4600
4591
4588
4582
4575
4570
4568
4566
4565
4561
4552
4548
4545
4537
4533
4531
4527
4527
4523
4523
4519
4518
4513
4507
4506
4504
4502
4499
4490
4487
4479
4479
4474
4473
4472
4470
4463
4461
4461
4454
4454
4452
4451
4448
4448
4446
4423
4423
4422
4419
4407
4401
4394
4392
4390
4389
4385
4384
4362
4359
4356
4355
4354
4353
4351
4343
4324
4322
4322
4321
4319
4316
4316
4306
4301
4299
4291
4290
4285
4285
4283
4282
4282
4280
4274
4272
4271
4267
4264
4264
4263
4261
4253
4246
4243
4241
4240
4235
4235
4225
4222
4220
4220
4211
4211
4210
4208
4201
4191
4185
4184
4182
4179
4177
4177
4176
4176
4174
4164
4164
4164
4164
4161
4157
4154
4146
4146
4144
4144
4141
4140
4136
4130
4130
4127
4122
4122
4119
4113
4108
4106
4100
4099
4095
4082
4081
4077
4075
4060
4058
4055
4054
4051
4042
4035
4029
4027
4023
4022
4021
4021
4019
4017
4016
4012
4008
3991
3984
3982
3982
3979
3975
3975
3967
3963
3962
3961
3960
3957
3953
3952
3952
3946
3946
3941
3941
3940
3936
3934
3934
3931
3930
3929
3928
3928
3919
3915
3915
3915
3914
3911
3908
3905
3904
3903
3894
3892
3891
3890
3888
3882
3880
3878
3871
3865
3859
3854
3853
3853
3852
3849
3847
3845
3841
3840
3840
3836
3835
3830
3829
3829
3826
3815
3814
3812
3811
3809
3799
3794
3784
3773
3772
3771
3771
3763
3761
3758
3758
3755
3751
3749
3739
3736
3735
3730
3728
3725
3724
3722
3719
3719
3715
3711
3703
3701
3699
3697
3697
3696
3691
3685
3681
3680
3676
3669
3667
3666
3666
3659
3657
3655
3649
3649
3648
3648
3644
3636
3635
3628
3624
3618
3618
3614
3614
3610
3604
3603
3595
3588
3585
3571
3568
3562
3558
3550
3548
3546
3540
3534
3534
3530
3525
3523
3522
3518
3517
3510
3509
3504
3503
3496
3486
3479
3477
3471
3470
3465
3464
3448
3446
3442
3440
3438
3432
3432
3428
3424
3422
3412
3408
3405
3405
3399
3398
3395
3394
3394
3389
3388
3385
3382
3372
3367
3361
3359
3358
3353
3350
3350
3349
3347
3343
3336
3334
3334
3334
3333
3330
3329
3322
3321
3317
3313
3312
3312
3309
3304
3300
3295
3295
3293
3290
3288
3283
3278
3271
3271
3269
3268
3267
3259
3251
3242
3240
3228
3228
3224
3223
3221
3220
3218
3218
3218
3214
3214
3211
3210
3210
3209
3206
3202
3201
3200
3193
3192
3191
3189
3180
3178
3173
3172
3171
3168
3164
3164
3161
3158
3154
3148
3148
3145
3138
3136
3136
3134
3118
3118
3113
3112
3106
3101
3101
3095
3094
3090
3087
3080
3077
3072
3071
3069
3066
3065
3056
3046
3045
3040
3039
3039
3038
3037
3026
3025
3024
3023
3022
3019
3018
3013
3011
3006
3002
2995
2995
2993
2990
2985
2965
2965
2959
2957
2939
2937
2934
2932
2931
2918
2913
2913
2911
2907
2907
2904
2904
2903
2897
2895
2894
2887
2884
2873
2873
2872
2871
2868
2865
2863
2852
2847
2845
2843
2841
2836
2833
2832
2828
2827
2826
2823
2822
2820
2817
2813
2809
2803
2800
2800
2798
2798
2794
2786
2785
2783
2783
2776
2772
2771
2766
2765
2758
2758
2757
2746
2742
2739
2739
2734
2728
2724
2724
2715
2712
2710
2710
2700
2699
2689
2675
2674
2674
2669
2668
2668
2654
2651
2647
2630
2628
2619
2618
2616
2611
2609
2608
2608
2608
2606
2603
2597
2593
2589
2587
2587
2586
2585
2585
2579
2569
2567
2564
2564
2562
2555
2550
2550
2549
2548
2546
2544
2543
2541
2537
2536
2529
2527
2518
2506
2505
2505
2500
2499
2492
2492
2489
2482
2475
2475
2474
2471
2466
2464
2463
2462
2456
2455
2448
2448
2441
2437
2437
2430
2429
2428
2419
2407
2405
2405
2403
2400
2398
2396
2394
2393
2392
2391
2390
2388
2387
2386
2382
2379
2377
2373
2367
2365
2364
2360
2353
2341
2335
2323
2323
2322
2317
2302
2301
2297
2291
2289
2289
2288
2287
2287
2286
2285
2278
2274
2267
2267
2265
2262
2257
2257
2252
2251
2248
2248
2248
2246
2243
2242
2232
2232
2228
2225
2225
2217
2215
2210
2209
2209
2206
2202
2195
2191
2190
2189
2189
2187
2187
2183
2183
2182
2177
2171
2156
2151
2147
2147
2139
2134
2132
2130
2129
2128
2127
2122
2119
2116
2115
2115
2108
2097
2094
2092
2090
2082
2082
2080
2072
2069
2067
2059
2057
2054
2044
2037
2037
2037
2035
2032
2030
2028
2027
2016
2015
2014
2009
2002
1999
1996
1994
1993
1992
1985
1983
1976
1975
1973
1969
1968
1956
1952
1950
1938
1937
1934
1911
1911
1908
1903
1902
1899
1896
1894
1894
1889
1888
1885
1884
1882
1878
1876
1875
1872
1871
1867
1865
1859
1855
1851
1849
1848
1847
1840
1838
1836
1835
1834
1830
1830
1827
1822
1821
1814
1814
1814
1810
1810
1805
1805
1802
1802
1800
1798
1795
1783
1775
1773
1769
1769
1762
1753
1752
1749
1740
1738
1737
1736
1729
1725
1713
1713
1710
1701
1698
1697
1696
1695
1694
1693
1691
1688
1672
1670
1669
1669
1668
1668
1665
1664
1664
1663
1661
1661
1661
1661
1659
1657
1657
1655
1654
1653
1652
1650
1646
1646
1645
1645
1645
1643
1636
1636
1635
1632
1628
1627
1619
1613
1605
1604
1602
1599
1595
1595
1576
1575
1572
1561
1559
1559
1551
1551
1544
1543
1541
1539
1537
1534
1534
1533
1527
1520
1509
1502
1492
1489
1487
1487
1486
1483
1482
1474
1467
1467
1463
1457
1455
1453
1452
1448
1447
1447
1440
1437
1433
1432
1417
1410
1408
1403
1403
1393
1393
1392
1391
1391
1387
1384
1382
1377
1377
1376
1374
1374
1371
1361
1358
1342
1336
1336
1334
1332
1329
1327
1325
1323
1321
1320
1316
1313
1312
1309
1309
1302
1294
1293
1292
1292
1286
1283
1280
1275
1270
1264
1263
1261
1257
1254
1248
1244
1244
1243
1232
1227
1225
1223
1221
1218
1215
1214
1211
1205
1204
1203
1202
1202
1200
1192
1189
1176
1176
1174
1171
1170
1169
1166
1164
1164
1159
1158
1152
1150
1147
1140
1135
1130
1129
1127
1121
1119
1116
1113
1111
1109
1104
1100
1099
1098
1098
1097
1094
1091
1091
1083
1083
1081
1080
1078
1071
1071
1070
1068
1067
1050
1045
1043
1041
1031
1029
1027
1022
1019
1018
1018
1013
1009
1009
1000
992
991
988
986
984
981
970
960
959
954
953
942
942
939
939
938
935
934
913
910
910
909
899
899
898
894
887
887
865
860
860
859
843
842
841
837
828
828
826
824
820
814
810
808
803
802
798
794
792
787
787
786
785
780
780
780
778
777
768
763
760
756
754
753
751
750
750
749
747
743
740
738
737
734
732
732
728
720
714
713
709
709
703
691
689
685
680
673
673
673
672
660
659
657
654
651
651
646
645
633
632
632
631
627
626
624
611
597
586
583
580
579
576
574
572
569
566
552
549
546
541
540
539
535
533
532
523
522
522
520
516
503
502
498
496
486
474
473
473
470
461
459
459
455
454
452
448
448
442
440
438
436
436
434
431
426
422
422
409
407
405
401
397
394
393
387
385
371
367
365
363
363
362
360
358
352
345
343
341
338
336
329
321
319
317
314
313
312
311
307
305
298
292
289
288
280
278
274
271
269
268
268
263
260
254
250
237
236
236
232
232
227
225
222
222
222
218
218
216
206
204
200
199
199
198
197
195
191
190
189
187
186
178
178
177
177
176
172
167
161
160
159
148
145
144
143
143
136
136
135
126
124
121
121
117
113
106
101
100
97
90
84
83
68
59
57
54
54
50
43
39
30
25
22
15
14
13
6
4
0
0
