0
5
12
13
14
15
17
17
22
26
28
28
31
33
35
38
49
51
60
61
64
66
67
77
81
81
86
86
89
91
93
97
100
101
103
103
104
112
113
122
125
134
140
143
145
146
147
148
157
166
169
173
173
180
184
186
192
197
213
217
223
228
237
246
254
255
257
260
262
264
268
271
273
273
276
277
280
282
283
286
287
289
290
295
296
304
304
309
310
312
312
316
323
326
327
327
331
335
341
343
346
352
354
358
360
364
372
373
381
382
383
388
390
390
394
396
400
401
404
407
408
408
409
410
411
423
427
428
436
436
438
439
442
444
444
446
447
450
452
453
454
455
456
457
459
459
461
468
473
477
480
480
487
487
491
496
503
504
511
513
516
517
527
531
533
534
537
542
548
557
567
569
570
570
572
576
584
589
590
592
598
603
604
604
606
607
610
612
623
624
625
626
629
631
631
631
632
644
645
648
655
660
660
662
664
670
677
683
684
684
688
690
697
704
705
708
708
709
710
713
714
724
725
726
765
766
766
767
767
773
774
777
782
782
784
784
791
797
798
803
805
806
808
816
819
822
823
828
829
835
836
837
849
851
853
856
858
863
868
873
874
876
881
882
894
895
895
900
902
903
904
907
934
941
945
946
948
952
955
963
966
966
968
973
973
976
985
988
994
995
997
997
1003
1007
1016
1021
1025
1026
1035
1040
1040
1044
1045
1049
1052
1053
1057
1058
1061
1070
1071
1072
1076
1087
1088
1094
1094
1094
1095
1102
1104
1105
1105
1106
1110
1115
1117
1120
1124
1129
1133
1138
1142
1144
1154
1154
1159
1160
1182
1192
1203
1207
1209
1215
1216
1216
1217
1222
1227
1230
1230
1234
1240
1253
1254
1257
1275
1281
1282
1283
1285
1290
1295
1295
1297
1305
1306
1307
1309
1311
1315
1317
1319
1321
1323
1325
1327
1328
1329
1332
1333
1334
1335
1336
1343
1344
1345
1348
1351
1360
1362
1364
1370
1370
1387
1389
1389
1393
1396
1396
1396
1398
1400
1400
1407
1408
1409
1410
1414
1420
1427
1428
1429
1429
1429
1431
1436
1439
1439
1441
1441
1444
1451
1455
1457
1457
1459
1459
1462
1463
1472
1475
1480
1482
1483
1484
1486
1487
1490
1497
1499
1503
1505
1514
1523
1525
1525
1526
1527
1529
1532
1534
1534
1537
1537
1537
1539
1547
1549
1549
1555
1555
1559
1571
1572
1575
1575
1576
1577
1585
1586
1587
1588
1593
1595
1598
1601
1603
1603
1605
1613
1622
1629
1629
1629
1633
1644
1648
1649
1650
1653
1659
1664
1670
1672
1676
1677
1678
1680
1682
1682
1684
1684
1688
1701
1701
1703
1712
1720
1724
1724
1725
1729
1730
1731
1732
1734
1736
1745
1747
1748
1749
1749
1750
1751
1752
1757
1772
1773
1773
1777
1779
1780
1785
1790
1792
1795
1801
1810
1811
1812
1813
1818
1821
1824
1824
1840
1841
1846
1847
1848
1854
1856
1856
1860
1868
1868
1876
1876
1883
1887
1888
1892
1893
1894
1895
1906
1907
1911
1912
1912
1916
1922
1928
1930
1931
1933
1941
1943
1953
1962
1966
1973
1974
1974
1975
1978
1981
1986
1987
1988
1990
1995
1996
1999
1999
2000
2002
2005
2008
2009
2009
2013
2018
2021
2023
2029
2029
2036
2040
2046
2050
2055
2056
2060
2064
2065
2071
2074
2074
2076
2083
2084
2086
2089
2089
2093
2099
2102
2105
2113
2120
2124
2125
2126
2129
2136
2137
2137
2138
2147
2156
2160
2162
2166
2169
2170
2171
2177
2182
2183
2185
2186
2187
2188
2190
2194
2195
2195
2197
2198
2199
2214
2216
2217
2218
2220
2223
2226
2228
2231
2237
2247
2247
2247
2249
2253
2254
2254
2263
2269
2270
2277
2278
2285
2286
2288
2289
2290
2291
2292
2300
2300
2305
2309
2316
2318
2323
2323
2325
2330
2330
2331
2331
2331
2338
2351
2358
2359
2364
2367
2368
2369
2369
2370
2370
2380
2382
2393
2394
2413
2416
2419
2424
2426
2427
2431
2432
2438
2444
2444
2450
2460
2466
2475
2475
2479
2485
2494
2495
2498
2500
2506
2507
2507
2509
2513
2515
2516
2517
2518
2525
2527
2535
2538
2542
2542
2547
2547
2547
2555
2558
2565
2573
2574
2575
2577
2577
2580
2582
2586
2586
2590
2591
2592
2595
2596
2597
2600
2602
2602
2604
2604
2607
2610
2610
2611
2613
2616
2619
2621
2625
2625
2628
2636
2642
2644
2646
2650
2653
2662
2665
2670
2672
2673
2676
2681
2684
2689
2692
2693
2701
2702
2703
2708
2712
2712
2713
2719
2720
2721
2723
2726
2731
2739
2739
2740
2741
2746
2755
2762
2765
2773
2776
2776
2776
2777
2779
2780
2784
2788
2790
2791
2793
2794
2795
2798
2800
2811
2814
2815
2817
2820
2826
2826
2828
2834
2834
2838
2838
2840
2840
2840
2843
2849
2854
2859
2865
2878
2881
2882
2890
2894
2894
2896
2905
2910
2913
2918
2930
2930
2932
2941
2942
2947
2948
2948
2949
2949
2950
2958
2960
2961
2965
2969
2971
2974
2976
2976
2979
2984
2989
2990
2990
3001
3003
3010
3011
3015
3022
3024
3029
3030
3032
3034
3034
3037
3039
3039
3040
3040
3042
3044
3047
3050
3051
3054
3054
3060
3062
3064
3065
3071
3071
3071
3075
3077
3077
3079
3079
3084
3086
3086
3086
3091
3091
3093
3106
3118
3126
3128
3129
3130
3132
3135
3136
3136
3137
3140
3143
3146
3149
3149
3151
3157
3157
3158
3159
3161
3162
3163
3163
3165
3165
3166
3167
3167
3169
3169
3171
3171
3176
3176
3178
3178
3179
3193
3194
3199
3202
3205
3215
3217
3222
3223
3229
3232
3232
3241
3243
3244
3244
3250
3264
3265
3268
3269
3284
3284
3285
3290
3299
3300
3303
3304
3307
3309
3310
3310
3312
3318
3318
3325
3328
3334
3337
3337
3341
3341
3341
3341
3341
3343
3345
3345
3347
3348
3351
3352
3353
3357
3362
3364
3365
3373
3373
3377
3388
3389
3389
3389
3395
3396
3397
3399
3407
3408
3408
3409
3424
3424
3425
3428
3428
3436
3438
3441
3445
3445
3446
3447
3453
3458
3458
3466
3468
3470
3471
3473
3473
3475
3477
3485
3493
3502
3503
3507
3507
3512
3518
3525
3531
3534
3537
3540
3546
3555
3562
3562
3564
3565
3572
3575
3576
3587
3588
3590
3591
3596
3600
3603
3604
3608
3608
3614
3614
3617
3618
3622
3623
3632
3634
3635
3644
3646
3649
3652
3653
3654
3658
3661
3661
3662
3664
3666
3666
3668
3669
3670
3670
3675
3679
3680
3685
3685
3694
3697
3703
3705
3707
3712
3714
3715
3718
3718
3724
3725
3726
3737
3738
3738
3740
3742
3742
3748
3749
3751
3754
3756
3760
3761
3762
3768
3769
3786
3789
3794
3802
3803
3804
3819
3819
3820
3821
3826
3828
3828
3831
3833
3845
3856
3858
3862
3876
3890
3892
3894
3899
3900
3902
3905
3905
3908
3913
3913
3918
3918
3918
3918
3929
3944
3945
3948
3954
3955
3956
3956
3956
3957
3957
3958
3963
3968
3968
3974
3975
3977
3980
3984
3984
3991
3992
3996
4003
4003
4006
4016
4017
4018
4019
4019
4020
4023
4027
4028
4029
4030
4041
4043
4045
4045
4052
4053
4055
4055
4059
4062
4062
4067
4071
4079
4081
4085
4089
4089
4095
4096
4097
4100
4102
4105
4119
4121
4122
4127
4131
4131
4132
4134
4137
4140
4140
4154
4154
4156
4157
4166
4169
4170
4172
4175
4177
4179
4180
4181
4190
4191
4192
4193
4195
4199
4200
4200
4204
4205
4209
4218
4220
4222
4222
4226
4226
4229
4236
4240
4243
4244
4246
4249
4250
4251
4255
4256
4257
4258
4261
4262
4271
4277
4278
4280
4280
4281
4289
4290
4291
4292
4293
4293
4299
4302
4306
4314
4318
4327
4328
4329
4333
4341
4345
4346
4348
4362
4365
4367
4368
4371
4372
4382
4385
4385
4399
4399
4399
4403
4407
4410
4411
4415
4416
4416
4417
4420
4423
4423
4430
4434
4445
4445
4445
4447
4449
4453
4454
4457
4458
4466
4471
4472
4474
4475
4480
4481
4485
4487
4490
4497
4507
4508
4508
4519
4524
4525
4529
4532
4533
4533
4546
4546
4547
4550
4560
4564
4565
4571
4576
4576
4577
4578
4579
4583
4587
4592
4599
4602
4607
4609
4612
4616
4620
4621
4626
4632
4633
4636
4643
4644
4645
4648
4650
4654
4654
4655
4657
4659
4668
4669
4671
4675
4675
4677
4684
4689
4693
4698
4698
4705
4706
4710
4720
4725
4727
4735
4735
4738
4740
4741
4750
4750
4751
4757
4761
4761
4763
4768
4774
4775
4778
4786
4789
4794
4796
4803
4805
4806
4806
4807
4810
4811
4813
4815
4822
4825
4828
4828
4829
4831
4833
4836
4840
4845
4847
4852
4853
4855
4857
4859
4862
4862
4867
4868
4874
4877
4890
4890
4898
4907
4907
4910
4914
4917
4923
4925
4928
4929
4930
4934
4934
4938
4941
4944
4949
4951
4963
4964
4964
4964
4964
4965
4965
4969
4970
4974
4980
4985
4985
4993
4996
4999
5004
5011
5016
5019
5019
5020
5021
5027
5030
5034
5034
5040
5043
5044
5053
5053
5054
5054
5057
5062
5075
5075
5076
5080
5083
5085
5098
5108
5116
5122
5128
5131
5131
5135
5137
5138
5143
5149
5159
5165
5175
5178
5180
5182
5182
5184
5190
5193
5195
5205
5210
5211
5220
5224
5225
5225
5227
5227
5229
5234
5238
5239
5241
5243
5244
5245
5247
5248
5250
5250
5253
5260
5262
5263
5264
5266
5271
5276
5284
5293
5295
5299
5301
5307
5311
5317
5321
5324
5327
5329
5343
5344
5352
5355
5358
5362
5368
5369
5370
5372
5372
5380
5381
5384
5386
5387
5388
5388
5392
5392
5398
5403
5410
5410
5413
5414
5415
5415
5416
5420
5422
5428
5432
5432
5434
5436
5440
5443
5447
5449
5451
5451
5458
5458
5460
5464
5468
5470
5472
5475
5480
5481
5482
5483
5483
5483
5483
5493
5494
5495
5498
5498
5500
5500
5504
5505
5509
5510
5518
5518
5519
5525
5526
5529
5533
5537
5537
5537
5542
5542
5552
5553
5562
5563
5573
5573
5575
5577
5583
5584
5585
5588
5590
5595
5601
5603
5605
5607
5607
5609
5615
5616
5621
5622
5627
5629
5633
5640
5645
5645
5646
5651
5657
5659
5661
5672
5674
5675
5676
5680
5680
5681
5681
5686
5690
5701
5704
5711
5724
5724
5726
5728
5729
5730
5731
5735
5735
5739
5742
5743
5744
5745
5746
5748
5748
5753
5759
5760
5765
5768
5775
5777
5778
5782
5783
5785
5790
5790
5791
5791
5801
5809
5809
5814
5814
5815
5820
5823
5843
5845
5846
5852
5854
5859
5861
5862
5863
5863
5865
5870
5882
5883
5890
5895
5904
5909
5918
5919
5922
5933
5945
5950
5954
5956
5957
5963
5964
5974
5975
5979
5983
5984
5986
5991
5992
5996
5997
5999
6000
6011
6013
6019
6021
6022
6026
6029
6030
6030
6033
6034
6042
6043
6044
6045
6045
6047
6047
6050
6050
6054
6055
6061
6061
6062
6062
6070
6075
6084
6085
6088
6090
6092
6098
6102
6115
6115
6126
6127
6128
6131
6132
6133
6135
6139
6140
6141
6145
6147
6148
6149
6152
6156
6163
6163
6163
6170
6170
6171
6172
6175
6178
6179
6182
6187
6191
6191
6197
6198
6207
6215
6216
6218
6224
6227
6233
6235
6236
6241
6241
6241
6244
6244
6250
6254
6258
6258
6260
6264
6264
6269
6270
6271
6272
6273
6277
6284
6286
6290
6295
6295
6296
6298
6301
6312
6314
6322
6324
6329
6331
6333
6335
6336
6337
6338
6341
6341
6344
6345
6346
6350
6361
6366
6367
6368
6376
6378
6380
6381
6383
6386
6389
6403
6411
6416
6416
6421
6422
6435
6441
6451
6462
6462
6464
6467
6468
6469
6470
6481
6481
6481
6484
6489
6490
6494
6498
6500
6501
6502
6532
6537
6540
6540
6540
6543
6545
6545
6546
6548
6548
6550
6550
6556
6560
6566
6572
6574
6575
6577
6579
6579
6581
6582
6587
6590
6602
6606
6615
6618
6619
6620
6623
6626
6627
6630
6632
6633
6637
6638
6644
6646
6652
6653
6653
6656
6657
6660
6665
6675
6682
6683
6685
6700
6701
6701
6702
6704
6705
6706
6709
6712
6714
6716
6721
6726
6730
6735
6738
6741
6751
6752
6754
6767
6776
6777
6782
6784
6785
6790
6801
6805
6809
6810
6812
6814
6815
6816
6818
6818
6821
6822
6826
6832
6835
6836
6841
6841
6845
6848
6855
6862
6863
6867
6869
6875
6876
6876
6877
6888
6894
6895
6898
6907
6908
6909
6910
6910
6919
6920
6921
6925
6939
6942
6944
6945
6947
6949
6953
6954
6954
6955
6957
6961
6964
6969
6974
6975
6976
6982
6985
6987
6989
6989
6995
6995
6995
6998
6999
7001
7009
7011
7014
7022
7027
7028
7030
7031
7036
7038
7038
7051
7054
7055
7065
7074
7074
7082
7084
7088
7090
7091
7092
7096
7099
7103
7104
7107
7110
7118
7125
7125
7125
7126
7130
7131
7131
7135
7138
7139
7152
7157
7158
7163
7168
7175
7176
7180
7182
7184
7186
7193
7199
7209
7213
7213
7221
7228
7241
7255
7256
7263
7265
7270
7274
7274
7274
7280
7281
7290
7292
7292
7296
7298
7298
7299
7303
7303
7306
7312
7312
7315
7319
7330
7331
7349
7349
7351
7360
7362
7366
7367
7371
7371
7373
7373
7377
7377
7385
7387
7391
7394
7395
7400
7408
7409
7410
7412
7416
7416
7417
7418
7423
7426
7428
7430
7433
7434
7441
7442
7444
7448
7449
7451
7455
7465
7467
7467
7469
7470
7472
7474
7474
7476
7479
7482
7487
7501
7512
7515
7515
7516
7519
7521
7526
7530
7532
7554
7554
7564
7571
7571
7578
7579
7581
7585
7591
7592
7593
7600
7614
7615
7618
7624
7632
7633
7638
7639
7644
7645
7648
7649
7650
7652
7653
7654
7663
7672
7673
7674
7677
7677
7686
7686
7694
7694
7695
7697
7698
7700
7701
7710
7713
7723
7724
7732
7745
7758
7761
7761
7761
7766
7767
7769
7769
7773
7774
7780
7781
7782
7785
7786
7787
7788
7792
7799
7805
7809
7810
7812
7828
7831
7833
7837
7841
7846
7851
7856
7857
7858
7862
7864
7865
7870
7874
7874
7875
7876
7880
7880
7893
7899
7900
7905
7908
7909
7914
7923
7928
7929
7935
7935
7937
7942
7944
7949
7957
7960
7960
7961
7963
7965
7966
7969
7974
7980
7981
7986
7999
8002
8003
8007
8010
8011
8011
8012
8012
8015
8017
8017
8029
8032
8045
8045
8047
8053
8054
8060
8061
8064
8068
8070
8071
8072
8074
8080
8083
8086
8088
8089
8090
8094
8094
8094
8095
8099
8100
8104
8106
8109
8110
8112
8116
8120
8121
8122
8123
8123
8127
8138
8145
8146
8146
8146
8155
8158
8159
8164
8175
8177
8182
8192
8193
8194
8197
8198
8198
8201
8201
8203
8203
8204
8204
8207
8207
8208
8210
8212
8213
8214
8216
8219
8227
8232
8234
8244
8248
8248
8256
8258
8259
8260
8262
8268
8268
8277
8279
8282
8285
8287
8292
8293
8308
8310
8314
8318
8321
8323
8327
8329
8330
8337
8341
8349
8351
8352
8353
8363
8366
8369
8373
8375
8376
8385
8386
8392
8395
8395
8396
8396
8399
8401
8403
8405
8417
8419
8420
8423
8425
8425
8427
8427
8429
8432
8434
8438
8444
8452
8453
8459
8461
8472
8478
8481
8490
8492
8501
8504
8505
8509
8512
8518
8519
8526
8530
8531
8537
8537
8539
8542
8545
8545
8550
8554
8557
8559
8559
8564
8566
8566
8567
8571
8575
8580
8597
8602
8616
8625
8628
8628
8628
8630
8653
8657
8662
8662
8662
8665
8668
8669
8670
8675
8688
8690
8692
8692
8692
8693
8694
8700
8702
8705
8707
8707
8716
8717
8732
8733
8734
8735
8738
8741
8748
8749
8749
8749
8763
8764
8766
8770
8772
8775
8776
8776
8778
8778
8780
8781
8783
8785
8790
8791
8791
8795
8796
8799
8802
8803
8805
8811
8812
8814
8821
8824
8826
8828
8831
8834
8835
8836
8839
8844
8857
8861
8862
8871
8874
8874
8874
8876
8876
8878
8879
8879
8883
8884
8892
8894
8895
8895
8896
8900
8902
8903
8905
8905
8912
8914
8917
8920
8920
8923
8926
8929
8944
8945
8946
8946
8949
8949
8951
8951
8954
8954
8955
8957
8960
8960
8966
8966
8966
8970
8971
8972
8977
8979
8980
8996
8996
8997
8997
8999
9000
9002
9003
9004
9004
9005
9009
9011
9014
9017
9019
9022
9033
9036
9039
9045
9047
9051
9053
9055
9056
9056
9063
9065
9067
9070
9076
9076
9089
9090
9096
9096
9096
9100
9100
9101
9109
9112
9122
9131
9137
9144
9150
9154
9154
9159
9161
9168
9168
9171
9173
9175
9177
9189
9193
9194
9194
9199
9200
9205
9210
9215
9224
9225
9232
9233
9234
9237
9238
9239
9243
9245
9250
9256
9260
9261
9265
9269
9272
9285
9287
9290
9299
9302
9310
9316
9319
9319
9320
9324
9325
9327
9329
9330
9336
9339
9344
9344
9344
9347
9352
9353
9354
9358
9361
9366
9368
9370
9372
9375
9376
9387
9391
9391
9392
9392
9394
9396
9396
9397
9404
9408
9408
9409
9410
9413
9416
9417
9417
9418
9422
9428
9431
9433
9435
9441
9441
9443
9445
9450
9457
9461
9467
9468
9474
9475
9478
9482
9491
9493
9496
9499
9504
9505
9514
9515
9516
9519
9526
9532
9539
9540
9540
9541
9546
9548
9549
9551
9555
9560
9567
9570
9572
9576
9578
9579
9580
9583
9583
9586
9600
9603
9607
9608
9610
9611
9614
9615
9616
9618
9627
9628
9629
9630
9632
9632
9634
9635
9636
9648
9650
9651
9651
9662
9662
9664
9665
9665
9666
9670
9675
9677
9681
9682
9684
9685
9686
9686
9688
9690
9693
9695
9695
9700
9703
9708
9715
9716
9721
9722
9722
9726
9733
9738
9739
9747
9749
9768
9770
9771
9773
9783
9790
9793
9794
9798
9800
9803
9804
9810
9810
9814
9816
9816
9820
9820
9822
9826
9829
9841
9843
9843
9844
9846
9865
9866
9870
9873
9873
9876
9878
9880
9883
9885
9887
9893
9896
9904
9907
9909
9915
9916
9917
9922
9924
9927
9930
9937
9939
9943
9945
9951
9953
9954
9959
9961
9962
9966
9970
9975
9975
9976
9977
9984
9989
9990
9992
9992
9998
9999
10015
10017
10027
10029
10029
10032
10033
10042
10043
10044
10046
10047
10071
10071
10074
10077
10079
10079
10082
10083
10084
10086
10086
10089
10092
10093
10096
10104
10117
10123
10123
10126
10139
10154
10161
10161
10165
10166
10167
10173
10185
10186
10193
10196
10196
10197
10198
10200
10203
10207
10211
10212
10213
10215
10218
10218
10219
10223
10225
10231
10232
10233
10238
10244
10244
10246
10253
10260
10260
10261
10261
10263
10264
10271
10273
10273
10276
10277
10290
10292
10311
10311
10322
10329
10332
10334
10335
10339
10340
10344
10349
10350
10351
10354
10355
10357
10357
10360
10361
10366
10368
10369
10369
10375
10376
10379
10380
10380
10382
10390
10394
10394
10394
10399
10400
10404
10409
10416
10419
10427
10434
10440
10442
10443
10445
10448
10450
10450
10452
10454
10455
10461
10462
10472
10473
10476
10478
10486
10491
10494
10495
10497
10500
10504
10505
10510
10518
10518
10520
10521
10521
10525
10529
10531
10535
10536
10537
10538
10544
10568
10574
10583
10588
10588
10590
10591
10591
10592
10592
10592
10593
10593
10606
10606
10606
10608
10609
10611
10612
10613
10615
10617
10618
10626
10636
10643
10645
10649
10649
10653
10659
10663
10664
10665
10667
10671
10681
10685
10686
10692
10692
10696
10701
10714
10714
10714
10717
10718
10720
10721
10728
10728
10730
10733
10734
10735
10740
10742
10744
10746
10747
10751
10762
10770
10777
10784
10784
10789
10793
10793
10797
10805
10805
10808
10810
10811
10813
10815
10817
10821
10821
10826
10828
10838
10840
10841
10843
10843
10844
10846
10850
10859
10860
10863
10865
10879
10881
10881
10883
10883
10883
10885
10889
10903
10904
10905
10907
10911
10916
10921
10922
10933
10935
10937
10938
10944
10947
10949
10951
10953
10954
10958
10960
10969
10974
10981
10981
10986
10989
10991
10996
11000
11000
11004
11007
11008
11011
11015
11016
11028
11030
11030
11031
11036
11037
11038
11039
11043
11045
11051
11053
11058
11059
11063
11063
11072
11074
11074
11075
11078
11083
11087
11088
11102
11106
11108
11109
11111
11114
11118
11119
11125
11126
11126
11129
11138
11142
11163
11163
11165
11167
11184
11188
11191
11196
11196
11198
11201
11205
11205
11205
11206
11212
11213
11213
11217
11222
11223
11224
11229
11235
11238
11240
11245
11253
11258
11260
11262
11262
11276
11277
11279
11285
11287
11291
11293
11294
11295
11302
11304
11309
11313
11315
11316
11335
11345
11346
11346
11348
11352
11358
11359
11361
11365
11369
11373
11382
11392
11395
11397
11399
11399
11406
11406
11413
11413
11415
11423
11432
11432
11433
11434
11441
11444
11450
11452
11454
11459
11460
11461
11464
11471
11474
11481
11483
11487
11490
11493
11496
11498
11509
11510
11525
11528
11537
11544
11544
11549
11552
11553
11554
11554
11560
11562
11566
11568
11568
11570
11572
11572
11573
11575
11578
11585
11587
11593
11594
11595
11595
11596
11597
11602
11603
11604
11607
11609
11623
11623
11623
11629
11635
11639
11640
11642
11651
11655
11657
11663
11663
11664
11669
11669
11684
11685
11691
11696
11696
11698
11699
11699
11712
11720
11726
11730
11732
11733
11734
11735
11742
11742
11742
11745
11747
11758
11762
11767
11768
11768
11773
11777
11787
11796
11797
11799
11804
11804
11804
11808
11812
11815
11816
11817
11823
11830
11831
11831
11835
11836
11836
11837
11838
11843
11843
11846
11847
11849
11849
11850
11850
11852
11852
11854
11854
11857
11859
11875
11878
11878
11883
11884
11884
11885
11888
11890
11890
11892
11893
11899
11901
11902
11908
11910
11912
11912
11915
11920
11924
11928
11929
11931
11938
11940
11946
11946
11949
11949
11958
11960
11961
11962
11963
11970
11971
11975
11980
11984
11993
11996
11999
12000
12000
12001
12004
12006
12012
12015
12015
12019
12028
12029
12036
12037
12040
12045
12051
12051
12055
12059
12061
12068
12070
12071
12073
12073
12077
12080
12081
12087
12089
12090
12090
12092
12098
12100
12102
12104
12107
12108
12111
12115
12116
12123
12127
12127
12128
12143
12148
12150
12151
12152
12153
12154
12156
12160
12162
12164
12165
12167
12170
12170
12175
12181
12189
12193
12193
12194
12194
12200
12200
12200
12201
12204
12207
12207
12213
12214
12216
12222
12223
12223
12225
12226
12227
12231
12231
12239
12243
12244
12263
12265
12271
12271
12285
12301
12304
12307
12308
12310
12311
12312
12312
12313
12317
12318
12321
12328
12329
12329
12329
12336
12338
12340
12341
12345
12347
12353
12355
12371
12371
12372
12386
12387
12389
12392
12396
12402
12403
12406
12409
12410
12410
12411
12417
12420
12423
12424
12431
12434
12441
12442
12450
12453
12453
12454
12458
12460
12465
12466
12469
12472
12473
12474
12477
12477
12479
12484
12490
12491
12492
12496
12497
12500
12500
12514
12525
12525
12527
12527
12533
12546
12550
12550
12551
12554
12560
12562
12568
12572
12574
12581
12586
12592
12594
12594
12598
12610
12613
12617
12632
12648
12654
12657
12659
12660
12660
12663
12664
12684
12686
12686
12687
12692
12701
12713
12721
12722
12724
12727
12728
12728
12732
12733
12738
12739
12739
12744
12746
12752
12754
12756
12758
12760
12761
12764
12765
12767
12782
12784
12786
12786
12789
12792
12803
12807
12809
12814
12817
12818
12819
12819
12821
12822
12823
12826
12827
12830
12839
12840
12844
12848
12849
12852
12855
12858
12862
12863
12867
12868
12869
12875
12881
12885
12895
12899
12905
12914
12917
12921
12921
12930
12931
12932
12934
12935
12944
12946
12950
12963
12965
12968
12971
12974
12974
12977
12982
12983
12984
12985
12986
12988
12990
12993
12994
12997
12998
13001
13004
13004
13004
13005
13007
13007
13008
13014
13015
13019
13030
13030
13031
13033
13035
13039
13045
13052
13059
13059
13065
13068
13078
13083
13091
13093
13098
13100
13101
13104
13107
13110
13114
13115
13122
13122
13135
13139
13139
13140
13140
13143
13143
13146
13146
13147
13147
13149
13150
13151
13152
13157
13158
13161
13165
13167
13168
13177
13178
13178
13181
13183
13185
13190
13196
13198
13203
13207
13208
13210
13215
13216
13216
13216
13217
13225
13227
13233
13235
13240
13241
13243
13246
13252
13261
13262
13264
13274
13275
13276
13281
13282
13282
13283
13285
13291
13293
13295
13296
13308
13309
13315
13317
13318
13320
13321
13321
13321
13321
13325
13325
13325
13327
13329
13329
13335
13336
13341
13341
13342
13346
13349
13349
13356
13357
13358
13360
13365
13366
13368
13373
13377
13386
13387
13392
13395
13399
13402
13402
13402
13407
13412
13412
13414
13415
13424
13425
13432
13449
13453
13453
13455
13458
13458
13460
13464
13469
13470
13470
13480
13485
13493
13494
13496
13498
13500
13503
13504
13504
13505
13513
13515
13518
13519
13520
13522
13522
13523
13528
13535
13537
13538
13538
13548
13549
13549
13550
13563
13565
13565
13566
13568
13568
13570
13571
13572
13580
13584
13585
13586
13586
13591
13592
13593
13597
13598
13599
13602
13603
13607
13611
13612
13612
13613
13620
13623
13624
13624
13632
13636
13637
13639
13641
13646
13648
13653
13654
13660
13662
13667
13676
13679
13683
13687
13688
13702
13705
13709
13713
13716
13725
13726
13729
13732
13736
13752
13753
13757
13762
13770
13774
13776
13777
13778
13782
13784
13788
13792
13801
13811
13811
13820
13823
13825
13826
13827
13829
13835
13841
13846
13847
13848
13851
13853
13855
13858
13861
13863
13866
13869
13874
13880
13885
13885
13897
13902
13905
13908
13912
13914
13917
13925
13927
13927
13932
13935
13939
13939
13943
13955
13956
13957
13965
13966
13971
13973
13977
13979
13981
13981
13982
13993
13996
14000
14000
14002
14011
14013
14014
14024
14028
14028
14032
14038
14040
14046
14047
14049
14060
14062
14065
14065
14066
14066
14072
14073
14079
14083
14086
14089
14091
14092
14095
14097
14102
14104
14114
14114
14123
14124
14136
14138
14139
14141
14143
14144
14146
14147
14148
14150
14158
14176
14179
14183
14195
14197
14198
14200
14203
14205
14207
14209
14209
14215
14227
14227
14228
14231
14234
14234
14235
14238
14245
14250
14256
14259
14263
14263
14264
14264
14267
14267
14267
14268
14271
14272
14276
14278
14279
14280
14281
14294
14294
14297
14301
14303
14303
14304
14308
14313
14315
14325
14327
14327
14328
14330
14338
14340
14345
14349
14352
14353
14356
14359
14360
14364
14371
14374
14378
14379
14387
14393
14394
14400
14400
14404
14407
14408
14408
14411
14414
14416
14418
14419
14421
14427
14432
14436
14443
14446
14448
14452
14453
14459
14460
14462
14466
14468
14474
14477
14480
14481
14484
14493
14498
14501
14504
14505
14508
14509
14509
14520
14523
14525
14525
14526
14532
14533
14539
14540
14546
14547
14547
14551
14553
14557
14571
14574
14574
14575
14575
14576
14578
14582
14586
14588
14590
14599
14604
14607
14608
14609
14609
14609
14610
14612
14614
14615
14617
14618
14621
14621
14621
14622
14622
14624
14625
14635
14636
14638
14644
14646
14647
14651
14651
14652
14653
14657
14658
14658
14665
14672
14674
14676
14679
14686
14696
14698
14713
14717
14720
14725
14726
14726
14731
14737
14741
14743
14744
14747
14759
14761
14764
14770
14775
14776
14781
14782
14783
14788
14795
14797
14798
14811
14813
14818
14820
14821
14836
14838
14839
14839
14841
14843
14846
14848
14853
14871
14872
14873
14883
14889
14893
14896
14896
14901
14907
14908
14915
14916
14918
14919
14919
14921
14930
14931
14931
14935
14939
14943
14947
14948
14952
14955
14956
14958
14959
14963
14966
14969
14974
14981
14982
14983
14986
14987
14991
14992
14994
14995
15000
15001
15006
15009
15016
15017
15021
15022
15022
15026
15027
15029
15034
15036
15038
15040
15046
15047
15047
15050
15052
15053
15054
15061
15063
15064
15066
15069
15073
15076
15081
15084
15108
15109
15109
15110
15120
15122
15124
15128
15131
15131
15132
15137
15138
15139
15150
15153
15160
15161
15162
15168
15182
15184
15187
15188
15189
15196
15197
15221
15228
15237
15238
15238
15239
15243
15243
15247
15251
15256
15259
15260
15262
15275
15276
15283
15285
15287
15290
15293
15298
15303
15305
15309
15314
15315
15318
15331
15331
15335
15341
15343
15343
15344
15347
15350
15358
15361
15365
15365
15368
15374
15375
15378
15380
15381
15385
15386
15387
15391
15393
15394
15395
15399
15400
15401
15406
15407
15407
15419
15421
15426
15431
15439
15441
15444
15444
15451
15452
15453
15454
15456
15458
15459
15460
15467
15469
15469
15470
15470
15480
15481
15482
15482
15485
15486
15487
15488
15494
15494
15500
15504
15508
15512
15514
15514
15518
15532
15533
15535
15535
15539
15540
15541
15545
15545
15546
15548
15550
15552
15555
15556
15557
15565
15565
15568
15569
15574
15574
15579
15585
15586
15590
15597
15597
15604
15621
15625
15631
15631
15635
15636
15642
15646
15652
15653
15654
15654
15658
15665
15670
15673
15675
15680
15683
15686
15686
15689
15690
15691
15694
15695
15697
15698
15702
15702
15706
15706
15710
15712
15716
15721
15726
15728
15729
15732
15738
15739
15743
15743
15744
15745
15750
15758
15765
15765
15765
15766
15768
15769
15776
15785
15795
15797
15799
15802
15804
15808
15811
15814
15816
15819
15829
15830
15833
15835
15836
15848
15852
15854
15856
15859
15859
15880
15882
15884
15891
15891
15899
15901
15910
15917
15930
15936
15937
15951
15954
15955
15960
15961
15963
15964
15966
15968
15978
15982
15988
15990
15990
15991
15991
15993
16001
16001
16003
16008
16008
16010
16014
16017
16019
16022
16022
16026
16031
16035
16040
16042
16050
16053
16055
16065
16075
16077
16078
16083
16087
16091
16093
16099
16099
16101
16102
16102
16103
16105
16105
16109
16110
16114
16115
16116
16116
16124
16129
16131
16135
16135
16136
16138
16139
16144
16155
16156
16160
16161
16163
16165
16167
16171
16173
16174
16175
16180
16181
16183
16186
16187
16198
16198
16200
16201
16202
16202
16206
16213
16215
16218
16219
16221
16223
16223
16224
16227
16232
16232
16238
16239
16248
16249
16249
16252
16268
16272
16274
16274
16277
16284
16288
16295
16295
16298
16306
16309
16315
16317
16322
16322
16325
16326
16330
16338
16341
16343
16344
16352
16356
16359
16362
16366
16368
16370
16373
16376
16381
16393
16399
16402
16409
16414
16416
16418
16419
16420
16420
16425
16426
16431
16433
16433
16439
16455
16461
16462
16467
16470
16471
16472
16474
16475
16475
16485
16486
16488
16490
16490
16490
16493
16494
16496
16498
16498
16502
16507
16511
16515
16517
16518
16519
16521
16527
16532
16536
16541
16543
16545
16553
16554
16560
16565
16565
16565
16566
16571
16571
16581
16583
16598
16602
16604
16611
16614
16615
16619
16623
16623
16623
16630
16635
16636
16636
16644
16649
16653
16653
16655
16660
16660
16665
16668
16669
16670
16675
16677
16679
16679
16686
16691
16698
16701
16703
16704
16705
16705
16705
16706
16706
16715
16717
16719
16722
16723
16724
16724
16725
16726
16728
16732
16733
16740
16741
16743
16744
16745
16749
16753
16757
16764
16766
16775
16781
16783
16786
16788
16796
16807
16815
16815
16819
16821
16824
16825
16834
16835
16839
16840
16843
16844
16851
16852
16852
16853
16854
16854
16857
16859
16862
16863
16865
16865
16869
16870
16875
16878
16882
16886
16888
16892
16892
16893
16895
16899
16901
16902
16907
16911
16913
16913
16919
16923
16929
16930
16935
16937
16941
16946
16949
16955
16955
16956
16956
16964
16969
16971
16975
16975
16978
16980
16983
16983
16983
16984
16995
16997
17000
17000
17004
17006
17008
17008
17010
17011
17015
17017
17017
17019
17030
17033
17041
17041
17042
17050
17053
17058
17060
17071
17075
17077
17077
17080
17083
17083
17085
17087
17088
17089
17100
17100
17103
17103
17107
17112
17118
17119
17121
17121
17124
17126
17132
17137
17138
17141
17141
17149
17151
17153
17158
17159
17160
17166
17169
17173
17174
17179
17184
17184
17185
17194
17195
17201
17204
17207
17215
17220
17223
17225
17225
17226
17226
17226
17228
17233
17260
17261
17265
17267
17270
17273
17273
17277
17279
17281
17283
17283
17284
17296
17297
17301
17301
17311
17312
17327
17332
17333
17335
17338
17338
17339
17341
17343
17343
17349
17349
17352
17352
17353
17354
17354
17359
17371
17371
17375
17376
17383
17390
17392
17399
17403
17407
17410
17414
17415
17419
17420
17421
17427
17432
17433
17435
17439
17445
17446
17449
17451
17462
17462
17464
17471
17480
17481
17482
17484
17485
17488
17493
17493
17494
17495
17503
17503
17512
17515
17517
17522
17523
17531
17532
17537
17542
17546
17547
17550
17551
17553
17559
17560
17576
17583
17588
17589
17597
17599
17607
17607
17616
17616
17617
17621
17628
17630
17631
17633
17638
17648
17649
17656
17656
17657
17658
17658
17662
17663
17666
17666
17667
17673
17682
17687
17688
17692
17697
17706
17708
17711
17718
17718
17721
17723
17727
17730
17733
17735
17739
17742
17757
17757
17764
17767
17767
17772
17774
17778
17780
17789
17793
17798
17811
17812
17820
17830
17831
17837
17837
17850
17851
17854
17869
17877
17878
17885
17892
17899
17899
17900
17910
17919
17921
17921
17922
17924
17929
17935
17942
17942
17945
17949
17954
17963
17967
17969
17971
17972
17973
17974
17974
17975
17975
17982
17985
17986
17988
17990
17992
17994
18003
18003
18009
18014
18028
18032
18033
18033
18036
18036
18036
18036
18037
18038
18039
18042
18044
18047
18047
18049
18053
18054
18056
18057
18062
18062
18063
18063
18067
18068
18069
18071
18074
18079
18086
18097
18099
18099
18105
18105
18110
18111
18113
18114
18116
18116
18120
18125
18129
18130
18130
18131
18136
18136
18137
18152
18152
18153
18155
18177
18178
18179
18181
18186
18186
18187
18188
18189
18193
18196
18196
18197
18198
18200
18204
18214
18221
18223
18223
18224
18228
18233
18236
18240
18251
18252
18253
18253
18256
18257
18264
18264
18265
18270
18274
18274
18275
18278
18279
18288
18293
18295
18297
18299
18306
18307
18308
18309
18314
18320
18322
18323
18332
18336
18342
18345
18360
18360
18365
18370
18377
18383
18384
18385
18395
18396
18409
18410
18415
18417
18417
18422
18430
18430
18435
18435
18442
18446
18449
18451
18461
18463
18464
18465
18469
18475
18478
18479
18487
18491
18492
18493
18499
18505
18508
18509
18513
18513
18526
18528
18528
18541
18543
18550
18554
18554
18555
18556
18560
18562
18568
18569
18571
18571
18574
18596
18601
18603
18603
18605
18609
18626
18633
18634
18638
18641
18642
18645
18645
18648
18652
18663
18663
18666
18669
18671
18674
18675
18675
18683
18684
18690
18691
18696
18697
18700
18700
18701
18703
18703
18705
18705
18716
18718
18725
18725
18729
18730
18730
18735
18747
18755
18756
18756
18759
18761
18762
18762
18774
18777
18779
18780
18784
18787
18791
18794
18796
18800
18802
18803
18806
18809
18809
18818
18819
18823
18826
18829
18832
18832
18834
18841
18841
18842
18844
18845
18853
18859
18864
18865
18869
18871
18872
18878
18881
18883
18883
18886
18894
18900
18905
18906
18907
18910
18914
18915
18917
18921
18931
18941
18942
18944
18948
18950
18951
18958
18961
18964
18971
18972
18973
18975
18977
18979
18980
18983
18985
18989
18993
18993
18998
19002
19003
19009
19014
19020
19023
19025
19026
19027
19036
19043
19046
19052
19061
19063
19073
19074
19078
19081
19083
19086
19090
19092
19094
19096
19097
19099
19106
19108
19122
19122
19123
19127
19128
19132
19148
19153
19159
19162
19163
19167
19176
19181
19191
19196
19200
19215
19215
19222
19226
19228
19231
19239
19253
19255
19257
19258
19267
19268
19272
19277
19278
19278
19279
19284
19284
19285
19288
19294
19294
19295
19300
19303
19307
19308
19314
19319
19319
19327
19330
19332
19332
19340
19341
19341
19342
19344
19344
19350
19351
19358
19359
19360
19364
19374
19377
19383
19385
19385
19386
19392
19394
19396
19400
19402
19403
19405
19405
19405
19405
19406
19411
19419
19421
19422
19427
19427
19432
19434
19435
19436
19445
19453
19462
19462
19464
19465
19466
19468
19473
19478
19478
19480
19483
19486
19487
19491
19493
19496
19497
19505
19505
19506
19510
19511
19513
19514
19518
19518
19520
19526
19527
19529
19531
19534
19534
19535
19535
19538
19542
19543
19547
19547
19549
19555
19558
19562
19565
19566
19568
19575
19575
19578
19583
19585
19586
19587
19591
19593
19599
19603
19606
19611
19613
19613
19615
19617
19625
19627
19629
19633
19635
19636
19638
19644
19644
19645
19652
19669
19674
19681
19684
19684
19686
19687
19688
19697
19698
19699
19700
19708
19714
19715
19717
19717
19721
19721
19728
19734
19738
19738
19738
19739
19741
19748
19748
19753
19756
19757
19766
19769
19773
19774
19777
19781
19786
19795
19802
19805
19807
19810
19836
19838
19843
19848
19853
19856
19858
19860
19862
19871
19871
19871
19873
19873
19877
19879
19879
19880
19881
19884
19885
19888
19889
19894
19895
19901
19902
19904
19904
19907
19911
19914
19920
19923
19924
19933
19937
19938
19940
19942
19943
19950
19951
19952
19965
19968
19970
19980
19981
19985
19997
19998
20000
20002
20002
20005
20005
20007
20016
20024
20028
20030
20030
20033
20034
20034
20040
20041
20048
20051
20054
20055
20057
20058
20060
20063
20067
20069
20073
20075
20079
20080
20083
20090
20091
20096
20103
20110
20111
20112
20118
20121
20121
20123
20128
20135
20136
20140
20141
20143
20152
20155
20158
20159
20162
20163
20164
20165
20166
20168
20169
20170
20170
20170
20179
20179
20186
20187
20190
20192
20195
20197
20200
20201
20222
20224
20229
20232
20241
20244
20246
20252
20256
20257
20263
20266
20272
20277
20278
20278
20278
20284
20285
20294
20298
20299
20301
20302
20302
20308
20314
20320
20327
20330
20330
20332
20332
20336
20337
20339
20344
20354
20365
20366
20366
20375
20376
20377
20379
20379
20383
20384
20390
20391
20393
20397
20397
20410
20413
20418
20429
20433
20436
20437
20440
20441
20443
20448
20449
20451
20458
20463
20466
20468
20470
20473
20476
20478
20479
20482
20488
20491
20491
20495
20499
20500
20502
20503
20516
20523
20527
20529
20530
20532
20534
20535
20538
20546
20546
20550
20553
20559
20559
20561
20572
20574
20577
20580
20584
20585
20586
20587
20587
20588
20590
20598
20604
20604
20605
20605
20607
20607
20610
20610
20611
20613
20616
20619
20622
20625
20626
20626
20629
20634
20636
20642
20659
20660
20661
20662
20662
20664
20674
20676
20679
20683
20696
20700
20703
20707
20711
20712
20717
20725
20730
20730
20735
20735
20737
20740
20748
20749
20758
20761
20763
20769
20770
20773
20775
20776
20783
20786
20788
20789
20790
20791
20794
20794
20797
20798
20802
20804
20805
20806
20808
20811
20812
20817
20819
20820
20821
20821
20826
20834
20840
20844
20847
20850
20851
20860
20862
20869
20871
20871
20872
20872
20874
20877
20877
20877
20879
20883
20884
20885
20892
20894
20897
20901
20902
20903
20907
20912
20922
20923
20930
20932
20936
20936
20939
20941
20941
20944
20945
20945
20947
20950
20952
20955
20960
20961
20961
20962
20974
20974
20978
20979
20982
20986
20987
20998
21002
21003
21003
21006
21007
21007
21008
21008
21015
21017
21022
21028
21030
21034
21034
21037
21038
21042
21043
21045
21047
21051
21055
21056
21057
21059
21063
21064
21068
21074
21079
21084
21085
21085
21085
21087
21087
21087
21089
21093
21095
21096
21099
21106
21107
21117
21118
21120
21125
21126
21129
21135
21137
21137
21138
21138
21142
21145
21159
21161
21162
21172
21174
21176
21180
21191
21202
21211
21214
21217
21219
21226
21226
21227
21228
21228
21237
21240
21242
21246
21250
21252
21255
21256
21258
21258
21264
21266
21269
21270
21272
21275
21281
21285
21290
21291
21295
21295
21296
21300
21306
21313
21313
21314
21315
21320
21321
21323
21330
21341
21342
21346
21346
21348
21349
21353
21354
21360
21363
21364
21367
21367
21376
21383
21383
21385
21385
21386
21386
21388
21390
21396
21403
21404
21406
21408
21420
21421
21424
21429
21435
21436
21439
21439
21440
21441
21444
21446
21447
21451
21452
21454
21454
21455
21460
21465
21468
21470
21479
21488
21490
21493
21504
21511
21515
21515
21517
21518
21520
21522
21523
21526
21526
21531
21535
21540
21545
21551
21553
21555
21556
21558
21559
21563
21564
21567
21569
21571
21571
21573
21573
21580
21586
21589
21592
21597
21598
21602
21602
21604
21609
21610
21611
21614
21621
21628
21631
21634
21636
21640
21641
21642
21643
21643
21644
21644
21645
21649
21656
21656
21661
21664
21677
21684
21685
21686
21686
21688
21689
21690
21698
21705
21707
21708
21713
21715
21718
21718
21720
21721
21723
21725
21725
21726
21729
21734
21735
21735
21736
21741
21742
21743
21746
21753
21753
21761
21763
21770
21770
21775
21778
21783
21789
21789
21792
21798
21805
21806
21811
21811
21816
21816
21816
21816
21817
21833
21833
21835
21838
21841
21843
21844
21850
21861
21865
21869
21872
21878
21879
21895
21896
21896
21897
21901
21902
21913
21915
21915
21916
21918
21928
21929
21930
21934
21934
21935
21940
21940
21944
21952
21958
21962
21970
21979
21980
21982
21982
21984
21990
21993
21999
22000
22001
22006
22023
22034
22039
22042
22045
22046
22049
22050
22051
22056
22060
22062
22062
22076
22078
22091
22092
22093
22098
22102
22104
22106
22107
22108
22111
22112
22113
22116
22117
22121
22123
22126
22135
22142
22145
22151
22152
22153
22154
22156
22156
22157
22158
22158
22162
22162
22163
22166
22167
22168
22188
22190
22191
22193
22201
22205
22207
22226
22227
22237
22240
22242
22243
22248
22252
22256
22270
22273
22277
22277
22278
22279
22281
22282
22284
22284
22285
22286
22288
22290
22291
22299
22300
22317
22318
22327
22330
22340
22351
22355
22360
22362
22367
22369
22372
22375
22378
22389
22397
22407
22411
22413
22423
22426
22430
22437
22439
22440
22441
22443
22446
22448
22449
22451
22455
22463
22464
22472
22473
22483
22483
22485
22487
22488
22495
22497
22498
22501
22507
22517
22518
22521
22523
22527
22531
22531
22532
22533
22533
22538
22540
22541
22542
22550
22550
22551
22557
22561
22564
22566
22569
22572
22572
22575
22578
22581
22582
22583
22585
22585
22587
22594
22609
22619
22638
22639
22640
22641
22646
22648
22652
22657
22660
22660
22661
22662
22663
22663
22667
22670
22675
22681
22685
22696
22701
22702
22703
22703
22703
22704
22707
22711
22714
22719
22721
22725
22732
22732
22733
22734
22739
22744
22745
22753
22753
22753
22754
22756
22757
22760
22761
22764
22770
22780
22787
22794
22794
22800
22800
22805
22815
22815
22818
22818
22823
22828
22831
22833
22836
22836
22837
22837
22839
22840
22842
22844
22847
22850
22852
22856
22856
22857
22858
22862
22870
22871
22872
22876
22878
22881
22883
22903
22905
22918
22923
22925
22926
22934
22937
22937
22940
22943
22948
22953
22961
22967
22968
22969
22972
22976
22980
22983
22986
22989
22992
22992
22992
22996
23000
23002
23004
23006
23006
23009
23009
23010
23010
23020
23020
23026
23037
23042
23042
23047
23052
23053
23057
23057
23058
23059
23060
23060
23062
23065
23066
23069
23076
23085
23087
23092
23097
23101
23103
23103
23116
23116
23125
23130
23132
23133
23135
23136
23137
23140
23143
23143
23144
23145
23167
23171
23173
23175
23177
23181
23185
23185
23188
23192
23195
23200
23202
23212
23215
23219
23225
23237
23240
23241
23243
23245
23245
23262
23264
23265
23267
23269
23273
23274
23276
23278
23279
23283
23297
23300
23303
23306
23307
23308
23313
23314
23317
23323
23326
23329
23333
23340
23340
23340
23345
23347
23347
23349
23350
23355
23356
23357
23359
23364
23365
23369
23370
23370
23372
23372
23381
23382
23389
23391
23392
23396
23399
23402
23406
23408
23412
23419
23422
23422
23423
23423
23426
23431
23437
23441
23442
23442
23446
23452
23453
23454
23457
23457
23460
23460
23462
23467
23474
23475
23476
23477
23479
23483
23484
23487
23490
23490
23496
23500
23503
23508
23519
23520
23524
23527
23527
23531
23534
23537
23538
23543
23544
23545
23551
23555
23556
23567
23570
23574
23576
23582
23582
23587
23589
23601
23602
23604
23604
23606
23607
23609
23613
23616
23619
23619
23621
23623
23624
23625
23630
23631
23633
23633
23633
23634
23639
23643
23645
23649
23653
23665
23670
23672
23673
23676
23677
23678
23684
23686
23692
23695
23695
23697
23703
23705
23706
23707
23710
23710
23712
23720
23726
23727
23727
23729
23732
23735
23739
23741
23754
23759
23761
23766
23771
23772
23774
23781
23784
23788
23789
23791
23792
23795
23802
23805
23807
23809
23811
23824
23825
23831
23832
23833
23836
23836
23840
23843
23851
23855
23861
23864
23866
23874
23880
23894
23897
23904
23906
23906
23916
23921
23923
23926
23927
23931
23934
23934
23941
23945
23946
23950
23950
23952
23953
23953
23956
23959
23959
23962
23963
23965
23966
23969
23970
23975
23976
23980
23983
23990
23992
24000
24003
24009
24013
24014
24016
24020
24021
24024
24026
24033
24037
24037
24040
24041
24043
24045
24049
24052
24060
24062
24063
24070
24072
24082
24082
24082
24086
24087
24087
24098
24101
24105
24110
24111
24112
24115
24123
24124
24135
24137
24138
24139
24141
24154
24156
24157
24160
24160
24167
24173
24181
24184
24185
24186
24193
24196
24196
24201
24206
24207
24214
24216
24217
24217
24223
24228
24229
24229
24232
24240
24245
24246
24251
24252
24252
24254
24260
24260
24260
24261
24275
24275
24277
24277
24279
24280
24281
24288
24291
24294
24300
24319
24326
24328
24330
24330
24330
24331
24331
24332
24335
24342
24346
24348
24349
24351
24354
24355
24359
24360
24363
24368
24374
24379
24385
24391
24391
24393
24398
24404
24404
24407
24408
24415
24418
24425
24430
24431
24432
24436
24439
24443
24447
24449
24450
24456
24457
24473
24477
24479
24492
24495
24498
24499
24505
24508
24511
24512
24517
24518
24521
24525
24525
24542
24548
24548
24556
24559
24569
24570
24572
24573
24578
24579
24580
24585
24587
24587
24589
24589
24593
24597
24598
24603
24606
24606
24608
24610
24614
24617
24617
24618
24622
24629
24634
24643
24652
24657
24658
24659
24662
24663
24670
24674
24677
24677
24678
24681
24683
24691
24692
24697
24699
24700
24700
24702
24707
24709
24710
24712
24713
24720
24723
24728
24731
24732
24733
24738
24740
24752
24755
24757
24763
24767
24784
24787
24790
24791
24793
24793
24796
24798
24800
24804
24807
24810
24814
24816
24817
24819
24833
24833
24834
24836
24836
24841
24844
24847
24851
24852
24855
24864
24870
24871
24871
24879
24881
24884
24885
24891
24892
24893
24897
24899
24899
24902
24908
24909
24913
24913
24913
24915
24916
24917
24927
24927
24937
24939
24942
24943
24945
24949
24952
24954
24956
24962
24962
24964
24972
24972
24978
24979
24980
24982
24990
24990
25000
25006
25008
25011
25012
25014
25018
25021
25024
25035
25035
25046
25046
25047
25049
25055
25058
25059
25060
25065
25068
25068
25072
25074
25079
25085
25092
25094
25097
25097
25098
25098
25102
25106
25107
25108
25119
25119
25119
25125
25125
25132
25134
25142
25143
25143
25144
25144
25145
25152
25152
25153
25155
25159
25167
25170
25182
25186
25187
25189
25189
25191
25192
25193
25198
25200
25201
25206
25208
25216
25216
25223
25234
25235
25235
25238
25240
25244
25244
25246
25250
25252
25253
25256
25264
25264
25264
25267
25268
25268
25271
25272
25280
25281
25289
25289
25292
25292
25294
25302
25314
25318
25319
25326
25326
25332
25333
25349
25352
25355
25359
25359
25360
25360
25361
25364
25365
25366
25371
25375
25378
25380
25382
25383
25386
25386
25393
25401
25403
25408
25409
25410
25412
25412
25424
25433
25433
25440
25441
25442
25443
25447
25448
25452
25453
25453
25461
25461
25462
25467
25468
25471
25472
25474
25474
25475
25479
25482
25489
25496
25497
25499
25508
25509
25513
25513
25513
25515
25516
25523
25525
25527
25528
25533
25534
25537
25537
25538
25540
25541
25543
25547
25550
25550
25551
25554
25556
25563
25569
25579
25582
25585
25593
25593
25598
25608
25612
25614
25615
25618
25627
25627
25628
25639
25640
25644
25648
25650
25652
25661
25662
25664
25665
25668
25670
25671
25671
25674
25678
25678
25680
25683
25684
25696
25697
25698
25699
25700
25703
25706
25709
25712
25712
25713
25718
25719
25723
25727
25731
25737
25741
25745
25745
25747
25753
25753
25760
25761
25763
25763
25769
25769
25772
25776
25783
25784
25786
25789
25791
25799
25806
25811
25812
25815
25822
25825
25833
25838
25838
25841
25841
25843
25844
25849
25851
25857
25858
25860
25865
25866
25868
25871
25875
25882
25882
25884
25886
25893
25893
25895
25896
25903
25903
25904
25905
25907
25908
25915
25918
25918
25922
25927
25937
25939
25939
25943
25943
25945
25945
25947
25949
25952
25960
25969
25969
25977
25980
25981
25983
25997
25999
26003
26005
26015
26017
26018
26024
26026
26026
26029
26035
26043
26047
26048
26051
26052
26057
26058
26062
26066
26067
26069
26070
26080
26090
26095
26100
26103
26103
26107
26112
26116
26121
26124
26135
26136
26139
26140
26143
26145
26146
26148
26150
26159
26159
26161
26163
26164
26165
26168
26171
26180
26185
26187
26187
26189
26194
26196
26198
26202
26203
26204
26206
26208
26208
26209
26222
26223
26234
26234
26234
26242
26243
26243
26248
26250
26252
26255
26255
26255
26256
26258
26258
26261
26267
26267
26268
26272
26284
26285
26286
26289
26300
26301
26304
26307
26311
26312
26312
26312
26315
26316
26320
26324
26326
26327
26339
26341
26344
26351
26354
26355
26359
26361
26363
26364
26375
26375
26376
26376
26386
26398
26398
26400
26401
26405
26406
26408
26412
26415
26416
26422
26431
26436
26436
26436
26440
26441
26442
26450
26458
26462
26463
26463
26465
26468
26468
26468
26472
26477
26478
26479
26481
26493
26496
26498
26505
26508
26508
26515
26518
26519
26521
26523
26523
26527
26532
26533
26537
26541
26544
26550
26555
26557
26559
26562
26563
26563
26569
26571
26574
26580
26595
26597
26601
26602
26604
26605
26605
26606
26620
26624
26627
26627
26637
26640
26645
26645
26647
26648
26650
26653
26654
26654
26655
26656
26658
26659
26664
26668
26674
26674
26678
26680
26686
26692
26695
26699
26703
26719
26719
26724
26729
26730
26734
26740
26741
26741
26743
26752
26757
26767
26767
26768
26770
26774
26780
26782
26782
26791
26794
26796
26797
26805
26805
26807
26808
26813
26815
26816
26818
26820
26825
26825
26827
26829
26831
26832
26835
26836
26836
26838
26840
26843
26843
26856
26857
26864
26864
26866
26866
26869
26869
26878
26879
26880
26883
26883
26883
26883
26889
26893
26902
26907
26907
26909
26910
26911
26911
26913
26921
26931
26933
26936
26938
26939
26941
26941
26942
26944
26944
26946
26947
26947
26955
26964
26965
26965
26967
26968
26979
26980
26981
26988
26993
26997
26998
26999
27005
27005
27007
27008
27010
27018
27021
27023
27025
27034
27037
27038
27041
27042
27049
27050
27054
27059
27062
27063
27067
27068
27072
27074
27075
27078
27080
27081
27082
27084
27087
27087
27098
27104
27106
27107
27109
27112
27115
27119
27120
27125
27128
27133
27138
27138
27140
27148
27148
27150
27155
27155
27156
27164
27165
27166
27167
27170
27173
27173
27177
27178
27178
27181
27186
27189
27191
27192
27193
27194
27194
27197
27202
27202
27203
27204
27211
27215
27220
27226
27237
27239
27240
27245
27249
27249
27251
27254
27254
27256
27266
27270
27280
27284
27294
27294
27299
27316
27321
27326
27328
27330
27330
27332
27333
27335
27338
27338
27339
27342
27350
27350
27351
27355
27361
27373
27375
27375
27375
27377
27377
27378
27382
27385
27392
27396
27398
27408
27409
27412
27416
27416
27418
27428
27430
27431
27433
27437
27440
27441
27441
27443
27446
27448
27450
27450
27451
27452
27452
27457
27471
27473
27478
27481
27485
27485
27488
27489
27496
27499
27499
27502
27503
27504
27504
27505
27509
27509
27510
27510
27513
27518
27518
27521
27521
27525
27526
27526
27532
27536
27554
27558
27560
27562
27565
27571
27572
27579
27584
27586
27586
27604
27605
27606
27613
27614
27616
27617
27623
27624
27628
27629
27629
27632
27633
27643
27648
27650
27651
27654
27657
27658
27663
27669
27671
27672
27679
27687
27687
27688
27692
27694
27695
27702
27707
27707
27714
27716
27717
27718
27722
27723
27725
27726
27727
27729
27730
27731
27733
27733
27733
27734
27740
27741
27741
27744
27746
27747
27752
27758
27768
27770
27772
27774
27777
27778
27789
27791
27795
27795
27795
27795
27796
27798
27800
27800
27802
27804
27804
27804
27805
27807
27808
27809
27810
27810
27811
27812
27818
27828
27830
27831
27833
27833
27834
27834
27835
27836
27843
27850
27853
27856
27861
27865
27868
27869
27869
27871
27874
27875
27885
27887
27889
27889
27895
27899
27900
27902
27904
27912
27915
27916
27916
27926
27927
27927
27928
27930
27933
27935
27937
27938
27945
27946
27948
27951
27952
27953
27958
27959
27962
27963
27967
27968
27974
27976
27979
27984
27994
27995
27996
27999
28000
28004
28008
28021
28023
28023
28026
28032
28034
28034
28042
28047
28055
28063
28070
28071
28083
28085
28093
28096
28099
28107
28114
28116
28118
28125
28132
28133
28135
28142
28143
28144
28146
28147
28150
28150
28169
28170
28173
28173
28173
28175
28182
28187
28190
28191
28193
28195
28197
28198
28200
28208
28208
28209
28219
28221
28223
28230
28235
28238
28240
28246
28250
28252
28252
28252
28256
28257
28259
28268
28279
28281
28282
28294
28294
28298
28299
28300
28306
28307
28313
28318
28319
28321
28325
28325
28331
28336
28337
28347
28348
28348
28352
28357
28358
28366
28370
28374
28376
28377
28379
28384
28386
28387
28389
28390
28395
28396
28402
28403
28403
28408
28410
28414
28417
28419
28426
28429
28430
28430
28436
28436
28440
28443
28449
28454
28454
28457
28465
28470
28471
28473
28482
28486
28487
28488
28492
28497
28502
28510
28510
28512
28515
28516
28527
28530
28531
28531
28537
28539
28543
28544
28548
28549
28550
28557
28561
28563
28563
28566
28571
28573
28577
28580
28584
28584
28586
28588
28597
28597
28616
28617
28617
28622
28622
28623
28627
28627
28630
28633
28635
28646
28646
28647
28648
28658
28662
28664
28665
28666
28666
28671
28672
28678
28692
28694
28698
28698
28699
28702
28703
28710
28715
28718
28726
28731
28736
28740
28742
28745
28756
28756
28763
28773
28773
28773
28777
28777
28778
28781
28784
28790
28796
28796
28806
28814
28817
28818
28819
28820
28823
28826
28831
28832
28834
28838
28839
28841
28850
28851
28851
28853
28857
28862
28868
28869
28873
28875
28878
28884
28885
28892
28904
28905
28913
28919
28922
28926
28927
28935
28938
28944
28946
28946
28946
28947
28949
28950
28950
28952
28952
28957
28960
28968
28972
28974
28977
28978
28981
28984
28985
28986
28988
28988
28990
28992
28999
29000
29002
29003
29009
29010
29011
29012
29015
29016
29029
29034
29037
29046
29051
29055
29055
29057
29059
29064
29074
29076
29077
29079
29085
29086
29088
29089
29093
29099
29104
29106
29107
29107
29112
29113
29115
29116
29116
29120
29124
29126
29132
29134
29143
29143
29144
29151
29151
29152
29153
29155
29168
29170
29175
29179
29185
29185
29190
29195
29196
29200
29202
29206
29219
29228
29229
29231
29239
29245
29245
29246
29247
29253
29253
29255
29261
29261
29263
29273
29282
29283
29283
29289
29292
29292
29293
29295
29303
29307
29314
29324
29339
29346
29348
29349
29354
29361
29362
29363
29366
29369
29372
29375
29375
29378
29379
29384
29385
29388
29391
29391
29399
29399
29400
29407
29408
29408
29415
29416
29417
29422
29423
29423
29438
29441
29444
29447
29449
29450
29451
29453
29454
29463
29464
29469
29473
29476
29477
29479
29484
29491
29493
29497
29497
29499
29503
29505
29505
29508
29523
29524
29525
29527
29527
29533
29541
29545
29548
29550
29555
29557
29557
29561
29562
29568
29573
29580
29585
29588
29588
29589
29593
29595
29607
29616
29620
29626
29629
29629
29630
29632
29643
29643
29645
29647
29647
29649
29657
29658
29661
29662
29664
29664
29666
29667
29670
29670
29671
29674
29674
29677
29677
29678
29680
29681
29685
29687
29695
29695
29695
29696
29699
29700
29706
29706
29710
29711
29713
29714
29718
29719
29723
29723
29723
29724
29726
29730
29730
29737
29739
29740
29741
29744
29746
29748
29752
29754
29756
29757
29759
29762
29763
29771
29772
29773
29777
29780
29785
29786
29787
29792
29793
29795
29796
29797
29802
29805
29805
29807
29809
29824
29824
29825
29831
29831
29832
29836
29840
29841
29843
29847
29847
29851
29852
29852
29857
29860
29861
29866
29873
29873
29877
29879
29883
29898
29899
29902
29902
29904
29906
29908
29912
29916
29920
29923
29925
29928
29934
29946
29948
29950
29950
29955
29963
29964
29969
29974
29983
29994
29996
29998
29999
30000
30001
30002
30002
30003
30015
30015
30023
30035
30040
30043
30044
30046
30047
30048
30048
30049
30051
30052
30054
30056
30068
30069
30069
30072
30073
30076
30085
30085
30090
30091
30092
30103
30105
30107
30115
30116
30117
30120
30121
30128
30134
30136
30136
30139
30139
30141
30141
30143
30143
30146
30146
30148
30159
30159
30161
30168
30179
30180
30185
30188
30191
30200
30202
30208
30217
30220
30239
30244
30244
30250
30257
30259
30260
30260
30267
30272
30274
30274
30276
30286
30287
30287
30287
30289
30302
30308
30309
30314
30318
30320
30320
30321
30326
30326
30329
30340
30342
30343
30348
30351
30352
30360
30368
30373
30373
30375
30383
30393
30396
30396
30398
30398
30399
30405
30405
30408
30409
30411
30417
30425
30428
30428
30435
30438
30440
30440
30441
30456
30457
30462
30462
30464
30465
30466
30467
30469
30476
30477
30481
30482
30484
30484
30486
30487
30489
30497
30501
30503
30505
30508
30510
30513
30516
30516
30520
30521
30526
30538
30540
30551
30552
30553
30559
30559
30562
30563
30563
30564
30566
30567
30568
30570
30571
30574
30579
30579
30579
30583
30588
30591
30594
30596
30600
30601
30602
30607
30612
30614
30616
30626
30629
30633
30636
30637
30638
30643
30648
30648
30648
30649
30657
30661
30661
30670
30672
30672
30675
30675
30677
30683
30685
30685
30686
30691
30695
30698
30700
30701
30704
30705
30710
30710
30712
30712
30715
30716
30717
30722
30728
30731
30731
30732
30735
30741
30761
30762
30771
30771
30773
30774
30775
30782
30787
30803
30807
30817
30821
30824
30826
30830
30832
30833
30834
30838
30841
30843
30843
30843
30846
30849
30855
30858
30860
30862
30865
30865
30869
30874
30878
30887
30890
30891
30896
30898
30902
30906
30908
30912
30913
30913
30929
30931
30932
30933
30938
30948
30952
30962
30963
30963
30963
30964
30966
30967
30972
30973
30973
30983
30990
30991
30996
31001
31005
31006
31009
31012
31017
31023
31025
31026
31029
31031
31042
31046
31053
31057
31059
31060
31060
31061
31063
31074
31079
31080
31082
31084
31084
31090
31096
31097
31105
31109
31112
31114
31129
31129
31130
31130
31134
31138
31140
31141
31148
31154
31155
31160
31160
31165
31167
31167
31181
31182
31186
31189
31195
31196
31197
31200
31200
31201
31201
31203
31208
31208
31217
31217
31222
31226
31238
31239
31243
31250
31253
31258
31258
31262
31270
31273
31276
31277
31279
31281
31281
31283
31286
31286
31287
31291
31292
31295
31296
31302
31303
31307
31309
31311
31313
31315
31323
31326
31327
31328
31329
31332
31334
31341
31342
31343
31344
31347
31351
31353
31355
31356
31356
31358
31358
31367
31368
31374
31375
31376
31383
31395
31399
31405
31410
31420
31429
31430
31434
31450
31450
31456
31458
31460
31460
31471
31474
31478
31482
31485
31488
31491
31493
31497
31500
31508
31509
31510
31520
31523
31527
31534
31536
31536
31538
31538
31540
31541
31542
31542
31553
31554
31558
31567
31569
31577
31579
31580
31593
31594
31598
31604
31607
31608
31608
31608
31611
31612
31612
31613
31620
31621
31622
31628
31635
31637
31644
31645
31645
31648
31648
31650
31651
31651
31652
31657
31663
31669
31671
31675
31677
31679
31685
31686
31688
31689
31690
31691
31693
31694
31696
31702
31710
31721
31723
31730
31730
31735
31738
31740
31740
31740
31747
31748
31752
31753
31757
31758
31762
31762
31764
31765
31766
31769
31777
31785
31787
31788
31795
31797
31799
31799
31799
31809
31819
31820
31820
31824
31825
31825
31828
31829
31839
31845
31847
31847
31852
31857
31861
31862
31866
31869
31872
31876
31877
31878
31879
31882
31885
31890
31896
31899
31901
31902
31904
31905
31907
31909
31915
31917
31920
31926
31928
31934
31936
31941
31943
31947
31948
31948
31948
31949
31950
31950
31951
31960
31962
31966
31968
31971
31972
31973
31974
31975
31975
31976
31983
31986
31989
31993
31995
31998
32000
32007
32014
32014
32016
32021
32028
32029
32031
32040
32040
32042
32049
32054
32058
32058
32060
32064
32074
32074
32076
32078
32099
32100
32101
32102
32109
32113
32119
32131
32138
32143
32151
32159
32161
32163
32164
32167
32168
32169
32170
32170
32176
32181
32182
32183
32187
32188
32188
32189
32190
32192
32195
32196
32198
32200
32206
32215
32222
32229
32231
32234
32239
32243
32244
32250
32256
32257
32259
32259
32260
32262
32266
32278
32287
32287
32290
32290
32293
32293
32294
32295
32296
32296
32297
32304
32315
32319
32322
32324
32325
32326
32335
32337
32339
32345
32347
32353
32353
32354
32357
32358
32369
32371
32375
32381
32388
32390
32392
32393
32396
32407
32412
32415
32418
32431
32433
32440
32441
32443
32446
32455
32459
32459
32460
32465
32468
32472
32475
32480
32482
32485
32487
32491
32492
32493
32498
32501
32502
32506
32506
32507
32507
32509
32514
32514
32517
32522
32527
32527
32536
32541
32541
32542
32547
32547
32548
32554
32555
32560
32561
32564
32569
32574
32576
32588
32590
32592
32592
32596
32597
32598
32598
32599
32601
32615
32623
32623
32623
32627
32627
32630
32632
32633
32635
32636
32638
32639
32642
32654
32655
32657
32657
32661
32661
32664
32670
32677
32677
32683
32690
32693
32699
32699
32708
32708
32708
32712
32716
32717
32733
32735
32735
32747
32748
32749
32753
32754
32754
32755
32755
32759
32760
32760
