32766
32760
32759
32758
32757
32751
32749
32748
32747
32738
32737
32734
32732
32729
32725
32714
32710
32709
32709
32706
32706
32703
32694
32691
32690
32690
32686
32686
32683
32682
32676
32670
32669
32665
32665
32664
32659
32656
32651
32642
32641
32638
32631
32627
32627
32623
32622
32616
32607
32606
32599
32594
32594
32592
32586
32579
32569
32563
32560
32558
32558
32554
32550
32542
32542
32535
32530
32527
32522
32513
32506
32506
32505
32505
32504
32504
32497
32494
32491
32487
32486
32484
32476
32473
32455
32454
32453
32453
32451
32444
32438
32431
32419
32417
32415
32411
32410
32409
32397
32395
32394
32393
32393
32389
32386
32386
32385
32380
32380
32378
32377
32374
32373
32365
32362
32351
32351
32337
32337
32335
32326
32325
32325
32323
32316
32308
32306
32302
32296
32295
32294
32293
32291
32290
32289
32281
32279
32279
32273
32272
32268
32268
32267
32265
32263
32262
32257
32257
32252
32247
32245
32244
32242
32241
32236
32233
32228
32224
32224
32224
32222
32222
32214
32206
32198
32197
32196
32194
32191
32188
32185
32176
32176
32174
32174
32158
32157
32156
32148
32144
32143
32141
32140
32138
32137
32136
32134
32129
32127
32123
32119
32112
32102
32102
32095
32095
32094
32093
32091
32089
32087
32086
32080
32079
32070
32068
32063
32052
32047
32043
32039
32038
32037
32036
32033
32033
32030
32030
32024
32022
32022
32020
32020
32019
32017
32017
32016
32014
32011
32008
32005
32002
32001
31996
31993
31990
31988
31987
31987
31983
31982
31982
31972
31970
31966
31965
31960
31957
31951
31949
31949
31946
31946
31934
31933
31932
31926
31915
31906
31906
31904
31901
31901
31898
31895
31891
31889
31888
31880
31880
31877
31873
31870
31870
31868
31866
31865
31863
31861
31856
31851
31851
31843
31838
31836
31834
31828
31819
31818
31812
31806
31804
31801
31800
31787
31784
31775
31770
31765
31765
31760
31758
31757
31752
31749
31749
31745
31745
31743
31742
31741
31738
31737
31731
31731
31726
31724
31723
31722
31720
31720
31718
31710
31709
31707
31706
31694
31694
31685
31685
31682
31677
31674
31673
31667
31663
31663
31656
31655
31655
31646
31642
31638
31634
31628
31628
31627
31626
31626
31623
31622
31621
31620
31620
31619
31617
31610
31608
31606
31604
31601
31600
31600
31597
31590
31588
31585
31585
31582
31582
31581
31580
31580
31579
31574
31572
31563
31562
31557
31556
31552
31544
31539
31534
31533
31532
31526
31522
31509
31505
31504
31503
31496
31494
31494
31493
31481
31475
31468
31465
31464
31457
31454
31454
31451
31446
31443
31436
31435
31431
31431
31426
31422
31422
31405
31400
31395
31394
31394
31387
31386
31384
31384
31383
31381
31379
31377
31372
31368
31367
31359
31358
31354
31353
31351
31349
31344
31337
31335
31335
31332
31329
31328
31323
31319
31319
31317
31312
31301
31301
31297
31285
31283
31283
31281
31278
31275
31273
31270
31270
31268
31259
31256
31253
31253
31252
31242
31233
31226
31226
31221
31219
31218
31212
31210
31209
31206
31202
31198
31193
31193
31193
31188
31184
31183
31178
31177
31174
31174
31170
31169
31167
31161
31158
31152
31150
31146
31143
31138
31136
31128
31122
31122
31121
31119
31118
31116
31109
31095
31095
31090
31090
31088
31088
31087
31082
31066
31065
31059
31054
31053
31053
31051
31048
31046
31046
31044
31041
31041
31035
31033
31032
31031
31026
31025
31022
31016
31010
31005
31000
30994
30993
30986
30981
30967
30967
30959
30956
30956
30954
30950
30947
30940
30936
30932
30929
30927
30924
30913
30911
30900
30897
30895
30889
30889
30886
30884
30883
30883
30879
30876
30867
30861
30860
30856
30855
30851
30849
30849
30840
30835
30834
30833
30829
30829
30819
30818
30813
30804
30791
30787
30779
30775
30771
30771
30770
30768
30768
30767
30767
30766
30765
30764
30763
30760
30759
30754
30752
30734
30732
30729
30729
30728
30726
30722
30720
30718
30714
30713
30705
30693
30691
30685
30682
30676
30672
30669
30668
30660
30657
30650
30646
30645
30642
30640
30633
30628
30628
30627
30627
30623
30623
30618
30616
30616
30613
30611
30608
30606
30597
30596
30592
30590
30588
30576
30574
30573
30570
30568
30566
30564
30562
30561
30561
30558
30551
30546
30545
30538
30537
30537
30536
30533
30532
30532
30529
30528
30527
30510
30508
30507
30504
30501
30499
30495
30493
30493
30492
30491
30488
30482
30480
30479
30477
30473
30469
30457
30456
30456
30452
30449
30449
30443
30442
30439
30435
30434
30428
30427
30423
30423
30420
30419
30417
30416
30414
30408
30406
30403
30399
30394
30394
30392
30390
30388
30388
30387
30386
30385
30384
30373
30373
30371
30371
30368
30366
30365
30365
30357
30354
30351
30348
30346
30345
30344
30340
30336
30329
30325
30316
30314
30314
30313
30312
30312
30309
30305
30304
30303
30300
30295
30293
30291
30284
30277
30277
30276
30274
30273
30266
30254
30254
30249
30246
30245
30241
30235
30232
30229
30228
30225
30216
30216
30213
30213
30207
30205
30203
30202
30201
30190
30185
30185
30184
30182
30179
30178
30174
30172
30171
30171
30170
30166
30165
30155
30154
30154
30137
30136
30136
30131
30130
30124
30123
30121
30119
30115
30112
30109
30106
30104
30102
30094
30093
30093
30089
30089
30087
30087
30079
30074
30072
30069
30063
30060
30053
30041
30041
30038
30036
30034
30033
30031
30030
30029
30029
30028
30028
30027
30025
30025
30022
30020
30018
30011
30009
30004
30003
30002
29998
29994
29993
29988
29982
29971
29971
29970
29967
29958
29957
29955
29953
29951
29945
29945
29943
29942
29937
29937
29936
29931
29928
29926
29923
29922
29917
29914
29910
29910
29907
29900
29899
29892
29889
29886
29883
29882
29879
29878
29872
29868
29866
29865
29864
29860
29860
29859
29850
29849
29846
29840
29835
29835
29828
29825
29822
29816
29813
29803
29802
29788
29786
29784
29777
29777
29776
29770
29770
29768
29767
29766
29763
29760
29760
29758
29757
29756
29755
29745
29739
29731
29728
29728
29719
29717
29709
29708
29699
29699
29696
29694
29693
29692
29691
29681
29679
29677
29675
29667
29666
29663
29660
29656
29653
29652
29652
29649
29647
29643
29638
29634
29632
29622
29615
29613
29608
29607
29599
29599
29598
29598
29598
29581
29576
29574
29570
29566
29566
29564
29563
29558
29558
29548
29548
29548
29540
29529
29526
29524
29524
29518
29517
29517
29516
29515
29512
29512
29502
29502
29494
29492
29492
29492
29491
29489
29488
29485
29478
29478
29476
29475
29467
29455
29454
29453
29451
29447
29442
29440
29440
29440
29438
29428
29424
29422
29421
29420
29418
29415
29415
29412
29399
29397
29392
29392
29386
29382
29378
29378
29374
29368
29367
29367
29364
29359
29358
29354
29352
29351
29345
29344
29342
29341
29341
29340
29338
29332
29332
29327
29323
29321
29317
29317
29315
29314
29307
29294
29291
29286
29283
29280
29279
29277
29276
29263
29260
29258
29252
29252
29250
29243
29239
29237
29237
29234
29233
29226
29226
29223
29222
29212
29211
29207
29204
29203
29203
29200
29198
29196
29195
29192
29189
29186
29185
29184
29181
29181
29177
29169
29164
29160
29158
29156
29150
29145
29145
29144
29140
29137
29130
29124
29122
29118
29118
29112
29108
29106
29102
29102
29101
29098
29098
29094
29092
29086
29081
29077
29077
29076
29073
29072
29071
29068
29064
29064
29063
29061
29060
29059
29059
29058
29058
29055
29053
29052
29051
29042
29042
29042
29040
29038
29038
29037
29036
29036
29033
29032
29019
29017
29000
28998
28998
28997
28984
28980
28980
28976
28974
28972
28971
28970
28963
28962
28962
28961
28961
28959
28958
28958
28955
28952
28949
28948
28944
28936
28928
28928
28925
28925
28925
28922
28909
28904
28903
28901
28901
28897
28894
28883
28883
28882
28881
28879
28879
28877
28869
28867
28862
28855
28854
28850
28838
28838
28835
28835
28827
28818
28818
28816
28808
28807
28803
28801
28799
28788
28775
28773
28772
28767
28765
28762
28761
28759
28754
28751
28746
28746
28746
28742
28739
28730
28730
28721
28721
28720
28719
28717
28714
28714
28707
28706
28700
28699
28698
28698
28697
28695
28693
28692
28691
28689
28686
28667
28667
28663
28661
28648
28645
28644
28644
28643
28639
28639
28635
28633
28628
28620
28619
28613
28613
28600
28595
28592
28591
28591
28591
28590
28585
28582
28579
28574
28574
28569
28569
28568
28566
28553
28550
28548
28547
28546
28544
28544
28541
28540
28539
28537
28533
28533
28529
28524
28506
28503
28500
28499
28496
28493
28466
28459
28453
28452
28451
28446
28444
28433
28432
28428
28427
28424
28419
28407
28402
28401
28401
28400
28399
28396
28386
28386
28383
28368
28367
28367
28358
28355
28352
28352
28350
28344
28336
28332
28331
28330
28330
28329
28322
28322
28320
28320
28319
28305
28300
28299
28295
28292
28288
28282
28281
28279
28276
28275
28271
28270
28265
28261
28251
28251
28246
28240
28236
28219
28219
28215
28203
28195
28194
28194
28193
28193
28190
28188
28182
28180
28179
28179
28169
28168
28160
28148
28135
28127
28115
28111
28107
28107
28101
28096
28092
28090
28079
28077
28074
28068
28063
28054
28052
28047
28045
28045
28041
28041
28036
28035
28030
28030
28027
28027
28024
28022
28022
28018
28012
28012
28007
28006
28004
28004
27998
27998
27991
27989
27984
27965
27964
27964
27959
27958
27952
27950
27949
27947
27938
27933
27926
27924
27921
27917
27917
27917
27915
27908
27903
27902
27902
27897
27896
27895
27889
27888
27887
27884
27884
27883
27880
27880
27876
27876
27873
27873
27872
27869
27869
27866
27859
27850
27843
27833
27831
27827
27826
27823
27820
27818
27815
27815
27815
27811
27810
27809
27809
27804
27800
27797
27796
27792
27790
27784
27779
27778
27776
27775
27774
27764
27758
27752
27748
27744
27744
27741
27740
27736
27732
27732
27729
27725
27723
27720
27712
27708
27696
27691
27690
27687
27686
27678
27675
27671
27670
27659
27658
27641
27639
27639
27638
27634
27631
27628
27624
27619
27618
27610
27608
27606
27601
27600
27599
27590
27589
27587
27586
27585
27583
27580
27580
27571
27570
27570
27562
27553
27549
27548
27548
27543
27541
27534
27534
27531
27529
27529
27526
27519
27519
27517
27515
27514
27512
27507
27504
27501
27498
27494
27488
27486
27486
27485
27484
27477
27475
27475
27466
27465
27462
27458
27455
27452
27450
27450
27448
27443
27442
27441
27441
27436
27427
27420
27417
27411
27409
27406
27403
27395
27390
27388
27380
27380
27378
27377
27376
27373
27373
27362
27360
27355
27351
27344
27342
27330
27323
27321
27319
27319
27319
27317
27317
27298
27297
27296
27291
27290
27288
27286
27279
27271
27269
27265
27264
27261
27260
27256
27247
27243
27242
27239
27228
27223
27220
27218
27217
27214
27213
27207
27205
27205
27204
27200
27195
27193
27189
27183
27176
27172
27171
27171
27171
27162
27160
27158
27158
27156
27155
27155
27151
27147
27144
27140
27134
27134
27130
27125
27124
27117
27116
27111
27106
27104
27102
27101
27088
27085
27076
27073
27073
27072
27071
27070
27060
27059
27055
27052
27049
27048
27048
27043
27041
27033
27032
27027
27025
27021
27017
27017
27016
27003
27001
26998
26996
26995
26990
26987
26986
26979
26973
26967
26964
26964
26963
26962
26959
26956
26956
26954
26954
26952
26949
26947
26943
26943
26941
26934
26934
26926
26915
26913
26909
26907
26906
26903
26899
26888
26886
26882
26881
26879
26879
26878
26874
26871
26864
26856
26856
26855
26849
26847
26842
26839
26838
26835
26825
26824
26821
26820
26818
26811
26808
26807
26804
26804
26803
26798
26798
26798
26788
26787
26784
26784
26776
26773
26772
26761
26757
26745
26742
26740
26736
26729
26726
26723
26723
26722
26719
26719
26711
26711
26709
26703
26701
26701
26699
26697
26688
26683
26680
26679
26679
26678
26676
26674
26672
26668
26662
26657
26655
26654
26642
26633
26630
26626
26622
26619
26619
26619
26615
26614
26611
26611
26609
26607
26602
26593
26588
26573
26572
26566
26565
26564
26562
26559
26558
26556
26556
26553
26551
26549
26543
26535
26534
26530
26529
26525
26515
26515
26514
26501
26498
26497
26496
26492
26492
26491
26491
26489
26489
26488
26487
26486
26486
26482
26481
26480
26478
26477
26473
26471
26468
26466
26466
26465
26465
26455
26436
26434
26434
26430
26423
26422
26418
26404
26403
26403
26399
26395
26395
26393
26393
26392
26391
26391
26388
26384
26382
26366
26361
26359
26358
26358
26357
26353
26351
26347
26338
26333
26332
26331
26330
26323
26322
26312
26311
26309
26308
26304
26302
26301
26299
26299
26295
26286
26285
26283
26280
26277
26276
26274
26272
26268
26267
26265
26261
26260
26260
26260
26259
26256
26253
26250
26245
26244
26239
26236
26215
26213
26211
26210
26208
26206
26203
26202
26196
26186
26180
26179
26171
26167
26164
26162
26157
26157
26151
26149
26145
26145
26141
26140
26139
26139
26134
26133
26127
26127
26126
26123
26119
26117
26117
26115
26109
26108
26107
26107
26101
26100
26099
26093
26083
26083
26082
26073
26073
26066
26064
26055
26055
26054
26050
26049
26046
26046
26040
26033
26032
26031
26029
26027
26024
26021
26017
26011
26010
26008
25997
25989
25975
25975
25971
25970
25967
25964
25961
25958
25958
25954
25935
25926
25923
25921
25921
25918
25915
25912
25910
25910
25906
25904
25897
25897
25895
25888
25884
25884
25881
25879
25879
25874
25874
25869
25867
25864
25862
25854
25851
25837
25834
25830
25829
25829
25828
25827
25826
25824
25821
25817
25816
25814
25807
25807
25804
25799
25799
25796
25796
25791
25791
25787
25784
25784
25782
25775
25771
25769
25765
25761
25759
25756
25753
25753
25752
25745
25743
25740
25739
25738
25735
25735
25734
25733
25732
25732
25731
25731
25726
25724
25723
25722
25717
25717
25703
25703
25702
25701
25686
25684
25681
25673
25673
25668
25667
25662
25658
25657
25652
25646
25642
25641
25639
25639
25638
25638
25635
25634
25630
25626
25625
25624
25623
25619
25616
25600
25597
25596
25594
25589
25585
25583
25583
25567
25566
25564
25562
25562
25556
25556
25556
25554
25551
25550
25547
25543
25541
25541
25539
25534
25534
25534
25524
25523
25521
25513
25510
25505
25503
25501
25501
25496
25495
25494
25487
25483
25478
25476
25468
25463
25461
25447
25444
25443
25427
25418
25415
25414
25406
25404
25401
25399
25399
25392
25392
25389
25387
25387
25386
25384
25381
25379
25376
25375
25374
25372
25370
25363
25359
25355
25354
25350
25346
25340
25340
25337
25333
25329
25326
25311
25311
25310
25304
25302
25302
25300
25297
25295
25292
25291
25290
25283
25281
25279
25278
25276
25268
25266
25264
25261
25257
25256
25254
25252
25252
25250
25231
25227
25223
25215
25204
25202
25197
25190
25189
25188
25186
25180
25179
25179
25179
25178
25164
25160
25157
25156
25156
25154
25148
25147
25147
25142
25140
25137
25137
25137
25135
25133
25130
25126
25124
25117
25116
25112
25111
25111
25102
25098
25096
25096
25095
25095
25092
25087
25081
25076
25071
25070
25069
25066
25064
25064
25062
25058
25058
25057
25055
25050
25044
25044
25042
25041
25040
25040
25040
25039
25030
25028
25023
25019
25017
25016
25011
25010
25008
24993
24989
24987
24986
24985
24982
24982
24981
24981
24974
24973
24970
24967
24964
24963
24961
24952
24946
24923
24922
24920
24914
24914
24913
24913
24905
24903
24902
24901
24900
24898
24896
24894
24894
24893
24892
24885
24882
24869
24869
24868
24868
24862
24859
24853
24850
24846
24843
24836
24831
24827
24820
24817
24817
24813
24812
24810
24804
24800
24796
24792
24790
24784
24780
24773
24770
24768
24767
24764
24756
24754
24751
24742
24739
24739
24739
24739
24736
24733
24733
24733
24732
24725
24725
24723
24715
24714
24713
24710
24699
24698
24697
24696
24684
24681
24675
24670
24669
24662
24653
24649
24649
24647
24641
24639
24635
24612
24611
24609
24605
24600
24596
24590
24576
24568
24561
24561
24557
24554
24553
24549
24548
24546
24545
24537
24534
24530
24525
24525
24521
24521
24517
24516
24516
24516
24511
24509
24508
24505
24504
24501
24490
24481
24479
24478
24478
24469
24468
24465
24464
24458
24439
24438
24435
24428
24422
24416
24415
24412
24412
24411
24409
24405
24402
24396
24390
24390
24387
24380
24368
24366
24363
24362
24356
24351
24351
24348
24340
24339
24337
24333
24328
24328
24326
24323
24313
24311
24311
24310
24309
24304
24294
24290
24289
24278
24272
24264
24259
24254
24252
24251
24251
24245
24245
24240
24240
24239
24236
24234
24229
24228
24228
24226
24223
24221
24218
24217
24209
24197
24195
24194
24188
24186
24184
24180
24180
24179
24178
24171
24170
24169
24167
24166
24148
24138
24129
24127
24125
24124
24112
24106
24098
24095
24091
24090
24086
24075
24073
24070
24069
24069
24067
24062
24061
24060
24060
24060
24058
24053
24050
24046
24041
24037
24028
24027
24026
24024
24022
24020
24019
24014
24013
24012
24011
24009
23995
23984
23982
23979
23979
23977
23974
23970
23967
23960
23959
23958
23956
23956
23952
23948
23948
23946
23941
23940
23936
23934
23929
23926
23926
23925
23922
23921
23918
23916
23915
23911
23910
23905
23904
23900
23898
23894
23894
23889
23888
23886
23886
23879
23879
23866
23864
23862
23859
23856
23850
23849
23849
23845
23843
23841
23840
23832
23830
23828
23827
23822
23821
23819
23818
23818
23817
23814
23813
23808
23801
23801
23795
23795
23795
23794
23793
23792
23792
23785
23772
23771
23769
23767
23764
23764
23761
23760
23759
23754
23753
23747
23746
23746
23741
23741
23739
23737
23731
23727
23722
23717
23715
23714
23713
23709
23709
23705
23701
23700
23696
23696
23693
23693
23686
23686
23685
23680
23679
23673
23670
23669
23667
23665
23663
23661
23660
23653
23652
23650
23638
23633
23631
23630
23628
23626
23622
23619
23617
23616
23615
23614
23608
23606
23602
23602
23599
23598
23593
23591
23589
23581
23571
23568
23564
23558
23549
23548
23547
23547
23540
23540
23535
23532
23528
23526
23524
23521
23521
23520
23514
23514
23513
23512
23511
23509
23507
23506
23506
23504
23499
23498
23495
23494
23492
23487
23483
23481
23477
23477
23475
23473
23472
23462
23462
23454
23454
23451
23443
23441
23430
23430
23423
23415
23415
23415
23411
23410
23404
23402
23395
23394
23391
23385
23384
23383
23379
23377
23376
23375
23373
23369
23365
23365
23364
23363
23361
23360
23354
23352
23345
23343
23338
23337
23328
23327
23327
23324
23322
23319
23318
23317
23312
23306
23305
23301
23297
23291
23288
23287
23282
23279
23277
23271
23271
23270
23270
23268
23268
23267
23267
23264
23260
23259
23256
23253
23246
23243
23230
23226
23223
23219
23218
23217
23213
23209
23206
23206
23206
23201
23195
23192
23190
23189
23188
23188
23187
23179
23177
23174
23170
23162
23154
23145
23141
23140
23138
23137
23134
23133
23130
23126
23124
23121
23113
23112
23111
23105
23098
23093
23078
23075
23072
23066
23061
23059
23058
23057
23052
23052
23051
23050
23050
23050
23046
23044
23042
23042
23036
23033
23026
23021
23021
23018
23013
23010
23009
23004
23003
23001
22996
22993
22990
22984
22980
22980
22972
22970
22969
22969
22962
22962
22962
22961
22946
22943
22929
22926
22921
22920
22918
22918
22916
22915
22911
22910
22905
22897
22893
22890
22889
22884
22881
22879
22878
22877
22868
22868
22868
22867
22864
22863
22861
22852
22852
22850
22846
22845
22840
22824
22818
22816
22814
22808
22799
22797
22794
22793
22793
22786
22780
22778
22777
22776
22771
22766
22756
22755
22753
22747
22747
22747
22744
22744
22742
22742
22732
22726
22721
22720
22720
22717
22716
22716
22714
22709
22703
22703
22701
22699
22699
22692
22691
22686
22684
22683
22682
22682
22677
22668
22666
22659
22656
22654
22650
22650
22647
22645
22645
22640
22639
22633
22632
22630
22627
22627
22626
22623
22618
22616
22608
22601
22594
22594
22593
22592
22580
22579
22574
22571
22559
22557
22549
22548
22548
22544
22532
22530
22527
22525
22519
22519
22517
22515
22501
22498
22494
22494
22490
22485
22485
22485
22484
22483
22482
22477
22476
22472
22472
22471
22471
22470
22465
22460
22458
22457
22456
22456
22454
22454
22451
22446
22441
22438
22434
22425
22425
22418
22405
22403
22403
22402
22400
22398
22395
22395
22389
22387
22379
22379
22376
22374
22373
22358
22357
22352
22346
22333
22327
22324
22322
22318
22316
22309
22303
22297
22294
22294
22290
22289
22286
22285
22283
22283
22280
22279
22276
22275
22274
22273
22268
22264
22253
22250
22248
22245
22245
22242
22239
22234
22214
22206
22202
22195
22188
22186
22185
22185
22184
22183
22182
22180
22180
22178
22177
22176
22172
22167
22161
22159
22158
22152
22148
22140
22136
22135
22130
22114
22114
22099
22083
22082
22079
22076
22076
22074
22073
22071
22071
22069
22068
22064
22054
22048
22042
22040
22036
22030
22028
22025
22021
22020
22018
22013
22008
22004
22003
21997
21996
21995
21992
21991
21990
21983
21978
21977
21975
21969
21969
21969
21969
21963
21959
21958
21953
21947
21946
21945
21937
21927
21922
21919
21913
21911
21906
21904
21900
21896
21894
21893
21880
21879
21877
21871
21868
21856
21855
21852
21839
21835
21828
21826
21823
21821
21817
21804
21803
21797
21794
21792
21783
21774
21769
21768
21765
21761
21753
21751
21750
21743
21741
21739
21734
21733
21722
21714
21714
21711
21711
21709
21707
21702
21702
21702
21697
21690
21681
21675
21673
21665
21663
21662
21657
21654
21650
21649
21646
21646
21645
21644
21642
21641
21640
21637
21633
21632
21631
21630
21630
21629
21625
21619
21616
21611
21609
21605
21605
21603
21600
21596
21595
21594
21593
21589
21583
21578
21571
21570
21567
21565
21553
21551
21550
21549
21548
21545
21542
21539
21539
21538
21531
21531
21527
21521
21520
21519
21516
21512
21502
21502
21500
21500
21498
21496
21495
21489
21484
21484
21481
21470
21468
21466
21464
21463
21461
21459
21457
21452
21452
21450
21449
21446
21443
21442
21432
21430
21429
21428
21419
21416
21415
21413
21409
21409
21409
21404
21404
21402
21392
21391
21389
21386
21384
21381
21380
21380
21376
21371
21371
21367
21362
21360
21357
21356
21353
21350
21345
21336
21331
21328
21326
21324
21320
21317
21313
21306
21302
21300
21296
21292
21288
21288
21282
21278
21274
21273
21270
21242
21242
21239
21239
21237
21236
21233
21233
21226
21226
21224
21219
21219
21217
21216
21215
21214
21212
21208
21208
21205
21201
21200
21198
21195
21178
21176
21173
21171
21168
21167
21164
21164
21159
21157
21154
21148
21142
21136
21135
21133
21129
21124
21124
21115
21115
21114
21112
21112
21111
21109
21107
21106
21105
21104
21104
21100
21098
21097
21096
21079
21075
21072
21071
21064
21060
21058
21057
21055
21052
21048
21046
21046
21041
21039
21039
21034
21033
21031
21025
21025
21021
21017
21016
21016
21014
21011
21005
21005
21002
21000
20993
20989
20980
20979
20978
20975
20970
20969
20968
20960
20958
20956
20956
20954
20954
20943
20935
20931
20928
20928
20928
20927
20926
20923
20918
20917
20913
20910
20907
20907
20899
20895
20893
20892
20880
20877
20873
20868
20866
20860
20859
20857
20852
20852
20847
20846
20844
20840
20832
20831
20829
20818
20814
20813
20802
20798
20798
20797
20796
20795
20791
20789
20785
20784
20777
20775
20767
20766
20760
20756
20751
20750
20736
20735
20729
20725
20717
20707
20705
20702
20695
20695
20695
20693
20690
20689
20685
20685
20680
20677
20674
20667
20665
20655
20654
20648
20647
20644
20638
20632
20625
20617
20617
20613
20613
20600
20597
20596
20592
20588
20586
20584
20583
20578
20577
20570
20570
20567
20566
20563
20560
20559
20556
20555
20554
20552
20549
20548
20545
20536
20535
20535
20532
20528
20518
20510
20509
20509
20506
20505
20504
20499
20493
20493
20490
20490
20479
20476
20472
20470
20468
20466
20466
20458
20449
20444
20441
20440
20439
20432
20429
20428
20425
20421
20409
20409
20405
20404
20403
20403
20400
20400
20393
20392
20389
20386
20385
20383
20380
20380
20378
20371
20370
20369
20365
20364
20362
20358
20357
20355
20352
20352
20351
20346
20341
20339
20338
20335
20334
20332
20330
20329
20329
20324
20323
20316
20314
20311
20299
20297
20295
20294
20291
20284
20280
20274
20272
20269
20268
20265
20262
20262
20261
20257
20253
20250
20247
20247
20245
20240
20238
20236
20234
20230
20229
20227
20226
20223
20221
20219
20219
20213
20209
20204
20201
20201
20191
20191
20190
20180
20168
20161
20159
20159
20157
20148
20145
20135
20134
20122
20117
20114
20112
20112
20108
20107
20104
20102
20101
20096
20091
20088
20086
20084
20080
20076
20065
20065
20061
20059
20058
20056
20052
20051
20050
20039
20038
20026
20026
20005
20001
19999
19997
19993
19991
19991
19987
19986
19982
19978
19973
19964
19962
19954
19954
19948
19942
19942
19941
19929
19928
19926
19925
19922
19919
19915
19914
19913
19906
19896
19894
19894
19889
19889
19884
19884
19881
19874
19874
19874
19868
19868
19865
19860
19850
19847
19845
19838
19837
19834
19826
19821
19819
19819
19815
19814
19812
19812
19805
19800
19798
19794
19794
19793
19793
19782
19781
19770
19770
19769
19766
19765
19765
19759
19754
19749
19747
19746
19738
19735
19733
19733
19732
19731
19730
19729
19726
19724
19720
19719
19716
19714
19707
19706
19706
19705
19704
19688
19683
19681
19681
19674
19674
19672
19664
19663
19662
19660
19656
19655
19654
19643
19641
19637
19634
19628
19624
19618
19618
19617
19616
19615
19610
19610
19605
19601
19597
19594
19592
19588
19587
19582
19582
19582
19581
19579
19577
19566
19565
19564
19562
19559
19554
19553
19550
19547
19546
19537
19531
19531
19530
19530
19527
19521
19520
19517
19516
19516
19516
19515
19511
19505
19503
19490
19488
19477
19474
19471
19468
19468
19466
19465
19465
19462
19460
19459
19457
19456
19456
19454
19451
19451
19451
19450
19442
19441
19436
19435
19420
19420
19419
19418
19412
19411
19403
19399
19397
19397
19397
19394
19383
19378
19374
19370
19367
19367
19366
19363
19358
19349
19346
19341
19340
19331
19330
19328
19326
19324
19321
19317
19314
19311
19310
19309
19307
19306
19300
19297
19296
19295
19293
19290
19289
19289
19281
19280
19274
19274
19272
19268
19268
19266
19261
19259
19244
19237
19236
19234
19226
19217
19213
19211
19207
19206
19201
19201
19200
19197
19197
19195
19192
19190
19190
19187
19187
19185
19184
19184
19184
19183
19180
19176
19170
19170
19160
19160
19154
19149
19147
19144
19142
19138
19136
19136
19134
19134
19134
19133
19130
19128
19122
19120
19116
19108
19104
19090
19089
19089
19086
19080
19077
19074
19073
19072
19071
19065
19064
19063
19058
19056
19056
19044
19040
19036
19023
19021
19021
19017
19013
19001
18996
18996
18993
18990
18988
18983
18971
18970
18969
18961
18961
18958
18954
18945
18945
18944
18943
18940
18938
18936
18936
18933
18933
18929
18926
18924
18924
18920
18920
18911
18907
18906
18903
18902
18901
18900
18893
18891
18880
18879
18875
18872
18864
18860
18857
18850
18842
18834
18828
18823
18818
18816
18814
18812
18812
18808
18806
18806
18796
18790
18780
18777
18774
18770
18768
18766
18764
18763
18763
18762
18758
18757
18757
18755
18755
18754
18750
18747
18734
18724
18723
18720
18718
18718
18715
18714
18711
18711
18711
18691
18691
18690
18689
18687
18685
18685
18668
18662
18659
18654
18654
18654
18651
18649
18643
18642
18637
18632
18632
18630
18627
18626
18624
18623
18621
18615
18608
18602
18601
18599
18597
18595
18590
18588
18586
18582
18577
18573
18567
18567
18561
18558
18552
18548
18540
18535
18534
18534
18531
18529
18526
18525
18524
18515
18505
18504
18503
18501
18499
18497
18493
18477
18477
18473
18472
18470
18470
18469
18468
18466
18464
18455
18454
18453
18451
18442
18441
18437
18433
18430
18427
18426
18423
18415
18406
18400
18389
18385
18381
18378
18376
18371
18368
18362
18361
18343
18340
18339
18337
18329
18329
18325
18321
18316
18312
18308
18302
18297
18294
18288
18288
18285
18284
18281
18274
18260
18260
18258
18254
18252
18249
18247
18246
18243
18233
18229
18225
18224
18218
18213
18210
18207
18203
18203
18203
18202
18201
18199
18195
18193
18191
18186
18183
18180
18174
18170
18167
18165
18148
18146
18145
18143
18139
18136
18135
18126
18125
18119
18118
18117
18117
18116
18114
18111
18108
18106
18103
18099
18095
18094
18094
18092
18088
18070
18067
18063
18054
18050
18045
18045
18045
18038
18036
18035
18033
18030
18026
18008
18006
18003
18001
18000
17996
17992
17985
17978
17974
17974
17973
17972
17969
17969
17967
17967
17966
17965
17963
17961
17956
17955
17954
17954
17951
17946
17939
17925
17925
17921
17920
17913
17912
17912
17911
17899
17896
17894
17894
17890
17888
17886
17882
17882
17879
17872
17871
17870
17869
17856
17841
17840
17835
17831
17826
17825
17820
17813
17806
17798
17796
17795
17795
17794
17793
17791
17788
17785
17784
17784
17784
17783
17783
17782
17778
17776
17775
17771
17768
17766
17766
17765
17762
17761
17761
17753
17743
17741
17740
17740
17740
17730
17716
17714
17714
17713
17712
17709
17706
17699
17695
17694
17693
17691
17681
17668
17663
17661
17657
17656
17654
17654
17646
17644
17639
17631
17630
17623
17620
17620
17608
17608
17598
17595
17593
17592
17590
17584
17583
17581
17571
17568
17564
17562
17558
17555
17554
17553
17552
17551
17550
17550
17547
17539
17527
17526
17524
17521
17521
17519
17515
17514
17510
17508
17500
17496
17483
17482
17476
17472
17472
17471
17470
17470
17468
17468
17464
17460
17450
17448
17447
17444
17440
17439
17438
17433
17431
17431
17413
17412
17406
17406
17404
17395
17386
17385
17377
17374
17371
17367
17366
17364
17357
17355
17349
17348
17348
17343
17340
17339
17326
17322
17317
17305
17301
17299
17294
17285
17282
17279
17277
17272
17272
17270
17270
17268
17265
17262
17261
17258
17256
17249
17243
17231
17231
17229
17225
17221
17219
17218
17210
17210
17210
17210
17205
17203
17202
17201
17201
17193
17189
17185
17184
17181
17176
17175
17172
17170
17168
17163
17160
17160
17159
17156
17155
17155
17148
17147
17144
17144
17142
17142
17138
17126
17124
17121
17120
17118
17118
17117
17113
17112
17110
17109
17104
17103
17100
17094
17093
17093
17093
17092
17083
17079
17077
17076
17073
17061
17054
17053
17053
17051
17046
17046
17044
17040
17036
17031
17031
17023
17023
17002
16996
16995
16993
16992
16989
16984
16981
16976
16958
16949
16947
16946
16942
16934
16929
16928
16922
16922
16920
16903
16902
16897
16886
16885
16885
16883
16881
16877
16876
16875
16867
16865
16859
16857
16856
16855
16853
16853
16851
16847
16839
16837
16836
16835
16831
16822
16810
16808
16807
16806
16797
16795
16793
16785
16777
16777
16777
16770
16765
16765
16760
16758
16757
16749
16745
16744
16740
16734
16727
16726
16725
16723
16721
16719
16719
16719
16719
16712
16700
16697
16690
16683
16681
16681
16679
16677
16674
16672
16668
16664
16662
16658
16654
16650
16649
16648
16647
16644
16640
16638
16638
16637
16633
16631
16630
16629
16627
16623
16621
16620
16618
16612
16596
16596
16594
16592
16588
16586
16582
16580
16577
16576
16574
16574
16569
16563
16559
16557
16553
16541
16538
16526
16525
16521
16520
16517
16517
16513
16510
16509
16509
16509
16508
16507
16501
16500
16500
16500
16495
16489
16489
16488
16485
16484
16480
16476
16475
16471
16470
16467
16463
16459
16454
16452
16450
16440
16440
16440
16437
16433
16422
16414
16411
16405
16402
16399
16397
16395
16394
16390
16389
16386
16384
16381
16378
16378
16374
16363
16360
16359
16354
16354
16353
16350
16349
16348
16347
16347
16346
16346
16345
16342
16341
16340
16334
16322
16321
16320
16319
16315
16312
16311
16311
16306
16302
16300
16300
16298
16293
16290
16288
16286
16286
16284
16280
16269
16267
16262
16254
16254
16246
16245
16243
16239
16239
16237
16235
16235
16233
16233
16232
16230
16226
16223
16218
16218
16212
16210
16206
16197
16192
16183
16180
16170
16170
16170
16165
16161
16155
16153
16149
16147
16143
16141
16139
16137
16136
16132
16124
16123
16123
16121
16115
16114
16111
16109
16108
16099
16096
16092
16090
16083
16077
16069
16067
16067
16067
16056
16056
16048
16033
16030
16029
16026
16025
16023
16016
16014
16010
16010
16009
16002
15991
15990
15990
15986
15978
15975
15975
15973
15967
15963
15963
15958
15958
15954
15949
15949
15947
15946
15941
15936
15934
15934
15928
15924
15922
15920
15920
15919
15913
15912
15911
15903
15899
15897
15887
15886
15885
15881
15877
15876
15876
15876
15875
15873
15872
15870
15870
15869
15868
15866
15862
15861
15857
15856
15854
15854
15851
15847
15845
15842
15834
15830
15830
15826
15822
15821
15813
15808
15806
15796
15791
15786
15783
15781
15779
15776
15775
15775
15773
15773
15772
15771
15768
15759
15758
15758
15749
15746
15746
15745
15743
15738
15733
15731
15731
15722
15700
15694
15693
15691
15688
15684
15682
15677
15675
15674
15669
15665
15662
15657
15654
15653
15652
15650
15649
15648
15646
15646
15644
15644
15634
15634
15634
15628
15622
15622
15620
15619
15604
15602
15594
15594
15592
15591
15590
15590
15587
15586
15581
15579
15564
15559
15557
15551
15543
15540
15540
15538
15537
15536
15536
15531
15529
15525
15524
15521
15520
15516
15514
15506
15505
15504
15502
15500
15496
15495
15494
15492
15491
15491
15485
15481
15479
15478
15467
15464
15455
15447
15442
15442
15429
15417
15416
15412
15411
15411
15393
15389
15387
15386
15384
15376
15375
15375
15365
15363
15357
15355
15355
15350
15345
15344
15329
15326
15326
15323
15322
15322
15321
15317
15315
15313
15310
15309
15306
15305
15303
15299
15299
15296
15295
15294
15293
15290
15286
15283
15280
15277
15275
15273
15271
15269
15262
15257
15251
15250
15249
15247
15241
15237
15233
15227
15226
15224
15219
15217
15207
15207
15205
15203
15198
15196
15191
15191
15186
15185
15184
15183
15183
15181
15179
15173
15169
15165
15162
15159
15156
15154
15152
15138
15132
15129
15127
15124
15122
15121
15121
15119
15117
15116
15116
15114
15113
15112
15110
15109
15108
15103
15102
15086
15086
15084
15083
15083
15077
15077
15077
15076
15075
15073
15073
15067
15064
15064
15062
15061
15061
15060
15055
15054
15053
15053
15048
15044
15044
15043
15035
15027
15025
15024
15018
15016
15012
15012
15012
15010
15008
15005
14999
14995
14991
14990
14985
14984
14983
14976
14971
14971
14971
14965
14959
14959
14959
14956
14956
14954
14949
14945
14940
14939
14939
14930
14928
14922
14915
14914
14911
14909
14901
14900
14898
14898
14898
14897
14896
14889
14886
14884
14884
14876
14875
14875
14870
14868
14868
14866
14863
14860
14858
14855
14851
14851
14846
14844
14838
14837
14832
14829
14828
14824
14822
14820
14809
14808
14807
14806
14803
14803
14799
14796
14785
14784
14778
14772
14770
14769
14763
14761
14761
14753
14753
14749
14747
14745
14744
14736
14735
14734
14734
14728
14720
14715
14714
14713
14712
14704
14703
14702
14698
14692
14689
14689
14685
14677
14675
14672
14672
14670
14666
14661
14655
14655
14654
14652
14649
14649
14647
14640
14640
14639
14637
14634
14629
14627
14625
14623
14616
14615
14612
14609
14609
14607
14606
14603
14601
14600
14598
14597
14590
14590
14587
14584
14583
14577
14570
14567
14566
14556
14553
14553
14552
14547
14544
14543
14538
14538
14533
14530
14528
14506
14506
14505
14505
14504
14503
14501
14495
14493
14489
14485
14483
14477
14477
14475
14475
14474
14468
14465
14465
14463
14462
14460
14457
14440
14437
14437
14433
14433
14431
14427
14421
14421
14417
14415
14410
14410
14404
14398
14391
14391
14390
14387
14386
14367
14367
14367
14358
14358
14358
14357
14350
14344
14342
14340
14340
14340
14340
14339
14326
14319
14316
14308
14296
14294
14294
14293
14293
14286
14281
14279
14272
14271
14265
14257
14253
14250
14243
14240
14238
14235
14233
14231
14231
14222
14221
14220
14207
14205
14205
14202
14201
14199
14191
14186
14186
14182
14175
14175
14171
14170
14166
14162
14158
14156
14156
14152
14151
14143
14141
14138
14137
14136
14132
14125
14124
14119
14115
14114
14112
14110
14105
14096
14095
14093
14093
14093
14091
14089
14089
14086
14084
14082
14071
14070
14069
14068
14064
14063
14062
14059
14055
14053
14034
14034
14031
14030
14026
14011
14010
14007
14004
13997
13990
13986
13977
13976
13975
13973
13971
13969
13964
13961
13960
13959
13951
13944
13939
13937
13936
13930
13929
13928
13921
13919
13913
13912
13908
13899
13891
13889
13889
13886
13885
13883
13882
13881
13880
13873
13872
13865
13863
13863
13862
13861
13858
13852
13851
13848
13848
13844
13841
13839
13835
13829
13828
13826
13819
13816
13812
13812
13806
13805
13803
13793
13788
13784
13783
13781
13780
13777
13776
13775
13771
13763
13758
13756
13756
13756
13755
13754
13753
13744
13744
13737
13737
13734
13734
13733
13726
13725
13725
13722
13719
13717
13717
13715
13714
13711
13711
13706
13684
13683
13678
13673
13673
13672
13668
13667
13662
13657
13651
13649
13643
13643
13637
13635
13635
13635
13632
13629
13628
13624
13621
13616
13615
13611
13607
13606
13603
13602
13602
13601
13600
13594
13575
13574
13573
13570
13569
13567
13563
13562
13561
13560
13560
13555
13543
13533
13531
13528
13526
13522
13518
13516
13516
13516
13502
13501
13500
13499
13496
13493
13491
13485
13477
13473
13465
13460
13450
13450
13444
13443
13442
13437
13434
13416
13413
13412
13410
13410
13387
13381
13378
13376
13370
13369
13365
13364
13355
13347
13345
13341
13339
13333
13329
13326
13326
13322
13316
13315
13314
13310
13308
13308
13298
13294
13292
13286
13286
13282
13282
13280
13271
13268
13267
13261
13259
13241
13232
13231
13230
13224
13208
13207
13206
13200
13196
13194
13193
13193
13192
13188
13186
13185
13183
13182
13180
13177
13173
13168
13166
13153
13132
13129
13127
13126
13125
13122
13122
13120
13119
13116
13113
13098
13092
13088
13087
13081
13081
13079
13078
13076
13074
13072
13070
13067
13065
13063
13056
13052
13050
13048
13043
13041
13041
13040
13039
13039
13038
13038
13034
13031
13028
13028
13023
13017
13012
13010
13009
13008
13007
13006
13005
13005
13003
13001
12998
12993
12991
12987
12984
12979
12979
12966
12964
12962
12955
12951
12949
12948
12946
12943
12938
12937
12936
12930
12925
12924
12920
12915
12914
12910
12908
12907
12902
12902
12900
12898
12892
12884
12882
12880
12878
12877
12877
12876
12876
12869
12869
12865
12864
12862
12859
12858
12856
12855
12854
12853
12852
12851
12848
12843
12839
12831
12830
12830
12828
12826
12826
12825
12825
12825
12823
12821
12810
12806
12805
12805
12802
12801
12799
12797
12797
12797
12797
12796
12794
12791
12789
12787
12785
12783
12772
12768
12767
12766
12758
12756
12754
12753
12751
12749
12747
12745
12743
12741
12741
12736
12734
12719
12717
12716
12713
12711
12705
12704
12697
12693
12690
12685
12685
12682
12679
12678
12676
12670
12664
12663
12656
12652
12642
12631
12628
12624
12623
12619
12618
12616
12614
12613
12607
12602
12599
12598
12597
12586
12585
12582
12572
12571
12571
12562
12560
12549
12549
12547
12547
12546
12539
12535
12534
12527
12527
12525
12518
12510
12508
12507
12507
12506
12506
12503
12502
12501
12499
12495
12492
12488
12481
12471
12467
12458
12456
12453
12451
12451
12450
12446
12439
12434
12429
12417
12412
12411
12408
12405
12405
12402
12392
12390
12388
12388
12383
12381
12378
12371
12365
12364
12363
12361
12355
12344
12342
12337
12335
12333
12333
12332
12326
12321
12316
12312
12310
12310
12305
12304
12304
12300
12296
12288
12288
12288
12286
12285
12282
12278
12277
12270
12267
12264
12258
12254
12253
12251
12248
12247
12240
12238
12237
12228
12226
12223
12221
12219
12216
12214
12211
12210
12205
12203
12197
12191
12188
12182
12180
12178
12177
12176
12171
12170
12168
12166
12164
12159
12152
12144
12142
12141
12139
12131
12131
12130
12111
12110
12108
12095
12094
12094
12091
12074
12064
12064
12060
12059
12048
12038
12037
12036
12032
12030
12025
12021
12020
12019
12019
12012
12010
12010
12009
12006
12005
12005
12005
12003
12003
12002
11999
11997
11997
11992
11989
11984
11979
11976
11970
11969
11958
11952
11941
11941
11940
11940
11936
11925
11925
11924
11924
11916
11915
11915
11911
11909
11908
11908
11898
11897
11895
11889
11888
11881
11870
11866
11862
11861
11852
11851
11845
11845
11842
11841
11834
11833
11831
11818
11816
11816
11809
11800
11795
11793
11790
11790
11790
11785
11783
11780
11779
11775
11768
11766
11756
11748
11746
11741
11739
11736
11736
11734
11733
11733
11719
11717
11717
11711
11706
11706
11705
11705
11705
11698
11698
11696
11696
11692
11678
11673
11673
11672
11666
11664
11650
11648
11647
11647
11646
11637
11633
11632
11631
11625
11621
11619
11612
11612
11612
11608
11608
11594
11594
11593
11592
11591
11590
11589
11582
11577
11575
11572
11567
11560
11558
11554
11550
11549
11548
11537
11536
11533
11532
11532
11521
11518
11514
11504
11501
11500
11499
11498
11495
11490
11488
11481
11476
11472
11472
11471
11470
11461
11458
11457
11456
11455
11453
11453
11452
11448
11446
11446
11441
11437
11430
11427
11424
11422
11421
11420
11419
11419
11415
11410
11407
11405
11404
11396
11394
11393
11389
11387
11379
11375
11372
11370
11367
11365
11364
11363
11358
11354
11351
11347
11345
11341
11336
11336
11334
11331
11329
11323
11320
11320
11320
11318
11317
11313
11312
11309
11308
11308
11302
11296
11295
11294
11283
11282
11279
11271
11259
11259
11256
11255
11250
11245
11244
11244
11241
11241
11238
11225
11221
11219
11217
11214
11212
11208
11205
11203
11202
11202
11201
11200
11198
11198
11195
11188
11185
11185
11183
11182
11179
11179
11176
11176
11174
11172
11159
11158
11156
11155
11150
11147
11141
11138
11137
11135
11128
11126
11122
11120
11120
11119
11116
11113
11109
11101
11095
11091
11091
11074
11072
11071
11070
11069
11066
11065
11058
11057
11056
11055
11050
11049
11039
11037
11033
11028
11025
11023
11022
11019
11015
11015
11014
11013
11013
11007
11007
10997
10995
10994
10983
10982
10982
10966
10966
10963
10959
10959
10956
10949
10946
10944
10941
10936
10935
10935
10930
10927
10926
10921
10921
10920
10920
10917
10910
10908
10898
10898
10898
10887
10887
10885
10882
10879
10877
10872
10864
10858
10854
10853
10846
10842
10842
10841
10836
10835
10830
10829
10829
10829
10824
10823
10815
10814
10813
10812
10803
10800
10800
10799
10795
10795
10795
10793
10793
10789
10785
10782
10769
10766
10762
10760
10758
10755
10745
10745
10740
10738
10738
10737
10736
10734
10734
10732
10731
10729
10728
10728
10725
10722
10710
10708
10707
10705
10704
10701
10696
10689
10684
10679
10676
10668
10661
10656
10653
10651
10644
10621
10621
10599
10597
10596
10595
10594
10590
10588
10588
10583
10580
10580
10576
10575
10574
10564
10563
10562
10549
10545
10539
10538
10534
10534
10531
10519
10512
10511
10510
10509
10505
10504
10499
10498
10496
10488
10487
10484
10479
10479
10478
10475
10472
10469
10467
10461
10458
10443
10434
10433
10430
10429
10425
10422
10419
10415
10414
10412
10410
10410
10409
10408
10400
10394
10393
10392
10391
10389
10387
10386
10385
10375
10373
10371
10370
10363
10362
10360
10360
10356
10343
10340
10334
10331
10329
10324
10314
10314
10311
10309
10308
10308
10307
10305
10304
10303
10298
10296
10294
10291
10287
10287
10286
10284
10284
10282
10275
10275
10275
10274
10270
10269
10267
10265
10264
10259
10258
10253
10246
10245
10242
10240
10233
10232
10230
10216
10212
10209
10205
10204
10201
10196
10193
10187
10185
10184
10182
10180
10175
10175
10175
10171
10168
10168
10167
10167
10166
10163
10156
10154
10152
10147
10141
10135
10133
10130
10121
10117
10115
10114
10113
10109
10108
10104
10093
10086
10082
10077
10075
10072
10071
10061
10060
10059
10057
10055
10054
10049
10049
10048
10044
10037
10032
10031
10027
10025
10020
10015
10003
10001
10000
9995
9995
9995
9991
9987
9986
9986
9983
9982
9982
9982
9962
9961
9959
9956
9942
9942
9938
9932
9926
9925
9923
9919
9916
9913
9907
9899
9897
9896
9894
9893
9890
9888
9886
9885
9881
9872
9871
9868
9861
9860
9856
9854
9838
9830
9825
9819
9819
9816
9815
9814
9805
9801
9790
9789
9776
9770
9767
9766
9766
9763
9758
9756
9753
9749
9749
9749
9747
9746
9743
9742
9739
9737
9737
9737
9735
9730
9729
9728
9727
9723
9722
9721
9718
9715
9706
9705
9702
9698
9697
9696
9693
9690
9683
9682
9681
9675
9671
9666
9660
9656
9651
9647
9646
9645
9644
9638
9632
9625
9625
9623
9621
9620
9612
9608
9607
9603
9592
9585
9584
9574
9573
9565
9563
9561
9552
9551
9548
9547
9545
9543
9542
9540
9536
9531
9528
9524
9523
9521
9519
9513
9513
9510
9506
9502
9499
9495
9494
9492
9490
9487
9487
9486
9481
9478
9476
9475
9469
9467
9465
9463
9461
9455
9454
9454
9451
9450
9447
9447
9436
9419
9417
9415
9415
9414
9413
9410
9407
9404
9402
9392
9391
9389
9389
9381
9380
9374
9374
9374
9373
9373
9359
9353
9349
9348
9348
9346
9344
9343
9337
9332
9330
9326
9324
9321
9321
9313
9311
9308
9304
9298
9298
9298
9296
9294
9294
9278
9276
9269
9265
9265
9257
9256
9251
9251
9250
9246
9232
9224
9223
9222
9222
9222
9220
9215
9215
9208
9205
9199
9191
9187
9186
9177
9177
9176
9172
9165
9161
9156
9155
9153
9146
9145
9143
9143
9139
9134
9123
9117
9117
9114
9112
9109
9101
9096
9095
9092
9086
9083
9077
9075
9072
9069
9067
9065
9062
9062
9056
9055
9051
9040
9039
9028
9026
9024
9017
9012
9010
9008
9003
8990
8986
8984
8982
8981
8968
8964
8954
8954
8952
8952
8947
8941
8936
8936
8934
8932
8931
8930
8928
8926
8926
8916
8914
8913
8912
8897
8896
8894
8893
8892
8890
8889
8886
8885
8885
8878
8876
8875
8870
8868
8863
8855
8854
8853
8851
8848
8847
8847
8842
8839
8834
8831
8826
8824
8819
8818
8811
8810
8809
8806
8805
8802
8799
8797
8791
8786
8782
8778
8777
8771
8767
8767
8765
8765
8761
8759
8749
8746
8746
8743
8743
8742
8741
8737
8728
8724
8721
8714
8713
8704
8700
8697
8696
8696
8691
8686
8685
8684
8678
8670
8668
8666
8664
8654
8649
8649
8648
8646
8636
8627
8626
8623
8622
8619
8613
8613
8606
8604
8599
8599
8597
8596
8593
8592
8587
8586
8584
8575
8575
8573
8565
8563
8563
8561
8561
8561
8557
8553
8553
8553
8549
8549
8541
8539
8536
8533
8531
8512
8506
8499
8497
8493
8493
8493
8491
8490
8487
8484
8483
8471
8466
8465
8454
8453
8448
8446
8444
8427
8420
8414
8413
8412
8409
8408
8407
8407
8407
8401
8395
8385
8383
8383
8382
8367
8362
8362
8359
8358
8356
8350
8349
8348
8347
8346
8344
8338
8335
8333
8327
8325
8325
8325
8324
8322
8315
8315
8309
8309
8303
8301
8282
8282
8281
8273
8267
8265
8261
8254
8252
8251
8249
8248
8246
8246
8246
8241
8239
8233
8231
8230
8221
8216
8210
8209
8209
8206
8194
8190
8188
8184
8181
8178
8177
8177
8176
8171
8168
8161
8157
8155
8154
8152
8149
8147
8146
8145
8142
8141
8136
8130
8129
8128
8126
8121
8118
8116
8112
8101
8098
8097
8096
8095
8094
8093
8093
8089
8087
8080
8078
8076
8076
8074
8067
8066
8065
8059
8057
8054
8053
8039
8038
8038
8037
8034
8032
8029
8027
8023
8022
8021
8005
8004
8002
8001
7999
7998
7997
7994
7994
7992
7992
7991
7988
7988
7982
7982
7979
7979
7973
7968
7967
7965
7958
7952
7950
7949
7946
7942
7942
7933
7929
7923
7922
7918
7916
7911
7909
7909
7902
7896
7887
7880
7879
7872
7872
7866
7861
7861
7855
7855
7855
7852
7850
7849
7848
7845
7840
7837
7835
7835
7833
7823
7823
7819
7819
7814
7809
7809
7804
7803
7803
7801
7798
7790
7789
7788
7784
7779
7779
7775
7774
7769
7769
7766
7765
7758
7758
7757
7757
7750
7750
7748
7748
7747
7747
7743
7743
7742
7740
7739
7735
7731
7724
7718
7718
7718
7713
7708
7708
7707
7706
7700
7698
7695
7694
7689
7688
7687
7686
7685
7682
7676
7675
7675
7675
7675
7667
7665
7663
7658
7657
7657
7654
7654
7650
7642
7640
7640
7638
7638
7630
7628
7625
7625
7623
7621
7618
7614
7613
7611
7611
7604
7601
7601
7599
7598
7595
7594
7593
7586
7581
7581
7576
7573
7566
7557
7556
7549
7548
7541
7541
7540
7532
7531
7526
7525
7522
7519
7518
7517
7513
7508
7505
7504
7503
7498
7492
7489
7489
7484
7482
7476
7473
7472
7467
7464
7458
7454
7450
7448
7438
7420
7417
7414
7407
7404
7401
7392
7391
7390
7386
7384
7383
7382
7373
7372
7369
7366
7366
7365
7363
7363
7361
7360
7345
7343
7338
7333
7324
7322
7321
7320
7312
7306
7299
7291
7285
7284
7283
7278
7275
7274
7274
7271
7262
7261
7255
7247
7245
7242
7241
7239
7237
7236
7235
7228
7224
7221
7221
7218
7217
7216
7215
7212
7206
7204
7196
7196
7196
7187
7186
7182
7182
7180
7169
7166
7164
7163
7163
7162
7158
7157
7156
7152
7148
7146
7144
7143
7142
7140
7139
7130
7125
7123
7116
7115
7112
7112
7111
7110
7110
7109
7109
7101
7099
7099
7096
7096
7094
7094
7089
7081
7074
7072
7071
7068
7067
7067
7065
7064
7063
7061
7060
7059
7059
7053
7053
7051
7050
7050
7050
7049
7048
7043
7040
7036
7035
7025
7023
7015
7011
7009
7005
7001
6999
6993
6989
6988
6987
6985
6970
6966
6955
6954
6950
6947
6947
6946
6946
6945
6940
6940
6939
6934
6931
6931
6928
6926
6924
6922
6918
6918
6917
6917
6914
6900
6896
6896
6892
6886
6884
6884
6881
6878
6878
6872
6871
6870
6869
6860
6859
6854
6853
6848
6848
6847
6844
6838
6835
6834
6834
6834
6830
6829
6827
6821
6818
6816
6811
6806
6800
6795
6795
6794
6792
6786
6779
6779
6777
6776
6768
6758
6757
6756
6751
6751
6749
6731
6728
6723
6717
6715
6712
6710
6709
6708
6706
6706
6705
6704
6703
6703
6702
6698
6685
6680
6678
6666
6665
6661
6660
6657
6656
6653
6651
6651
6646
6646
6645
6627
6618
6610
6603
6602
6600
6600
6600
6596
6587
6578
6574
6570
6567
6561
6548
6547
6542
6538
6536
6533
6533
6533
6531
6531
6528
6526
6526
6524
6520
6519
6518
6517
6516
6515
6511
6509
6502
6501
6499
6492
6491
6487
6484
6478
6477
6477
6470
6470
6467
6465
6464
6462
6459
6457
6457
6455
6452
6450
6446
6433
6431
6425
6418
6411
6409
6405
6393
6393
6389
6385
6378
6374
6365
6361
6360
6358
6358
6356
6353
6352
6352
6352
6349
6338
6338
6334
6327
6323
6319
6313
6311
6307
6299
6298
6298
6294
6294
6293
6291
6287
6285
6279
6275
6274
6271
6270
6270
6269
6268
6266
6266
6262
6261
6257
6256
6249
6248
6246
6238
6235
6235
6230
6228
6226
6219
6216
6215
6204
6203
6203
6202
6200
6199
6198
6187
6187
6185
6182
6181
6181
6178
6178
6171
6157
6139
6139
6129
6119
6111
6109
6103
6098
6097
6095
6090
6086
6083
6083
6079
6079
6078
6070
6063
6057
6053
6049
6038
6026
6025
6023
6021
6015
6014
6010
6008
6007
5994
5993
5982
5978
5972
5972
5964
5964
5956
5954
5950
5948
5947
5946
5943
5939
5931
5931
5928
5919
5919
5915
5913
5899
5895
5892
5890
5888
5885
5882
5879
5877
5876
5874
5871
5870
5858
5855
5852
5844
5843
5843
5842
5832
5827
5826
5823
5821
5817
5814
5810
5806
5806
5805
5804
5802
5799
5796
5796
5794
5793
5790
5789
5784
5781
5779
5771
5769
5767
5765
5752
5747
5737
5723
5719
5716
5709
5705
5702
5701
5700
5699
5699
5696
5691
5691
5681
5680
5679
5678
5673
5670
5668
5666
5663
5660
5657
5651
5649
5649
5640
5632
5630
5627
5624
5622
5612
5606
5599
5598
5597
5588
5585
5584
5579
5570
5569
5567
5565
5563
5563
5561
5559
5557
5556
5556
5550
5543
5539
5539
5535
5532
5529
5526
5522
5517
5515
5514
5513
5512
5504
5503
5499
5491
5485
5483
5480
5476
5471
5462
5462
5459
5454
5453
5453
5452
5452
5452
5449
5443
5436
5431
5428
5428
5425
5422
5420
5414
5414
5410
5409
5398
5397
5396
5396
5394
5392
5391
5389
5389
5385
5383
5383
5378
5371
5367
5367
5366
5363
5355
5352
5348
5339
5337
5332
5321
5314
5312
5312
5307
5306
5300
5299
5298
5296
5295
5293
5290
5289
5285
5273
5268
5265
5264
5256
5256
5249
5247
5246
5245
5244
5240
5237
5233
5230
5230
5228
5226
5225
5222
5220
5217
5215
5214
5211
5205
5202
5202
5201
5196
5196
5196
5194
5193
5175
5173
5165
5163
5162
5158
5158
5157
5150
5150
5148
5143
5139
5122
5120
5117
5113
5112
5107
5107
5106
5101
5101
5099
5099
5096
5090
5089
5083
5081
5081
5075
5075
5070
5069
5068
5066
5065
5059
5055
5053
5051
5048
5044
5044
5043
5042
5042
5037
5036
5035
5035
5028
5028
5024
5017
5012
5008
5002
4997
4992
4991
4989
4985
4983
4978
4976
4975
4972
4968
4967
4966
4964
4956
4956
4943
4941
4939
4938
4938
4936
4930
4923
4922
4919
4913
4908
4905
4891
4891
4890
4890
4885
4885
4883
4881
4878
4877
4877
4874
4866
4864
4864
4863
4859
4857
4856
4855
4854
4850
4829
4823
4821
4818
4817
4810
4808
4807
4802
4789
4789
4787
4786
4786
4774
4772
4769
4767
4763
4759
4757
4755
4755
4751
4744
4742
4738
4736
4735
4724
4723
4721
4718
4717
4717
4715
4713
4708
4708
4691
4681
4678
4667
4665
4664
4663
4663
4662
4647
4642
4639
4638
4633
4630
4629
4629
4627
4625
4623
4623
4621
4619
4617
4617
4611
4609
4607
4605
4602
4601
4600
4600
4600
4597
4590
4588
4586
4576
4575
4573
4572
4572
4571
4571
4569
4569
4564
4563
4556
4555
4552
4551
4548
4547
4537
4535
4535
4533
4532
4527
4523
4520
4516
4483
4479
4460
4450
4446
4446
4445
4444
4442
4437
4422
4421
4420
4420
4417
4414
4414
4413
4404
4401
4394
4393
4391
4391
4390
4389
4389
4389
4370
4368
4366
4365
4364
4362
4360
4358
4357
4352
4351
4346
4345
4342
4334
4332
4331
4325
4325
4324
4323
4321
4321
4313
4306
4302
4301
4298
4298
4296
4287
4277
4269
4268
4264
4264
4263
4261
4257
4255
4249
4245
4245
4231
4223
4222
4221
4218
4217
4213
4202
4197
4191
4183
4181
4180
4178
4178
4177
4177
4172
4169
4168
4166
4164
4162
4159
4156
4155
4154
4154
4153
4151
4149
4148
4145
4143
4143
4139
4135
4134
4133
4126
4126
4122
4122
4118
4113
4112
4112
4107
4103
4101
4101
4095
4088
4087
4086
4079
4076
4074
4073
4070
4065
4042
4042
4041
4037
4030
4024
4023
4021
4021
4020
4018
4013
4012
4007
4006
4006
4004
4002
4000
3999
3996
3995
3992
3987
3986
3982
3982
3982
3980
3969
3967
3961
3953
3951
3951
3950
3950
3940
3934
3933
3932
3926
3924
3924
3924
3920
3914
3914
3912
3911
3911
3901
3899
3897
3896
3889
3889
3887
3885
3882
3878
3877
3874
3874
3867
3862
3855
3855
3848
3845
3843
3841
3838
3827
3825
3823
3823
3820
3806
3804
3800
3800
3798
3795
3791
3782
3781
3774
3774
3773
3762
3759
3759
3757
3757
3756
3756
3753
3749
3739
3735
3729
3726
3723
3718
3716
3713
3708
3705
3703
3690
3688
3683
3674
3672
3669
3669
3668
3662
3661
3655
3650
3647
3646
3642
3639
3636
3625
3623
3623
3621
3620
3619
3614
3612
3609
3603
3601
3591
3584
3576
3575
3571
3570
3568
3561
3560
3555
3553
3552
3551
3545
3539
3538
3537
3536
3535
3532
3530
3529
3529
3520
3519
3518
3512
3511
3511
3510
3510
3509
3508
3507
3503
3499
3499
3497
3492
3489
3487
3482
3479
3479
3477
3473
3471
3447
3439
3426
3421
3418
3417
3413
3410
3387
3379
3367
3367
3354
3353
3351
3349
3348
3346
3344
3342
3337
3328
3315
3311
3311
3308
3306
3305
3295
3288
3288
3282
3281
3281
3268
3265
3263
3263
3256
3253
3249
3247
3245
3244
3242
3237
3234
3232
3231
3231
3229
3227
3217
3216
3209
3204
3203
3200
3197
3195
3193
3192
3189
3188
3181
3178
3171
3164
3163
3162
3158
3151
3151
3149
3142
3142
3140
3135
3133
3131
3125
3124
3122
3108
3108
3107
3106
3101
3101
3101
3100
3085
3080
3077
3076
3075
3073
3070
3068
3066
3062
3059
3053
3052
3048
3045
3035
3035
3030
3024
3023
3021
3020
3018
3009
3008
2998
2994
2990
2986
2984
2983
2983
2980
2980
2972
2971
2969
2968
2966
2966
2963
2953
2951
2950
2949
2946
2945
2942
2941
2939
2936
2933
2928
2925
2923
2922
2921
2920
2914
2914
2913
2907
2906
2898
2893
2892
2881
2875
2874
2873
2873
2871
2868
2864
2864
2864
2863
2859
2856
2855
2854
2851
2849
2843
2841
2838
2837
2833
2832
2828
2826
2824
2819
2815
2808
2808
2802
2798
2797
2796
2794
2792
2786
2782
2779
2775
2774
2771
2770
2769
2767
2763
2762
2754
2751
2747
2737
2736
2734
2732
2725
2722
2719
2714
2712
2709
2705
2701
2686
2672
2669
2663
2661
2660
2657
2653
2648
2644
2643
2642
2642
2640
2637
2636
2631
2631
2628
2626
2619
2617
2615
2614
2611
2609
2609
2597
2596
2592
2590
2590
2588
2583
2583
2578
2575
2574
2572
2572
2571
2569
2565
2563
2562
2561
2560
2560
2554
2553
2545
2538
2537
2533
2532
2529
2528
2527
2527
2525
2524
2522
2522
2516
2512
2511
2510
2507
2504
2491
2488
2485
2483
2481
2480
2479
2477
2475
2474
2473
2470
2464
2464
2463
2459
2455
2454
2453
2448
2445
2444
2441
2437
2435
2428
2426
2424
2422
2419
2417
2417
2416
2416
2415
2413
2408
2406
2405
2403
2398
2386
2383
2378
2376
2375
2373
2370
2370
2369
2362
2356
2354
2353
2349
2348
2345
2344
2343
2340
2335
2332
2327
2324
2318
2315
2315
2311
2310
2310
2310
2307
2294
2294
2293
2293
2288
2287
2286
2280
2274
2273
2264
2253
2253
2251
2247
2246
2241
2241
2239
2236
2232
2232
2226
2225
2222
2217
2213
2212
2210
2208
2205
2202
2199
2189
2189
2186
2181
2179
2178
2178
2171
2168
2165
2162
2161
2154
2152
2149
2145
2144
2141
2141
2133
2131
2125
2123
2122
2121
2105
2101
2098
2098
2095
2090
2090
2084
2082
2080
2079
2075
2072
2071
2071
2070
2067
2061
2059
2058
2056
2052
2046
2043
2035
2028
2025
2022
2018
2016
2012
2006
2004
2002
1995
1993
1992
1990
1983
1981
1977
1976
1975
1975
1973
1972
1971
1970
1967
1963
1962
1962
1959
1939
1935
1931
1930
1926
1916
1915
1915
1914
1913
1900
1898
1895
1893
1892
1891
1891
1885
1883
1881
1877
1875
1871
1871
1869
1867
1867
1859
1855
1848
1846
1845
1845
1845
1836
1826
1816
1814
1807
1799
1795
1791
1789
1786
1779
1777
1770
1769
1767
1763
1762
1760
1758
1751
1745
1739
1738
1730
1728
1708
1703
1703
1694
1693
1687
1687
1685
1683
1680
1679
1678
1676
1672
1666
1666
1664
1662
1662
1657
1653
1653
1649
1640
1635
1626
1626
1621
1619
1614
1607
1607
1604
1603
1598
1594
1593
1593
1592
1589
1589
1581
1574
1572
1567
1564
1560
1560
1556
1556
1556
1546
1541
1526
1522
1521
1517
1513
1512
1509
1507
1501
1499
1498
1497
1495
1495
1492
1490
1485
1478
1472
1472
1467
1465
1461
1461
1459
1459
1457
1449
1442
1439
1438
1437
1437
1434
1431
1426
1417
1414
1414
1412
1405
1400
1394
1389
1385
1384
1384
1384
1372
1369
1362
1362
1354
1353
1345
1343
1342
1341
1340
1340
1340
1338
1338
1336
1335
1334
1334
1333
1333
1332
1331
1326
1324
1321
1321
1320
1319
1318
1315
1314
1309
1309
1308
1303
1299
1293
1293
1292
1289
1277
1272
1268
1267
1260
1256
1255
1238
1235
1234
1234
1233
1230
1230
1226
1222
1219
1215
1209
1206
1202
1202
1200
1199
1196
1193
1190
1190
1187
1187
1185
1176
1174
1174
1172
1170
1167
1166
1159
1157
1155
1150
1144
1142
1139
1137
1134
1120
1116
1115
1114
1112
1103
1100
1100
1094
1091
1090
1083
1082
1075
1075
1073
1073
1061
1060
1057
1046
1043
1043
1040
1037
1030
1026
1026
1024
1019
1017
1011
1005
1005
1000
1000
996
991
990
988
980
979
976
974
972
971
970
953
951
948
947
936
935
935
932
931
924
912
906
887
886
885
884
884
879
863
860
858
854
853
850
848
848
847
847
844
841
840
839
838
837
823
820
819
815
815
814
814
811
809
808
805
804
803
802
800
797
796
792
791
789
788
771
764
762
758
752
750
745
745
737
736
732
731
731
727
724
723
709
704
703
702
698
697
695
690
689
689
686
685
683
682
680
675
669
659
659
653
649
645
643
643
642
631
617
615
612
610
607
606
603
599
598
598
598
595
595
591
587
586
582
573
566
566
564
560
555
551
550
547
547
547
546
541
530
529
527
524
511
509
508
506
504
503
501
500
490
477
477
468
467
466
460
457
455
448
441
441
433
431
430
429
428
425
419
417
415
412
408
404
390
388
387
385
383
379
378
378
378
375
375
374
373
372
372
371
362
361
360
357
351
343
342
341
334
326
326
324
323
319
319
314
307
289
285
279
276
276
276
275
272
271
268
267
265
263
261
254
253
248
248
246
239
230
228
225
217
210
206
202
202
199
197
190
186
177
167
164
163
162
161
160
158
158
154
152
150
148
148
144
139
134
132
132
129
126
116
114
108
99
99
97
96
95
95
79
72
70
68
64
62
62
58
57
56
55
50
45
45
42
36
32
25
22
21
16
9
7
4
3
2
