32666
31214
31081
31074
30977
30947
30561
30531
30161
30032
29174
28995
28966
28737
28703
28516
28311
27641
27636
26606
26303
25631
24603
24480
24014
23954
23716
23216
23125
22907
22472
22418
22303
21898
21515
21351
21306
21286
20552
20231
20077
19981
18427
18062
17591
17391
17334
17089
16922
16579
16314
15909
15892
15880
15403
14918
14710
14633
14390
14358
13998
13139
13110
12795
12293
12201
12172
11913
11657
11249
10696
10622
10514
10293
9422
9283
9270
8747
8681
7496
7489
6597
6266
6259
6182
5587
5512
5199
4393
4001
3820
3347
2996
2847
2580
1715
1676
1455
799
