32763
32657
32587
32586
32564
32555
32479
32449
32427
32384
32372
32363
32358
32351
32330
32272
32235
32226
32208
32205
32181
32172
32170
32153
32128
32119
32092
32085
32062
31965
31913
31856
31846
31845
31808
31807
31771
31758
31744
31709
31704
31698
31678
31634
31619
31610
31586
31584
31385
31323
31243
31222
31143
31022
30994
30957
30951
30943
30925
30912
30893
30880
30859
30835
30753
30734
30726
30692
30603
30468
30457
30442
30420
30381
30349
30339
30326
30321
30297
30267
30260
30138
30043
30041
29986
29871
29857
29808
29634
29480
29457
29410
29407
29235
29230
29219
29212
29206
29117
29116
29109
29102
29036
28987
28985
28960
28954
28898
28865
28850
28817
28770
28763
28757
28755
28676
28664
28664
28626
28573
28556
28479
28457
28443
28215
28201
28180
28132
28092
28051
28038
27943
27928
27924
27923
27909
27906
27886
27884
27879
27799
27732
27673
27661
27640
27631
27616
27608
27548
27535
27523
27480
27436
27419
27410
27315
27295
27271
27240
27217
27181
27166
27146
26990
26934
26869
26775
26768
26738
26704
26680
26671
26657
26653
26606
26603
26591
26576
26560
26554
26538
26390
26388
26336
26324
26301
26282
26274
26240
26122
26108
26057
26045
26007
25883
25879
25855
25794
25792
25767
25753
25654
25638
25604
25601
25565
25557
25526
25523
25384
25371
25338
25317
25292
25275
25229
25210
25178
25138
25132
25074
25018
24956
24937
24916
24891
24880
24844
24828
24782
24761
24758
24738
24714
24683
24681
24528
24525
24521
24480
24474
24433
24328
24328
24322
24230
24195
24062
24061
24041
24040
24029
23999
23931
23900
23897
23863
23860
23857
23816
23788
23726
23717
23673
23628
23617
23560
23496
23480
23455
23447
23417
23405
23376
23314
23205
23146
23127
23106
23059
23056
23034
23011
22931
22881
22820
22817
22802
22794
22786
22770
22769
22698
22692
22692
22637
22628
22588
22566
22558
22556
22556
22552
22516
22514
22461
22390
22334
22229
22192
22133
22129
22113
22105
22089
22039
22031
21977
21962
21956
21940
21920
21824
21823
21822
21809
21804
21738
21731
21728
21699
21632
21628
21615
21600
21592
21493
21466
21445
21441
21438
21366
21288
21267
21263
21257
21211
21196
21179
21130
21124
21124
21091
21080
21070
21017
20982
20951
20914
20852
20843
20818
20817
20759
20734
20730
20729
20678
20639
20626
20594
20578
20567
20472
20465
20274
20262
20254
20246
20236
20216
20190
20150
20127
20119
20104
20082
20076
19937
19891
19889
19878
19876
19848
19804
19796
19747
19723
19695
19574
19545
19535
19532
19465
19429
19424
19404
19382
19355
19319
19310
19300
19289
19272
19250
19224
19182
19161
19140
19119
19108
19080
19058
19036
18976
18973
18967
18881
18873
18841
18833
18804
18734
18657
18649
18644
18642
18632
18559
18545
18529
18498
18465
18391
18312
18300
18202
18187
18161
18129
18106
17985
17932
17889
17869
17836
17799
17733
17690
17688
17673
17614
17567
17514
17499
17432
17327
17316
17270
17218
17180
17177
17110
17090
17073
17041
17025
17023
16931
16928
16908
16899
16861
16818
16740
16694
16690
16650
16639
16595
16586
16550
16510
16495
16439
16426
16420
16399
16388
16387
16373
16313
16292
16238
16154
16148
16137
16114
16098
16087
16008
15993
15972
15970
15873
15854
15804
15783
15775
15724
15715
15699
15634
15616
15593
15590
15586
15557
15527
15492
15476
15475
15443
15395
15387
15380
15274
15231
15217
15210
15196
15146
15095
15063
15053
15047
15010
14992
14982
14977
14936
14911
14880
14872
14865
14854
14806
14777
14768
14672
14641
14640
14640
14621
14617
14608
14589
14560
14500
14432
14429
14411
14408
14379
14339
14331
14320
14301
14279
14249
14120
14112
14059
14025
14006
13963
13866
13853
13845
13753
13730
13671
13621
13594
13586
13579
13575
13512
13412
13345
13337
13325
13223
13192
13189
13167
13080
13028
12950
12907
12832
12796
12770
12767
12725
12709
12702
12583
12580
12550
12534
12515
12435
12384
12381
12376
12300
12261
12245
12219
12218
12085
12078
12060
12039
12011
11972
11937
11853
11809
11785
11775
11735
11677
11676
11667
11636
11586
11562
11560
11549
11376
11374
11343
11333
11327
11269
11245
11207
11205
11191
11185
11128
11098
11033
11023
11023
11016
10982
10887
10722
10713
10709
10674
10674
10666
10548
10451
10439
10431
10429
10395
10386
10373
10327
10311
10242
10200
10182
10170
10119
10119
10080
10054
10005
9954
9890
9889
9847
9815
9741
9727
9726
9726
9713
9694
9653
9649
9639
9590
9507
9487
9480
9410
9333
9317
9305
9303
9301
9285
9278
9278
9215
9213
9200
9180
9143
9104
9077
9075
9037
9023
9013
8994
8928
8916
8895
8893
8873
8843
8833
8786
8781
8772
8763
8727
8709
8689
8685
8678
8667
8662
8642
8627
8617
8591
8558
8546
8542
8512
8511
8444
8439
8426
8390
8361
8352
8319
8168
8144
8079
8067
8054
8007
7986
7960
7920
7883
7833
7780
7696
7659
7649
7624
7615
7609
7598
7527
7497
7481
7478
7463
7460
7396
7365
7340
7323
7275
7233
7229
7188
7155
7144
7099
7085
7063
7020
6947
6913
6818
6768
6743
6702
6650
6637
6627
6626
6536
6523
6513
6463
6429
6402
6293
6274
6267
6218
6206
6166
6030
5991
5989
5955
5952
5931
5912
5856
5813
5805
5784
5707
5650
5597
5573
5555
5526
5454
5443
5442
5300
5234
5232
5145
5119
5090
5009
4982
4902
4684
4674
4670
4589
4476
4466
4449
4445
4433
4414
4352
4298
4286
4272
4221
4188
4145
4100
4055
4050
3908
3858
3846
3830
3778
3765
3711
3688
3646
3525
3507
3397
3392
3384
3378
3349
3317
3254
3229
3216
3198
3195
3189
3172
3160
3150
3125
3115
3089
3034
3021
2957
2937
2902
2902
2833
2811
2801
2727
2701
2665
2583
2541
2496
2473
2431
2401
2389
2288
2281
2222
2152
2101
2098
2079
1936
1926
1908
1905
1855
1849
1831
1811
1779
1771
1754
1745
1683
1660
1587
1576
1557
1481
1456
1435
1397
1382
1343
1289
1267
1264
1263
1228
1223
1210
1189
1093
1084
1049
988
971
954
954
927
914
845
841
808
808
787
746
736
704
542
539
486
478
436
405
324
309
272
254
196
144
111
106
45
32
25
18
