17988
28815
22593
23911
25880
27644
21121
18481
20813
21578
27217
3554
1600
22111
4399
7473
21826
11772
170
11897
12803
6074
2734
7185
22972
26311
8845
25706
16672
14942
27345
12780
29952
3848
21444
1165
22976
10132
5820
22837
30078
2519
6695
27349
12540
2852
2650
26945
15185
10378
13081
16850
31828
9936
26085
21948
16835
13873
30985
14895
4919
5591
11107
24113
22728
29466
30963
12854
16511
117
11301
11652
3712
76
14302
19786
17396
16224
9800
27001
18616
15118
10334
31593
967
28491
4662
12845
3688
2143
20497
28850
28183
29796
8228
4506
308
4221
7461
3291
2669
28119
26004
23318
1772
27233
27598
12984
15169
6475
15059
31442
8974
14144
15314
4025
12149
9826
18554
13661
66
11785
5631
21354
983
31292
17646
22304
10715
5867
8626
22259
5282
25330
25058
21474
30043
14030
27216
13463
32507
15133
27090
22083
7149
10968
21710
20279
21110
32079
3463
16195
1002
13287
17707
18895
29328
18326
24984
5563
14934
29211
29682
28406
10293
20222
3046
26080
7266
4171
29627
2144
25402
17166
8477
4293
12522
24461
26281
9822
11234
8520
12855
3032
12791
25265
25579
22362
17498
30892
2554
4193
17981
18885
3389
20317
31295
7475
6775
15113
27292
23952
21607
32651
10261
19286
6796
6991
2976
23321
28858
7587
26320
15239
21345
13074
20226
16159
1176
7042
28493
9652
7661
26125
3367
417
29420
3743
11223
13513
4208
22868
31391
16725
25772
1935
31141
27181
23543
17114
421
24371
32348
22912
6745
28994
23006
10476
19363
2537
17803
20928
21888
25319
18759
4533
31405
14694
13909
24373
18967
30968
15526
8889
4867
6738
2274
10724
28674
12747
14135
12381
5266
27026
9956
6765
18836
25522
31364
15708
17522
16327
20763
20875
17676
16510
994
27217
9831
19662
29906
3990
19989
18680
14834
21809
9826
831
12641
3075
3907
12391
18979
26832
29183
13296
3500
15585
25499
12303
13869
7258
518
6513
23968
3675
30729
19119
4501
8921
21485
21391
22458
2619
7401
0
28461
2740
21330
21204
23170
28515
18305
28731
32403
19756
29571
13315
25098
14676
17283
28562
22959
19935
30968
2975
11634
6057
5262
2483
568
19014
29398
8547
5222
21915
1964
30026
3886
14649
25708
7112
3228
12669
29908
30590
2655
6760
7863
7045
24408
9279
12391
14193
32228
13794
18912
18184
3818
6381
11445
450
12707
19344
7867
17920
27692
5166
19318
31757
6349
12984
20551
11477
23559
19400
24403
18535
28511
27005
9523
22572
19693
11801
23901
6373
1956
5211
16725
14438
23646
22941
16019
13076
18351
28078
7987
3359
11366
1133
4447
25472
22242
9514
14717
4274
26907
21436
15127
24880
31596
12130
25742
5041
32289
9050
27006
8486
10181
1347
22512
2159
31784
15668
13379
6625
14386
21400
26583
32377
11883
208
28287
30428
24646
6790
28323
3606
24625
31442
10296
15375
18525
15631
26209
13261
21069
27772
24546
22892
23328
146
12873
7133
24735
17191
25563
11873
17158
31815
6207
24004
22419
32717
25581
32090
6096
30917
27220
10171
31135
3714
13006
20285
15370
16254
24644
23094
13512
3572
14241
18158
27278
23103
8439
4966
2075
1776
3956
25804
29698
17074
31747
10937
6454
5087
24257
14896
11351
478
21286
7255
31167
30787
21232
3315
2123
16292
13262
25765
7401
10300
21458
27366
16962
8340
19396
31989
16391
25893
11609
8958
24018
2746
8464
28845
27515
14357
27799
6325
21450
31666
26275
12520
15757
27831
25447
11000
8827
28313
27858
3594
30667
909
17035
15616
17556
22965
23981
21891
16867
32519
29762
29651
24734
26621
14465
26446
20763
13567
20424
9154
26752
25232
15703
31602
32729
20538
15570
28138
10490
19002
18549
6019
21786
492
18197
3509
18732
8437
7642
13343
31740
25394
8638
22104
14863
25444
9412
4723
11063
1688
6905
24660
5624
12887
4908
16822
31902
14738
32620
26359
28698
11340
2374
21674
13472
30213
28091
21979
5123
30442
7427
18208
31179
958
6660
1636
13596
30854
21905
4979
31814
18935
355
11589
3627
16800
5848
30730
3412
20695
3437
30713
28882
9829
31997
27865
9942
29425
10167
23116
17680
2093
10208
18654
25288
16066
15694
3025
30909
20220
30368
6054
25280
2101
12862
13675
24336
4867
13076
7880
10100
10785
17677
20167
27
30238
11601
4966
22579
30663
25151
11231
22603
11605
18217
32690
31337
24151
26578
14966
2027
14942
28584
22629
6430
13930
22722
28576
29344
21783
3736
16967
23670
17799
132
25914
20204
1295
24572
1963
4400
28577
1677
10092
9645
27388
16278
15858
8233
6293
29130
12844
16797
14915
25699
6918
30167
13742
7207
7867
3794
25205
3100
31455
22993
3874
5642
296
27197
26831
5813
5376
13892
12693
31191
30155
24877
29112
4575
25080
20349
3987
12140
24265
24780
31300
13448
12515
27492
21272
8100
20885
21919
16821
19032
27880
26877
24330
22487
13419
15111
25335
3891
4795
18407
187
7510
3028
6852
7713
31420
22043
8159
20842
28913
30759
31855
20985
31694
30547
2108
18369
627
25348
17662
9583
9219
18619
28531
31062
5155
23769
1602
24862
17200
25653
25234
3116
20034
10848
15978
30929
29413
4275
17607
22578
657
541
1919
17658
4591
22446
30424
14529
24523
31202
14055
27706
12247
19118
28330
3615
5413
9292
27877
31966
26722
30919
16061
28416
26068
24134
5141
13918
12049
5144
3500
2562
11397
19587
20723
734
2721
18252
32175
14127
20195
2310
24915
8367
16523
15131
1051
14717
8471
156
27624
31693
28803
19400
12510
12367
14658
94
16319
14176
8186
28322
26118
14579
13059
29489
963
26430
13726
18310
32570
16420
25333
20296
22073
31077
25814
28249
26941
903
31279
13215
23620
20355
2377
25744
10608
17200
6597
13696
16736
2161
29271
15018
21838
8989
22084
24064
9960
31153
7836
26034
31215
15544
11063
22400
914
22773
26482
17600
29576
24663
24231
19247
29424
5530
7277
22135
13544
1724
21653
28292
29935
25127
3807
7815
32507
29335
21120
16582
7514
28112
3412
15146
2121
514
13027
30855
13141
19959
20245
10921
5237
12290
2229
8482
16612
6056
20392
16598
31680
17931
13033
26691
4708
10522
6732
19601
8838
15739
24559
7005
9743
9011
1406
27973
24766
20763
303
21811
2939
