71
83
98
154
159
222
288
355
363
367
376
394
429
429
484
492
513
524
601
628
648
658
672
688
725
774
817
823
844
956
1037
1079
1097
1131
1159
1206
1230
1244
1352
1364
1371
1441
1448
1467
1487
1538
1589
1615
1661
1684
1712
1753
1816
1844
1855
1869
1886
1911
1924
1942
1970
2007
2042
2074
2118
2204
2210
2252
2300
2391
2473
2512
2575
2577
2581
2606
2631
2661
2676
2724
2833
2837
2852
2895
2916
2935
2966
3042
3047
3057
3091
3163
3167
3173
3205
3215
3299
3315
3345
3373
3375
3397
3413
3463
3492
3520
3523
3590
3746
3758
3772
3781
3920
3936
3939
3947
3991
3998
4017
4142
4198
4200
4204
4206
4254
4295
4326
4359
4369
4380
4391
4416
4437
4523
4532
4590
4598
4599
4599
4698
4712
4719
4736
4814
4825
4859
4881
4896
4900
4907
4930
4930
4951
4951
4966
5048
5117
5122
5170
5180
5206
5231
5238
5310
5314
5330
5367
5379
5385
5433
5468
5478
5481
5499
5523
5556
5646
5672
5672
5679
5688
5695
5839
5868
5931
5957
5989
5998
6023
6067
6068
6102
6122
6144
6146
6149
6157
6176
6187
6244
6257
6288
6292
6299
6318
6323
6368
6409
6422
6499
6544
6592
6598
6621
6637
6653
6658
6724
6760
6774
6805
6851
6877
6892
6900
6923
6977
6983
7096
7122
7134
7149
7166
7169
7178
7187
7195
7197
7206
7223
7225
7231
7238
7248
7257
7264
7271
7294
7368
7394
7430
7430
7440
7514
7561
7613
7702
7712
7784
7809
7813
7818
7883
7890
7896
7938
7994
8001
8023
8029
8034
8131
8179
8322
8334
8379
8379
8383
8398
8407
8419
8481
8499
8519
8519
8545
8622
8637
8653
8663
8687
8705
8724
8760
8773
8807
8817
8835
8876
8886
8930
8952
8953
9014
9017
9028
9058
9063
9186
9212
9333
9337
9429
9481
9483
9496
9519
9650
9670
9700
9780
9798
9802
9860
9919
9929
9981
10018
10027
10062
10096
10101
10105
10111
10148
10163
10226
10231
10271
10311
10389
10397
10435
10448
10582
10593
10610
10657
10730
10879
10887
10896
10897
10911
10940
10956
10991
11094
11104
11105
11180
11253
11255
11316
11326
11351
11355
11356
11365
11378
11401
11481
11482
11516
11551
11565
11588
11655
11759
11776
11838
11855
11906
12000
12043
12052
12077
12108
12248
12252
12271
12457
12458
12579
12640
12665
12685
12692
12706
12759
12777
12810
12825
12947
12961
12983
13016
13026
13036
13091
13092
13166
13185
13219
13232
13246
13262
13301
13324
13333
13335
13389
13464
13473
13492
13550
13566
13572
13575
13587
13598
13616
13654
13663
13683
13707
13726
13789
13810
13834
13871
13879
13891
13892
13895
13947
14038
14063
14078
14082
14112
14132
14178
14183
14221
14231
14237
14246
14328
14331
14367
14384
14419
14446
14468
14477
14481
14521
14522
14527
14541
14554
14591
14706
14719
14723
14744
14768
14805
14809
14868
14941
14986
15039
15049
15195
15209
15218
15250
15402
15422
15507
15583
15589
15661
15665
15666
15692
15737
15762
15764
15772
15786
15909
15931
16006
16010
16017
16034
16128
16136
16195
16200
16220
16267
16311
16373
16386
16388
16503
16560
16562
16565
16568
16597
16616
16618
16725
16741
16763
16798
16817
16868
16881
17009
17042
17062
17067
17076
17106
17115
17123
17143
17143
17167
17186
17221
17237
17252
17260
17281
17293
17338
17383
17389
17390
17412
17435
17450
17453
17519
17531
17600
17670
17713
17766
17883
17941
17960
17985
18014
18067
18073
18121
18131
18163
18171
18218
18232
18315
18328
18384
18415
18425
18503
18507
18531
18532
18558
18581
18583
18605
18647
18694
18701
18716
18754
18768
18789
18797
18858
18911
18948
18974
18979
18993
19019
19038
19047
19124
19167
19181
19357
19400
19450
19463
19524
19527
19541
19550
19569
19605
19608
19616
19617
19621
19642
19646
19691
19696
19710
19744
19759
19791
19801
19828
19830
19855
20033
20046
20093
20095
20100
20144
20146
20169
20235
20288
20295
20296
20301
20371
20469
20474
20487
20509
20562
20651
20687
20702
20773
20825
20828
20905
20915
20926
21006
21030
21334
21435
21479
21493
21512
21638
21677
21698
21703
21708
21848
21903
21998
22017
22070
22077
22114
22151
22160
22163
22284
22338
22396
22453
22462
22469
22495
22535
22539
22567
22618
22743
22813
22854
22873
22884
22917
22933
22951
22960
22963
23036
23081
23123
23186
23245
23282
23341
23429
23435
23438
23439
23474
23494
23499
23517
23536
23552
23559
23598
23614
23616
23642
23657
23790
23817
23859
23906
23930
23960
23970
23976
23979
24027
24032
24073
24089
24091
24184
24211
24268
24315
24365
24372
24459
24486
24525
24536
24543
24555
24560
24596
24615
24626
24642
24652
24699
24748
24774
24814
24843
24903
24904
24971
24976
24978
25006
25014
25016
25027
25044
25075
25078
25100
25110
25113
25120
25175
25177
25241
25251
25294
25300
25337
25384
25397
25427
25435
25436
25473
25502
25522
25524
25558
25621
25704
25719
25731
25733
25890
25922
25950
25985
26038
26128
26130
26186
26200
26251
26370
26374
26439
26472
26481
26506
26565
26586
26594
26605
26640
26640
26668
26674
26734
26740
26744
26763
26768
26782
26801
26859
26863
26894
26942
26946
27051
27059
27116
27221
27256
27261
27266
27337
27354
27375
27444
27523
27553
27563
27578
27623
27637
27648
27667
27703
27736
27830
27908
27931
27999
28043
28047
28118
28136
28242
28295
28320
28348
28404
28449
28452
28457
28471
28507
28568
28609
28618
28628
28750
28804
28824
28866
28894
28973
29041
29162
29178
29328
29361
29363
29387
29441
29442
29467
29494
29495
29517
29524
29573
29575
29596
29623
29625
29640
29779
29828
29850
29911
29923
29959
29985
30031
30032
30037
30074
30094
30161
30166
30180
30232
30238
30263
30308
30402
30415
30468
30476
30532
30539
30548
30585
30605
30721
30776
30776
30786
30794
30801
30802
30836
30842
30915
30986
31051
31069
31088
31141
31148
31220
31222
31240
31264
31337
31363
31395
31420
31433
31439
31451
31454
31489
31493
31566
31623
31636
31694
31724
31725
31769
31771
31783
31819
32058
32087
32094
32116
32121
32126
32145
32177
32319
32350
32407
32439
32485
32498
32500
32508
32628
32651
32765
