4474
9739
714
5373
15737
27704
21570
32611
30038
20225
11138
31511
28338
14736
32457
15361
10374
5644
9954
12701
1079
8118
23822
3194
25439
15045
11184
8046
22101
28161
15803
6298
10114
23074
14556
20001
20323
19174
3686
6823
7517
15860
28418
1419
8516
31603
19731
13029
8618
7273
6634
22334
10983
6870
10670
11026
749
18317
27145
6662
3529
16853
22419
10729
28408
19651
24063
21869
29551
7765
3847
22178
4200
1103
23577
7478
750
31446
16063
27758
23591
4301
31695
23779
1637
13811
27990
15869
3819
20153
32581
4913
16511
10724
19161
10490
23220
13287
31948
