22163
11182
10145
20708
17849
32198
19681
25956
9113
23633
18633
8726
23027
23565
15844
13091
21525
20150
653
15745
27601
29271
27727
32033
10816
18771
29950
6619
22586
26418
5524
24346
6801
15916
29389
16967
5648
14711
14210
25590
22326
12369
14535
30675
31154
32205
16323
16202
19358
18781
5458
761
26748
19491
11100
14039
2033
7927
32755
13601
31811
23863
5679
15368
7316
10322
8393
6684
5852
22547
14970
13686
26023
25519
18449
22952
26004
20365
24663
30822
18057
11223
21922
18673
21687
28613
15675
29255
21841
15780
4209
11276
29451
23464
17274
566
30293
28023
28173
10107
17748
14962
25023
636
26533
3265
18977
25006
2513
29989
12951
525
15502
32637
3575
21631
27579
9237
7141
11784
18713
434
18417
20147
9931
11358
24173
27452
32140
7411
13071
9598
6834
3434
5452
8095
12774
19937
11887
5629
20128
24174
9595
11223
24933
22950
9414
22204
25792
31723
7506
5300
22018
21369
25578
22831
32185
25904
1025
23729
17393
21023
25674
15163
3117
18900
6422
3449
21795
21862
113
26797
6203
18239
1020
29022
9414
23466
7305
27839
29438
22048
29560
31969
10946
10066
15828
29592
23054
26614
11565
26671
5947
13393
4659
31691
2812
13449
3351
30879
7700
23976
26530
14293
18136
14192
29970
31288
12905
13025
5047
8097
17837
23947
11346
26920
12818
32148
19240
12806
6658
25224
12009
19276
292
30435
26948
26181
1113
24160
27975
14764
5489
11519
10104
19854
14001
729
31667
6653
29189
6307
17609
25722
2053
2308
12757
2080
4778
25238
7518
5264
6093
20158
14895
28576
18275
22828
12789
26051
24954
9265
4509
21814
32754
5572
8043
24560
16380
18770
30426
20551
1876
21065
1591
7266
24894
7011
18940
13410
12098
28339
25069
1871
10662
29296
23540
27332
27568
9860
20669
20827
1944
11988
11793
31702
24143
30286
19187
4370
14066
30388
8573
18604
21005
12586
19063
5232
29840
9088
5820
29830
9873
17984
25165
25179
8647
24439
32050
32336
11202
13892
17941
27685
22508
29474
21148
2596
27968
14580
16777
28429
27596
17109
4756
23237
28135
4766
8196
1469
24883
31796
5647
31523
21329
6550
1015
27083
20071
29610
25312
6108
339
27586
11891
25914
12204
12785
27445
2231
9597
21521
13989
29689
10944
12687
15639
2601
12956
24573
12627
5473
16990
19541
8685
9938
19513
9486
18530
19896
31166
22753
11767
20735
8729
13912
16978
22450
26641
30747
16341
11304
15293
18938
31166
1517
15367
4793
28671
1649
13282
3743
17630
21619
12107
1725
28749
555
25601
12543
19719
10810
27139
1268
23407
28498
32718
4445
22056
19109
22099
7799
29811
21775
8378
10504
30284
30466
25561
556
22084
11061
16755
8157
15645
16396
15152
27203
4903
17350
10592
4545
19293
1896
24944
14779
17470
25709
18472
1065
23149
12586
19370
18909
2312
4099
299
2964
13256
1360
25198
26558
30429
13
26373
8461
6279
16708
30023
448
30836
20026
26384
10156
6364
22876
7739
1295
7518
19943
25824
8724
23449
27226
5454
27430
22923
5533
17863
6133
21929
23278
29694
30537
13506
14480
27729
11145
29076
11570
26822
9226
27179
12320
9159
24345
9981
43
23198
16583
30663
30041
31663
2679
549
16717
31863
16168
7668
19061
4936
131
7016
3574
20673
12452
20204
13399
21775
25768
32445
17647
7399
29691
3653
9231
8767
12382
824
18416
19663
4795
16496
20571
28235
26792
4745
27931
18013
20157
27196
16162
19044
918
24700
8317
11503
24487
24658
32505
24823
32194
4729
13715
5344
24681
26297
4257
24878
8149
22276
26817
9991
27843
16466
133
23149
29697
27964
4315
13368
28348
11866
12349
2004
27526
7262
158
14528
7210
24557
20496
3010
13360
6977
6197
20458
9263
20863
2156
6989
15829
26585
1719
6015
3255
7267
21358
6605
28633
3766
15269
831
16381
13895
1630
9297
3756
25221
2159
8299
18949
8372
2866
3366
20808
9100
29166
18749
17954
2192
18952
18261
9910
5936
12777
18541
31856
21918
17070
16931
11144
3952
26771
27820
12120
10746
22045
13457
20319
25193
32265
3114
6417
20896
16375
22747
10852
20946
13270
30738
6427
8676
16399
6140
721
25216
26225
24586
4548
18681
29663
9511
615
9185
32443
9653
30118
3436
24593
2381
7159
26499
4996
8243
1317
32168
10745
7835
8411
26764
15109
20383
15347
3954
279
31739
1660
25409
3173
142
28301
12140
14487
20625
23500
7298
20790
24468
6077
16532
4307
12093
28364
22858
26359
31936
22041
3012
12494
18973
8709
17970
20626
16157
6528
7986
20408
7690
29201
20204
30685
18481
162
7663
3695
3608
11025
26058
7963
18303
26231
32618
250
28441
20022
15159
635
15879
8133
16109
26638
793
10043
25915
10646
12740
26780
31517
6796
25825
4583
30457
26866
20779
475
1403
7935
25462
28557
2098
4996
1712
32427
25063
29984
19865
19598
11457
23591
31810
16897
13850
3923
11591
13779
23583
26408
3787
11295
10538
31785
29496
15958
18655
3004
12724
30737
13064
16350
4706
13464
10289
17798
16989
18737
23555
24026
2933
2090
26977
22037
19367
26790
27716
4659
26718
24359
23895
5729
14700
13023
2897
15144
10183
23478
19990
30803
31747
13595
20365
29349
6291
4491
1599
14396
7103
31458
15797
22467
9573
11108
18574
15963
15471
2954
14434
2119
4120
16526
14170
12377
4318
6069
24459
18976
7494
23136
11287
13006
15954
22224
24578
25835
12227
10684
32469
23228
12303
5269
13045
11121
21536
27795
15808
20241
23251
28295
19821
13606
15403
864
21664
6696
28761
16762
16336
18346
10860
13994
9305
11078
728
18186
17760
28746
19880
11397
2666
2079
6275
25377
17340
19837
3168
3600
22640
11857
12041
8564
14940
2153
16465
23797
15266
9445
12052
25349
8727
32350
25075
30958
5205
15827
20428
15265
15518
6744
9212
21821
15735
1917
27220
32608
21505
24191
32476
24113
17430
28209
15690
42
27175
7592
11328
3750
3800
3497
8265
31534
22616
25811
4754
13699
30082
12941
10088
13931
24245
5293
8309
27452
18547
3053
14010
20009
9148
11022
6219
14160
18472
3274
1486
12927
9159
15483
19377
26058
3257
32140
4910
21709
4236
7587
18176
3265
23896
15755
2018
1345
8348
15587
27852
16858
30679
13448
2797
85
20198
