4
11
14
15
18
18
18
22
25
27
32
33
40
43
44
50
53
54
55
57
59
61
64
64
67
69
70
74
79
80
84
88
88
89
91
93
99
102
103
104
107
117
118
128
131
146
148
150
151
151
151
152
152
155
160
165
176
177
180
181
181
195
207
211
218
220
220
220
222
225
236
241
242
243
244
244
246
249
254
256
261
261
268
269
273
281
290
295
295
295
296
297
300
302
303
306
306
312
315
322
322
322
327
329
334
334
336
345
346
350
357
357
359
360
374
376
376
380
384
384
387
388
390
392
394
397
398
402
405
410
411
411
412
413
417
422
422
424
427
428
429
431
446
450
450
451
452
455
455
456
460
461
464
464
468
468
475
481
487
488
489
492
499
502
508
517
521
522
524
524
530
532
534
536
541
542
546
546
549
551
551
556
556
560
561
563
563
563
564
571
572
572
575
576
585
586
597
604
605
608
615
615
616
616
617
618
622
625
627
630
631
633
634
636
643
648
648
650
654
658
659
660
668
675
679
684
684
689
690
693
698
700
707
712
719
719
722
724
728
730
730
730
738
739
741
741
743
747
747
752
765
765
799
806
813
818
825
829
830
834
839
839
848
849
864
866
867
869
870
872
873
876
879
879
882
889
903
912
913
914
920
925
928
929
932
937
939
942
944
946
955
957
958
960
963
963
964
965
966
966
967
969
977
978
980
981
990
997
1001
1002
1002
1003
1005
1011
1012
1025
1030
1031
1038
1038
1046
1048
1048
1055
1066
1069
1071
1072
1075
1081
1085
1089
1093
1093
1096
1096
1096
1097
1103
1111
1112
1116
1116
1118
1118
1124
1128
1131
1132
1136
1138
1143
1147
1147
1148
1154
1158
1164
1166
1168
1175
1175
1179
1184
1185
1185
1189
1189
1190
1191
1197
1197
1203
1206
1207
1208
1217
1221
1228
1229
1232
1238
1240
1256
1291
1303
1306
1307
1317
1318
1319
1320
1323
1323
1326
1327
1329
1330
1330
1335
1336
1337
1338
1340
1341
1342
1342
1353
1355
1359
1360
1361
1362
1366
1368
1370
1371
1376
1377
1383
1386
1390
1391
1391
1395
1395
1396
1399
1402
1411
1417
1421
1423
1425
1425
1427
1428
1429
1438
1440
1440
1445
1445
1451
1454
1454
1456
1460
1467
1471
1482
1496
1499
1500
1501
1502
1504
1506
1506
1508
1509
1521
1524
1524
1528
1530
1533
1535
1538
1538
1542
1548
1556
1564
1576
1582
1584
1587
1587
1588
1591
1594
1594
1597
1599
1602
1614
1615
1617
1618
1625
1629
1630
1633
1643
1643
1644
1650
1651
1655
1658
1663
1667
1669
1672
1675
1678
1680
1681
1695
1699
1701
1701
1704
1706
1708
1711
1711
1713
1714
1715
1721
1721
1723
1727
1730
1734
1734
1735
1738
1738
1739
1741
1745
1747
1751
1752
1756
1758
1759
1762
1765
1768
1776
1777
1781
1783
1784
1791
1792
1796
1798
1803
1807
1810
1812
1814
1821
1821
1827
1833
1833
1834
1838
1841
1841
1841
1842
1843
1854
1855
1858
1862
1862
1867
1868
1876
1881
1882
1882
1883
1884
1893
1893
1899
1905
1905
1908
1909
1909
1915
1920
1921
1923
1935
1937
1940
1944
1945
1945
1947
1947
1950
1956
1956
1958
1959
1961
1962
1964
1966
1969
1970
1972
1975
1978
1983
1988
1989
1992
1999
1999
2000
2004
2005
2009
2013
2015
2016
2018
2022
2022
2033
2038
2039
2043
2053
2066
2070
2073
2074
2076
2082
2083
2083
2091
2094
2101
2104
2104
2105
2106
2107
2116
2117
2117
2120
2124
2126
2126
2130
2131
2140
2140
2140
2149
2149
2150
2150
2152
2155
2158
2161
2165
2166
2166
2174
2176
2177
2183
2184
2184
2189
2196
2200
2206
2206
2209
2211
2213
2214
2214
2221
2226
2227
2229
2230
2237
2238
2239
2239
2240
2241
2245
2248
2253
2255
2263
2270
2271
2272
2277
2287
2297
2302
2303
2306
2309
2319
2320
2325
2328
2333
2339
2344
2345
2349
2351
2353
2364
2366
2372
2374
2387
2391
2391
2392
2397
2398
2398
2399
2402
2402
2404
2408
2419
2433
2435
2440
2442
2443
2443
2443
2444
2447
2449
2452
2456
2457
2458
2459
2460
2467
2485
2490
2491
2496
2525
2530
2530
2532
2534
2534
2536
2538
2540
2542
2544
2547
2555
2560
2561
2565
2565
2566
2567
2572
2574
2576
2579
2584
2588
2589
2592
2592
2596
2600
2605
2609
2612
2612
2617
2619
2619
2619
2622
2626
2630
2633
2633
2633
2645
2646
2648
2653
2659
2664
2664
2666
2667
2672
2682
2690
2693
2695
2702
2703
2706
2720
2721
2721
2723
2723
2726
2726
2728
2728
2730
2736
2743
2744
2745
2747
2750
2754
2760
2761
2761
2766
2766
2774
2778
2780
2780
2781
2782
2784
2786
2789
2793
2803
2803
2806
2807
2807
2811
2819
2824
2825
2841
2843
2844
2849
2854
2856
2858
2860
2860
2873
2874
2880
2881
2882
2885
2886
2891
2896
2896
2903
2907
2909
2912
2918
2920
2928
2931
2933
2940
2940
2945
2949
2949
2949
2952
2953
2954
2954
2956
2957
2958
2959
2961
2963
2969
2974
2975
2976
2977
2977
2979
2980
2980
2981
2981
2982
2982
2988
2989
2990
2996
3003
3004
3005
3008
3011
3014
3021
3022
3024
3025
3026
3026
3035
3043
3047
3054
3054
3061
3072
3074
3087
3092
3093
3094
3102
3102
3110
3115
3118
3119
3119
3129
3131
3135
3136
3139
3140
3143
3146
3161
3162
3163
3164
3166
3172
3175
3181
3192
3193
3199
3204
3206
3208
3211
3213
3223
3224
3236
3241
3241
3247
3247
3249
3251
3251
3252
3253
3255
3258
3259
3260
3262
3270
3272
3275
3275
3281
3287
3287
3289
3290
3292
3296
3304
3315
3318
3331
3338
3355
3360
3361
3362
3370
3375
3392
3396
3397
3401
3403
3404
3409
3409
3411
3417
3418
3424
3426
3428
3431
3433
3435
3435
3437
3437
3437
3444
3453
3453
3454
3454
3455
3457
3464
3466
3469
3474
3476
3476
3480
3482
3484
3486
3488
3490
3503
3504
3514
3516
3518
3519
3524
3531
3538
3539
3550
3556
3557
3557
3558
3558
3569
3571
3571
3574
3580
3580
3581
3582
3584
3588
3590
3594
3594
3597
3597
3598
3601
3607
3611
3612
3615
3618
3618
3621
3624
3625
3625
3626
3626
3630
3632
3633
3639
3639
3641
3648
3649
3651
3654
3656
3661
3661
3667
3669
3671
3675
3683
3686
3687
3701
3701
3708
3711
3714
3714
3718
3722
3723
3725
3733
3737
3737
3739
3742
3742
3747
3749
3756
3756
3759
3770
3775
3776
3783
3784
3784
3785
3794
3797
3799
3803
3805
3806
3807
3807
3809
3809
3811
3815
3819
3819
3823
3824
3829
3835
3838
3840
3840
3842
3842
3848
3853
3853
3856
3859
3864
3864
3868
3872
3876
3878
3878
3890
3897
3898
3898
3901
3907
3908
3910
3912
3917
3919
3921
3934
3937
3943
3944
3952
3952
3952
3955
3962
3964
3964
3970
3971
3972
3975
3984
3984
3986
3987
3987
3990
3997
3999
4001
4003
4013
4020
4021
4021
4022
4029
4031
4036
4036
4039
4040
4044
4050
4056
4064
4069
4069
4073
4074
4075
4083
4090
4095
4095
4098
4103
4111
4112
4114
4117
4120
4126
4132
4138
4143
4143
4145
4147
4153
4161
4161
4162
4165
4166
4171
4172
4176
4191
4194
4196
4201
4201
4206
4210
4212
4213
4223
4237
4238
4239
4242
4244
4247
4253
4257
4258
4262
4264
4268
4269
4271
4284
4285
4289
4291
4300
4309
4314
4315
4317
4326
4332
4336
4336
4338
4338
4341
4354
4360
4365
4369
4370
4371
4371
4371
4378
4383
4386
4392
4395
4397
4404
4404
4406
4407
4409
4425
4429
4430
4430
4433
4436
4440
4440
4441
4446
4452
4452
4458
4458
4462
4462
4466
4469
4474
4474
4475
4476
4477
4478
4480
4482
4492
4500
4503
4506
4511
4513
4516
4517
4519
4521
4528
4540
4541
4542
4548
4550
4551
4552
4553
4560
4563
4565
4572
4575
4575
4576
4578
4579
4580
4584
4586
4592
4600
4602
4603
4605
4606
4614
4615
4620
4624
4628
4631
4632
4634
4636
4638
4638
4640
4640
4644
4646
4651
4652
4654
4656
4657
4661
4661
4668
4669
4670
4671
4673
4676
4679
4693
4702
4702
4703
4704
4707
4709
4709
4713
4713
4721
4727
4730
4731
4732
4738
4741
4742
4747
4750
4755
4758
4759
4760
4760
4763
4775
4775
4778
4784
4784
4787
4788
4789
4791
4797
4800
4800
4802
4809
4810
4811
4812
4814
4816
4822
4822
4824
4824
4837
4838
4840
4842
4842
4850
4855
4860
4864
4867
4868
4869
4870
4872
4875
4879
4879
4880
4882
4883
4891
4892
4897
4899
4899
4900
4908
4909
4911
4928
4929
4929
4930
4932
4933
4935
4938
4942
4944
4951
4952
4953
4955
4956
4963
4964
4964
4975
4976
4978
4979
4984
4986
4994
4994
4998
5000
5000
5009
5009
5029
5040
5049
5053
5054
5055
5058
5059
5060
5063
5068
5072
5075
5076
5080
5089
5106
5108
5109
5110
5115
5121
5121
5122
5125
5127
5133
5134
5134
5136
5138
5139
5140
5144
5145
5145
5154
5155
5158
5161
5170
5176
5179
5181
5181
5185
5188
5192
5192
5203
5205
5206
5207
5208
5211
5212
5214
5215
5220
5221
5222
5230
5231
5231
5238
5247
5250
5253
5253
5254
5254
5255
5259
5262
5267
5272
5276
5277
5280
5282
5282
5284
5288
5291
5293
5298
5300
5302
5305
5305
5305
5308
5308
5308
5309
5311
5319
5319
5323
5324
5326
5328
5329
5331
5334
5338
5338
5340
5347
5349
5351
5352
5353
5363
5365
5370
5370
5378
5381
5381
5387
5390
5390
5391
5392
5393
5396
5398
5404
5405
5407
5408
5409
5413
5415
5416
5424
5425
5430
5442
5446
5447
5447
5447
5449
5451
5453
5455
5461
5462
5466
5468
5470
5473
5475
5480
5483
5487
5497
5506
5506
5507
5511
5512
5514
5516
5517
5521
5521
5521
5529
5529
5532
5537
5537
5538
5540
5543
5546
5551
5552
5556
5559
5560
5560
5561
5563
5564
5567
5570
5571
5572
5574
5577
5578
5579
5580
5581
5582
5584
5589
5598
5603
5606
5607
5621
5625
5626
5631
5632
5632
5640
5644
5645
5646
5656
5656
5659
5660
5662
5664
5666
5668
5668
5669
5672
5672
5678
5682
5687
5687
5688
5689
5689
5692
5696
5699
5703
5703
5705
5707
5708
5712
5716
5717
5717
5723
5724
5726
5727
5728
5735
5739
5739
5741
5746
5748
5748
5750
5752
5756
5756
5758
5759
5763
5764
5772
5781
5788
5788
5789
5790
5791
5800
5803
5812
5814
5820
5834
5837
5838
5842
5843
5845
5846
5853
5854
5858
5860
5861
5867
5870
5871
5872
5874
5883
5890
5892
5900
5901
5902
5902
5903
5903
5905
5909
5912
5919
5927
5932
5939
5941
5949
5951
5952
5955
5958
5959
5965
5968
5970
5971
5971
5972
5976
5976
5977
5978
5980
5995
6001
6003
6005
6010
6012
6013
6013
6015
6016
6022
6026
6030
6033
6033
6035
6040
6040
6042
6043
6049
6051
6052
6064
6067
6073
6075
6077
6080
6084
6087
6087
6089
6089
6101
6105
6106
6107
6107
6112
6113
6113
6115
6118
6119
6135
6144
6147
6148
6152
6153
6157
6158
6164
6165
6168
6174
6176
6180
6180
6183
6191
6192
6196
6198
6206
6207
6225
6233
6236
6245
6250
6253
6264
6267
6270
6273
6274
6282
6292
6292
6296
6297
6298
6300
6301
6303
6306
6322
6325
6329
6330
6332
6332
6335
6336
6336
6343
6344
6344
6350
6351
6353
6355
6357
6360
6362
6362
6365
6365
6365
6366
6371
6373
6373
6380
6383
6385
6385
6386
6388
6388
6392
6393
6399
6399
6403
6405
6406
6412
6413
6417
6420
6426
6432
6433
6436
6440
6442
6444
6447
6451
6453
6456
6458
6460
6460
6462
6464
6469
6478
6478
6486
6488
6488
6490
6490
6494
6500
6504
6506
6507
6514
6514
6515
6517
6518
6518
6518
6532
6535
6537
6537
6542
6544
6549
6549
6550
6550
6550
6552
6553
6555
6561
6562
6562
6564
6567
6577
6577
6581
6582
6583
6583
6587
6588
6596
6602
6605
6608
6608
6615
6618
6621
6630
6631
6633
6634
6638
6640
6647
6654
6663
6666
6676
6679
6680
6681
6686
6686
6690
6695
6698
6708
6709
6710
6712
6712
6714
6715
6718
6720
6721
6725
6725
6739
6743
6750
6757
6761
6767
6777
6778
6787
6789
6791
6796
6802
6804
6805
6805
6807
6818
6818
6825
6829
6832
6833
6837
6838
6841
6841
6857
6861
6864
6868
6871
6876
6877
6877
6883
6886
6888
6900
6901
6905
6913
6915
6915
6921
6922
6928
6928
6933
6935
6936
6941
6942
6948
6949
6950
6956
6958
6959
6961
6961
6962
6965
6970
6970
6977
6980
6984
6992
6994
6996
7004
7013
7019
7021
7022
7031
7033
7037
7037
7039
7040
7041
7045
7055
7055
7060
7064
7067
7077
7080
7081
7082
7086
7088
7094
7096
7096
7099
7100
7104
7105
7117
7117
7117
7117
7117
7120
7122
7126
7128
7130
7135
7146
7146
7152
7159
7159
7162
7167
7177
7185
7186
7187
7189
7189
7190
7194
7199
7202
7203
7207
7211
7213
7218
7221
7222
7227
7230
7254
7256
7257
7264
7265
7268
7285
7302
7307
7311
7317
7319
7322
7323
7324
7326
7328
7335
7337
7342
7362
7364
7368
7376
7376
7376
7377
7380
7381
7386
7388
7390
7392
7395
7399
7404
7408
7410
7412
7414
7415
7422
7423
7424
7426
7429
7432
7434
7439
7449
7449
7461
7464
7472
7474
7478
7481
7488
7495
7498
7499
7499
7508
7512
7516
7516
7521
7521
7523
7527
7527
7528
7531
7535
7536
7540
7543
7548
7555
7558
7559
7561
7571
7581
7582
7584
7585
7586
7598
7599
7607
7612
7615
7628
7630
7633
7636
7642
7643
7643
7647
7660
7664
7666
7667
7670
7673
7673
7675
7681
7682
7685
7690
7699
7700
7708
7708
7709
7711
7713
7715
7722
7727
7727
7736
7736
7737
7742
7743
7744
7746
7751
7756
7757
7759
7762
7774
7774
7780
7780
7786
7787
7793
7794
7795
7804
7804
7806
7807
7813
7817
7819
7819
7823
7828
7834
7839
7844
7848
7848
7849
7855
7856
7857
7858
7860
7860
7866
7869
7879
7882
7884
7884
7885
7889
7890
7894
7895
7899
7902
7907
7908
7912
7912
7912
7916
7918
7921
7923
7924
7925
7926
7930
7938
7938
7941
7943
7944
7946
7954
7958
7959
7966
7966
7967
7968
7971
7972
7974
7978
7978
7980
7986
7987
7998
8002
8002
8004
8010
8011
8012
8024
8029
8033
8038
8042
8050
8050
8051
8056
8060
8061
8061
8065
8068
8078
8088
8089
8094
8097
8097
8097
8098
8110
8112
8114
8116
8125
8130
8136
8144
8147
8147
8149
8152
8154
8155
8160
8161
8164
8168
8170
8173
8180
8191
8191
8193
8201
8203
8204
8210
8211
8212
8215
8216
8217
8221
8222
8229
8231
8233
8242
8244
8244
8244
8246
8247
8253
8257
8258
8261
8270
8275
8277
8281
8284
8290
8293
8305
8309
8312
8315
8316
8317
8321
8323
8328
8329
8330
8331
8332
8336
8336
8338
8342
8342
8351
8352
8366
8369
8371
8383
8384
8389
8395
8397
8400
8400
8403
8405
8405
8406
8415
8423
8425
8434
8440
8443
8447
8448
8451
8458
8458
8458
8461
8465
8466
8470
8473
8474
8482
8484
8485
8492
8498
8498
8502
8504
8505
8507
8507
8510
8510
8512
8514
8516
8517
8517
8519
8521
8521
8528
8531
8532
8534
8535
8545
8547
8552
8554
8555
8561
8561
8562
8562
8563
8565
8571
8574
8576
8577
8580
8582
8589
8597
8606
8611
8612
8620
8627
8628
8631
8632
8646
8646
8653
8671
8673
8675
8676
8688
8690
8692
8693
8695
8697
8699
8699
8701
8707
8709
8710
8711
8714
8719
8722
8729
8730
8745
8746
8750
8752
8752
8755
8757
8764
8765
8767
8776
8779
8780
8781
8785
8786
8789
8790
8792
8796
8796
8800
8801
8802
8805
8807
8808
8810
8811
8811
8814
8815
8816
8816
8819
8819
8819
8819
8821
8821
8823
8823
8828
8828
8829
8832
8832
8833
8834
8839
8840
8849
8849
8850
8852
8855
8856
8858
8866
8868
8873
8878
8879
8884
8884
8886
8886
8889
8890
8890
8896
8897
8902
8903
8905
8909
8911
8913
8915
8923
8927
8929
8932
8934
8944
8947
8949
8952
8952
8960
8961
8965
8965
8966
8968
8973
8980
8990
8993
8995
8995
9006
9010
9010
9017
9021
9026
9030
9038
9042
9047
9047
9047
9049
9049
9049
9051
9053
9060
9064
9068
9070
9074
9078
9078
9078
9084
9085
9093
9096
9099
9110
9110
9141
9145
9148
9148
9153
9155
9159
9160
9162
9167
9168
9172
9179
9180
9181
9183
9185
9185
9190
9193
9201
9205
9210
9212
9214
9214
9219
9219
9225
9225
9230
9234
9236
9237
9237
9241
9241
9244
9245
9249
9250
9251
9254
9255
9255
9256
9263
9267
9268
9269
9271
9272
9274
9275
9278
9279
9288
9290
9299
9299
9302
9304
9315
9316
9327
9327
9327
9328
9329
9330
9337
9341
9344
9345
9347
9350
9352
9353
9363
9366
9367
9368
9368
9370
9370
9370
9373
9381
9382
9383
9392
9395
9396
9397
9398
9404
9414
9415
9416
9418
9420
9420
9422
9429
9430
9430
9431
9432
9433
9438
9446
9452
9453
9453
9457
9458
9472
9480
9480
9492
9494
9496
9497
9502
9502
9504
9504
9509
9509
9518
9521
9533
9535
9537
9538
9543
9561
9566
9567
9571
9571
9573
9576
9579
9588
9591
9597
9597
9607
9608
9619
9621
9633
9636
9642
9643
9648
9649
9656
9657
9658
9661
9661
9667
9671
9677
9679
9679
9682
9684
9686
9690
9692
9692
9693
9698
9699
9700
9700
9704
9705
9714
9715
9715
9718
9719
9721
9725
9726
9727
9731
9741
9742
9747
9748
9754
9759
9763
9770
9771
9771
9775
9776
9785
9792
9794
9803
9805
9806
9806
9807
9812
9814
9816
9822
9822
9824
9829
9830
9830
9835
9836
9837
9838
9839
9847
9852
9855
9859
9860
9861
9863
9876
9879
9883
9885
9892
9894
9895
9895
9898
9902
9904
9905
9910
9910
9912
9914
9915
9920
9922
9924
9924
9927
9927
9932
9936
9937
9943
9948
9949
9954
9954
9960
9963
9963
9972
9977
9978
9978
9979
9984
9985
9986
9987
9989
10001
10002
10004
10006
10007
10009
10009
10013
10021
10022
10028
10041
10042
10059
10061
10071
10080
10082
10083
10083
10083
10085
10089
10091
10091
10093
10093
10096
10110
10118
10125
10126
10130
10137
10137
10139
10141
10154
10159
10160
10161
10168
10170
10174
10183
10189
10190
10193
10196
10201
10202
10206
10212
10215
10218
10220
10221
10222
10233
10235
10235
10241
10241
10242
10244
10247
10248
10250
10252
10253
10257
10262
10264
10273
10274
10274
10275
10278
10280
10281
10283
10287
10288
10296
10302
10306
10306
10307
10311
10313
10313
10316
10323
10323
10323
10324
10327
10330
10338
10339
10340
10343
10357
10362
10366
10370
10373
10375
10376
10380
10380
10384
10387
10394
10399
10408
10413
10414
10414
10415
10417
10420
10431
10438
10446
10452
10453
10453
10456
10460
10464
10468
10472
10475
10479
10480
10485
10487
10497
10499
10499
10501
10503
10507
10508
10515
10515
10521
10523
10524
10528
10536
10542
10542
10543
10555
10555
10555
10562
10563
10563
10563
10564
10564
10575
10576
10576
10579
10579
10580
10582
10584
10586
10587
10590
10591
10594
10595
10605
10605
10610
10619
10619
10623
10623
10624
10624
10625
10627
10635
10636
10636
10637
10642
10642
10645
10647
10647
10654
10661
10665
10674
10686
10687
10694
10696
10698
10702
10704
10707
10710
10712
10718
10724
10730
10734
10736
10737
10742
10743
10744
10744
10747
10749
10753
10754
10754
10756
10756
10761
10767
10774
10775
10778
10792
10795
10804
10808
10809
10810
10813
10816
10818
10824
10832
10832
10836
10839
10845
10848
10849
10851
10853
10856
10872
10873
10875
10876
10876
10885
10886
10889
10898
10899
10901
10905
10912
10912
10914
10915
10916
10921
10921
10925
10925
10928
10931
10934
10937
10937
10938
10939
10947
10948
10956
10959
10965
10968
10981
10985
10985
10986
10988
10991
10995
11000
11001
11007
11011
11015
11015
11018
11021
11023
11026
11028
11035
11039
11041
11042
11043
11045
11051
11053
11060
11060
11060
11061
11064
11067
11068
11071
11072
11074
11078
11079
11082
11084
11084
11089
11089
11091
11091
11092
11095
11095
11099
11106
11106
11117
11118
11119
11119
11125
11127
11134
11134
11138
11139
11145
11152
11153
11162
11166
11168
11177
11183
11184
11188
11189
11197
11211
11214
11215
11222
11225
11226
11233
11235
11236
11236
11236
11241
11244
11249
11250
11252
11253
11256
11259
11259
11264
11268
11269
11275
11278
11278
11278
11280
11280
11290
11290
11291
11292
11295
11296
11298
11298
11306
11306
11314
11323
11323
11324
11330
11336
11339
11342
11344
11349
11349
11356
11359
11360
11361
11366
11369
11371
11378
11379
11381
11382
11387
11390
11390
11395
11400
11404
11405
11409
11410
11412
11415
11421
11424
11425
11425
11426
11427
11430
11434
11436
11437
11440
11441
11441
11443
11447
11448
11448
11451
11451
11458
11470
11470
11479
11481
11483
11486
11490
11498
11516
11517
11521
11523
11524
11533
11536
11536
11537
11538
11547
11553
11554
11554
11559
11563
11563
11564
11569
11570
11577
11582
11584
11589
11593
11594
11595
11595
11616
11617
11626
11630
11631
11636
11644
11644
11659
11667
11670
11671
11672
11673
11674
11677
11677
11679
11681
11683
11684
11685
11687
11694
11694
11695
11695
11698
11701
11702
11703
11707
11709
11710
11712
11712
11716
11717
11720
11721
11723
11741
11743
11743
11746
11754
11758
11765
11766
11766
11767
11776
11781
11782
11786
11789
11790
11796
11797
11799
11801
11801
11803
11807
11808
11810
11820
11823
11824
11827
11827
11829
11830
11838
11842
11844
11850
11875
11876
11882
11889
11893
11895
11901
11912
11921
11923
11924
11926
11935
11945
11945
11948
11951
11957
11958
11958
11959
11962
11963
11965
11969
11979
11983
11984
11990
11992
11993
11994
11996
11997
11997
11997
11998
12004
12006
12008
12010
12011
12012
12014
12015
12015
12017
12021
12024
12025
12040
12041
12043
12047
12048
12053
12054
12060
12060
12067
12075
12079
12081
12081
12085
12087
12089
12089
12090
12096
12100
12103
12104
12107
12107
12109
12113
12115
12121
12124
12135
12141
12142
12143
12147
12152
12155
12158
12162
12163
12164
12168
12169
12170
12173
12175
12184
12188
12190
12194
12196
12201
12206
12214
12217
12217
12225
12233
12234
12234
12235
12239
12240
12240
12241
12241
12243
12245
12245
12245
12245
12246
12247
12249
12250
12252
12253
12256
12257
12262
12271
12273
12275
12277
12280
12289
12291
12291
12292
12292
12297
12299
12302
12306
12308
12309
12310
12310
12313
12313
12315
12323
12325
12325
12328
12333
12341
12352
12353
12355
12358
12360
12362
12363
12363
12364
12367
12368
12372
12377
12383
12383
12383
12384
12387
12391
12392
12394
12405
12407
12408
12409
12413
12417
12422
12422
12429
12432
12435
12437
12438
12441
12441
12446
12447
12449
12449
12461
12462
12462
12465
12472
12475
12477
12477
12480
12484
12487
12496
12497
12500
12510
12511
12517
12517
12522
12527
12529
12541
12546
12546
12547
12549
12550
12553
12565
12566
12571
12571
12575
12575
12578
12579
12580
12585
12587
12591
12593
12600
12612
12613
12616
12624
12635
12636
12659
12661
12663
12664
12667
12668
12668
12669
12676
12681
12688
12697
12698
12711
12712
12714
12716
12723
12724
12725
12740
12741
12743
12750
12752
12756
12770
12771
12777
12784
12784
12785
12787
12791
12792
12794
12794
12795
12796
12796
12797
12797
12802
12808
12808
12818
12847
12847
12847
12847
12862
12865
12870
12872
12877
12887
12888
12890
12899
12902
12915
12915
12920
12923
12923
12926
12928
12931
12932
12935
12938
12943
12955
12955
12961
12963
12963
12973
12976
12977
12978
12979
12983
12995
12997
12998
12998
13000
13004
13007
13012
13012
13013
13016
13017
13020
13024
13034
13040
13041
13041
13043
13050
13051
13051
13051
13054
13060
13068
13069
13073
13078
13078
13079
13085
13085
13087
13089
13103
13104
13105
13106
13106
13114
13117
13124
13129
13130
13132
13133
13133
13135
13147
13148
13154
13159
13160
13167
13168
13172
13175
13176
13176
13180
13180
13182
13189
13189
13190
13191
13192
13192
13194
13201
13201
13212
13213
13224
13228
13230
13235
13236
13238
13245
13247
13249
13259
13262
13266
13276
13277
13280
13281
13286
13287
13288
13288
13291
13296
13303
13305
13307
13310
13310
13312
13313
13313
13319
13327
13332
13333
13340
13342
13342
13348
13350
13353
13354
13356
13363
13364
13370
13389
13391
13399
13399
13401
13405
13406
13409
13419
13421
13421
13423
13424
13425
13427
13428
13432
13433
13435
13439
13442
13446
13447
13447
13459
13464
13465
13470
13472
13473
13475
13477
13479
13487
13491
13501
13507
13508
13516
13518
13518
13518
13522
13532
13532
13535
13539
13541
13542
13543
13545
13547
13565
13570
13584
13586
13599
13600
13603
13605
13605
13606
13607
13609
13611
13612
13620
13624
13627
13637
13644
13645
13646
13654
13667
13670
13671
13674
13678
13680
13681
13688
13693
13694
13694
13695
13695
13697
13697
13699
13705
13706
13721
13723
13724
13730
13731
13732
13733
13743
13746
13747
13751
13763
13772
13772
13773
13774
13776
13779
13779
13781
13783
13786
13786
13788
13789
13795
13797
13801
13801
13802
13814
13822
13824
13827
13827
13840
13844
13849
13855
13856
13860
13861
13864
13865
13868
13873
13876
13879
13884
13885
13900
13901
13903
13903
13905
13906
13907
13909
13913
13913
13914
13914
13924
13925
13926
13929
13938
13939
13941
13944
13948
13949
13950
13953
13954
13957
13959
13959
13961
13962
13963
13963
13966
13969
13975
13981
13985
13986
13990
13991
13993
13993
13994
13996
14004
14011
14012
14012
14014
14025
14027
14028
14028
14029
14037
14038
14038
14048
14055
14057
14058
14061
14065
14067
14070
14072
14073
14073
14075
14076
14079
14083
14093
14099
14112
14115
14116
14118
14119
14125
14126
14128
14139
14140
14144
14155
14156
14156
14160
14162
14169
14179
14180
14184
14190
14202
14210
14214
14216
14217
14225
14235
14240
14241
14243
14244
14251
14254
14259
14269
14270
14273
14278
14279
14285
14289
14294
14297
14298
14298
14300
14309
14309
14311
14312
14312
14318
14320
14322
14329
14331
14337
14338
14338
14340
14344
14344
14349
14350
14355
14361
14362
14369
14370
14372
14374
14378
14380
14382
14382
14394
14395
14395
14395
14396
14406
14408
14409
14410
14411
14414
14427
14428
14431
14433
14434
14437
14437
14443
14446
14449
14452
14453
14456
14457
14471
14472
14482
14485
14486
14488
14501
14501
14505
14511
14517
14518
14518
14519
14519
14533
14539
14551
14552
14555
14558
14559
14570
14571
14573
14574
14581
14590
14590
14596
14600
14600
14601
14603
14605
14606
14608
14612
14616
14627
14628
14629
14630
14634
14636
14637
14638
14639
14642
14647
14651
14654
14659
14663
14669
14669
14669
14671
14673
14673
14677
14678
14684
14688
14691
14693
14694
14697
14701
14701
14710
14719
14724
14725
14727
14729
14732
14735
14738
14740
14746
14747
14754
14759
14777
14783
14787
14789
14790
14793
14794
14796
14798
14801
14807
14809
14810
14818
14820
14821
14824
14831
14833
14836
14836
14840
14847
14850
14851
14854
14855
14856
14857
14863
14863
14868
14871
14881
14887
14888
14890
14891
14894
14898
14901
14902
14908
14916
14921
14934
14936
14940
14940
14945
14947
14948
14948
14948
14949
14957
14958
14961
14961
14962
14965
14967
14969
14971
14973
14974
14976
14978
14986
14987
14988
14988
14989
14997
15006
15008
15010
15012
15022
15022
15031
15031
15033
15034
15036
15043
15044
15053
15054
15060
15061
15065
15067
15067
15068
15076
15078
15081
15084
15087
15091
15093
15106
15109
15111
15111
15115
15124
15130
15130
15130
15133
15133
15142
15145
15150
15157
15159
15162
15163
15163
15164
15166
15170
15174
15177
15178
15180
15182
15185
15186
15189
15189
15202
15208
15210
15213
15213
15213
15218
15218
15223
15225
15226
15228
15242
15245
15252
15254
15256
15257
15264
15268
15274
15276
15277
15277
15277
15283
15285
15285
15288
15294
15295
15312
15315
15316
15318
15321
15323
15326
15334
15335
15336
15336
15338
15338
15341
15343
15345
15349
15350
15353
15354
15356
15357
15359
15361
15362
15363
15368
15373
15373
15374
15375
15381
15382
15384
15385
15391
15394
15397
15399
15401
15415
15417
15423
15424
15427
15433
15434
15435
15437
15438
15439
15441
15446
15448
15450
15452
15457
15464
15468
15469
15478
15479
15492
15493
15493
15498
15501
15513
15514
15515
15516
15519
15520
15523
15526
15526
15528
15532
15534
15536
15542
15545
15554
15555
15562
15573
15579
15584
15584
15588
15595
15597
15603
15604
15606
15609
15615
15616
15623
15630
15631
15637
15638
15640
15644
15652
15654
15657
15659
15661
15668
15672
15673
15675
15676
15676
15678
15679
15679
15680
15684
15684
15685
15686
15688
15694
15697
15703
15706
15711
15711
15712
15716
15717
15720
15724
15726
15727
15732
15736
15737
15740
15746
15750
15752
15755
15756
15758
15760
15763
15769
15770
15771
15777
15784
15785
15785
15793
15810
15811
15812
15812
15823
15823
15824
15827
15828
15831
15833
15834
15858
15860
15862
15865
15883
15883
15884
15889
15890
15894
15903
15903
15906
15909
15910
15910
15910
15915
15915
15919
15920
15920
15920
15925
15929
15932
15936
15942
15944
15945
15947
15947
15947
15949
15952
15956
15958
15962
15962
15963
15979
15986
15993
15996
16009
16010
16019
16021
16021
16022
16024
16028
16030
16031
16032
16032
16034
16036
16036
16041
16042
16042
16047
16047
16053
16054
16055
16059
16059
16060
16061
16061
16068
16076
16077
16079
16079
16080
16083
16089
16102
16107
16108
16112
16117
16129
16130
16131
16132
16134
16137
16138
16140
16142
16142
16146
16154
16158
16159
16164
16167
16168
16169
16172
16175
16179
16180
16183
16185
16190
16205
16207
16212
16213
16219
16221
16223
16226
16227
16233
16235
16235
16239
16241
16243
16246
16261
16262
16264
16268
16273
16282
16284
16286
16287
16292
16293
16294
16296
16306
16308
16309
16310
16311
16314
16314
16315
16315
16315
16316
16317
16320
16323
16324
16325
16334
16340
16340
16347
16356
16359
16361
16363
16367
16372
16373
16376
16377
16379
16380
16382
16384
16387
16400
16402
16403
16410
16410
16412
16416
16425
16435
16437
16438
16440
16461
16475
16475
16478
16487
16491
16500
16503
16505
16508
16509
16511
16511
16512
16514
16517
16518
16522
16525
16537
16541
16543
16544
16546
16546
16551
16567
16578
16579
16582
16584
16589
16590
16591
16599
16602
16605
16613
16613
16616
16620
16621
16627
16629
16630
16631
16631
16633
16643
16643
16645
16646
16648
16654
16658
16662
16670
16675
16675
16677
16678
16686
16688
16688
16700
16700
16701
16703
16708
16718
16719
16723
16731
16732
16735
16736
16738
16739
16748
16752
16752
16759
16766
16767
16769
16772
16773
16775
16775
16777
16777
16780
16781
16790
16796
16802
16803
16809
16813
16814
16816
16819
16820
16828
16829
16831
16831
16833
16834
16836
16837
16844
16853
16854
16860
16866
16867
16867
16870
16885
16885
16887
16889
16891
16894
16898
16898
16905
16911
16916
16916
16916
16940
16946
16965
16972
16974
16974
16978
16980
16981
16986
16987
16988
16991
16994
16995
16995
16995
16997
16997
16998
17001
17001
17002
17012
17014
17015
17023
17027
17034
17034
17038
17043
17044
17045
17049
17054
17057
17063
17067
17071
17078
17078
17082
17091
17093
17098
17099
17104
17104
17105
17109
17112
17117
17117
17118
17122
17126
17127
17128
17129
17136
17147
17148
17149
17152
17153
17159
17168
17172
17175
17175
17181
17183
17184
17186
17194
17196
17197
17199
17200
17214
17217
17222
17224
17229
17232
17235
17241
17244
17245
17247
17258
17262
17267
17280
17280
17289
17290
17292
17295
17297
17301
17305
17306
17315
17315
17317
17321
17329
17331
17332
17335
17342
17357
17358
17361
17364
17368
17373
17373
17373
17382
17386
17389
17390
17390
17402
17405
17407
17408
17416
17417
17420
17426
17432
17432
17436
17438
17444
17458
17459
17463
17463
17465
17468
17471
17473
17475
17476
17479
17480
17481
17484
17484
17485
17486
17487
17489
17492
17493
17494
17496
17496
17503
17508
17510
17510
17510
17513
17514
17514
17514
17515
17516
17516
17519
17520
17529
17531
17539
17539
17547
17547
17552
17554
17556
17566
17570
17577
17581
17594
17604
17605
17608
17608
17614
17619
17619
17621
17625
17629
17631
17639
17647
17652
17656
17656
17660
17664
17667
17668
17674
17677
17684
17684
17690
17694
17695
17695
17703
17703
17708
17711
17727
17728
17728
17737
17743
17743
17744
17747
17756
17757
17758
17763
17766
17767
17769
17772
17772
17772
17772
17774
17788
17791
17793
17794
17815
17830
17836
17840
17841
17841
17841
17841
17850
17851
17856
17863
17868
17869
17872
17876
17876
17883
17886
17887
17888
17891
17893
17897
17901
17901
17902
17905
17905
17906
17907
17908
17910
17910
17916
17919
17920
17923
17931
17933
17943
17964
17966
17974
17974
17977
17978
17979
17980
17981
17982
17986
17992
17993
17993
17998
18001
18004
18005
18010
18010
18011
18012
18014
18018
18023
18030
18032
18035
18037
18038
18044
18048
18053
18053
18055
18056
18059
18060
18060
18068
18068
18069
18071
18073
18073
18073
18080
18081
18082
18083
18083
18093
18094
18097
18106
18106
18112
18113
18117
18119
18122
18133
18133
18133
18134
18136
18137
18141
18145
18149
18150
18150
18150
18153
18154
18154
18164
18165
18166
18175
18184
18188
18190
18191
18191
18195
18203
18203
18204
18204
18210
18210
18211
18212
18226
18226
18227
18227
18227
18228
18228
18231
18233
18236
18261
18263
18272
18274
18281
18282
18284
18287
18289
18290
18295
18298
18299
18301
18307
18308
18311
18312
18312
18312
18316
18316
18317
18317
18326
18326
18329
18333
18335
18337
18338
18340
18340
18341
18342
18344
18351
18355
18359
18366
18368
18369
18384
18386
18387
18390
18401
18403
18407
18407
18412
18413
18415
18418
18419
18425
18426
18428
18433
18434
18438
18440
18441
18445
18458
18461
18466
18470
18473
18473
18475
18482
18483
18485
18486
18490
18491
18491
18495
18500
18502
18503
18507
18508
18516
18516
18516
18521
18526
18526
18529
18541
18541
18542
18542
18546
18547
18547
18556
18557
18557
18558
18563
18567
18572
18573
18575
18582
18588
18602
18603
18616
18627
18630
18634
18635
18635
18640
18642
18650
18654
18658
18661
18662
18664
18667
18668
18671
18672
18673
18674
18674
18682
18691
18694
18695
18700
18703
18703
18705
18708
18719
18721
18729
18736
18739
18740
18746
18750
18754
18754
18755
18773
18776
18780
18780
18784
18791
18791
18799
18800
18805
18806
18807
18810
18812
18812
18814
18814
18816
18820
18820
18821
18823
18824
18827
18832
18844
18859
18860
18869
18870
18870
18872
18876
18877
18885
18885
18887
18889
18889
18892
18899
18900
18910
18910
18915
18919
18919
18922
18924
18925
18925
18925
18928
18936
18936
18936
18937
18941
18942
18943
18951
18951
18955
18955
18957
18969
18975
18975
18978
18983
18985
18985
18989
18995
18999
19019
19020
19020
19020
19021
19023
19027
19028
19029
19035
19037
19042
19048
19049
19050
19055
19064
19066
19072
19076
19080
19091
19094
19096
19105
19106
19106
19107
19109
19109
19110
19112
19113
19116
19117
19118
19121
19125
19127
19130
19131
19131
19143
19153
19156
19157
19160
19162
19165
19167
19169
19170
19178
19181
19190
19191
19191
19196
19196
19196
19196
19197
19203
19205
19215
19220
19226
19227
19227
19228
19230
19232
19232
19237
19239
19246
19246
19250
19250
19255
19256
19259
19259
19261
19261
19262
19263
19267
19272
19272
19282
19283
19284
19284
19287
19289
19308
19309
19313
19318
19325
19328
19329
19333
19340
19342
19344
19345
19346
19348
19358
19361
19365
19369
19371
19372
19378
19380
19384
19386
19393
19396
19400
19402
19410
19415
19416
19416
19419
19419
19424
19427
19429
19429
19433
19437
19437
19438
19439
19439
19440
19445
19445
19454
19455
19459
19464
19468
19472
19477
19480
19481
19481
19490
19492
19499
19505
19507
19507
19509
19513
19515
19519
19523
19529
19533
19538
19543
19552
19552
19557
19559
19563
19573
19577
19579
19580
19581
19585
19585
19586
19586
19586
19587
19591
19591
19603
19604
19604
19607
19610
19612
19613
19613
19615
19625
19627
19631
19634
19634
19638
19641
19641
19642
19644
19648
19654
19657
19659
19662
19666
19666
19668
19673
19674
19691
19698
19702
19709
19716
19720
19726
19730
19731
19732
19735
19737
19741
19746
19753
19753
19765
19768
19769
19771
19771
19771
19772
19772
19774
19775
19778
19778
19786
19789
19792
19802
19808
19808
19812
19820
19824
19824
19826
19830
19836
19838
19839
19844
19847
19850
19850
19851
19858
19860
19861
19866
19869
19885
19888
19892
19893
19894
19896
19899
19899
19900
19901
19901
19902
19909
19910
19914
19921
19921
19923
19927
19927
19930
19933
19942
19951
19951
19953
19959
19962
19965
19969
19972
19974
19975
19977
19980
19990
19992
19994
19996
19998
19999
20001
20010
20014
20019
20021
20024
20026
20026
20029
20030
20032
20034
20034
20035
20036
20043
20043
20046
20047
20048
20049
20051
20055
20058
20068
20071
20075
20076
20087
20089
20089
20095
20096
20100
20102
20107
20110
20110
20114
20120
20124
20126
20140
20141
20142
20147
20148
20149
20150
20163
20165
20165
20167
20171
20177
20178
20181
20182
20183
20183
20189
20192
20192
20196
20197
20200
20202
20205
20209
20214
20219
20219
20220
20224
20227
20228
20231
20242
20251
20262
20264
20266
20269
20270
20273
20273
20276
20279
20281
20281
20286
20289
20290
20298
20299
20301
20305
20313
20315
20315
20319
20320
20328
20330
20330
20332
20333
20334
20337
20340
20341
20341
20342
20344
20349
20350
20351
20354
20355
20357
20359
20359
20361
20364
20370
20371
20377
20381
20382
20385
20386
20387
20401
20404
20413
20415
20420
20422
20428
20429
20430
20433
20437
20443
20450
20455
20457
20463
20463
20463
20472
20474
20482
20482
20485
20487
20490
20490
20500
20500
20501
20502
20503
20511
20515
20515
20516
20516
20517
20521
20523
20534
20534
20534
20536
20544
20545
20548
20551
20551
20555
20556
20557
20559
20559
20561
20568
20568
20570
20573
20587
20589
20590
20592
20596
20596
20598
20601
20601
20602
20604
20604
20605
20605
20611
20616
20616
20620
20623
20624
20631
20640
20640
20646
20647
20653
20657
20658
20661
20663
20666
20667
20668
20669
20676
20681
20681
20681
20681
20689
20690
20693
20694
20694
20704
20706
20706
20709
20728
20729
20730
20732
20736
20737
20737
20741
20743
20746
20760
20760
20761
20765
20774
20774
20775
20775
20778
20778
20780
20783
20783
20783
20784
20786
20787
20789
20792
20798
20801
20803
20806
20807
20819
20822
20832
20833
20834
20836
20836
20844
20846
20846
20849
20850
20852
20854
20859
20860
20860
20862
20862
20871
20873
20881
20882
20886
20888
20889
20891
20893
20897
20898
20900
20902
20907
20917
20917
20919
20920
20926
20932
20933
20937
20942
20945
20948
20950
20954
20955
20957
20960
20964
20973
20974
20975
20978
20979
20983
20985
20989
20992
20994
21002
21004
21009
21009
21011
21011
21013
21018
21019
21022
21025
21026
21027
21027
21033
21042
21044
21051
21054
21054
21060
21061
21070
21079
21082
21088
21093
21096
21102
21105
21107
21107
21111
21115
21117
21119
21122
21125
21127
21129
21131
21141
21143
21144
21145
21145
21146
21146
21147
21155
21159
21163
21163
21167
21169
21171
21176
21181
21184
21187
21188
21196
21201
21204
21204
21206
21206
21206
21211
21214
21227
21233
21233
21234
21238
21240
21243
21249
21256
21258
21263
21291
21291
21292
21297
21298
21300
21303
21306
21307
21307
21314
21315
21321
21329
21334
21336
21340
21340
21342
21342
21346
21349
21354
21355
21363
21363
21363
21367
21368
21369
21370
21373
21376
21392
21393
21395
21398
21404
21409
21410
21416
21420
21421
21426
21428
21428
21428
21434
21437
21439
21442
21444
21446
21452
21454
21456
21457
21457
21457
21462
21470
21474
21477
21477
21478
21485
21487
21487
21489
21489
21490
21491
21499
21501
21501
21501
21502
21503
21505
21510
21511
21511
21512
21514
21515
21516
21516
21519
21521
21526
21527
21529
21534
21536
21541
21543
21544
21545
21548
21549
21560
21566
21573
21574
21579
21582
21582
21584
21593
21596
21601
21602
21604
21607
21617
21618
21622
21642
21643
21645
21646
21650
21654
21657
21659
21660
21665
21666
21671
21682
21684
21685
21685
21687
21690
21692
21693
21696
21699
21705
21708
21711
21711
21712
21718
21720
21725
21736
21738
21738
21738
21739
21758
21760
21762
21766
21767
21768
21768
21769
21770
21780
21781
21783
21785
21787
21791
21794
21797
21799
21799
21802
21803
21816
21817
21821
21824
21828
21829
21832
21846
21850
21850
21852
21855
21859
21860
21861
21864
21864
21865
21871
21878
21890
21890
21897
21898
21907
21908
21913
21915
21915
21916
21925
21929
21932
21936
21939
21940
21940
21941
21946
21951
21952
21952
21953
21957
21958
21963
21969
21971
21972
21974
21982
21984
21985
21988
21990
21994
21994
21996
21998
21999
22007
22007
22012
22017
22022
22026
22030
22032
22036
22037
22038
22041
22041
22044
22044
22046
22048
22048
22048
22049
22051
22052
22054
22055
22058
22061
22061
22062
22063
22064
22067
22067
22070
22080
22080
22081
22082
22084
22086
22087
22089
22089
22089
22090
22092
22094
22095
22097
22101
22103
22104
22104
22108
22112
22115
22115
22119
22128
22130
22137
22140
22148
22154
22162
22166
22168
22169
22181
22183
22185
22186
22188
22191
22192
22192
22202
22202
22203
22203
22204
22206
22208
22212
22213
22216
22222
22222
22227
22229
22229
22232
22232
22243
22249
22257
22258
22264
22268
22284
22287
22295
22296
22296
22297
22301
22307
22307
22312
22318
22326
22326
22327
22331
22335
22341
22348
22349
22360
22363
22367
22370
22372
22373
22376
22383
22388
22390
22390
22398
22398
22408
22409
22416
22420
22421
22432
22434
22439
22444
22445
22451
22454
22455
22459
22460
22460
22465
22466
22471
22471
22474
22476
22479
22480
22480
22485
22493
22494
22496
22500
22502
22506
22510
22518
22520
22523
22526
22527
22528
22537
22537
22538
22538
22547
22555
22558
22561
22561
22562
22562
22562
22562
22568
22570
22571
22571
22571
22573
22573
22573
22576
22587
22592
22596
22607
22608
22610
22611
22612
22615
22615
22617
22618
22619
22620
22624
22631
22636
22637
22640
22642
22643
22649
22651
22658
22658
22662
22663
22665
22666
22671
22671
22675
22678
22679
22682
22684
22695
22703
22712
22714
22718
22718
22725
22731
22732
22738
22744
22746
22754
22754
22756
22756
22757
22758
22760
22767
22767
22770
22770
22771
22771
22772
22773
22777
22777
22780
22781
22784
22788
22789
22797
22798
22799
22804
22808
22808
22810
22814
22820
22822
22823
22826
22827
22828
22829
22830
22832
22833
22834
22836
22837
22845
22855
22858
22860
22864
22865
22865
22866
22867
22871
22873
22878
22886
22890
22897
22899
22902
22903
22908
22910
22916
22919
22924
22926
22926
22927
22928
22937
22941
22942
22942
22944
22949
22960
22967
22967
22988
22994
23003
23004
23004
23005
23009
23015
23018
23018
23023
23023
23028
23032
23033
23035
23037
23039
23044
23045
23058
23062
23066
23070
23070
23073
23073
23074
23076
23090
23092
23093
23094
23094
23097
23104
23106
23106
23108
23110
23112
23113
23114
23115
23118
23119
23121
23123
23125
23128
23128
23129
23131
23131
23141
23141
23146
23150
23151
23152
23157
23158
23167
23168
23168
23170
23170
23173
23174
23175
23177
23180
23184
23184
23190
23192
23200
23201
23202
23207
23208
23215
23216
23218
23219
23220
23220
23223
23225
23226
23226
23232
23232
23232
23235
23240
23241
23245
23248
23248
23250
23251
23254
23255
23269
23279
23284
23285
23291
23295
23296
23299
23300
23304
23306
23310
23313
23315
23316
23323
23330
23334
23335
23335
23335
23339
23347
23352
23354
23362
23363
23368
23371
23372
23372
23373
23374
23375
23378
23379
23381
23394
23394
23397
23401
23407
23408
23410
23410
23411
23415
23417
23418
23418
23421
23421
23427
23432
23437
23442
23447
23455
23466
23472
23473
23473
23475
23484
23484
23487
23488
23488
23488
23489
23489
23491
23495
23499
23499
23502
23506
23519
23525
23528
23545
23547
23550
23554
23570
23571
23572
23578
23580
23581
23585
23586
23586
23594
23594
23598
23603
23608
23609
23609
23614
23620
23632
23633
23633
23642
23645
23646
23652
23659
23663
23675
23689
23690
23694
23698
23711
23714
23715
23717
23725
23725
23727
23727
23730
23735
23736
23744
23746
23747
23754
23756
23757
23768
23770
23770
23770
23773
23776
23781
23784
23790
23795
23797
23800
23803
23806
23806
23811
23818
23821
23822
23826
23830
23833
23833
23835
23836
23836
23839
23849
23851
23852
23852
23853
23855
23856
23859
23862
23863
23864
23864
23870
23871
23876
23876
23877
23877
23878
23885
23885
23899
23904
23905
23905
23905
23906
23908
23910
23912
23914
23914
23924
23927
23929
23931
23934
23934
23935
23937
23938
23939
23939
23941
23941
23947
23949
23952
23953
23955
23957
23959
23969
23975
23975
23978
23981
23981
23986
23991
23993
23994
23995
23997
24001
24002
24010
24018
24019
24021
24023
24029
24033
24033
24035
24038
24038
24043
24044
24050
24058
24061
24064
24066
24066
24070
24081
24091
24099
24100
24101
24101
24106
24108
24110
24120
24121
24123
24124
24129
24132
24134
24140
24141
24142
24142
24145
24156
24161
24163
24163
24175
24176
24179
24185
24185
24185
24190
24191
24194
24195
24196
24200
24201
24203
24207
24209
24211
24216
24219
24219
24226
24228
24232
24233
24236
24237
24238
24239
24244
24245
24246
24249
24250
24254
24255
24257
24259
24260
24261
24268
24270
24271
24276
24277
24283
24286
24287
24289
24292
24297
24298
24298
24304
24311
24312
24318
24319
24321
24326
24334
24341
24345
24347
24348
24350
24355
24355
24363
24369
24372
24374
24374
24376
24377
24381
24384
24387
24394
24396
24398
24405
24406
24411
24411
24414
24415
24426
24429
24440
24446
24451
24456
24457
24457
24458
24460
24461
24461
24461
24463
24465
24466
24467
24477
24478
24488
24490
24493
24499
24507
24514
24515
24520
24521
24528
24531
24540
24549
24553
24564
24565
24566
24571
24575
24575
24576
24581
24591
24591
24614
24622
24624
24624
24624
24627
24646
24650
24650
24652
24652
24661
24662
24663
24669
24673
24675
24675
24687
24691
24694
24697
24698
24703
24704
24709
24718
24720
24721
24723
24726
24729
24730
24735
24735
24735
24741
24744
24745
24751
24755
24756
24756
24759
24767
24768
24769
24776
24777
24778
24781
24786
24788
24796
24796
24801
24803
24804
24805
24822
24823
24825
24831
24834
24843
24854
24865
24873
24875
24879
24880
24886
24892
24893
24893
24895
24896
24903
24913
24914
24915
24915
24920
24922
24922
24923
24923
24924
24929
24934
24935
24940
24941
24941
24942
24944
24947
24959
24961
24963
24964
24970
24978
24979
24980
24980
24981
24981
24982
24989
24998
24999
25000
25006
25012
25012
25013
25018
25018
25020
25023
25025
25026
25027
25030
25031
25040
25042
25044
25048
25053
25054
25054
25055
25057
25060
25061
25063
25069
25075
25089
25094
25094
25095
25096
25096
25097
25100
25106
25106
25114
25119
25120
25123
25132
25134
25139
25149
25149
25150
25154
25157
25157
25159
25159
25161
25163
25166
25172
25190
25194
25199
25200
25200
25208
25209
25210
25214
25220
25225
25227
25228
25228
25230
25232
25235
25236
25238
25250
25259
25261
25263
25263
25264
25264
25267
25274
25275
25275
25278
25287
25290
25297
25299
25320
25321
25328
25330
25331
25337
25346
25347
25350
25351
25352
25354
25355
25360
25363
25367
25369
25370
25375
25376
25380
25381
25383
25383
25383
25384
25385
25385
25386
25387
25391
25393
25400
25402
25405
25405
25429
25430
25430
25432
25433
25441
25447
25447
25447
25452
25454
25455
25470
25473
25482
25482
25483
25489
25491
25494
25496
25497
25503
25506
25509
25513
25515
25516
25516
25517
25522
25528
25535
25535
25539
25540
25540
25542
25547
25547
25549
25560
25561
25566
25567
25568
25569
25585
25586
25591
25592
25593
25602
25602
25604
25609
25610
25617
25618
25619
25626
25627
25627
25632
25633
25634
25635
25637
25637
25640
25640
25642
25644
25647
25648
25650
25651
25652
25663
25667
25668
25679
25680
25686
25689
25690
25690
25690
25691
25693
25704
25705
25717
25717
25720
25726
25729
25730
25733
25734
25750
25750
25750
25751
25751
25757
25760
25774
25781
25788
25791
25811
25816
25817
25818
25819
25828
25828
25834
25838
25840
25841
25850
25853
25856
25861
25861
25861
25862
25863
25864
25865
25877
25879
25880
25890
25895
25895
25895
25897
25898
25898
25898
25899
25902
25906
25909
25911
25915
25916
25923
25924
25928
25929
25933
25939
25940
25950
25951
25956
25959
25967
25969
25970
25971
25973
25975
25986
25987
25988
25994
26001
26015
26015
26027
26029
26029
26034
26034
26034
26037
26038
26045
26046
26047
26053
26056
26058
26058
26064
26065
26067
26067
26067
26074
26081
26081
26082
26085
26087
26092
26093
26094
26096
26098
26099
26101
26101
26104
26107
26108
26113
26118
26121
26122
26125
26126
26127
26133
26135
26141
26143
26146
26148
26149
26149
26151
26154
26155
26156
26158
26158
26159
26163
26165
26165
26168
26172
26173
26177
26186
26186
26189
26190
26193
26204
26204
26205
26206
26217
26218
26222
26223
26224
26227
26234
26234
26255
26262
26269
26271
26274
26279
26282
26287
26291
26293
26294
26298
26302
26304
26305
26305
26319
26325
26327
26331
26333
26341
26352
26358
26361
26362
26368
26369
26370
26372
26375
26391
26393
26397
26402
26403
26414
26415
26416
26419
26426
26428
26431
26438
26440
26444
26445
26451
26463
26466
26466
26466
26470
26482
26484
26485
26489
26489
26489
26490
26496
26497
26498
26499
26503
26504
26506
26511
26513
26520
26537
26539
26540
26546
26549
26556
26557
26560
26564
26570
26570
26573
26579
26581
26583
26583
26585
26585
26591
26591
26591
26593
26594
26595
26595
26596
26599
26601
26607
26608
26616
26642
26643
26646
26653
26654
26658
26664
26670
26673
26679
26684
26690
26699
26703
26708
26714
26717
26719
26724
26729
26735
26736
26741
26741
26744
26745
26750
26757
26761
26761
26769
26769
26773
26776
26778
26781
26789
26793
26793
26795
26799
26802
26805
26809
26810
26815
26816
26816
26821
26822
26830
26831
26837
26838
26839
26840
26841
26845
26846
26850
26859
26861
26863
26868
26872
26878
26880
26882
26890
26891
26894
26895
26896
26898
26905
26907
26907
26915
26917
26918
26920
26924
26925
26932
26932
26933
26937
26939
26943
26944
26949
26949
26950
26951
26953
26953
26955
26956
26961
26964
26971
26977
26983
26987
26990
26991
26995
26998
27002
27003
27003
27008
27022
27024
27024
27039
27042
27043
27045
27047
27048
27057
27060
27061
27063
27063
27063
27063
27065
27065
27066
27072
27081
27082
27082
27084
27087
27095
27099
27100
27105
27107
27107
27108
27113
27113
27116
27122
27123
27123
27125
27130
27133
27138
27142
27144
27144
27148
27151
27151
27160
27167
27168
27168
27172
27173
27174
27179
27183
27186
27195
27199
27199
27200
27204
27206
27215
27219
27222
27224
27225
27225
27226
27231
27235
27236
27239
27241
27241
27244
27251
27256
27257
27258
27258
27259
27264
27265
27272
27273
27274
27278
27281
27289
27293
27295
27295
27302
27305
27313
27316
27320
27320
27324
27334
27335
27336
27338
27340
27344
27347
27347
27349
27350
27350
27353
27353
27361
27361
27364
27365
27367
27368
27369
27369
27371
27378
27383
27383
27384
27385
27387
27394
27394
27401
27408
27416
27418
27418
27422
27423
27431
27445
27457
27457
27459
27464
27465
27466
27466
27470
27485
27485
27488
27493
27495
27497
27506
27514
27514
27515
27515
27522
27529
27540
27540
27544
27545
27548
27548
27554
27555
27556
27560
27561
27562
27566
27567
27567
27568
27568
27570
27574
27577
27580
27582
27587
27590
27591
27597
27600
27602
27613
27616
27619
27620
27620
27621
27622
27622
27623
27631
27632
27638
27640
27649
27651
27652
27653
27654
27655
27657
27657
27658
27662
27666
27671
27674
27678
27689
27691
27691
27694
27700
27703
27710
27713
27717
27721
27722
27724
27729
27736
27739
27740
27747
27754
27756
27762
27767
27771
27780
27785
27790
27791
27796
27800
27801
27802
27802
27807
27815
27817
27829
27829
27830
27834
27839
27841
27844
27848
27850
27851
27851
27852
27856
27861
27863
27865
27871
27872
27879
27890
27896
27901
27902
27908
27909
27911
27912
27917
27927
27931
27936
27940
27944
27945
27945
27953
27955
27956
27958
27960
27960
27963
27969
27971
27974
27982
27982
27985
27989
27991
27994
27998
28001
28002
28006
28008
28011
28016
28023
28033
28037
28038
28038
28048
28052
28058
28059
28060
28063
28064
28065
28067
28069
28076
28077
28078
28079
28088
28094
28095
28097
28097
28099
28115
28117
28120
28124
28126
28139
28139
28140
28140
28141
28142
28158
28160
28162
28162
28171
28172
28177
28181
28182
28188
28188
28192
28194
28198
28199
28200
28210
28212
28213
28214
28214
28215
28217
28218
28219
28221
28222
28224
28226
28227
28228
28232
28238
28241
28245
28246
28248
28253
28254
28257
28262
28264
28265
28270
28275
28276
28278
28278
28279
28280
28281
28285
28293
28295
28300
28300
28305
28309
28311
28313
28314
28318
28319
28320
28321
28321
28325
28325
28331
28339
28340
28345
28346
28348
28350
28353
28356
28362
28366
28366
28367
28367
28369
28370
28382
28386
28390
28391
28391
28392
28392
28396
28397
28406
28407
28407
28407
28412
28419
28419
28426
28430
28438
28439
28444
28446
28446
28452
28462
28463
28470
28474
28477
28479
28479
28487
28488
28489
28493
28493
28494
28501
28505
28509
28510
28521
28526
28527
28527
28529
28531
28539
28542
28549
28553
28555
28561
28564
28564
28571
28575
28577
28580
28582
28585
28587
28591
28591
28595
28595
28600
28604
28605
28606
28607
28614
28617
28621
28622
28624
28627
28630
28635
28638
28645
28647
28650
28658
28658
28672
28675
28675
28677
28689
28692
28695
28698
28703
28706
28707
28708
28708
28713
28718
28725
28726
28740
28743
28743
28748
28751
28759
28765
28765
28769
28772
28775
28779
28785
28794
28799
28806
28810
28810
28811
28818
28821
28823
28832
28834
28835
28839
28840
28842
28844
28848
28851
28855
28857
28858
28858
28863
28863
28867
28869
28874
28875
28878
28879
28884
28888
28892
28898
28900
28901
28901
28905
28905
28910
28914
28917
28919
28920
28922
28926
28930
28931
28932
28933
28937
28938
28942
28944
28948
28948
28959
28962
28965
28966
28968
28971
28979
28988
28988
28988
29000
29001
29003
29005
29010
29010
29014
29017
29018
29019
29020
29023
29027
29035
29035
29041
29041
29042
29049
29051
29054
29055
29055
29056
29064
29071
29072
29074
29074
29081
29087
29089
29091
29094
29097
29110
29112
29113
29118
29122
29123
29138
29142
29144
29149
29152
29152
29154
29155
29160
29161
29162
29164
29165
29174
29186
29188
29191
29195
29196
29199
29199
29205
29217
29217
29221
29229
29235
29240
29241
29247
29254
29255
29258
29263
29264
29272
29274
29277
29282
29283
29287
29293
29297
29297
29306
29311
29311
29315
29316
29322
29326
29327
29328
29340
29341
29341
29344
29350
29351
29355
29356
29356
29357
29357
29360
29363
29374
29377
29380
29381
29382
29382
29382
29384
29384
29388
29390
29391
29393
29396
29399
29406
29409
29413
29418
29421
29423
29423
29434
29435
29435
29438
29439
29440
29441
29458
29458
29472
29473
29477
29478
29482
29485
29489
29494
29507
29507
29511
29516
29516
29523
29524
29528
29532
29533
29537
29540
29545
29548
29549
29551
29555
29561
29562
29565
29567
29568
29568
29572
29581
29583
29586
29587
29587
29591
29593
29593
29596
29596
29598
29598
29599
29600
29602
29602
29605
29606
29610
29611
29619
29620
29620
29622
29625
29628
29634
29634
29635
29635
29635
29636
29638
29638
29639
29643
29648
29650
29656
29660
29661
29662
29667
29671
29681
29681
29693
29694
29695
29697
29698
29699
29699
29699
29717
29718
29719
29727
29741
29743
29745
29747
29749
29763
29773
29777
29783
29786
29790
29793
29797
29799
29801
29806
29808
29811
29812
29815
29815
29816
29816
29819
29823
29826
29830
29832
29833
29849
29851
29857
29860
29861
29862
29865
29868
29869
29872
29873
29877
29878
29879
29879
29886
29890
29890
29893
29894
29895
29899
29904
29912
29913
29917
29919
29921
29922
29924
29924
29929
29941
29942
29944
29953
29958
29970
29973
29977
29983
29986
29993
29994
29995
29999
30001
30003
30006
30007
30012
30014
30014
30014
30016
30018
30021
30034
30035
30036
30036
30038
30039
30041
30046
30047
30049
30061
30061
30070
30072
30073
30074
30087
30091
30092
30094
30094
30096
30097
30097
30101
30102
30105
30110
30111
30116
30117
30119
30123
30124
30128
30131
30133
30136
30144
30149
30151
30151
30157
30160
30165
30172
30188
30190
30191
30191
30193
30194
30196
30198
30207
30209
30212
30217
30218
30218
30218
30226
30226
30228
30229
30230
30235
30235
30235
30239
30241
30245
30252
30254
30254
30261
30263
30265
30270
30276
30280
30281
30286
30286
30287
30288
30291
30292
30294
30297
30304
30306
30307
30314
30314
30322
30322
30324
30325
30342
30342
30356
30361
30365
30366
30368
30369
30369
30371
30375
30381
30386
30393
30395
30399
30401
30410
30412
30413
30414
30423
30425
30426
30426
30436
30447
30452
30457
30458
30459
30460
30461
30461
30465
30471
30472
30474
30475
30478
30481
30489
30505
30509
30514
30515
30519
30523
30523
30525
30527
30530
30535
30541
30546
30551
30555
30560
30568
30569
30570
30571
30581
30589
30590
30591
30593
30595
30597
30602
30604
30609
30610
30611
30618
30618
30621
30623
30623
30623
30625
30625
30640
30642
30644
30646
30649
30652
30653
30654
30655
30656
30661
30662
30669
30669
30670
30677
30677
30681
30685
30690
30691
30692
30695
30699
30700
30700
30701
30704
30710
30717
30720
30726
30731
30734
30743
30745
30745
30746
30746
30753
30761
30768
30770
30779
30787
30788
30791
30796
30798
30799
30800
30804
30804
30805
30807
30809
30817
30820
30825
30828
30830
30833
30844
30845
30846
30848
30854
30857
30874
30877
30877
30885
30886
30890
30897
30901
30904
30908
30909
30913
30915
30916
30919
30923
30926
30926
30929
30939
30939
30940
30943
30949
30955
30961
30967
30970
30974
30975
30976
30978
30981
30983
30986
30991
31000
31002
31004
31007
31007
31010
31010
31011
31013
31015
31018
31023
31023
31024
31037
31037
31042
31051
31052
31053
31054
31057
31058
31063
31064
31067
31071
31074
31079
31081
31083
31085
31086
31092
31102
31107
31119
31123
31125
31127
31128
31135
31141
31145
31145
31146
31148
31151
31153
31154
31160
31161
31164
31165
31167
31168
31170
31173
31173
31173
31174
31177
31180
31180
31184
31185
31185
31186
31189
31191
31192
31197
31198
31199
31200
31202
31205
31209
31212
31219
31220
31221
31221
31221
31223
31227
31231
31233
31235
31242
31251
31251
31256
31258
31262
31267
31270
31274
31276
31279
31279
31281
31288
31290
31293
31298
31299
31299
31305
31308
31309
31312
31317
31318
31318
31319
31323
31329
31332
31333
31339
31341
31344
31348
31349
31357
31363
31366
31368
31373
31375
31377
31382
31385
31387
31393
31402
31402
31405
31405
31406
31427
31429
31431
31434
31441
31446
31450
31453
31453
31459
31465
31467
31469
31473
31475
31481
31482
31482
31490
31491
31495
31497
31499
31510
31511
31520
31522
31526
31529
31532
31534
31534
31536
31541
31541
31541
31542
31546
31548
31549
31555
31561
31561
31564
31566
31567
31568
31571
31572
31575
31593
31594
31598
31603
31604
31604
31612
31617
31620
31625
31626
31633
31634
31637
31638
31656
31662
31662
31663
31665
31670
31671
31680
31682
31686
31688
31691
31697
31698
31698
31700
31702
31707
31709
31715
31719
31720
31723
31725
31727
31728
31731
31733
31737
31743
31743
31747
31747
31751
31755
31756
31757
31757
31765
31765
31768
31772
31776
31784
31785
31791
31795
31797
31800
31803
31804
31806
31830
31831
31831
31834
31836
31842
31846
31849
31850
31855
31862
31867
31867
31868
31874
31875
31877
31880
31881
31883
31886
31889
31889
31891
31891
31899
31902
31913
31919
31930
31947
31949
31951
31956
31956
31957
31959
31963
31969
31969
31981
31985
31985
31987
31990
31991
31992
31998
32006
32006
32013
32015
32026
32034
32039
32039
32041
32041
32042
32049
32051
32051
32053
32063
32065
32066
32071
32073
32074
32078
32090
32091
32092
32092
32093
32097
32110
32114
32117
32120
32125
32135
32136
32140
32142
32145
32146
32149
32154
32159
32162
32167
32169
32169
32169
32176
32176
32180
32185
32186
32186
32188
32189
32190
32200
32200
32204
32207
32211
32216
32222
32228
32229
32230
32235
32236
32237
32239
32240
32244
32251
32251
32256
32257
32260
32260
32261
32262
32269
32271
32285
32287
32288
32289
32290
32290
32294
32300
32301
32304
32304
32310
32314
32316
32318
32318
32322
32326
32330
32334
32338
32339
32343
32347
32348
32349
32359
32360
32360
32368
32370
32371
32371
32372
32374
32374
32386
32401
32404
32404
32404
32410
32414
32414
32415
32416
32417
32420
32429
32439
32448
32448
32462
32463
32468
32471
32473
32475
32475
32477
32487
32490
32495
32496
32496
32498
32505
32508
32509
32512
32515
32517
32521
32522
32525
32527
32533
32535
32550
32562
32563
32564
32564
32569
32574
32575
32582
32586
32589
32595
32599
32602
32603
32605
32608
32609
32610
32614
32615
32615
32620
32622
32623
32626
32632
32634
32636
32637
32638
32638
32641
32643
32650
32654
32656
32657
32659
32660
32669
32677
32680
32683
32684
32685
32686
32688
32689
32690
32692
32702
32705
32705
32706
32710
32711
32711
32711
32713
32717
32722
32725
32728
32729
32730
32732
32735
32738
32741
32744
32745
32747
32750
32755
32757
32759
