36
37
62
99
117
125
177
177
191
205
278
335
357
380
425
450
457
475
481
494
570
620
629
738
771
786
792
812
972
1006
1052
1064
1067
1082
1189
1195
1196
1225
1238
1284
1284
1291
1304
1309
1319
1336
1357
1359
1380
1394
1395
1410
1411
1413
1417
1418
1461
1483
1501
1504
1511
1532
1535
1539
1576
1577
1585
1600
1608
1629
1671
1684
1692
1703
1706
1708
1730
1761
1786
1791
1804
1861
1890
1919
1938
2034
2039
2051
2077
2101
2112
2112
2122
2144
2191
2207
2233
2243
2254
2295
2324
2401
2406
2448
2512
2518
2546
2550
2606
2615
2631
2658
2662
2669
2676
2699
2741
2742
2748
2830
2861
2918
2942
2985
3006
3020
3023
3032
3033
3093
3095
3116
3136
3325
3474
3514
3529
3538
3603
3639
3673
3707
3730
3819
3968
3981
4013
4025
4086
4109
4152
4156
4180
4231
4245
4246
4258
4275
4302
4349
4359
4425
4435
4493
4543
4566
4584
4626
4635
4665
4683
4684
4695
4733
4764
4838
4895
4917
4923
4928
5057
5090
5161
5184
5258
5261
5295
5295
5346
5380
5405
5505
5517
5543
5553
5556
5607
5628
5650
5673
5803
5862
5870
5973
5992
5995
6011
6022
6042
6051
6071
6076
6105
6117
6243
6244
6259
6269
6272
6341
6387
6387
6431
6485
6512
6520
6541
6549
6739
6758
6766
6796
6810
6860
6861
6865
6876
6879
7004
7040
7086
7125
7129
7156
7176
7188
7210
7235
7254
7299
7334
7367
7419
7444
7462
7468
7510
7587
7594
7632
7652
7703
7715
7765
7780
7797
7809
7810
7827
7860
7874
7883
7926
7968
8023
8087
8089
8126
8160
8322
8333
8333
8384
8462
8478
8528
8557
8592
8608
8644
8651
8698
8826
8891
8899
8899
8938
8970
8991
9000
9046
9179
9226
9260
9269
9287
9398
9403
9410
9464
9469
9471
9505
9545
9563
9617
9648
9671
9693
9709
9724
9725
9733
9776
9789
9835
9847
9854
9881
9965
10030
10138
10148
10207
10213
10260
10263
10270
10286
10309
10395
10396
10412
10424
10437
10442
10456
10478
10482
10512
10702
10731
10737
10746
10760
10798
10825
10867
10867
10874
10983
10985
11069
11089
11092
11143
11211
11258
11263
11271
11324
11351
11361
11386
11389
11421
11436
11449
11451
11454
11494
11504
11523
11569
11619
11707
11784
11822
11846
11861
11930
11938
11941
12006
12088
12103
12105
12186
12204
12215
12305
12318
12344
12344
12406
12420
12463
12469
12473
12479
12490
12551
12575
12576
12678
12694
12697
12808
12824
12830
12833
13026
13032
13041
13071
13116
13123
13192
13226
13249
13407
13424
13487
13530
13539
13541
13626
13742
13785
13797
13819
13829
13837
13843
13871
13947
13986
13987
14015
14054
14139
14173
14209
14308
14318
14322
14442
14487
14503
14544
14563
14600
14610
14618
14634
14746
14757
14762
14815
14935
14937
14946
14961
15037
15051
15177
15278
15300
15331
15348
15349
15355
15383
15387
15409
15470
15577
15616
15648
15696
15708
15723
15762
15781
15820
15836
15845
15857
15866
15881
15886
15887
15892
15985
15989
16008
16070
16098
16150
16208
16244
16318
16334
16345
16386
16401
16410
16416
16444
16447
16458
16465
16465
16466
16469
16473
16483
16488
16492
16501
16526
16574
16577
16613
16616
16627
16726
16727
16732
16761
16900
16915
16942
16961
16980
16993
16998
17096
17111
17128
17136
17170
17180
17212
17266
17279
17377
17392
17411
17525
17527
17529
17592
17616
17649
17679
17714
17736
17836
17891
17895
17941
17964
17974
18028
18035
18038
18040
18066
18086
18111
18122
18255
18296
18312
18327
18371
18405
18417
18422
18424
18543
18661
18664
18665
18672
18681
18681
18712
18755
18793
18798
18829
18853
18871
18914
19007
19063
19111
19162
19189
19189
19272
19294
19339
19355
19407
19598
19608
19655
19665
19689
19710
19726
19731
19786
19853
19865
19877
19902
19931
19985
19989
20019
20046
20076
20139
20197
20199
20217
20279
20312
20375
20441
20452
20570
20601
20602
20628
20637
20662
20687
20700
20860
20865
20951
20973
21010
21056
21131
21178
21205
21234
21377
21412
21431
21437
21472
21583
21621
21664
21700
21711
21712
21846
21862
21891
21896
21971
21983
22028
22120
22148
22246
22277
22307
22311
22350
22388
22443
22457
22494
22494
22501
22532
22545
22642
22644
22683
22730
22734
22744
22762
22789
22796
22819
22839
22860
22862
22929
22929
22939
22970
23026
23051
23057
23089
23159
23163
23205
23285
23285
23309
23330
23367
23420
23448
23536
23553
23700
23743
23757
23797
23842
23845
23850
23998
24006
24064
24068
24119
24134
24142
24143
24178
24191
24194
24235
24322
24382
24420
24433
24448
24475
24498
24635
24647
24671
24723
24741
24810
24819
24840
24858
24860
24871
24889
24901
24966
24975
24982
24983
25044
25045
25059
25089
25102
25192
25305
25340
25362
25386
25416
25441
25518
25526
25555
25597
25609
25683
25693
25715
25738
25740
25770
25834
25890
25929
25974
25994
26070
26139
26155
26164
26217
26221
26238
26250
26280
26342
26367
26416
26442
26467
26510
26567
26577
26578
26587
26648
26703
26714
26736
26762
26780
26864
26875
26878
26932
26957
26993
26993
27110
27155
27186
27218
27294
27426
27466
27477
27546
27570
27585
27594
27792
27798
27827
27829
27839
27846
27850
27923
27975
28023
28132
28183
28191
28322
28389
28393
28485
28490
28505
28506
28513
28559
28575
28608
28636
28657
28761
28816
28820
28841
28842
28874
28916
28920
28984
29007
29021
29037
29100
29102
29124
29150
29254
29278
29326
29336
29341
29416
29473
29478
29502
29509
29520
29526
29634
29648
29658
29676
29765
29774
29796
29805
29832
29910
29942
29972
29983
29994
30008
30012
30016
30038
30043
30152
30191
30218
30218
30251
30301
30320
30329
30336
30455
30465
30497
30582
30589
30597
30601
30606
30627
30640
30694
30695
30770
30813
30951
31011
31030
31031
31074
31125
31152
31221
31222
31222
31236
31252
31264
31268
31285
31312
31318
31340
31420
31437
31556
31568
31581
31589
31688
31794
31796
31803
31817
31836
31877
31886
31899
31953
31953
32063
32081
32182
32211
32219
32250
32317
32334
32347
32390
32424
32453
32527
32538
32544
32555
32556
32563
32611
32650
32658
32663
32677
32713
