9578
14350
23774
26689
26930
24161
1214
1074
11016
1077
14879
13278
8697
21124
29787
18962
22647
24670
25666
16299
23085
23241
29897
25808
29315
20064
10865
27123
18415
28327
3448
31877
24577
30511
2755
29564
22573
621
30598
18309
24407
29275
9145
21257
15393
18124
10043
5602
27636
32144
21954
30938
9935
22604
1418
19688
21458
9238
5305
553
14985
24275
22932
21151
31994
22096
26980
23725
9837
7459
25126
26958
23294
28992
8949
23065
29667
28762
7992
31477
5246
13823
14475
13211
1058
16242
19310
21712
22693
12615
23216
32096
15786
23233
1433
21210
25771
4843
13530
2573
27081
19321
10806
31557
14675
30044
24300
15941
16920
4903
23787
2564
109
5412
32437
21544
11773
23349
16911
27715
8787
30828
6510
3792
12328
5226
26656
11244
2926
1656
5437
24020
1048
1639
24909
19234
8624
3879
27318
28871
27542
20266
3308
4039
27161
17014
1623
15032
11319
21133
4355
16120
24116
6141
23050
26033
15581
6597
961
18574
29081
9838
7845
13882
9013
8933
17668
25245
18283
27419
17771
24277
311
8283
2003
5366
6106
366
6538
17282
21163
10352
3042
13479
17825
19056
4509
11579
23200
21707
1811
20344
9094
1094
20777
28023
16629
20972
16114
1901
27102
20909
23074
29097
24530
24243
21047
24137
23561
12675
28262
18111
16686
15321
12870
28936
7664
26176
8510
3238
19529
2931
19632
9058
14732
19830
6370
22979
9009
8308
25776
15180
21601
10071
32756
3705
12352
15914
7345
27768
5372
20014
9986
6312
25498
18365
12229
21458
14459
24035
22022
10026
8369
24502
23341
25347
22532
19321
19944
19797
23490
30580
30678
15345
24138
27793
31224
5758
26455
20150
17368
31803
11533
28390
20855
2419
29125
25367
23544
30911
29337
16337
26893
7166
12974
20363
25893
26901
12100
25541
13394
5735
18559
7140
26108
787
27378
15826
30536
26353
17905
31826
20550
1610
6803
18212
26589
25945
28553
220
14966
14213
13730
13954
32619
1628
10522
13546
18734
19535
31654
6098
31801
32560
4928
11965
18617
18028
27058
21394
4858
22792
22756
3827
30353
16220
24551
9822
20555
29842
11453
28678
31448
9182
30446
2159
10807
32123
30412
17868
4577
24425
1409
1304
16821
19943
12765
11510
26022
30642
21985
586
21542
16892
30986
10899
5969
6187
2911
30735
23770
31574
17722
23437
30902
3456
14294
6160
26250
5266
23196
5160
30165
12570
8493
25873
3293
17606
26158
28552
11867
17567
14039
14961
11750
29445
19259
20266
16160
15726
14165
17325
19362
14813
8406
19048
15272
36
1456
25564
7548
23259
24418
3575
22435
3100
12034
3378
20938
8707
15884
11114
16495
5865
8172
2176
32592
14683
16461
22703
9876
6108
2591
11440
18106
27743
29547
8079
30533
17283
31190
1611
9252
23436
23542
32048
17891
30501
7000
28405
28820
8152
4942
29077
25979
5193
12409
5358
4988
24118
5402
32538
12869
19503
13847
29329
25659
19220
15568
6651
2854
23379
14751
13782
15259
7646
29489
1996
31533
13551
24200
6097
13651
29819
3020
12032
4887
7799
5077
9267
8580
9934
21112
22116
29389
15133
31125
28871
9789
2612
18653
21667
738
1869
30308
17652
4345
9482
5098
12226
24088
17456
31977
12607
22558
21030
6494
11427
27355
21291
343
5832
19582
21594
19777
20101
9410
351
7919
7882
31448
23031
12138
18048
5651
17193
28027
8734
15701
28742
30969
21259
317
24481
1747
183
32014
26383
31196
3959
14942
3101
15449
26916
9091
9236
9804
13171
12477
30638
31871
4115
15395
26261
21583
17033
10319
18079
26686
22475
17865
31435
10550
11166
9012
32251
6302
26543
13370
23919
14110
22644
31545
24325
5171
13248
8618
20275
19058
11561
11093
12992
29851
29722
12343
22597
26469
30646
18734
1383
15363
3187
7018
15313
30586
20339
11924
20980
23202
25505
31163
23422
9981
25744
21251
7579
25659
11028
11788
2798
29321
16284
21795
846
30109
5718
2347
21313
25731
28928
13386
12089
18980
655
6995
9872
667
12419
14838
19013
312
3589
13737
884
27472
27846
4949
21911
5067
8086
7105
2175
9067
19142
6847
30224
31196
24127
25881
30655
4993
5471
20793
12237
32761
6295
3738
10816
13683
7365
2034
4518
19638
7250
15388
29577
29167
1547
14791
20657
5689
32192
10721
29980
11759
2719
5313
21438
1969
20302
19991
25081
2103
10186
13203
11994
22232
18690
10840
12825
18137
15922
1823
3791
2422
24577
19755
17909
29874
8537
28657
5281
27359
19978
899
31231
12013
5918
1984
8464
12658
2298
14909
10789
8829
18233
6898
4122
21531
10824
4005
9555
14757
6849
21014
25720
4048
18056
5359
4336
31090
2984
2922
25374
7445
13547
16320
15454
3901
25659
25685
7870
5497
18107
2981
25724
3628
28325
29420
29508
2328
28386
19352
26406
23727
5227
12143
29017
17434
22882
11136
26290
20997
28143
3531
14818
17457
29403
25007
23922
951
16879
18200
18816
24093
24587
4197
8503
17178
29957
21274
13327
4905
25927
22346
22218
19152
26919
4546
20522
5805
15877
5365
21874
7237
19750
9388
21155
908
25683
22634
31347
3380
23601
30880
23053
16822
18527
661
27788
1313
3410
32531
27189
7077
30704
6098
20342
27359
13037
6054
22434
994
13801
16743
26474
16905
2630
10660
8987
2687
459
32519
11418
30859
15098
28038
17695
668
3889
2127
20148
25624
18051
26224
26988
22501
11604
24138
10340
28595
26550
2996
6779
5136
7814
3310
8913
31017
25158
8780
23808
5217
24505
7326
2333
24212
16961
18018
15213
28456
24568
13225
19431
15320
2960
9417
16750
2367
10219
26568
13515
22567
22906
25731
26476
23439
29014
16289
2526
17278
28191
16444
28172
26762
11928
25673
8501
9255
12799
20427
10670
25008
557
699
25693
13367
9074
438
15857
32013
9774
23908
17378
28432
13871
17580
18732
31415
17358
3482
6859
28382
8904
24843
32757
23122
15069
29982
538
31260
9771
602
14492
16526
22855
24479
5198
16655
12576
28878
26286
3238
660
21560
8419
19271
2000
31431
1653
7649
18280
5870
20430
5411
20794
3666
30836
18706
27906
23093
13572
23884
5821
679
19693
32281
25791
8299
21490
8759
13203
4522
32605
7522
13206
19802
4868
20389
13394
364
8701
32099
18843
26552
7968
7204
9836
32169
31041
8225
18815
2728
16170
5774
22446
8521
1883
6313
16396
1848
6017
25479
1474
12257
1975
8345
19371
13794
23934
11009
32175
32562
23165
23959
13280
30734
31482
13753
11094
4263
24596
22230
28875
27021
8646
15034
6389
23257
17564
6807
8871
16925
20274
23767
24230
17165
15218
5027
31052
26346
16265
22579
479
18098
10926
3796
2991
11273
20882
24507
17649
21733
18085
28811
8030
17917
23055
10920
26251
22511
7529
6713
24583
27444
26431
12799
20790
28356
4679
32729
1776
9608
29790
7699
15065
22148
18758
28018
29310
21440
3361
25600
13364
1019
684
31896
11697
23311
24893
4912
10343
27939
26235
14825
26532
2194
18399
21208
19563
670
16366
31378
23312
8917
13107
3961
32405
22847
10494
25033
9671
11085
5087
22626
5656
897
9697
5715
4155
20444
11399
27946
8834
6924
12424
10238
17655
3154
21833
31545
6972
31285
13342
9510
30755
31720
12097
2878
32524
9596
30862
24626
32514
23238
18436
7864
25492
25870
32252
25878
22389
14204
11559
32111
29907
3651
18505
7888
8055
21642
28599
13050
25761
32031
6801
11501
31905
14810
6080
15417
18997
15827
8878
26884
29606
30275
1992
25818
29089
26171
5301
7223
12246
4359
20563
21718
6994
8031
13942
25784
15005
11091
29535
19955
11155
24308
23294
19263
8963
20931
6120
6466
18953
20699
19990
2199
5420
32221
11619
9376
28982
28831
12228
31504
25047
18324
32581
20535
28152
21241
16327
19468
30176
18117
14459
27644
20233
8014
6429
17781
16832
9403
22257
25905
17535
14637
23934
22339
4362
23980
3853
9186
28492
6611
20704
19705
20975
12860
7987
6250
8381
22953
25844
13094
19641
18679
4929
30958
2556
27075
13477
27878
19281
32729
30738
11998
23440
32097
28574
31072
12475
28104
32510
29817
21722
9071
13763
26952
150
5142
4438
8776
17304
4103
25268
1117
22175
16386
21482
11423
29539
5612
18768
7914
20013
7222
6789
20770
3379
20494
24366
8007
22965
29256
19310
29756
26328
31499
22563
13142
2629
7228
13030
11943
17025
32426
12737
13833
18187
9726
18095
2793
32311
10080
11988
17625
29901
7914
22913
29395
13152
4045
17126
1358
3440
6981
16020
19715
17983
14910
28090
6780
10099
26052
23836
19041
25969
23083
1746
19074
28019
24834
13254
25507
31087
19896
30955
21515
1448
6412
19517
1739
1040
18230
28029
29647
26980
1239
7850
29862
28678
9889
26686
6673
11417
30662
25902
20045
20575
802
21151
20512
13650
17191
24424
21158
4099
25740
30539
19929
25398
1973
1523
19425
4411
11489
28077
16161
9995
14102
11750
11517
15654
12748
30057
14701
2606
17756
7253
24387
835
1574
16863
24892
9758
2693
2509
16328
18668
29556
13742
16281
3056
21501
5594
19694
18647
9061
3628
18332
7130
9753
10882
993
25238
31062
32497
3048
19627
11676
20425
28188
23062
7120
15692
9261
25423
24884
28461
24291
1826
11783
31690
17061
6734
21243
1833
24776
29919
14683
21940
31129
14667
12793
20148
21289
29007
18136
10895
12507
7303
31646
18626
14254
3280
10424
27036
19275
11358
23883
18368
12238
2460
29662
19800
31828
17606
17864
24857
10825
15176
10587
1787
19822
3285
9933
20662
16557
22088
4074
23035
21404
15931
26236
19575
17619
12136
15733
10121
5358
23746
226
18365
32353
27474
20624
27152
7679
24019
22908
9955
6216
7692
23036
8379
18293
16369
15534
25278
15941
23161
30244
10989
11141
4670
4428
7202
27234
12758
5793
5065
19310
27635
14867
8030
25204
9021
31671
19882
25852
21482
10030
22461
26013
31523
24023
23978
30725
6167
6068
13061
2505
8923
18205
30493
31725
5384
2855
29946
18739
24595
7377
1813
17700
28010
25332
31450
16351
1108
22761
12254
6821
12677
13303
28384
6432
3204
29571
13441
31606
30397
18423
27587
11538
12389
31854
21571
5165
24338
20260
4151
19998
25110
25760
5669
25703
4255
16798
617
18043
15759
30654
1124
5200
7452
28911
25476
1449
26663
1434
22520
31265
22877
18830
13104
32246
24592
15278
5143
20379
9427
17500
8976
12796
15319
11940
4530
6031
8457
2089
23106
29215
23015
5072
31476
13143
22822
15150
10465
18961
5
10930
14024
10332
22895
1170
11140
7759
27347
22134
17489
5521
14020
15847
24255
31139
19792
26486
1650
22772
1568
21676
8863
2723
16468
5301
32582
25874
17435
23499
11823
20783
8725
9571
31655
18049
11370
19738
29431
31732
26023
19038
11945
22885
348
31452
28794
30189
21110
10157
15646
12014
17245
12608
30646
9183
13260
3589
14610
8919
22644
2015
24230
20955
30800
25671
3406
8423
9159
25408
9153
20670
16771
16638
22743
6769
3347
9813
378
17329
25411
13283
14958
11222
30775
5116
29120
7595
21322
16218
3087
29183
11433
24705
8574
20205
2221
500
3701
4070
11516
29466
21530
8835
19296
4077
1170
25612
32354
22376
14072
19400
29614
31918
16153
28162
24614
24314
9462
9184
6596
5194
6135
25571
29488
29387
23023
5949
13605
17667
24019
30678
20868
5312
5690
17181
11317
14532
12180
19855
5569
4397
12842
17160
21424
7846
18393
8140
21155
24656
8590
11861
24114
9326
14464
5594
31363
14290
26417
17828
15279
8203
5666
18704
14037
19532
30809
20578
26874
26907
5011
31312
12199
17085
4169
10827
12096
25188
3429
30603
17190
21015
29633
225
21388
13149
1380
12604
11546
5297
9339
16632
13891
12709
3609
32746
7783
2516
1198
13356
25256
31369
9801
6569
17548
18224
27277
20071
3671
15488
1141
14232
16678
23142
9159
11103
2251
12464
21081
27490
4460
23166
26887
15379
6874
17513
22640
9406
26034
10608
16755
9299
22070
29351
6508
26353
26857
26014
22063
18486
21740
19858
24000
11849
30747
2902
13784
2468
26855
14335
12057
1442
18930
18002
2059
13772
15212
20207
17374
19427
1584
29498
12511
8877
23709
781
23222
10624
19765
20766
25701
31888
17144
25137
1536
13816
12158
25343
10796
17289
15063
4322
26458
19798
5410
325
20673
30972
17904
29646
23325
5554
5462
6984
20777
32020
27348
2386
5085
13486
15849
10441
8808
7243
29810
29431
9708
13564
19142
19320
31995
19687
8595
12016
725
7125
19831
8302
3679
7289
17502
415
25827
11905
17566
16819
7306
19806
20948
3855
10906
26580
9084
30647
6511
9281
24914
9337
8763
7597
18796
6874
9853
26005
7188
12738
17731
22135
26983
9447
2079
797
7342
29433
25578
20138
24959
29330
2363
31077
16020
18908
16549
11848
614
13568
20148
23880
23953
18258
7078
28259
18151
4925
6890
6507
1361
25840
11866
28308
31594
31685
311
23486
4314
28278
5864
14979
21874
9726
2418
13056
14860
6992
13238
32612
31520
17339
17262
23610
6438
22552
28390
12662
31408
25273
19066
16449
5187
16401
31187
24964
12793
32291
14560
8502
16087
18091
30870
16998
9711
16399
2920
30728
10549
4356
7557
24191
18978
29440
29909
494
8202
32612
13489
32063
14398
9061
8549
32239
23521
26302
8038
14496
22411
28951
27218
6749
8351
31283
16301
17066
29804
4317
31061
4691
19718
25744
21450
23282
18402
32233
23584
31549
23092
4557
16832
29717
28425
23386
2018
16974
19236
10382
21195
2367
21144
1466
19654
23049
3113
13220
24291
9128
32355
21631
14706
6075
17016
31628
26685
4115
26843
2956
28297
16637
2973
4076
9931
17487
10890
31919
25131
18741
11523
283
954
29881
9625
22819
4978
16148
13166
18839
1265
22966
7500
13070
11765
27159
642
26511
10390
9532
15746
12034
7495
6152
21564
9817
12426
10312
4664
25982
4214
6780
10358
6139
24042
10342
28422
29803
28047
29780
9318
16036
7311
25902
18078
16545
13591
14143
25117
26162
7821
19907
29266
26466
21905
4405
12298
11692
26549
26197
27020
24540
28413
2555
16502
16583
18709
23966
26965
19626
1621
28835
18695
16739
19573
21095
3026
32082
10512
30987
4672
24844
4058
18690
20416
8134
160
2396
30462
10876
4356
20687
4093
8676
22006
14218
21498
31510
26866
22970
27393
17144
1275
30425
26443
11371
30555
14777
6750
21815
24599
30036
8163
28087
32308
25168
14918
12099
941
10581
23824
19810
11567
17935
260
19884
6554
3842
7675
29313
7480
28177
26239
9324
3259
5580
8490
1620
15353
16252
15293
8296
11366
15856
29695
19912
10069
28934
12892
22772
16366
26104
29241
29429
30958
12396
21528
29005
2594
18490
13680
32416
417
30715
27210
10783
15564
10325
29851
440
29959
5129
21861
8959
23604
12473
21388
28378
1268
22650
21625
19439
4764
30
8816
9167
27897
1598
15537
1759
29636
26378
3410
8970
28131
24784
8407
31017
12390
21837
15255
32045
14652
29623
26830
3346
14777
30598
24449
27267
19656
2054
22805
9037
21743
1182
13742
5254
15880
18909
2632
29818
7865
15178
29848
3928
30136
7656
20640
8865
32448
3979
11285
844
23378
9949
4976
31417
2860
2095
5334
1628
28810
31489
5289
26150
23583
19536
20458
9650
23762
2466
10325
3125
20281
24786
5690
7970
26838
12444
23581
9120
15124
5607
22541
19116
27136
469
3781
29710
4807
9357
19588
13309
7667
14531
30636
1937
31077
31756
28956
25581
30225
24547
7759
3112
17788
16250
31025
23040
21239
9794
16837
25917
29848
29497
11640
13799
12285
25847
12354
27943
3776
23158
15234
4349
16057
21668
3734
26279
31222
1194
30013
1997
29307
29434
4014
7789
15802
2843
117
29577
31697
6196
7184
15506
13958
32346
30285
21394
13315
15513
26977
17949
14673
964
29384
26358
30869
28157
481
20096
9997
8963
5189
30187
30410
30014
15339
22810
28715
17292
27388
19286
26397
11209
8567
27317
2068
23072
22661
24136
14536
277
18329
19207
18608
17998
24399
11133
11583
12324
5634
30259
17889
24558
25131
16094
25524
9480
32381
15944
4359
13477
21441
27903
21651
4697
9329
7359
27771
30053
22039
15519
15621
14018
29795
13310
28438
5100
18959
45
31343
21107
11123
218
6058
4163
20199
7999
22003
19630
20188
15374
20614
30270
12729
4123
16363
2365
4983
27591
25332
2816
19707
304
31603
28152
13623
9498
23228
10870
22527
12956
14814
6209
16043
32138
22944
21722
9842
32678
9789
17033
16513
11397
23263
27696
22494
6211
24797
22987
30976
23782
26293
8650
30506
27283
27336
17167
27531
11891
13784
5061
2583
15459
322
20710
26659
26462
17658
6795
4291
29866
26955
26866
740
21957
22604
18001
29992
5390
11041
22877
31620
24884
28407
3225
27292
25439
15805
24159
5337
19488
9891
9648
15696
17177
8787
22459
23635
9580
3826
6702
4563
16101
28629
11840
24956
27110
27907
123
5262
16918
20079
26954
23932
21961
28402
27206
6471
557
25354
29761
19097
26170
20309
526
10913
6231
10955
5142
27569
2765
26814
22684
2457
19180
18067
3275
17345
1791
14654
25221
7432
1777
13951
30442
32096
956
21982
9642
20774
2453
1383
17675
16962
20697
20006
5817
26371
14773
25697
31057
695
22168
32664
9900
13325
12634
13885
2796
11564
14121
22835
71
20879
30520
2825
31638
21927
8230
3827
30108
15406
26670
2956
7447
19789
19476
15694
7561
25453
20683
21709
1731
10717
13286
31926
8502
10536
14021
17291
15097
15668
28796
25884
14745
20763
21122
12228
31908
31945
19486
361
23796
24666
14481
6193
21692
22832
1028
13061
7252
27863
13104
15814
18372
1434
14799
1362
12562
23778
19398
12085
15180
12113
5391
28975
14932
5794
1128
17514
2926
9535
5309
4216
10891
8095
16726
2574
20563
28518
4289
16770
25844
11322
25213
7430
21421
22118
27499
15010
2841
7985
3317
30195
13884
23292
29435
3493
31311
31006
9346
9394
17739
7552
29467
6999
31031
14327
29973
31707
50
13669
30306
30463
5440
9870
3146
11332
19924
30906
14289
14815
12321
7184
17129
20605
25121
13229
17496
18103
15714
11143
30311
26707
21395
20485
19536
32064
12242
17242
29285
17488
24755
27813
9472
23987
5904
15562
2606
24887
26003
25870
31258
7233
27908
23412
25147
13194
339
18651
12093
9371
4965
15572
27056
25350
27551
17221
29043
3434
307
14271
991
30244
31277
29342
30899
31701
8252
11238
25026
28056
22081
12248
31070
30464
23193
16727
2947
20436
25131
17918
17859
11146
22576
6142
6645
9348
20165
6584
8093
7948
27698
26398
8218
24593
24824
16586
14738
21407
12956
3291
17566
16160
26422
2451
26804
23380
23992
3505
2904
4626
24319
29327
1538
23484
13211
1020
20174
30851
19039
4567
32742
352
15271
32624
27055
3277
13676
27806
7094
25415
7177
21664
4185
32645
27594
16052
26421
22133
10042
23673
23123
8955
24105
12805
23057
12649
6527
9158
31698
26300
14276
1561
10085
32668
1643
2732
12086
17170
9185
10132
16183
9479
30298
21549
20108
5248
17238
14261
32761
29083
13301
9640
7436
26441
20992
985
6154
9417
18867
30293
16538
13032
31820
27895
5939
24826
12116
28363
27463
1430
25776
16163
12332
3861
10086
14459
13519
8137
22832
30990
10775
12798
19651
15668
9242
32690
14556
898
514
10771
20495
22176
26814
23741
2383
22760
15464
26800
25916
28100
17529
4883
15408
7364
26287
5034
24840
2690
9401
32537
9394
9014
18600
6358
1659
21272
27670
18671
7446
26745
17940
12673
1131
31648
27605
8180
23589
30821
28699
22007
8954
9615
3429
26175
31417
17903
18133
8447
8469
12089
11235
19494
10547
29349
10948
9051
16885
29513
7576
23481
5380
1589
32342
10058
2720
30796
28024
29765
32295
5605
30566
25607
12134
4133
17571
13779
31907
23578
8377
8522
12646
26520
997
23721
30219
16340
2947
19140
11273
1474
3384
3270
17152
19502
12513
29606
21124
15260
15678
3432
1196
6113
862
18968
7513
894
5322
29831
10822
7359
12401
31428
10196
20632
4695
16985
9875
32570
4604
1099
15760
20088
15245
27855
21857
17885
20429
31436
6129
4233
22209
23317
4364
208
12574
15203
19369
12689
21619
20755
30715
24918
7702
4005
26166
25392
26832
19184
25121
16720
20808
16678
15200
28005
21808
18572
1663
6841
14641
7414
25278
7691
24983
2307
20639
28458
2492
26398
25904
10326
1590
13872
26137
8022
32192
15909
6756
29785
17641
37
23567
12941
18558
28303
13907
24193
12984
10421
7346
3643
14118
13914
1731
26393
12633
32492
31933
7528
593
30849
24773
20934
22698
19092
247
26680
20358
24700
15926
13578
4153
10160
21428
7018
25271
30140
2880
31171
22718
20994
27219
32730
32707
7985
9177
19115
17822
24711
23231
25089
31733
5830
320
29656
9832
28919
24816
26994
32641
19682
6021
12859
24666
17224
5224
24670
30475
15335
25344
29475
30682
17707
19897
27407
13602
11188
9686
954
18943
3468
15356
12142
17343
25892
21882
12420
30216
18451
10841
27775
26057
21903
14375
21733
30433
4263
30084
481
18578
8774
12905
23194
27812
16104
12603
26449
25945
11289
17556
10557
5652
8626
32204
5158
4808
723
14409
1475
31265
10911
3467
22229
18037
18618
32246
25088
16745
2436
23134
7276
1635
1554
14933
7199
16307
14320
2868
10264
2688
27801
1002
11820
11636
29875
2439
15010
3623
2827
20615
19853
4429
12115
18143
10732
20894
28829
4809
31362
22920
25494
12880
26742
19351
16515
1946
32683
9632
25853
24057
31965
2737
13676
13232
24960
16312
6725
21637
26969
18166
5379
4363
15833
17953
10471
7852
828
9052
4975
27768
7014
1239
4246
30897
14968
8006
9937
29458
10549
32515
14022
14307
20760
14338
19146
28606
28209
10360
25121
24606
707
14923
13301
14509
26783
20280
9746
26954
7231
17350
29543
19676
7585
13550
15933
13529
745
29831
2612
8597
6326
22643
23042
13131
11328
20620
27883
8173
23350
28492
22528
14763
1369
20798
30487
21061
15320
3880
29070
1809
19050
9973
20159
16843
13870
1893
22081
31264
20034
10867
14308
1017
10789
27273
14187
30344
12749
32358
22535
30739
2951
18379
17304
31363
2963
24809
27043
13483
379
5258
4625
25690
32567
11521
24493
9503
30210
17875
32347
26591
17658
3106
31001
22296
5498
6621
29623
13298
8504
22441
17494
30730
15901
4494
10402
18430
19431
10850
4815
696
24449
6646
19029
31099
18461
8706
23658
7343
18967
26064
6212
10604
11146
20651
4875
9160
28334
30471
28576
10721
22008
24173
26128
27561
3567
22573
18134
21364
6352
23233
30164
11075
22497
1539
6416
19150
20117
15887
30511
6739
31589
2294
16818
30241
25193
6951
18162
16099
9656
16030
18396
8877
18309
202
28013
27336
29174
21311
6636
23102
24771
2848
4587
26916
18579
27466
14587
26794
22551
9537
24114
23524
12002
31963
21598
4437
26127
31406
20998
18752
1681
22842
21796
29871
2392
6359
1701
22848
15657
26205
22940
9650
11834
16533
25162
17203
27536
2146
8399
28519
17945
26543
15276
27448
25993
15128
26112
19040
20213
27224
28030
12216
14640
23413
11313
574
19177
27821
23023
26343
7809
8478
31134
2858
10157
27705
24106
3145
22224
18405
834
1885
5653
370
13781
7721
31824
26948
18512
31899
20882
20796
20116
11041
16782
1509
7609
14770
22447
11875
2949
3991
8437
16156
10666
27645
3987
27427
30915
25404
31818
16489
20237
25829
24963
23202
28389
5774
11311
22776
2309
3932
15967
627
9854
16469
32674
17699
13941
5475
5922
31762
15261
6951
11133
10221
21880
13699
17508
1644
8525
13030
10742
13447
12008
18518
24026
18263
1300
16959
2590
1996
29145
30205
467
15636
8822
16427
12133
12742
16157
7081
3259
24530
1649
7535
274
28458
9408
24853
16537
29484
17152
12830
2509
4822
2443
32264
23699
1960
4762
23316
1815
8024
2179
12245
9318
11320
27570
18299
26829
4200
15465
24285
22513
20411
1079
30280
16555
21610
31545
29705
6825
21115
17684
25532
8646
30191
430
24147
19236
18350
11695
26341
28687
30003
3771
18492
19089
26359
10092
16157
8149
20895
28433
32085
13372
11748
18728
20872
25921
17222
30877
32697
1293
12656
2753
5784
21465
9322
30217
19855
13064
8065
26763
14219
28160
2806
568
22155
13516
28777
30426
23529
9331
4611
21453
8555
30997
18534
25981
9993
17867
21334
30883
8572
20028
2340
29502
25995
24063
4318
339
15381
14773
4920
20837
27357
1505
3641
7348
32280
16270
14245
30517
7864
8863
6702
9044
374
6644
22873
25964
15010
5442
18481
4866
682
24751
16047
22981
14188
23088
23012
31302
9787
8355
4844
29303
27315
6315
22675
21477
28221
25423
6084
16821
21601
8786
24246
21088
24527
9808
1748
20782
7211
25245
4464
7028
22683
17117
9000
5517
16146
15971
18964
29593
5211
17738
31413
20984
27877
25430
28573
22917
25169
13448
22494
27538
5564
1923
51
4520
2764
18849
25329
11515
10108
6356
19115
8623
25768
5951
29608
31181
31576
23696
22534
15363
6860
8483
4778
29215
29515
32472
1263
6986
8620
25520
11018
1540
18337
4650
19263
19939
23751
19296
27589
30987
1134
32480
15226
29036
29736
7243
22855
21951
14099
25264
9809
24126
23014
18854
3812
20774
19390
24619
30240
17133
32678
15680
12385
7747
6888
24128
14448
12235
15382
3844
2923
12694
9943
14265
22388
4708
24691
11388
26908
29849
2332
23226
910
8448
32258
28746
3963
26947
4117
22599
19657
13862
23448
10671
29435
15751
3178
25533
27742
7190
6931
5126
6137
20180
20113
16981
15922
18509
3809
15944
9280
7572
21580
10919
27220
1795
16246
25223
8327
12464
9768
5155
16002
5806
8408
11637
27119
26888
25854
30360
14243
13182
30742
30173
21384
17661
1907
31151
15180
4832
28874
25639
30667
5097
18298
5230
317
20221
25244
2518
14879
6563
16335
7351
11490
16955
18112
26891
30806
8702
14716
18121
5845
21177
23925
27650
27695
1097
10581
5308
18009
11733
902
19602
15572
5838
23934
13832
6879
29608
14283
27567
16476
4693
23266
22268
9602
21126
20647
6377
27976
26016
27324
24649
12941
4736
24970
18924
31751
30959
22544
9846
754
4324
20590
16896
14452
24956
23856
2412
13778
11194
7003
10632
853
1278
16698
1002
25082
7495
19941
5509
988
11560
9622
11023
24418
18315
9899
32531
2344
2857
890
7637
16559
28613
27865
10985
7107
11051
22888
25746
31920
27116
30117
219
16164
22486
2221
16503
18402
13366
22995
21338
25388
28109
25314
27412
7661
659
23346
5872
1450
7981
26477
17872
31527
14896
31263
2502
985
10003
12543
31091
17935
23798
15103
19232
7134
27925
4885
1438
26833
25866
7111
25309
7757
6342
26489
16463
6854
4174
14710
14586
20388
5429
3008
17759
23027
7133
9624
32015
31181
1132
3788
22022
5255
28560
27587
32206
11678
8947
3657
10324
608
14717
18203
28809
13402
6989
17458
9912
11909
31093
2000
10410
12591
18807
17483
8059
12459
31875
10396
16186
29368
28270
27047
25668
5810
18546
5192
10845
29818
21416
29729
22931
32294
30534
6950
17619
4201
24216
21989
30280
24001
704
6294
17783
24675
5165
12519
13084
32486
32732
18564
9922
20401
3153
1128
27172
10022
19028
19686
32326
23691
21868
2678
9811
29117
8221
25408
17461
2451
18400
17770
25334
22803
11494
18978
2778
32599
18829
15722
15160
28733
1439
22183
9756
24018
333
28135
2463
19580
5102
14837
17153
15849
31351
25375
30603
7867
29113
30402
28455
25328
14430
1946
31931
32019
13473
1739
4170
7204
14800
8622
20170
23624
10627
12380
19395
22064
27802
253
16556
14667
32760
3022
24069
23723
4353
23539
4659
29368
26068
14594
25120
19351
3400
23883
12175
21080
4776
17641
2367
12514
12591
24970
24775
18078
17218
16126
16940
24038
26991
25728
26947
19500
9513
32455
20682
26858
25409
7884
5956
1869
12836
6490
21912
24225
8151
21335
17256
3451
31667
1748
17714
9128
30688
19670
16425
24281
26258
30690
20433
1546
3846
2890
14685
4023
22075
23354
14536
32446
14193
8578
949
8722
18531
4897
7688
8998
17731
17045
23616
3859
24697
23269
12187
18063
21020
32618
6120
142
25389
23649
22314
19381
28822
13362
17137
14979
8677
30078
20344
9791
20423
9707
12415
13471
22087
11695
11239
3133
20164
20445
31247
25530
28084
23410
20465
22447
27
24863
28411
13144
17609
31188
22190
6143
7510
27153
29688
12074
21214
11756
27218
21380
27261
14817
21145
23692
17801
31836
2989
30975
2450
27656
30924
17414
3099
11989
18860
287
15893
9675
10330
10957
21279
27026
26837
16383
8320
957
5737
31810
28640
28890
31437
26277
16841
14138
31484
25456
15329
7809
26068
13444
16101
21484
4207
5264
24677
1893
23621
22777
17474
19784
766
18054
4583
20723
17432
1231
330
9232
20541
23651
15265
13986
3681
11196
3045
17360
5791
16099
6920
16244
32465
30179
13301
4195
21745
26095
19275
9082
25395
24914
18137
9069
6622
4635
16601
24911
15086
4996
17133
14817
9067
13862
13531
922
20103
23263
31495
20858
28282
4223
180
5775
14110
24629
10746
30276
13898
29884
27014
19821
21998
2117
30228
16402
25587
17699
23469
22527
15312
1337
25761
8
28140
7203
5700
26652
183
6183
15720
7697
10118
9690
18078
26409
2866
658
24107
9831
112
10639
5068
23444
18415
10216
32298
1808
13364
17207
6683
32345
20789
24324
24991
32093
27063
19698
22165
128
1639
29611
32064
13163
17083
30861
638
154
4998
22545
2498
3492
23390
6399
24278
12361
26798
1620
1875
10302
14745
7151
28635
10679
8597
4606
12573
1208
11460
13098
10374
29980
23825
27013
24775
26466
7439
11823
1548
15931
1169
18380
25078
25812
19209
934
7004
14819
930
21921
13766
8051
32539
2786
3237
15216
28521
31550
18004
13554
10508
25956
31439
31305
7725
25035
2614
23501
28541
6233
24319
1890
11980
9432
6142
12493
12139
22041
22038
29370
67
13286
10685
13449
27570
30633
23601
8412
6441
25565
4220
30946
11398
9784
30760
20576
32562
12437
6083
32388
20218
13475
22289
20329
32430
11856
22804
17001
17532
10483
22460
24870
25098
11068
32622
31575
16981
30172
1591
21332
6476
243
31437
1888
24875
25661
1865
17336
20888
5628
9126
2399
11392
11429
29689
5543
31920
3914
20078
13951
8755
16586
9478
6016
18542
12730
20242
21430
8700
17682
28271
22574
1610
29592
27775
25412
19698
14861
19178
11433
728
15896
17433
567
21767
22006
30575
25972
19785
24287
7493
30184
15496
3639
32428
13343
28391
10618
11490
27004
1440
20708
13456
16580
4764
18659
18633
23398
20948
28221
8643
28555
7274
16641
2899
15074
29062
12847
24362
22057
12529
8231
26322
13690
25460
11730
24934
24923
11502
24722
10516
13443
17464
12522
13396
10861
3257
31213
28389
2719
11720
29544
9868
31927
17349
8910
1932
20794
1781
28392
25828
2844
1057
16953
18507
30223
17134
26674
1516
21900
30203
4378
20449
30882
4285
10427
1393
16001
24345
27597
14858
22469
31430
26660
12285
20612
14945
21401
17147
12054
30285
26040
32339
13223
16209
8238
23273
1149
25327
12784
24822
21258
22917
24876
10625
17841
31270
10225
31649
12888
4150
28573
367
30130
11975
5898
20685
29514
23990
12151
17370
2638
31877
7224
23857
2849
30455
285
13284
31134
10094
11172
9019
10285
772
25310
14892
30600
27499
18977
9882
18251
17029
17011
6222
25405
7106
30385
22454
31073
10045
32387
3168
25787
12950
17408
28468
22754
23438
6176
25716
14922
20580
8677
14709
12110
14833
5193
539
13824
11141
22246
21013
19121
13440
3431
19934
27455
28592
10674
20335
801
11374
29907
6852
3123
3447
15015
24085
28738
14731
1101
31185
30551
31176
3404
19546
20164
25027
24452
32131
29935
23915
16854
1483
5601
16542
26003
27990
9358
13448
32421
32431
15586
7872
12928
26944
6800
24097
2502
3981
12442
31080
20669
32051
11679
7058
4721
16548
30951
31219
6824
9375
29743
22
10890
1394
3637
23896
19469
15855
29188
20547
28706
26672
24317
19371
17313
28170
30121
20875
26357
9554
1344
8093
29831
29650
9720
2491
491
14089
11279
7672
1997
27558
16279
28285
23706
20675
9477
7461
11758
738
631
1240
9408
19112
11721
7336
8271
7003
20310
28845
13259
32029
25998
19617
21188
24294
30012
29754
22611
3139
29332
1355
21771
17104
12032
24473
20381
9078
22439
11902
25677
31589
20673
28736
28440
8400
31134
5935
11426
24427
9583
8320
32225
12454
21723
15596
14988
15270
31810
26376
15937
22792
25295
867
7289
5717
26176
26209
10028
30019
12149
23514
13379
25265
9146
3186
19906
8544
7892
23734
14514
9331
16845
8699
32463
5541
25215
18679
26358
844
26595
18972
2125
29201
7959
1976
25648
20076
21809
29134
13023
31202
16838
2994
20200
28670
3640
12134
27477
16145
1475
10935
150
20649
14918
4631
7213
15826
10707
25913
32539
11023
12533
24943
14094
26646
21956
7619
7751
20303
14249
19671
28237
8459
12274
16509
20819
22148
28437
2837
7786
10393
8900
23210
11367
17990
28852
27083
26514
30437
21037
8747
5651
9254
7250
19704
30493
1999
16686
27899
10455
31028
5506
7796
271
5750
10065
6323
17566
17787
28967
11638
27033
18609
30253
25094
20540
25474
4846
32272
7831
19093
3815
11332
10998
23499
15057
2223
8465
23028
10157
14553
19960
10325
17044
27038
16061
16858
24891
20173
7647
26651
2888
130
31609
17937
3160
21059
27695
661
6861
32733
10963
32412
8024
19453
10459
15156
26954
27789
14724
9021
23450
24788
17346
13544
24245
3404
9966
18161
8969
14658
15918
26012
80
18992
11939
881
32156
22746
27734
31158
20007
31787
8672
5297
20184
26061
26331
10138
20629
11402
28939
25698
15179
24677
11340
29479
21950
17527
25915
1394
15889
19083
29348
24886
24341
11385
2479
8073
28242
16195
10441
6943
16086
23537
17748
19083
29888
31276
10253
566
25994
22685
9281
23067
12570
20227
5551
13128
24456
9750
20796
6420
4013
4383
29785
31265
624
9556
16181
29968
3792
27381
26018
13575
19121
25639
711
6628
29798
9619
7051
10302
26882
23742
23484
32032
13150
24614
31235
16772
32746
9506
28296
22929
309
14199
26725
19348
4410
3769
11724
6848
7024
23912
21239
4518
7056
13766
29651
14450
15652
8313
23659
29419
26580
229
19477
552
17520
25415
16223
26131
1724
4242
27833
23199
2047
1034
24543
27849
32330
7841
24588
25424
23689
13332
3296
30515
10059
19909
24078
6127
19025
16215
29125
14197
15064
26892
21988
23021
29350
17374
14301
25901
4054
4958
10084
27640
9572
22864
22496
28918
2168
26372
3215
23927
9843
10354
7031
10216
12218
1309
13072
26129
9029
29348
20147
18196
1766
5416
1472
12582
22618
2402
8594
32522
785
13439
9764
6482
26301
13762
14720
26453
15004
21976
5611
21487
22918
4090
29394
25083
17078
4293
4211
3217
23384
18137
21067
28416
15574
24883
5186
28810
7139
22347
9881
28642
5188
22253
7311
10854
25953
13272
22998
23324
27535
13592
2745
19822
25114
23587
29450
24486
14869
438
16333
12584
4579
25709
18341
30833
6529
1317
26114
15571
28569
27921
23816
28653
17222
14751
27198
8940
18088
2568
31227
21381
15911
10937
9617
3246
14472
6757
26678
22303
15281
17639
14006
13708
29244
4057
26075
10399
9662
5364
2968
30391
4564
9774
18168
13155
23537
30605
6857
17053
15338
2765
18183
21446
8510
14517
19722
4197
24871
29753
2671
31391
14690
9040
5832
14198
13245
10643
20483
16578
13925
155
16795
15087
19692
31255
21120
27260
30237
1967
26055
1327
640
9372
23057
23320
20395
15620
5053
4940
27727
12055
32205
30815
28926
16874
11673
4254
6589
11798
5430
32273
27726
5136
28836
25140
30522
31814
22969
16751
30112
15615
11985
8795
25536
25071
14387
25779
20551
29085
14402
3100
30296
11381
21096
31381
27742
8620
29890
22204
29588
13784
12427
6598
13393
30539
11594
316
29460
23603
8891
24694
2644
18034
1407
3545
13572
26942
21122
26576
30184
27768
9520
11659
10138
27085
1111
10106
347
8079
4570
23432
7323
30033
2331
18712
18246
11844
14374
26816
11988
25940
24478
27592
12303
12034
9576
30560
22435
32000
1561
22437
24424
8078
28960
26194
13422
151
31667
8518
20940
29834
22138
11450
31784
15610
29182
15678
10758
6388
32208
9592
9426
32548
11897
924
11947
23975
30245
19114
14581
31661
7182
9067
30621
22742
24234
24873
23851
9802
3219
1585
19337
13718
16442
5129
1429
31050
10828
9074
11624
29523
5856
28
23396
11545
6501
17451
6656
5463
2894
12142
21075
24510
18810
13914
30049
16969
23653
1224
28201
11358
30481
28787
10346
21418
30898
5935
14393
12985
23836
9450
28228
21848
18413
32100
25827
3755
5754
17838
20964
29965
9338
2404
10515
16298
12148
30633
23435
25054
1258
29671
16320
76
26435
30276
28232
7103
21881
30691
8044
3520
8583
26335
21874
13051
400
24072
24488
24402
1999
7259
560
30654
11586
30787
20111
19946
23318
19090
30964
6542
7889
3390
13896
11148
30017
10715
28409
14027
22568
13276
21126
19159
31396
2698
6091
23605
24672
7872
30218
30343
15229
22635
8893
29797
15678
22469
24606
22773
17782
3660
26738
10064
7345
27525
16921
21397
9509
6514
18519
10697
11863
1236
29920
18037
22413
11553
13861
31997
11511
30788
24161
18370
27548
1559
30562
7671
6149
16288
1816
19268
21420
7695
4319
9500
7459
25971
24460
14815
26373
20288
25657
21935
12701
24705
13777
30994
4952
26589
32090
7500
23531
24395
23301
25210
15939
11669
4087
878
11569
910
30933
11086
22226
20754
9490
2283
27327
3522
5880
15330
5882
20860
30839
30581
26515
30877
20657
30503
29981
20470
1601
8473
3540
1167
14927
29223
17803
21278
18517
4034
6231
13125
30382
7051
3070
31375
9187
9397
31773
13097
31925
21271
32027
8800
1770
10260
465
15070
3288
28971
12278
30372
13746
18525
3916
21702
22165
15938
32652
30442
18514
2538
8466
6783
19961
23156
7240
27068
22570
9840
29652
24671
12571
5366
19841
16418
23912
23683
24046
20733
15774
13207
25337
26911
15494
12047
22761
30890
5681
10818
22109
5425
968
5342
15096
16626
22544
17025
7370
27091
22720
6167
8317
23582
24707
13046
10308
9468
5579
26042
1411
8371
16987
9954
6462
12447
6035
19751
3907
21745
27514
13728
8215
9771
14989
12183
1442
27223
31306
18985
3738
16906
2171
24479
31919
10524
17219
31375
6523
18212
5610
28850
11816
19382
1640
20356
18911
21084
4019
30366
756
2645
21704
31699
7890
7696
30844
13580
19624
5734
9728
996
24272
13722
5685
16130
12036
1554
7605
21818
6463
6356
3997
1635
14708
12223
284
19958
22514
20366
14781
23403
12434
30092
23668
13396
166
27927
5482
23606
1953
215
22664
7722
26246
956
31941
21560
2578
28089
16432
18542
2984
2114
188
3012
13569
26246
13775
24240
4752
9580
30345
1927
16566
12111
6356
12954
24490
32634
13616
14348
23078
8546
6972
25461
27346
26534
771
6456
3185
5831
1804
30116
16590
32679
13088
16845
23140
17859
13273
23080
13520
19760
29423
25321
2039
3159
11330
26141
16887
15728
18343
14214
5071
11199
883
14906
7373
6289
15304
25594
24763
29685
23202
6739
29896
25915
15520
17783
3896
24366
5779
13529
26059
15376
10184
12682
1774
7514
17685
23126
6564
2864
2214
9629
12339
4006
12933
9459
6542
18869
1514
26231
23942
13307
12104
4084
20399
6966
32532
4025
25875
127
1363
32568
14489
25414
23018
4961
27187
12049
7589
14012
17611
18676
5
10569
22251
30927
21962
16920
27182
10826
3139
11943
1386
16785
1368
19454
26011
32720
10324
30092
6542
13165
13171
26048
11346
12296
6703
1127
2654
18996
31819
16072
3458
21234
412
17793
23439
20210
9882
19487
965
25992
17834
9856
1793
17263
26921
24553
13987
27969
12856
10215
5696
15794
24650
12518
11277
2960
17774
23699
27654
13179
13149
20977
10721
356
11587
22845
15798
13766
27214
6531
18283
8871
29943
5116
15585
7245
29459
31022
12000
14785
25240
13250
28867
8453
22320
17700
3811
23316
1152
20445
16324
27550
8501
27568
15362
10368
28371
8054
10489
3333
29244
7353
567
1247
10499
6419
11683
27363
18286
24901
9834
14216
19277
534
27309
6941
28541
8946
6123
32717
19515
28222
25136
12117
12330
9084
20987
6271
32290
12067
29936
28773
7102
25660
27970
11111
15524
13244
3038
2537
5779
32164
24920
13517
18990
22491
29078
9652
3210
26310
30271
22260
23929
9133
23521
30551
22164
11469
26084
7577
24330
31549
9522
14240
20523
6785
11684
12665
22196
15856
13867
4119
7384
20422
4035
31690
2323
22024
7960
30336
7598
18715
17653
14783
17680
14371
24944
30814
5835
22300
24023
6
24930
21179
26969
30316
1244
1538
21620
11852
27146
28069
14114
20516
8855
29984
19907
21174
32212
31125
14537
32571
7745
7783
2853
32103
23514
20375
21365
8993
32552
3553
3050
1023
8451
24725
7418
31875
15143
2359
24267
13591
13694
21718
17755
22730
31783
10028
9071
31688
27209
7035
12353
28059
5531
22306
15336
29476
18095
27137
16007
9303
10753
22675
11830
27066
1475
11204
18352
21915
102
8855
13761
21780
17384
24953
17261
29888
2528
15202
1248
13626
23627
28849
8986
11097
5908
32708
13911
26670
30309
25434
23359
25786
15792
23210
28370
28015
17276
5951
7441
18797
28144
27802
11885
6521
27680
23942
16369
10941
14363
9017
21038
14658
11697
2607
23274
24110
16900
16582
17799
9661
10198
29594
3637
2304
27788
21406
25559
18264
23045
25087
31926
23474
10525
7609
2536
2432
20735
28405
30078
15738
32558
27689
22384
15897
1107
21742
19785
26576
16836
24224
8339
28937
25560
11960
26624
29155
29933
7913
3933
11180
5430
9980
29239
19488
25413
2155
30026
10335
24924
6080
19118
11184
25459
16299
19648
30200
21001
6630
7121
26104
19883
14793
27281
2889
32581
1196
9529
15385
8492
13312
24443
19107
3303
23852
13611
5744
22977
6953
2474
30031
22543
13788
21014
12309
30017
25398
22067
3861
21675
32270
5144
12894
10513
20153
12953
12727
6900
16751
11896
16475
18335
9821
11851
20597
9456
22409
10539
29274
21991
24682
19489
27528
15344
835
19025
16738
20720
14403
996
13225
5650
606
12215
25274
9038
13801
29637
7562
9150
3320
6229
4961
19104
9592
16867
25945
3370
17675
24015
21398
11537
32422
11719
578
24536
5613
7669
4688
7897
15433
20969
2540
27668
975
5189
18628
6075
9168
5419
1017
21113
27456
9063
1508
6278
31943
19547
11657
16748
12457
3758
27100
16534
14422
2996
11446
25245
24528
25499
4501
4946
2241
10331
13334
30859
15192
4956
29236
28078
26855
27108
5694
11263
15422
15431
9370
11177
5061
27596
18747
2446
347
9057
8419
32206
27634
12031
23066
12057
12007
24027
27114
28341
21282
23378
20575
10574
15858
10897
10433
6273
29093
12551
399
295
15338
31628
14396
2657
28136
10830
21673
31080
31258
12160
8293
24082
5105
19649
30118
31779
11559
31565
519
32089
27876
10981
30975
14389
31892
895
29221
6027
18051
5550
28454
28361
573
9679
17794
18183
10920
32249
26633
28882
14813
29346
19481
26296
18123
1553
26260
19603
24715
22152
31908
6038
17280
17197
17454
11033
17462
29628
4119
30244
3064
12015
1081
23997
815
11176
3364
32754
1405
18660
6037
7077
15261
22624
17334
10522
14073
26633
4123
28481
11016
13860
14456
8644
24686
15426
17444
21457
15825
31969
78
19364
636
32738
25089
731
3766
10671
3033
24441
21984
22824
29571
29111
22097
30802
25334
17039
13042
27582
20851
32518
19096
3259
20541
3132
26916
6715
1817
20532
28253
19590
31876
15204
1672
30624
9655
24316
20685
26747
31323
7159
3913
26845
2060
14050
15602
5647
16783
23663
9518
30283
1492
25273
22835
30947
6826
21332
7965
19761
5956
2588
14032
15426
31343
29883
4244
28993
26769
16119
20841
23717
19809
30657
16687
7706
23912
31485
32375
8497
13115
11282
5158
22726
1141
19762
19664
17717
10871
32614
24526
12604
31455
14177
21541
20910
11209
13057
13590
13277
16328
15268
29828
9925
13730
16688
5898
2808
30671
6625
1497
13645
18352
29393
8786
20552
8336
15689
30567
26696
20059
9417
9393
3699
13344
23001
24401
15970
32328
15758
9353
29323
15508
14811
31254
4978
8152
21149
22611
11663
22393
15204
6670
6654
19112
32258
3625
1513
10587
32214
1777
1206
4368
25558
830
6383
16705
16221
19791
24565
7078
26554
11106
19556
27693
27252
32278
6981
13498
4703
26753
28663
30878
21344
24081
17114
17369
9983
12835
3776
27152
9649
1381
26900
14668
26851
11500
28872
7288
454
28436
16384
27033
4317
12827
19584
22475
19016
30844
25302
22783
29390
18189
10311
21366
8620
20696
20346
30460
21279
1209
27622
10725
6067
22716
4093
18889
27722
28467
8726
15359
1771
29082
5147
2522
9296
15660
27127
1190
8750
15681
15036
11616
29250
3950
6296
23609
12832
19803
2934
25545
29627
6242
2675
11283
691
17133
8199
317
12897
13196
9456
4620
164
24025
15837
23073
6506
27916
2016
29685
1790
31837
8081
3734
6931
31005
28417
799
23700
2707
28261
17912
1577
7063
17279
12243
24969
25072
27595
23137
2946
32622
23919
3288
27850
6344
19168
29734
29571
32307
30035
8946
22928
16838
14826
5463
922
22417
17819
13407
17632
7031
7136
5441
5059
22735
23585
28763
31501
12222
29153
3054
21509
29778
7082
5787
5427
25439
29881
11681
16883
18714
28010
2772
18108
30071
24162
5724
20014
6722
8830
22579
23261
28415
25471
1372
12767
13955
1394
9444
25111
591
23776
2202
29760
20399
7098
5517
4025
23191
8451
6218
8211
16952
5947
8402
18266
23397
3471
8797
10535
19625
30658
21202
23138
20516
16601
1537
471
14122
23689
166
30080
2969
865
32542
24716
27390
1463
27622
15923
30567
24916
473
13625
31238
1503
22054
8259
5002
29706
1554
20189
5693
9086
1139
19271
26078
23431
17128
12547
31036
27263
13017
24607
22935
26620
23090
6466
15286
28089
30686
20089
3784
29509
29702
13503
7419
14445
6150
25166
6622
27242
18995
1448
14967
28619
18768
356
13092
1825
9161
30905
14130
9324
26293
6348
22078
14664
16526
10937
21327
21463
5037
14947
20913
16493
13448
24060
29584
6655
20396
27219
18008
30025
13176
8161
6350
4801
31135
7313
5870
17214
19547
7763
18307
27496
17266
25183
18313
20958
5354
11593
24386
9258
5515
18377
19738
24166
17689
31816
25148
426
25166
24874
19696
17725
17049
31710
11451
11895
27033
2215
19509
15223
7256
29479
7336
3210
27720
19376
20333
14422
30206
17739
10503
14026
20400
2180
27132
3782
25456
26363
26999
12937
12581
15276
15775
14046
13390
1017
3509
20742
26998
32124
27120
18276
12151
21647
17688
16619
110
12184
27620
8008
16002
8981
5652
20430
4180
23147
27982
16165
2372
366
9658
23474
6506
15023
1116
21189
335
11913
28468
29830
17775
32490
25367
27293
23919
11234
27468
11682
6942
13549
30438
25931
1325
769
10212
8015
8622
26454
30729
2333
27727
15096
20348
6206
29779
27405
26912
19850
24148
32230
8369
32526
17850
23752
1699
21689
14841
28281
21947
25545
21391
20105
9834
5368
7353
11622
31724
16741
18936
9501
1829
12868
32327
3825
15158
28485
5913
9629
4066
1989
15380
105
3492
17079
11920
13039
32652
24913
5326
7594
26333
24694
15608
15171
3176
25830
5085
30364
19366
15911
19305
21912
29592
11314
27877
1201
22879
21470
21236
3895
30875
3597
18249
20585
15748
32153
16425
26933
21705
6140
31140
18127
7467
3265
26259
1524
5849
14254
13648
16123
27786
2478
25656
1696
29276
5249
8674
12176
13936
9506
29980
6324
32578
6396
26793
5181
21449
22987
14013
13172
26962
11347
12340
831
4893
15812
23446
1394
4020
7144
1996
29403
20495
1042
20126
4620
5225
13511
17140
12006
31456
11817
18121
32490
23503
3367
17646
32319
4075
28006
19076
4483
31776
32238
15415
30802
32553
13461
9018
23703
7410
19500
19975
2709
941
31083
16596
7604
18102
669
12756
11788
27431
9738
3379
19123
8763
31529
15566
19655
19812
14978
12214
20282
10282
6245
23907
22368
13258
7757
16568
31290
16522
12049
1722
2688
12509
8656
27920
7024
21052
8090
3130
25689
26558
12255
2449
20710
17021
8088
27907
18987
937
12087
5770
1137
25705
13135
3953
24001
8053
5123
13126
6451
22644
22320
27806
756
7446
8538
395
18712
23537
22871
11230
5413
27933
23229
31005
12891
2190
25357
11843
19653
17972
9628
11066
5376
980
12869
2585
21710
19620
6864
30237
16474
7849
801
30313
4169
10705
2080
10365
12421
25808
10604
9848
4040
5051
8639
5390
23530
7269
23071
5447
14059
17533
25546
5629
12480
13668
9439
16659
4574
25039
9164
117
17031
10529
7547
22228
23255
21637
21052
2079
10125
18895
13680
19904
12187
4112
27643
4763
1644
507
17767
29383
30455
18938
7128
31498
21384
1040
18100
25623
30281
8557
3086
17798
16019
27091
15575
31895
5879
13995
26563
17063
20490
17382
20221
12142
23540
12949
3210
8958
14007
6471
4477
21371
1856
15910
27616
31387
17712
22224
32605
24284
28519
27126
7344
13448
8021
11959
9165
4714
1279
1466
7376
30286
6099
26637
29608
5434
2093
26561
17027
29549
15781
7745
22265
27
28191
9335
24056
12518
6544
28829
25202
22812
30352
13795
2760
14515
7077
8646
16628
32517
29001
4906
12665
15692
14529
10045
19724
1243
13213
14348
14591
11554
14349
10466
23154
32095
15850
7269
26680
13861
12416
28782
12170
13966
4381
7083
30574
14655
13915
18679
12005
25888
13356
19572
20951
11736
14506
20078
12479
16395
27036
18415
1814
30035
3784
11554
3201
3071
5371
24936
27834
7822
13785
20796
21054
5866
20581
19911
28603
6500
15951
1602
13368
9075
12801
15120
5634
23084
26984
1687
8282
17537
16770
22498
12256
27961
30380
31480
2493
10419
7593
19193
14740
31322
8562
27134
25126
21991
20928
6830
27847
14426
20058
6048
17284
21686
23326
1140
529
20607
26833
21680
18805
19444
24232
17500
8820
12812
28819
15964
6848
3123
3660
19600
2270
21953
14114
28077
8922
2879
16006
27865
21418
29016
19794
5897
31587
20385
11229
27163
1565
6921
8383
6578
1447
19486
28773
1493
14827
23813
18771
32583
13344
11062
10556
30116
178
14587
1732
27456
1009
2728
19471
19135
30075
7064
28177
31348
9834
9963
11413
18810
32318
16385
18186
4756
23177
30389
12816
12486
15709
858
6598
8624
30325
13942
15570
29101
13094
10305
27693
19887
8452
25563
15284
22232
3923
2641
12142
5081
15156
10574
29086
7179
12940
16801
23944
22607
31155
14706
27396
30118
24545
13892
18116
25999
11865
6826
9060
2084
7763
9161
3894
23539
16810
25233
23243
20381
19018
3258
23618
4401
23639
24960
6992
30534
22302
7711
12819
24538
16572
15886
28310
8430
16528
763
291
26333
21602
137
17228
7296
11344
10188
25528
14596
22908
3712
686
3974
15223
28173
2915
31859
22636
5691
22019
3234
3084
20405
24193
31278
14653
27199
7199
6933
27266
29367
17853
7570
3369
19661
3809
11834
13110
11393
10634
25560
2066
11105
6324
3338
25587
30080
8107
15256
10763
18997
23056
10647
23920
19609
18604
21570
6350
24510
24312
26771
21710
2735
23912
23973
10565
8236
1147
22729
29981
9762
27780
14186
6404
14572
3637
23201
12502
26188
18416
4247
30667
15400
27598
14238
17248
1796
8811
30478
16646
31811
11896
10721
25229
19485
23806
22286
9551
22367
11891
21414
8220
1254
1150
27311
1001
29401
24714
9923
31543
32681
32524
6504
5189
26314
23445
15406
8693
27950
27031
18315
16255
22918
3575
7031
25303
13368
9558
5574
10719
2847
8991
29256
20045
13573
5457
4257
27738
20704
6410
15338
2096
31952
3031
20484
32272
212
1469
22720
18758
26960
26630
1713
19918
19775
3277
5579
4292
15416
25417
452
2956
4130
1241
9255
1477
7862
3795
6200
8687
1721
19724
139
2262
5367
295
2659
24518
31998
21150
19147
30061
24992
13202
20854
20878
26918
18002
3416
4971
22868
4013
24320
19184
30497
504
29884
14495
9779
11486
19563
8255
1052
7658
30496
6724
31575
15830
31356
4093
2561
13969
27592
20096
14423
11794
8405
23637
31475
25055
4755
32229
31942
28508
19828
5280
3284
21716
2942
17649
11186
30537
21554
3811
29889
14588
15905
17808
24360
27834
11847
4429
4755
12781
12590
26775
19373
1374
18883
11196
3166
4811
20983
20297
5060
4909
18709
16695
23027
17349
11238
29908
2925
16876
12934
16755
16480
22424
4100
32723
27554
1197
4029
4688
15725
20746
11381
17356
30170
13134
32058
10587
25374
6254
5113
29360
1928
22520
10717
21835
9014
8484
13675
32352
7578
11423
18015
14214
2736
16151
17220
10788
18429
18567
25813
28060
27974
11328
2838
19508
3350
32187
18482
27337
237
15904
15635
16178
15688
26261
9155
373
26965
19272
9094
940
13939
9019
19123
7349
13163
16594
19030
4509
6000
18206
20359
10698
16600
26599
5769
23018
25496
30331
5026
12703
9090
23353
19901
30695
5693
13276
18112
8781
26888
11401
3502
4817
9774
23959
22140
18584
22088
14880
13237
28500
31029
23371
19917
31089
4826
13399
13380
12549
18330
31592
9346
27508
17556
21266
25197
19430
28575
166
32459
16490
6919
15167
10075
9703
14596
24459
23730
16071
19198
5209
10710
26721
2179
11239
14748
15146
31236
19945
26050
412
851
13913
7115
12770
6621
5378
13214
22088
8871
22986
5085
4197
13321
31170
16390
8965
14125
30959
11340
11993
9543
17622
29491
3550
23697
11209
18670
31117
18702
31988
18552
26567
23802
7462
30324
19071
5395
7264
5574
7717
1163
6176
10733
29398
9416
30314
17191
23620
25825
17819
28739
29799
13529
19693
29252
23777
2201
6601
3514
27442
3759
5584
5600
27552
5833
29096
3446
9955
25583
28807
31069
5780
26244
24704
16628
29780
6650
19344
14389
4028
600
11623
12174
5896
1389
14840
9600
16002
7122
191
30201
29360
5537
30933
9074
317
28406
16821
5576
25768
28714
9420
27355
7854
5578
9154
13545
19832
31833
8075
17064
26501
19402
25644
19749
19029
24252
9550
10079
2011
8563
14212
19362
7840
25754
4700
25253
2231
8123
26407
8291
19812
24442
22664
4793
395
23445
7871
15812
25306
28827
9395
8696
31158
31087
27073
2049
28134
17532
13383
11866
31234
8373
24814
13486
10649
15956
23227
24817
20005
24398
2005
6718
22192
5016
14100
13679
30274
32028
23118
28542
17681
22394
6496
12703
18536
16255
2558
31513
3411
30310
6203
3304
16911
7377
27607
13076
31285
8581
22092
18383
2464
24552
5527
19537
8739
10812
30663
13172
8172
15257
11079
14863
12470
19884
18410
26898
16818
20018
23739
7526
24627
28722
3714
12674
31004
5373
4886
9421
8970
18662
5478
23734
24384
20418
20037
23445
32086
32030
24057
2368
3489
21571
12930
26989
3681
11242
1706
23499
16301
20927
17873
16863
18975
27032
24693
9887
9279
1138
23940
17360
25264
11056
13409
287
24349
22802
15288
18689
25057
8694
14594
20300
14969
82
23767
9618
29354
1773
14327
14658
2161
29280
29974
6012
23215
22096
25451
4791
13457
25192
7671
9749
9153
31513
23446
12929
1358
8721
13255
29070
30043
27260
25658
14863
3467
29949
25374
29302
7720
12139
18985
19693
19990
21580
26212
10550
19834
26130
30908
14403
1833
8727
29513
15765
31955
10074
16219
2645
14828
19703
22601
3635
2398
25704
18170
6658
23024
25470
18992
12304
32116
12829
14232
32327
11955
6074
24978
24069
2585
1174
3520
30139
25888
12983
18512
22599
12414
23211
8202
15890
20750
30716
5913
13289
7039
22898
21657
23452
24255
30987
25316
6745
10533
22459
1692
20678
13409
22756
31352
30944
9252
22931
7119
17814
910
32640
21478
8228
11612
31684
18938
7984
2766
15704
10764
21415
21849
20305
3183
1878
18193
24286
18962
18760
26068
9469
18830
25570
21816
12288
4334
6335
23346
18627
10306
15948
907
28586
6370
6947
3587
11613
5507
6952
4930
13123
5883
14950
3202
1983
31188
16807
10750
14893
26770
12501
9241
23195
7876
29459
29519
12615
20685
14491
6876
29149
17520
4694
29230
26221
26141
11069
6411
20014
26365
15218
642
27637
12223
4381
17043
115
13344
19207
2718
11313
29501
8441
140
30029
12440
21970
23743
27890
12780
12139
31418
12440
3505
4139
18576
17153
22125
3689
16654
30958
11969
9604
23720
30117
4655
23748
9508
29476
24236
32751
22536
21026
27369
17835
17348
11722
13665
32663
19360
28471
30755
12327
15972
7342
11613
8771
27593
24733
20652
24223
9378
1111
26917
6873
4554
23181
10275
32340
3532
21900
10447
22743
27989
17720
7280
9956
25178
30924
28536
32729
26121
16463
13130
18889
21873
2517
22732
20247
11504
5755
1969
4568
3680
800
7811
30950
32256
8420
10099
12996
548
22881
19936
27189
4509
6828
8361
10395
31974
1802
11571
528
15891
25714
16185
26438
23418
1991
20823
14623
18718
14289
31316
31243
29919
17408
25394
14629
26980
19169
4599
4877
13252
27740
5433
25731
30711
25524
23660
2760
24575
17723
18668
19893
20950
23512
17353
20376
6166
25146
25684
7890
26987
5081
29549
17713
31417
20913
22410
28942
2060
22206
13704
5158
67
14390
21042
5177
16252
11657
146
26980
1086
23577
10490
17983
2921
8889
13520
9654
32478
8423
27421
23208
8942
30153
2517
32065
28292
29418
10212
21016
31249
16049
11261
1800
28986
8869
25633
25038
29508
354
2545
15463
3643
12378
16309
27431
16613
12621
21032
26777
12138
1926
19209
25370
30400
9435
8290
2100
19160
10850
3222
10683
19338
30963
23342
6314
15425
19810
13920
20923
2662
25721
16739
22472
20110
25272
2933
22500
13410
31692
10152
29496
30034
5583
30064
19103
20985
25669
26094
10241
13902
14034
18938
24944
29840
30653
29939
20996
17136
5669
16454
1143
26619
22533
15295
27519
16846
20457
5778
17391
5112
29293
3368
31884
18477
1914
26539
16304
3504
29504
21840
31393
894
4851
12391
32430
22843
10565
30500
6159
4830
5798
1323
13946
23323
22846
23005
901
4243
4262
30565
703
31166
362
9857
6028
19348
21567
11024
3268
28414
3333
13664
31243
12544
30075
7221
8942
18851
30660
11161
11202
26019
9373
5223
16445
7901
24923
18581
2001
3959
31143
20548
972
27597
4346
25481
13105
20255
12246
21753
6228
9979
26826
6391
31799
26987
20771
30141
2983
479
18802
10283
10774
8409
20930
2386
5687
23131
26006
192
15452
16144
7077
20361
21135
23612
1364
26
6770
20069
2551
1725
25815
21183
14792
24299
13086
856
21667
12629
4690
10760
135
20145
3074
22038
27597
2885
18657
8362
22310
18228
16669
19447
17238
12172
5759
10533
16050
1035
29767
28927
3674
28084
4293
31585
12087
12822
11447
351
27315
20311
11366
22070
31547
19715
9855
17139
31862
19863
1202
28901
9026
11467
4620
3780
31091
13987
4885
7326
6474
17204
17321
2693
9399
17207
22167
5626
29775
2383
21243
4631
14859
23578
27483
1664
5062
7417
10884
20744
18804
4000
4643
13858
13091
3676
1826
3086
692
14119
10184
27839
27990
23918
26511
6798
28870
19612
3268
929
12359
10094
27617
4121
9571
28662
31914
9983
8288
1132
9482
5612
21633
7352
21931
18298
27650
5312
21591
29806
24529
3953
20497
15266
3852
16015
6898
19635
21054
23357
9669
4464
1625
6988
6498
509
19315
12099
10699
4042
29505
5426
32520
21304
23380
19511
20418
26629
12053
13517
2465
9339
19841
10712
9063
5981
20133
7793
29897
30860
25817
19569
12305
30844
5564
16319
22901
6747
1779
19034
22580
1275
23200
11557
32118
30339
22436
374
7393
18138
22933
12125
4859
9423
17534
31924
21826
31240
30809
235
26637
8625
77
2448
22049
24032
31144
15265
1554
14282
28315
32146
2400
13992
8375
30236
16717
6503
32555
11211
30079
32530
17594
4422
14426
10752
31103
2653
13595
18877
21601
13781
17333
30649
14420
2035
24172
21170
18772
457
21810
25827
21794
4418
23236
16618
3005
26095
18308
378
17311
18064
11797
6085
17853
13154
7609
5286
23867
24876
11882
22674
9971
22791
12985
22077
23716
18672
11114
21515
6138
20751
22733
22589
18754
22980
1498
11224
24041
15991
26900
8276
21177
22812
14106
1034
11732
14985
17165
29019
7276
7031
18597
25759
12360
21082
15378
17620
30966
23009
15252
19203
29904
13387
32473
29809
5553
14192
24602
27531
21877
3466
23284
5007
5682
30408
7431
8954
18999
6033
1104
30901
8137
24472
10055
6142
11416
21924
17080
30487
21763
21533
10593
3249
27408
598
4433
18455
16681
5788
23291
24603
11415
11522
11805
9409
13248
16106
2131
16301
25632
1876
6522
3916
3081
24550
2501
2245
21530
25279
1441
19614
29825
23804
11082
23086
496
24070
13866
3527
3680
28578
1013
21919
6536
17078
20358
18819
3356
23772
15734
4410
16582
4776
5761
17850
16869
23225
19354
14605
23304
17794
8136
20737
5929
9686
5063
24722
15530
13877
28510
11288
31760
18137
1153
1073
20097
16510
2087
9068
16382
2037
7401
15034
8545
3687
27488
22677
24086
6762
25659
5869
29081
5573
2082
15319
14515
27651
20814
14581
6772
17850
6885
13731
17647
11416
8726
4070
31160
25651
31993
21
9758
909
8996
19269
17193
7016
25613
12406
14674
30031
26402
31871
17413
14177
4522
28857
4311
30940
28249
26734
5767
4973
29366
26880
24502
15674
15917
2265
17766
14251
12019
22806
21812
7932
26782
15858
24405
9860
10368
25076
26706
19906
967
12248
31363
23084
27477
32575
4941
8632
4448
24598
10267
29223
3273
12486
32541
8468
22077
27424
22467
4288
31502
21510
7928
13722
8655
31194
11039
26769
15537
11688
15310
4634
1440
25363
14669
31232
8221
8960
28621
18415
31962
32004
17000
190
23319
9102
4572
3200
959
7892
21255
4425
6721
17023
4386
11968
7984
21013
22461
26217
153
42
16510
15535
21544
13382
8345
24244
5881
17301
4623
22745
3903
2129
21670
10764
11159
1008
17067
16340
31786
30733
21866
10014
8581
8727
30058
32197
19768
1467
4713
28899
12336
29202
16154
21466
29396
11658
19617
7200
4834
29846
8650
19918
17160
14101
18957
9448
10306
16515
30786
1898
4342
14050
31012
3095
465
7270
20872
8705
13407
16355
1113
9431
25453
18423
15450
27121
287
17655
21915
4637
13008
30106
696
11303
11948
10856
2517
29738
22287
29664
21849
15257
12188
1900
21613
17932
2077
1797
26419
9932
31006
6054
21191
27421
3656
29298
30966
7502
14974
23716
20417
27777
29113
12858
21648
1339
1188
28513
30518
26282
6647
25759
14504
16570
24980
451
31101
9942
23906
25484
13349
9086
23533
4124
7913
30861
186
3611
