32691
32676
32641
32631
32565
32444
32357
32355
32294
32289
32275
32263
32252
32236
32204
32158
32151
32141
32140
32107
32041
32019
32017
31994
31990
31984
31950
31921
31849
31838
31705
31677
31670
31645
31630
31608
31585
31573
31571
31531
31519
31512
31455
31286
31285
31274
31265
31250
31201
31188
31127
31114
31091
30987
30745
30726
30717
30545
30537
30496
30441
30436
30305
30301
30240
30222
30168
30162
30094
30074
30069
30010
30001
29887
29863
29859
29849
29772
29763
29666
29614
29559
29527
29506
29485
29435
29428
29396
29384
29322
29284
29226
29218
29212
29185
29110
29087
28979
28951
28903
28886
28862
28807
28721
28705
28659
28645
28602
28572
28533
28505
28399
28392
28376
28375
28364
28334
28291
28290
28169
28147
28121
28112
28060
28019
28015
27983
27975
27880
27721
27717
27702
27643
27632
27628
27621
27551
27549
27494
27490
27463
27462
27434
27434
27414
27246
27235
27210
27174
27095
27064
27023
26977
26964
26962
26921
26897
26865
26853
26761
26755
26736
26625
26548
26521
26459
26411
26390
26341
26326
26291
26209
26180
26169
26152
26133
26008
25999
25995
25848
25794
25791
25758
25732
25715
25709
25686
25671
25668
25665
25546
25509
25493
25479
25459
25376
25359
25343
25336
25334
25291
25187
25166
25086
25081
25067
25059
25015
24990
24971
24969
24962
24926
24922
24829
24816
24815
24798
24764
24664
24660
24652
24651
24617
24509
24426
24304
24245
24219
24066
24060
24006
23988
23982
23895
23881
23872
23851
23835
23830
23791
23771
23757
23715
23661
23623
23619
23592
23527
23486
23479
23462
23415
23413
23359
23284
23173
23160
23120
23116
23112
22913
22848
22834
22791
22770
22757
22717
22702
22678
22676
22675
22630
22627
22621
22555
22526
22519
22476
22475
22400
22351
22345
22301
22286
22279
22128
22088
22080
22029
22011
21988
21943
21919
21896
21894
21870
21859
21821
21818
21772
21678
21621
21535
21514
21502
21482
21450
21427
21311
21289
21221
21210
21184
21112
21088
21084
21081
21050
20963
20953
20933
20920
20909
20881
20877
20868
20855
20799
20767
20694
20676
20637
20637
20603
20587
20562
20543
20536
20489
20482
20424
20400
20394
20365
20317
20309
20300
20297
20274
20267
20257
20160
20145
20134
20111
20108
20098
20091
20046
20043
20005
19935
19905
19899
19889
19851
19825
19770
19749
19654
19651
19641
19608
19586
19549
19548
19496
19461
19407
19322
19296
19255
19205
19197
19170
19162
19142
19137
19086
19020
18946
18943
18942
18906
18896
18869
18865
18824
18773
18760
18754
18731
18617
18581
18547
18511
18510
18487
18475
18460
18411
18294
18256
18180
18132
18125
18112
18099
18059
18058
17993
17959
17931
17929
17887
17845
17789
17761
17720
17649
17645
17623
17597
17590
17563
17482
17453
17432
17420
17306
17264
17256
17224
17176
17174
17169
17163
17150
17085
17082
17048
17039
16954
16932
16910
16867
16827
16805
16750
16634
16586
16562
16540
16522
16511
16432
16402
16378
16330
16307
16201
16156
16149
16121
16085
16057
16001
15966
15932
15930
15885
15882
15874
15779
15738
15712
15690
15684
15641
15518
15504
15490
15477
15447
15437
15423
15422
15422
15386
15386
15372
15348
15327
15308
15305
15300
15283
15197
15177
15173
15124
15071
15029
15002
14987
14965
14963
14961
14950
14936
14776
14758
14704
14665
14652
14474
14432
14427
14425
14417
14405
14397
14355
14321
14301
14261
14254
14222
14183
14177
14130
14114
14101
14073
14051
14008
13959
13935
13910
13910
13893
13852
13792
13788
13772
13759
13759
13715
13683
13681
13676
13590
13575
13518
13500
13462
13428
13414
13394
13338
13282
13255
13143
13122
13112
13092
12972
12961
12951
12942
12903
12884
12881
12829
12820
12727
12701
12680
12628
12558
12555
12500
12458
12448
12434
12425
12378
12292
12267
12257
12247
12240
12221
12153
12138
12095
12080
12077
12049
12048
12007
11966
11954
11915
11915
11854
11807
11771
11758
11703
11701
11652
11640
11632
11631
11595
11589
11575
11531
11513
11408
11392
11362
11340
11326
11290
11285
11278
11274
11263
11263
11216
11187
11101
11061
11051
11040
10973
10905
10878
10855
10835
10816
10785
10785
10772
10749
10685
10599
10594
10521
10491
10475
10414
10344
10256
10218
10199
10168
10147
10136
10097
10070
10057
10031
10024
9929
9891
9875
9873
9868
9850
9846
9843
9823
9763
9731
9683
9660
9655
9651
9644
9637
9634
9608
9603
9572
9523
9464
9456
9388
9321
9309
9304
9279
9249
9243
9229
9147
9125
9013
8963
8936
8923
8890
8855
8854
8810
8676
8638
8597
8593
8539
8508
8443
8323
8297
8262
8252
8243
8241
8206
8191
8177
8065
8065
8007
7967
7943
7883
7875
7842
7825
7799
7753
7751
7738
7540
7499
7462
7461
7443
7378
7364
7363
7331
7329
7272
7264
7253
7242
7241
7238
7222
7117
7112
7112
7089
7083
7070
7038
7027
7023
7021
6998
6980
6950
6942
6939
6925
6909
6895
6830
6772
6769
6732
6663
6660
6587
6539
6529
6518
6498
6476
6437
6435
6426
6413
6400
6390
6378
6345
6271
6226
6222
6206
6163
6152
6122
6115
6096
6084
6038
6022
5976
5928
5890
5866
5861
5854
5802
5783
5732
5715
5708
5698
5688
5671
5663
5629
5617
5608
5595
5594
5563
5554
5499
5446
5314
5256
5254
5226
5221
5198
5187
5182
5162
5148
5118
5111
5027
4959
4951
4932
4867
4854
4745
4706
4521
4517
4483
4475
4407
4331
4305
4291
4273
4267
4264
4263
4256
4238
4216
4192
4172
4054
4039
4019
3765
3749
3746
3727
3672
3667
3589
3565
3554
3510
3507
3495
3403
3208
3198
3178
3127
3073
3045
3042
3018
2937
2922
2908
2898
2890
2865
2850
2846
2842
2799
2773
2724
2703
2672
2621
2592
2558
2491
2470
2450
2438
2409
2407
2322
2271
2265
2212
2193
2165
2164
2162
2149
2100
2086
2056
2037
2031
2025
2019
2013
1951
1932
1876
1867
1860
1834
1790
1608
1554
1489
1485
1484
1472
1425
1419
1407
1387
1375
1303
1289
1240
1207
1206
1168
1087
1063
823
791
780
769
768
736
722
714
711
697
693
655
610
585
551
505
495
492
476
456
448
372
369
298
290
272
229
139
112
100
34
14
0
