6295
6175
18736
11052
6808
28517
28821
30633
234
5407
31875
1919
12178
5774
770
11315
27982
16233
2711
9995
13204
28704
28842
17975
593
3310
22937
10430
13150
20897
1688
21802
2498
5673
11599
3826
30890
20450
11569
5804
24105
23457
16029
16623
11695
23680
30647
4105
17995
15210
17157
15462
28833
4965
9161
22459
16553
5794
25632
30453
22316
14406
2271
3813
16127
9974
10025
28584
25086
25637
30672
2775
20936
1053
17521
28788
24636
25294
2638
11919
17334
22874
28393
32699
17162
16476
25190
29748
9532
19196
2974
461
24837
1716
23042
9884
18439
3039
22838
13332
14646
24192
21219
27165
1294
16359
20258
31196
1743
23809
17480
4634
17528
11635
1678
10702
21289
5203
21019
14101
2158
1414
15156
23026
29773
9434
29986
30405
28686
15074
7138
31885
19917
7061
27791
21213
29888
23205
6288
11167
30281
27041
8065
13452
26555
31689
23522
25703
3308
19381
11906
24572
8063
7844
29865
13020
16110
8613
13576
22485
21849
31848
12129
19764
32018
13793
15094
12474
13029
18082
8115
8030
24872
29941
22043
21704
3973
22204
23027
18058
17290
5386
31663
14108
24045
19837
23712
31902
160
11617
475
30540
18841
8838
10729
29632
28255
15837
