9465
6927
26630
10750
8836
15886
570
10702
29533
3542
14655
15429
13208
6796
17331
28156
4272
16460
31643
6166
23550
19961
2883
487
18680
19653
3033
29027
21291
13439
29128
22088
2038
6304
25302
31755
12300
6675
20988
28292
5287
10696
32009
32088
23693
26615
10229
2602
15556
11316
12806
3457
30996
568
24741
32375
28737
10089
31741
2343
12293
21806
6489
16340
19663
25589
12090
13018
31038
4865
20283
6997
6492
244
8613
1171
19867
8480
32466
8250
12688
14734
16962
12601
19057
13770
13183
14703
24911
23157
8369
22046
17684
9608
1791
30478
12348
26472
25772
