904
1109
1285
1539
2455
2621
2640
3092
3243
4563
4949
5390
5431
5655
5891
6480
6653
7344
7758
7823
8589
8858
8887
8923
10036
10363
10415
11354
11928
12157
12448
12523
12663
13030
13117
13146
13419
13536
14029
14417
14506
14617
14629
14661
15141
15207
15494
15740
16059
16445
17398
17691
17920
17942
18120
18167
18196
18344
18432
20151
20225
20232
20470
20633
21021
21192
21305
22036
22106
22446
22450
22749
22847
22879
22936
23100
23268
23339
23475
23912
25960
26200
26413
26508
26898
27217
27796
27986
28502
29325
29700
30677
30951
31119
31620
32160
32487
32625
32687
