30905
14928
18961
29297
32022
17037
1669
8688
9415
5140
5064
2066
924
30199
26037
12089
22291
29566
16052
15487
22077
19359
28543
16790
5232
23613
18354
20576
25266
1313
788
11341
23520
16057
16296
13688
1954
24723
18546
27009
16399
21399
16649
5673
17951
11271
32225
6575
12500
26424
5461
19692
9000
18702
30071
29488
29877
5432
2712
19419
14630
8241
17046
8635
21089
29682
30952
29737
31090
1143
5994
5602
27190
12280
30697
23974
7628
1764
21102
17555
16315
6045
17483
3646
18915
14838
15334
22166
29477
5742
21832
8569
23762
25897
29541
18451
10964
8370
8745
