11766
2399
22733
22324
6653
5727
14021
32240
1045
6503
14616
32274
5354
962
32499
24288
537
9154
18885
23258
19578
21267
16998
15218
5937
11996
25860
13452
25460
13723
16337
31668
15641
26301
28782
5921
9191
16384
3094
8301
15769
13449
24203
30482
7345
31172
11201
7844
10243
17920
24651
17617
28412
23750
23689
11032
30391
1276
18063
28748
19390
17598
3796
30152
25760
32504
5023
23663
8503
20163
3889
21866
29366
15493
15539
17057
30837
10439
24542
25334
7548
2261
7020
1604
721
20759
16962
1306
17025
10546
3930
30775
22384
17886
28786
27589
13794
1157
20342
