73
195
583
716
1392
2197
2728
2962
3007
3918
4114
5312
5351
5386
5837
5893
6188
7184
7728
7960
8443
8479
9063
9673
10119
10760
11225
11248
11363
11753
12809
12839
13555
13598
13614
13667
13880
14070
14433
14610
14776
15208
16752
17028
17073
17531
17863
18173
18189
18329
18422
18426
18642
18838
19221
19548
19928
20197
20626
22428
22673
23644
23720
23953
24392
24526
24619
24739
25494
25498
25556
25738
25858
26141
26262
26273
26274
26736
27183
27980
28086
28095
28408
28599
28902
29332
29613
29628
29673
29977
30319
30388
30647
31424
31716
31716
31838
31967
32158
