32532
32468
31965
31440
30271
30134
30118
29303
29268
29265
29163
29032
28636
28316
27755
27204
26805
26700
26224
26189
25811
25363
24947
24528
23425
23118
23020
22822
22771
22172
22107
21969
21891
21505
21335
21326
21226
21179
20847
20828
20537
20515
20464
20426
19796
19523
19360
19337
19232
18706
18189
18077
17805
17799
17655
17170
16004
14709
14544
12379
11894
11736
11414
11382
10653
10496
10387
9818
8663
7845
7699
7518
7209
6867
6689
6155
6102
5821
5572
5329
5230
5060
4838
4764
4169
3929
3876
3354
3288
3197
3009
2989
2625
2270
1603
1085
1040
630
626
