32414
32252
31296
30548
30396
30130
30075
29842
29063
29028
28438
28225
28134
27930
27787
27657
26971
26806
26050
25919
25785
25598
25408
25096
23103
22275
21833
21181
21169
20712
20510
19723
19268
19184
18886
18528
18269
18115
17987
17968
17669
17609
17535
17239
17082
16816
16750
16566
16403
16284
15990
15917
15215
14245
13995
13931
13366
13321
13122
12934
12824
12732
12715
12275
11537
11235
11092
10974
10405
10271
10153
10053
9653
6980
6944
6581
6577
6499
6370
6334
6268
5762
5593
4882
4587
4089
3810
3645
3227
3162
2389
2242
2169
1944
1719
1120
1048
807
247
