247
807
1048
1120
1719
1944
2169
2242
2389
3162
3227
3645
3810
4089
4587
4882
5593
5762
6268
6334
6370
6499
6577
6581
6944
6980
9653
10053
10153
10271
10405
10974
11092
11235
11537
12275
12715
12732
12824
12934
13122
13321
13366
13931
13995
14245
15215
15917
15990
16284
16403
16566
16750
16816
17082
17239
17535
17609
17669
17968
17987
18115
18269
18528
18886
19184
19268
19723
20510
20712
21169
21181
21833
22275
23103
25096
25408
25598
25785
25919
26050
26806
26971
27657
27787
27930
28134
28225
28438
29028
29063
29842
30075
30130
30396
30548
31296
32252
32414
