8054
24677
28292
21786
3705
21711
1129
11656
16167
4491
29859
30385
10292
16905
28062
714
31854
25689
3334
20943
13429
13876
30177
886
30777
26310
11369
31703
9272
6460
21418
9944
26229
1042
10464
1626
12087
14618
22670
30501
29063
25163
2398
22675
28519
32591
14524
767
3538
28618
17713
14573
27767
22124
17024
32502
15670
8373
29570
1658
5975
16267
1473
5892
17036
23677
27351
8827
13741
6101
27524
28686
17709
7008
20626
2525
15711
3580
15721
22888
25707
13286
6257
7864
8206
18368
7468
11855
15125
22629
29711
8657
1687
14189
27683
26479
21237
17535
12896
15091
380
980
31952
24063
27256
21436
1281
14361
827
21793
13178
2748
28658
6159
23844
14574
30745
5826
31967
14325
20098
2749
30835
20442
20004
30634
18491
26527
14249
2037
28048
22847
15285
5926
25590
2410
24056
1538
30985
16125
31986
13409
14118
30275
2697
15566
20184
11246
16716
19937
11017
23507
25221
15707
7141
12137
18689
12550
17549
6143
23710
31050
14209
20673
12953
31119
28106
1129
26261
14934
1258
4804
30826
279
28548
12779
15027
2520
1227
26431
7702
16018
6828
5153
25937
2115
5819
4726
3594
5586
8671
7390
31315
13479
27324
32431
9982
5895
