32742
32472
32443
32156
31682
30890
30724
30236
30061
29709
29524
29521
28896
28683
27900
27830
27741
27597
27532
27524
26534
26382
26019
25538
24932
24922
24515
23924
23781
23664
23189
22983
22315
20855
20446
19872
19871
19858
18473
17835
17807
17729
17679
17057
16642
16153
16073
15755
14925
14923
14689
14466
14432
14167
13727
13681
13362
11994
11992
11943
11745
11668
11385
11340
10748
9945
9893
9181
9118
9111
8617
8569
8211
7952
7246
6914
6796
5985
5891
5507
4565
4555
4015
3795
3312
2668
2622
2476
2052
2044
1700
1568
1432
1329
1273
1265
1041
620
590
