372
1005
1898
2148
2442
2491
2784
2824
2848
2893
3693
3793
4104
4245
4421
4469
4494
5315
5372
5713
7261
7312
7487
7556
7822
8227
8329
8465
9027
9464
10201
10787
11060
11174
11399
11607
11658
12162
12420
12942
13110
13389
13592
13980
14225
14235
14613
14917
15638
16454
16510
16583
16961
17290
18001
18423
18572
18908
19026
19182
19713
20603
20699
20785
20959
20990
21063
21828
22101
22132
22611
22617
24065
24112
24344
24974
25305
25331
26377
27335
27363
27644
27784
28407
28942
29446
29484
29507
29525
30440
30867
31120
31757
31864
32368
32396
32477
32565
32676
