23075
6269
27915
2822
19349
22842
13001
15854
3897
17461
25627
7704
19
9998
27416
25708
20922
8070
6328
29996
26786
23516
5117
7597
27430
1257
4065
29139
22360
11773
29694
1357
10633
26232
25599
31894
24471
18728
20938
12711
25849
9574
1643
26748
13195
7663
19903
20301
13594
22915
12517
18057
12719
8512
27492
11410
22172
2235
1820
10555
8775
31715
19182
13571
16569
20118
26667
22542
9446
10752
4797
23783
27322
29624
28696
29432
19944
2713
2270
31941
16754
30048
10581
1515
29687
24330
23689
7388
19647
31979
28224
3159
11655
14990
8098
12458
1293
18256
31397
30112
14740
603
12989
6939
28387
540
5479
2090
13798
17561
23265
25243
21752
5513
16071
3642
13125
8819
8252
27682
29737
10457
4778
17095
27719
23330
15927
6847
19562
10312
19462
7251
7707
21062
23090
14793
28166
32575
13195
12911
16397
12654
18190
14951
10537
20945
6950
21302
11013
14741
14501
8459
11609
26176
18817
18639
12551
17568
26446
8944
6390
15991
21887
20205
9394
30435
9053
29602
30912
24975
29123
14417
20674
8348
22686
17012
14160
21837
10280
17477
24464
20341
479
26633
31899
18336
1352
9248
12944
4100
3173
17358
32116
26662
13303
12487
10704
24396
