3994
10704
22634
32245
8991
5908
15370
9095
28722
2446
31915
17842
20032
11608
18369
15183
31717
23539
15469
25671
17176
27399
14727
3244
13336
10967
110
26006
8981
20614
14479
12222
21663
18443
8118
29661
1232
10741
29463
25794
13624
20704
23835
18229
28043
19123
29676
31631
23308
8607
5311
1302
31416
14551
10212
11034
14899
14607
6543
4048
15220
18615
4964
22769
10031
3060
17092
17938
14853
10339
14298
20674
30830
18572
10596
12902
13666
23336
10561
27603
22474
2579
5567
10928
2730
9487
21410
10378
17419
31806
7412
24500
20137
26206
28816
12772
16993
28354
28268
11031
19175
28090
9644
29349
11452
2908
31488
26916
31550
23849
635
12488
23362
29235
5545
14437
28595
17961
3927
18073
852
20067
425
3001
4661
19375
12794
26236
28402
27865
30326
18282
32687
3580
20857
24322
20179
8331
26278
686
27527
2078
9671
29799
21997
30718
18280
31016
29473
7535
30514
27156
17648
8896
18440
11366
24923
22291
19939
15388
26058
1773
31086
13667
25104
20860
4449
2241
30498
1708
26014
17925
9623
23016
6156
10734
2015
30128
5943
23198
29763
15327
9892
32445
17056
16058
4341
7020
12771
16056
24514
25840
10563
14612
13617
28187
20801
21267
