32689
32140
31971
31680
31645
31205
30836
30439
29672
29565
29031
28270
27872
27255
27112
26488
25958
25907
25861
25481
25379
25283
25277
25184
24876
24105
23887
22871
22835
22441
22030
20705
20680
20208
19964
19828
19794
19153
19044
18965
18059
17952
17799
17748
17164
17123
17077
16657
16593
16103
16023
15981
15769
15748
15323
15316
15161
14656
14338
13704
13260
12892
12619
12426
12281
12216
11975
11652
10973
10636
10232
9878
8802
8709
8448
8439
8395
8220
7453
7040
7020
7015
6016
5052
4507
4375
4346
3491
3225
3206
3007
2979
2741
2509
2210
1163
781
361
152
