32390
32072
31558
30445
30215
30081
29653
29406
29378
29144
29055
28882
28397
28082
27406
27403
27267
26948
26846
26831
26370
25890
25688
25172
25162
25053
24776
24733
24296
24008
23757
23223
22425
22405
22363
22327
22049
21868
21205
21111
21016
19769
19708
19501
19319
18232
16513
16361
16097
14640
14371
14164
14119
14113
13928
13492
13102
12624
12543
11469
11136
10989
10913
10872
10219
10219
10123
9795
9561
9560
8609
8148
7936
7485
7040
7036
6644
5797
5509
5316
4937
4751
4723
4522
3991
3768
3455
3144
3060
2520
2073
1829
1746
1330
1192
1094
1042
940
534
