2602
16582
26783
11468
746
26235
15849
28449
32622
23606
12931
5195
1967
22046
25477
2387
20894
20747
15308
24388
1321
19666
28242
27729
17388
24403
14920
21445
28855
27711
21752
8367
29380
3498
5469
24393
28853
31060
15743
24876
16207
28343
32145
6198
32761
31184
3273
13367
10995
5806
29697
28510
342
443
26130
13670
8911
16589
16876
4480
17178
12524
6773
3839
15168
9441
24615
30918
29329
24707
2152
9073
23393
31937
20136
11846
32642
110
27453
26330
22661
14800
23550
15235
28591
9447
6817
26753
445
27261
23765
19435
8792
17393
14878
3163
6998
20420
21364
9639
25053
32239
21634
21103
31780
3388
18074
30816
19942
4865
20756
27191
1032
3575
25518
3615
25803
17800
2644
2218
25888
814
24910
7053
18097
1417
8234
13342
2731
2371
26471
25999
17741
932
15590
19176
7730
27380
25361
3270
2398
10388
30408
1749
1290
4315
16
18702
26672
31921
24954
28849
3541
24814
21077
5378
26905
32624
20371
17347
19967
3582
12156
18804
31485
28384
17428
16717
12099
22330
14413
10487
22987
32556
5101
29710
11557
14251
4669
23384
9216
542
14199
25538
17015
1464
20717
22814
8225
32408
19449
14495
1751
674
4008
18192
12868
14363
