3588
23024
20469
6847
2214
12513
19717
24663
25728
18792
21992
27257
9250
25058
28622
10415
482
1741
4078
12042
1417
13569
30479
22715
18621
25520
14803
30833
5682
12831
454
12918
20369
13601
21290
23689
17956
8280
25472
32633
29254
18219
19670
22150
13709
12678
10708
26743
5044
16469
26244
5755
3658
7614
20965
15552
3868
29984
15406
16597
3427
11984
11746
10688
22958
11150
919
7647
15501
15305
31367
25215
21507
20119
31187
14654
23465
5234
9371
14113
19362
4531
191
29044
31298
23760
15986
7269
11389
1110
27779
30559
16657
22693
9578
8999
25203
5485
277
