37
114
474
614
1023
1271
2153
2968
3076
3613
3836
4432
4822
5124
5125
5469
5616
6845
7394
7514
7604
8087
8251
8412
9442
10159
10908
11191
11369
11376
11453
11762
11792
11821
12882
13612
14453
14511
14841
14876
14909
14994
15130
15193
15285
15297
15544
16227
16377
17678
17756
17869
17951
18023
18103
18257
18963
19201
19269
19448
19927
20457
20889
21115
21249
21505
21581
21828
22064
22266
22334
22581
23097
23357
23723
23967
24243
24422
25200
25213
25371
25850
26629
26976
27907
28758
28767
28860
29192
29898
30043
30419
30837
30973
30982
31303
31775
31791
31871
