7281
12617
12422
6432
8276
14795
32688
26847
26108
592
8168
23981
19461
8787
3914
19343
7569
29995
24249
30417
13300
22607
31079
12961
1826
4427
22819
19818
22745
6017
13158
26353
26254
15776
27420
3122
19993
30438
21298
13560
4384
13333
3555
32575
25411
5174
5315
17481
12044
25873
13704
25474
32149
12135
3995
24341
11510
19190
24163
9802
8565
13866
7244
10662
23917
11683
19097
5313
11258
16235
27119
18917
19050
22003
28573
31595
15459
30418
17324
32470
14036
12606
5034
13740
19868
30790
1591
10264
20477
25813
6988
11585
32703
7015
17742
15720
3876
20872
1751
