32573
32250
31952
31849
31663
31507
31318
30838
30278
30170
30076
29083
28689
28294
28120
28029
27698
27242
26883
26210
25623
25583
25252
24731
24159
24144
23768
23739
23154
23021
22563
22438
22274
21829
21484
20367
19843
19529
19440
18816
18526
18443
18100
17704
17561
17144
16533
16126
15817
15064
14926
14473
14447
14381
13617
13488
13263
12953
12547
11764
11703
11665
10946
10837
10354
10132
10129
9904
9831
9730
8896
8526
8082
7651
7313
7199
7138
7089
6845
5904
5517
5468
5458
5411
5348
5325
4616
4215
4115
3745
3572
3259
3163
2779
2287
1386
540
526
148
