437
10400
15063
8104
29838
6878
15120
30226
13695
8100
5024
18912
25839
24366
8438
8221
18556
22260
3295
32579
18105
20665
9890
31521
25257
15956
8413
5000
29435
1597
20766
20921
4355
3287
19776
20622
31612
1663
652
7019
26880
24152
8843
4066
1603
15829
428
11816
7187
259
17307
1084
6416
9116
29019
8145
31531
29388
21801
13056
21727
4032
14353
22447
27186
3828
23885
7614
8554
16441
22368
20472
17296
27529
4855
7092
18598
3723
13178
1870
11175
26340
7541
25418
579
21827
19114
8769
21591
25899
17394
17299
28462
1407
23768
15563
12410
15823
3315
