366
495
1064
1098
1136
1205
1254
1760
1913
2015
2656
3506
3781
4105
4515
5137
5553
5700
6010
6042
6739
7387
7470
8654
8992
9085
9603
10107
10129
10459
10464
10994
11173
11459
11732
12082
12472
12990
13147
13265
13384
14123
14342
14484
15208
15285
15671
15863
15977
16433
16716
18022
18029
18121
18265
18337
18628
19158
19172
20483
20633
20922
21357
21877
21879
22444
22522
22576
22641
22769
23265
23412
23481
23678
23744
24490
24585
24627
25280
25374
25663
25698
26157
26224
27057
27223
27364
28740
29720
29775
29988
30248
30795
31046
31225
31610
31815
32619
32683
