32717
32538
32424
32079
31636
31521
31382
31320
31263
30896
30863
30651
30640
30548
30373
30289
30072
30014
30007
29855
29648
29476
29140
29007
28976
28869
28809
28631
28546
28459
28353
28231
28123
28051
27746
27732
27643
27567
27458
27422
27219
27129
26734
26672
26561
26350
26285
26238
26210
25937
25590
25314
25291
25286
25281
25117
24856
24686
24561
24457
24427
24121
23815
23669
23639
23350
23055
22926
22474
22452
22438
22196
22021
21954
21867
21474
21316
21266
20972
20891
20791
20782
20732
20696
20535
19980
19808
19678
19670
19642
19629
19577
19522
19296
19245
19048
18946
18926
18377
18359
18313
17680
17643
17050
16789
16289
16181
15660
15632
15390
15274
14720
14714
14692
14185
14054
13784
13631
13215
13109
12339
12138
12005
11961
11798
11491
11025
10989
10725
10621
10506
10288
10131
10042
9972
9963
9837
9709
9689
9530
9524
9510
9507
9341
9122
9104
8773
8753
8643
8571
8381
8197
8179
7954
7945
7925
7868
7865
7740
6868
6583
6415
5874
5705
5576
5243
4720
4530
4301
3782
3760
3669
3656
3541
3457
3290
3259
3212
3106
2991
2821
2517
2425
2255
2129
2064
2038
1904
1627
1570
1487
1367
1326
1284
1231
1230
829
123
