17121
30229
12067
26340
9242
26955
19188
28933
1000
7588
3883
4464
131
32761
29709
17175
6298
28615
22442
27946
7406
9878
28379
18025
8110
10797
18938
8490
32145
13687
26980
27690
23734
17459
7600
29716
15675
11615
12204
12753
30623
30818
3100
12693
17624
22780
28465
24230
11315
32238
19403
16362
29424
7784
27246
28984
27033
29239
31750
25947
13094
171
7259
15589
25042
29257
82
15802
1467
20790
19433
14168
2364
25694
19440
24551
30475
4455
3976
30212
1553
29017
7517
13133
1804
1034
16547
23468
4071
11850
10705
30052
212
28371
24352
30173
16175
30191
14530
28464
16915
3047
25827
2673
19640
29231
12128
23230
29331
11091
2378
21771
16683
21919
3097
30892
11197
1169
29872
29855
5263
17664
21013
21919
4116
14345
25580
2282
15813
28861
25784
16332
21178
139
15313
32756
12810
24174
21285
27763
12008
5335
3246
5011
21626
25178
5047
19805
20344
14616
1486
30440
21897
18671
12168
5731
9822
98
22775
13282
651
12362
24044
29417
13352
15930
3565
14521
1323
4531
4085
27484
16259
10253
17902
5490
4853
31520
27631
31418
31927
9909
28469
26975
3278
30895
14563
21512
9512
22521
26746
158
3705
11823
14870
22492
32470
16395
5230
8600
28178
8342
31369
14803
21468
11018
23873
2690
11157
12169
2169
22042
23026
16001
10269
7901
20566
16090
8414
14055
2540
15076
14507
17655
16008
4099
19182
18942
26427
27928
1163
29545
28856
19374
25497
17967
14186
20457
30430
28313
10577
15151
6413
16597
10656
23955
9151
13880
4632
12806
22065
29526
28194
4412
27587
8900
19375
10079
7724
12456
15824
6262
3966
13061
27924
32660
22493
2760
20901
13504
13055
2449
29473
1448
2403
10307
19001
19716
20817
6730
8204
5323
916
18863
1857
12057
8186
2013
19175
29147
32136
32560
28428
320
25213
12611
7967
21727
8205
3574
9734
25512
11738
28482
19454
8844
306
1468
13878
16876
7179
490
9259
21955
4031
1609
9922
21650
28552
11802
11559
6415
28345
13552
871
21132
9922
2811
7888
4137
16609
25106
21508
21177
32681
32642
21215
20853
25652
24217
1039
23907
27431
28656
9324
3972
7530
380
14875
11712
28836
6996
16231
29330
13177
23872
8026
9075
387
10501
24607
8711
31505
9587
5911
25610
15522
26154
701
32249
21024
17456
26170
11392
8668
13109
711
2215
2893
8096
19143
21179
13704
8545
10912
32765
18815
3958
861
30477
5113
16442
13061
10004
19285
624
18105
26036
29950
6931
12943
16305
9901
21467
11057
10332
8034
26255
32054
13251
29728
20750
32316
18330
19563
24091
29641
28391
27266
28395
3047
15473
31581
20848
17273
26598
27237
12132
22111
4559
13557
25108
5454
23092
31125
14065
15724
13839
16113
28888
11694
12145
11931
4637
5618
31862
16261
15193
31707
6378
3132
11000
12656
20152
20709
10625
6516
22806
19705
28324
21891
3698
1216
19205
14833
15643
7822
8907
9058
9904
22464
1255
2601
17993
19829
27428
28513
19815
5389
28403
32718
924
24675
32500
2161
29945
10698
24900
6381
6972
9160
3721
28572
28086
26773
12734
2928
1022
9554
22719
32652
14168
15625
8596
25758
28387
8040
28797
1027
644
20285
31426
6296
24725
21680
12855
16737
25166
5956
23953
476
31471
23436
26988
27683
11699
24749
15896
20676
30325
22935
9767
4193
4382
15874
4535
27398
19414
12075
17024
26957
20454
27723
11420
15155
3439
4828
6169
10425
13773
9867
20289
28730
28872
7419
26020
11919
14465
26944
25578
11493
2071
17174
25690
12377
18716
9701
27689
10072
11195
17269
3459
20665
21925
26225
7771
14487
5056
157
4083
9968
31375
24791
13098
23551
8543
19663
30089
13913
25655
31366
25355
7881
22653
9607
30896
21997
24680
15336
5056
32653
2345
24319
2528
1982
8153
13285
13782
15803
10529
16300
1308
16510
10155
19296
21030
6434
23884
3006
6003
7928
29422
2230
18262
363
13118
162
21633
5012
17435
17220
14166
13724
2745
16514
31725
30677
9881
18144
9445
21400
12073
11713
28395
5596
8250
26461
16652
22427
8486
13953
21946
8165
4797
1034
26784
3008
4084
4127
29990
6087
19788
31538
20930
26494
771
25268
13316
9846
19966
3483
26976
24356
13169
25748
20666
25474
13140
12808
24756
9059
5510
26065
18103
3223
23997
22713
27330
20675
4661
19383
25589
11517
16660
7912
10716
3882
28831
31822
3709
13591
26143
29260
19744
8538
28561
14813
14817
487
7184
9368
24054
25713
3843
28260
3265
21638
23046
28410
15765
16233
2457
26399
13896
14766
20619
26015
21117
664
32292
9
29614
24882
11029
23340
26108
14128
18721
16212
17846
25987
391
13380
12715
24254
3638
24819
22064
811
31152
11015
7408
8876
29114
21010
3446
16467
6345
655
10875
29633
555
7323
22513
1087
17656
10867
5579
6558
20920
17073
7059
7886
30417
21062
8361
12865
16311
2614
23900
16381
6866
27927
4266
8580
29230
14407
5847
24420
8933
9456
23728
28828
32588
15549
15260
5045
18400
15961
2664
7580
18159
19884
28366
23106
31494
27604
15306
23282
31774
29413
26781
20085
1925
4449
27806
16103
24205
374
3012
20823
25592
30714
24563
25378
9246
1831
11017
8461
13284
28950
15784
29731
4701
9724
32449
24660
31037
27176
24549
12490
18434
24504
19020
3594
30177
28702
20641
22992
13937
20823
12691
27815
15641
8933
30492
4426
19259
24209
16015
22973
29981
6370
30052
10795
18843
19803
5828
5502
18575
12920
13779
26561
21500
20839
24767
31285
2045
23943
10381
11572
9584
1953
22942
9162
31585
18665
12548
7437
31544
25010
6791
1856
25507
2036
17269
10411
11841
384
3629
31288
11283
9725
12906
4045
31907
1194
5712
10861
19442
10706
11320
20494
803
16398
24892
1336
22504
2365
26753
1122
26288
27460
28487
3852
17293
3206
1458
13467
11751
15394
18517
11001
21219
8688
5764
5353
19089
29241
24918
21035
15320
8504
24444
13651
21281
21076
12741
15209
30662
32539
17517
8513
27705
4606
31017
29337
17652
28879
26099
28404
25124
13051
13461
24633
22549
32647
28407
16138
29276
20171
17450
16613
15814
3057
4656
11261
17667
21037
16529
3286
27666
16826
14239
10659
5740
10392
132
20319
1008
31494
23056
21677
4241
22465
20036
28273
17089
5115
5277
12842
21660
2842
19746
25110
9173
11829
24621
24324
13409
3919
3833
23543
12773
25681
239
12159
7136
15817
22960
24280
2200
28005
9185
16063
10950
22574
7354
17944
1537
12420
11342
28225
32235
21469
5784
15668
11293
18492
12617
21855
10451
5491
10835
10051
12887
30234
11061
8398
24366
7243
25861
30329
18181
1570
20799
25121
20058
7672
13135
29607
235
8794
9952
20294
9951
4555
18146
30135
181
5694
14686
29190
22000
11346
11257
2354
17023
587
3401
18311
28398
19156
3803
1980
8015
32631
15361
20428
17638
20184
12636
8085
32407
12981
16685
3377
13328
27038
4186
19224
14262
20595
30787
29682
6993
22434
14658
14397
9078
4125
18948
18851
1464
3102
20363
8216
23950
3994
2559
29879
1026
19590
16952
3674
13855
9933
1035
15355
13848
15372
12632
6350
21304
11027
14800
30234
1165
22300
903
1755
596
8905
20541
10521
2595
24287
11116
26886
14809
26821
11537
6618
11590
13498
7482
8303
19097
16345
17492
19356
27021
9678
29746
22097
16723
22102
5597
28535
18750
9848
18462
25477
30768
14725
23244
17378
3784
32208
13014
10238
22601
14638
25359
25646
3657
24876
1468
21067
19230
15123
8927
2058
14088
32669
12098
5914
23582
32372
28738
13056
19706
32110
20577
22706
2596
20362
28809
21493
21055
24490
545
15990
18677
11022
13777
21675
8356
26516
19222
15463
12997
20914
3205
6464
13088
24111
17630
2721
27058
19364
30936
28589
8025
20406
29094
3290
10565
23568
25677
28490
16159
14115
16805
10728
2038
25757
31536
18503
2542
6570
18590
4923
26791
14573
14876
819
7790
4669
9056
31837
7206
25120
11126
12407
31733
19720
3399
17014
12974
21071
21742
2010
27649
29428
9659
972
32100
2067
21763
30717
7104
1318
26030
10045
16348
8702
12414
9693
25994
10367
17695
21446
4500
25118
20468
23638
19044
24860
4252
22526
28533
8575
11590
27548
7037
15829
28345
409
32087
13224
12578
30914
21426
29632
5532
25831
30588
14875
16514
15670
8460
27053
12404
5205
21522
26584
31274
13889
7742
13225
29947
18409
5299
13528
9260
17545
15402
32382
26873
29896
18406
404
18789
15248
23388
27440
22466
21681
15006
10878
1792
24885
5515
23167
30645
23937
22968
2948
2544
23856
14109
10345
16318
10415
17280
29586
15480
6296
26785
22439
27859
19151
2346
2063
9125
3423
2133
11565
14200
6930
8283
6237
27856
1490
13216
15277
14652
27330
1184
24923
11039
19484
151
24339
571
11465
2291
16613
17666
18882
26490
10248
24221
3369
22843
22865
4536
5926
23606
14193
19476
30850
11210
9457
9930
31494
6115
2543
8032
5010
8928
31126
21901
23036
4677
13150
22988
8878
24101
31753
22691
5630
11085
2649
11952
24908
15408
913
12664
24029
1175
17330
14575
18810
19461
28018
13767
27848
2795
32252
24697
19302
28304
24683
19732
14793
12222
15620
28616
29911
10285
53
24114
5956
21169
21841
22885
2224
8738
4361
27836
17021
23311
18346
11618
1650
23586
2841
26270
25361
337
3214
16095
8632
3530
7699
8587
31354
18587
20411
31112
10683
14373
9379
2182
17293
10303
7082
26387
24781
26409
2032
31068
509
25911
29967
25796
17376
9017
4892
21031
16856
7085
26204
2283
16895
4772
14022
11979
1799
30836
31549
14434
25554
19235
15498
22138
27857
8846
11291
27666
25373
21340
27261
22833
13654
21671
14747
9837
12863
21604
5812
23866
18710
9878
30749
6387
29620
31542
10940
7338
9833
1761
2880
31152
24981
2623
5921
4835
16646
25655
4443
2234
9493
6869
14058
23057
20863
1782
16132
17845
7684
3769
8985
14511
5314
6821
27275
21841
6734
12698
30253
24322
31639
26489
1917
5833
32123
2707
32674
21658
18983
15314
4644
26980
22575
23977
26477
5590
10097
1469
27395
8693
28585
23888
16771
24927
7380
7282
8796
12380
13638
3046
4433
13738
1418
14805
13228
29957
11773
19765
15683
32376
28201
9207
12588
18022
18914
10227
29247
29271
25635
1684
24400
9860
11174
14147
30505
8225
13637
31892
16458
10348
24595
19507
28768
11386
7993
18828
3974
1468
1426
16189
4925
16212
28422
17213
11564
25626
25511
29129
18841
8556
4237
27410
31139
19129
29298
32680
17733
2509
3596
14244
8459
18394
21038
8344
913
6986
32669
3640
22209
17990
12979
14789
16584
4614
27318
27709
221
4823
10998
8004
23473
8430
4520
16592
21428
4590
133
1432
10510
32571
13090
30266
23896
9468
24334
9007
14110
9714
14765
11119
278
16380
32727
483
285
15718
23344
7567
25333
12021
16709
123
4800
15027
10347
16742
17211
2939
11864
1066
7100
11587
3198
3310
18922
25132
30251
23053
29502
15435
15458
28873
16957
2101
21367
18608
2930
21580
5740
458
17965
8396
25614
20872
21758
1173
29135
21100
23024
21174
28770
8823
4742
3261
24089
31831
30583
11713
8958
14157
7208
6700
21171
23008
2541
16457
12298
11075
4864
13713
20067
28551
22845
23733
27849
14977
1187
24683
26315
1401
25995
3833
22300
29591
32422
25218
18410
28942
12984
16915
3326
6405
4630
18285
9112
3658
992
5520
13320
12981
18175
3084
4364
26974
1757
25351
20717
20350
32743
31757
23640
6182
28612
29594
3837
30370
19794
16233
17897
17322
1125
25979
30628
18766
12606
6118
12810
24991
6093
16738
6634
21534
21159
20117
18528
7654
30149
16410
8691
4248
8450
20819
877
29706
15955
16371
24702
5807
26564
74
12303
30916
12598
27215
16999
32320
20954
11119
23808
21369
26988
2328
14375
28822
23856
16388
14934
26552
2221
3142
3409
27111
15916
9749
26883
11966
21231
16220
12310
10967
13106
19965
14932
16628
14819
12009
26816
23026
18464
28129
24435
3950
22644
15881
312
21812
2513
28465
2279
19820
24141
27619
23682
13187
10653
3116
30225
2522
27474
18731
32317
30257
4309
7515
29871
30930
23331
7584
550
27261
25673
5906
20570
27927
159
15757
916
15121
30660
14069
12810
409
20829
3914
29948
12675
12685
24943
28559
29430
306
16569
26476
10199
24037
12090
19224
10485
3504
11468
16914
10745
29326
10972
8878
28683
14755
28924
27060
18245
16960
15910
4023
25304
30869
13009
22583
5120
8243
20406
30326
937
19017
5471
9242
23263
29595
4212
1416
1526
1601
24261
30714
32381
15141
30998
9574
18403
5946
19886
31247
2791
124
30622
22503
31681
9900
7890
9131
30482
15305
19673
1981
396
14413
17012
2240
5729
10029
6624
18422
28781
13710
16867
3929
14882
583
7577
890
20535
26906
21756
5917
784
17842
8756
7314
748
27228
10148
4306
25297
18053
6832
31837
24119
30968
20304
1493
19831
18900
28758
4698
29937
18510
28799
4005
6912
2092
59
17379
4255
15101
5180
16215
6360
8473
18625
19374
23280
3675
11679
29985
19284
32417
18196
2381
14145
30208
20299
10194
24375
10440
1199
16557
19483
10043
4336
7254
19247
2316
21718
18841
15538
21657
9416
3381
8534
7656
16923
12086
4710
6499
7452
16914
4276
7763
11228
16262
22083
21790
25022
5934
5817
3393
5057
2791
23171
30475
21902
29925
24774
15647
6977
21395
13321
14759
11255
14125
23971
17240
12572
27935
25574
20010
28273
1308
32520
23509
28384
3071
12501
30730
12799
6242
11031
15478
9830
1279
12480
6264
31921
29897
24029
22684
8020
31945
571
10719
23330
4026
31447
5282
1179
1891
13831
11114
9720
26552
20073
26973
504
14256
26767
31868
30568
3045
16231
30625
4469
7917
2924
10296
20657
4986
12430
3005
30951
15412
24290
8441
28575
1361
4617
4348
30576
23546
7010
27609
21512
12126
8943
29988
8956
26514
19208
15404
30032
28207
25282
31737
30150
9386
21276
32516
10215
25713
13039
697
3026
25803
11668
22189
13000
8812
10322
13215
4211
9435
21134
1584
5369
15748
3250
10594
23493
7324
20953
19666
31504
22457
4159
694
16433
15917
7275
12692
25770
5926
11033
26056
2030
9606
32233
16051
31219
3459
11978
29635
8828
30718
17957
11559
4388
4004
1993
11343
553
13255
8857
38
25598
31994
12023
16655
10639
28526
10223
4257
30034
30480
19236
22817
26898
2398
2939
2243
9850
2317
649
17568
19556
18268
3261
20343
31967
16182
31821
8227
14338
26122
3809
25568
6004
11883
4610
26686
14006
6247
25153
10465
21559
27559
12583
31998
30486
30539
15840
8341
9653
29570
27814
5486
30978
24812
26862
6102
6276
433
15957
8982
27431
18526
5193
16824
2248
22659
30839
9593
14464
29965
25592
17165
1969
30820
26427
28053
17874
12867
10416
11745
28922
18267
8762
20837
24366
28327
18770
27901
12394
10382
3579
20320
21873
19386
23657
8038
14164
954
3440
8697
19396
7514
29102
25565
8729
15550
25463
17183
13598
22849
2949
5214
3490
6928
17500
24509
448
30340
18559
29092
7401
8515
5973
15161
31926
15639
15576
16033
11887
21641
26627
759
22875
1349
31737
19464
16837
29741
2037
4565
28883
26427
20981
29638
3334
8471
24614
9134
12176
23164
11534
1154
16985
30027
29307
30937
13008
17772
14127
7459
1394
2920
2888
27049
5659
31943
8049
30792
4367
30250
8907
27117
28872
13097
5017
10191
3197
10218
28333
31856
887
22662
27030
16465
4371
18972
9095
5752
5525
27057
30982
29858
24499
1230
26200
29512
734
12247
9391
8532
17998
13869
28178
22432
30932
28675
5128
18483
13663
6657
21772
17722
25675
2714
7344
31688
1389
24878
6799
7757
3807
2783
23540
15064
27788
14643
21579
14604
27770
9838
75
15332
9179
17325
4065
25382
6354
11458
17115
10408
15621
32211
25689
21830
1254
26289
4340
18847
10177
6137
13227
5778
21638
26093
26002
8571
26452
15632
7225
20526
27593
17539
21213
30895
30732
18978
6737
4279
11415
21598
15274
22760
25797
30169
22957
32714
25631
16067
15610
30861
3174
26615
14069
382
26720
5076
18296
5701
5987
16604
28985
18916
26019
18959
26876
17519
7483
4357
2938
24715
23548
11726
17933
9385
31225
16521
24096
5120
19663
16583
17241
4940
21429
26269
22659
23880
6215
2443
24381
17132
20497
4368
29284
13159
2782
21257
15170
18395
31167
31693
19827
20186
6874
23562
21915
5028
22008
14430
1737
23838
21964
30389
29354
24722
10756
17765
14446
9257
32273
6155
13946
3369
28855
5667
10962
5614
22612
22377
28228
26538
32752
2547
13909
21468
10504
24075
2541
27026
24090
21454
21698
8798
25072
18053
17796
25369
18349
20934
25293
19546
32664
27723
711
5812
25771
21645
4507
30387
5851
11048
21149
17557
11814
22254
2104
25545
4702
3784
11931
9769
951
9553
13600
9974
8209
29233
25217
22935
28934
30009
20409
18449
20147
3907
9659
15685
9031
27847
2518
22253
23373
32317
25827
15189
3769
6711
28980
28377
11956
9530
15164
1314
17447
23392
254
10783
2825
6062
7222
16069
30313
13622
25418
1415
26939
26092
11503
6804
12258
6985
25243
13268
1665
23713
19887
25760
14338
10053
2912
24900
8674
13400
21353
32309
10435
16498
32114
26385
27056
12534
28990
18780
13357
13107
28056
28404
6406
12605
20987
1113
6613
14473
22276
1695
17744
11851
24984
5423
19544
28048
23765
9025
23489
11035
18105
17690
18146
15103
23445
5381
20188
5120
3119
27666
4779
11434
10938
27281
29678
3631
31351
3148
31862
14594
3623
17544
4240
14132
8503
23994
31250
30865
22442
6410
6184
21626
4294
18825
16348
19840
14462
26417
6503
29381
17314
21920
1593
31507
17097
23188
23498
30137
14330
37
32543
11561
6941
24262
11547
5971
14628
2809
31627
28607
23033
8917
24303
22381
22822
14137
16649
5741
7494
3278
29735
23357
6703
28862
3889
5093
18908
7478
32370
15572
18461
27036
21798
16761
31997
17040
11208
19105
503
9636
5912
5779
11735
7388
1006
14061
29554
30180
961
20540
32517
12564
22006
14174
15982
25636
14826
2201
16397
3247
21950
5239
3689
15845
15975
7905
22815
26991
10517
71
29299
7954
19588
2399
24405
9981
20977
24385
10561
19805
20840
16083
31546
428
19746
2806
4746
7868
1701
4466
32566
10119
2458
12962
28739
1203
2157
22494
1964
3816
26279
25773
29214
29138
3339
3751
15993
13301
25458
18476
12551
28468
3174
10695
3706
1567
16001
1631
6824
25087
22404
5667
18181
1443
1334
25651
19684
233
8195
27407
12141
4363
4944
3008
24925
31151
28575
19400
2689
25261
615
1483
10480
18078
4017
30970
2571
15912
2418
25411
22326
13324
24748
4666
12883
19948
19523
5829
7683
5597
8608
1930
11675
12465
6919
32282
14568
11521
10168
15066
4003
14077
8649
7093
26802
15603
1470
20868
2341
20640
2030
56
24299
20794
9109
13773
2904
10809
32696
25582
6487
13033
17852
18536
23406
31409
17861
28753
11639
3616
1231
16885
5656
189
4239
14723
1031
18315
13575
17532
8959
12382
28652
26583
1153
480
15799
7412
6219
4194
7309
4423
12441
21348
24784
13505
3614
18403
14209
17149
12225
11109
29276
13104
25112
23493
31153
15053
19109
26559
4
20219
27347
7226
21348
20663
22191
6744
26764
20425
7014
16960
31675
4200
4482
32422
25427
16300
5860
15647
28723
696
27776
7974
30678
19619
13275
12269
25640
10027
18502
10981
25900
23064
28631
7948
8271
7538
8236
31482
31113
16994
21215
19881
21049
32488
9672
18439
22973
18498
17141
19261
19412
26648
19562
4029
14517
14440
18329
12558
13036
12852
17568
10839
32503
15085
15685
4013
8356
23709
26546
4124
25128
21720
30960
3191
12543
9825
4900
20192
27784
6555
23436
12054
604
22454
29753
12161
29810
3221
21898
24319
9459
15233
17260
2924
990
12944
23123
4339
31324
18643
28663
21016
12256
21314
17359
9345
1286
31848
15182
16007
24617
27342
9696
29057
10178
25129
17571
15563
1668
19267
4582
1432
21816
20138
1122
32636
18008
28186
19002
4536
12142
18602
14260
17733
3114
30137
26037
1951
5958
8856
15358
20054
5402
24309
25385
26454
11262
17418
23138
497
26211
25225
11493
15537
15024
9030
826
17376
13534
1698
3123
19667
7634
28347
31138
31227
15486
24661
3291
29609
3254
26247
28397
16804
2002
1317
20639
12653
23305
26097
3628
21836
10120
11392
21182
26659
10325
7406
30636
8686
23015
321
7028
18717
32641
31134
11383
3218
8786
9006
25463
29304
26190
16846
27089
26569
20682
22649
10105
15518
23770
23669
29882
6453
31083
28480
11179
14276
19743
19257
21872
28416
23531
20239
28470
22892
27251
21482
748
9570
15136
14939
4034
23011
263
23044
32354
7198
9338
16391
7409
16833
13674
26672
24260
15363
10115
23777
23522
10094
13317
27073
19518
3181
32099
19748
31409
7321
20638
5176
27577
30916
8288
3573
13300
19393
5592
194
14938
17913
21336
3816
25149
17839
17584
30135
22786
14350
6472
4986
925
32504
17407
24604
18382
26509
7367
17559
11549
32125
32765
32032
4502
18190
1929
29204
28229
13804
14778
13216
26480
22708
18910
1075
9367
6463
18084
7589
11308
5039
21043
7460
16146
21050
16390
16867
28632
31161
13454
27265
29106
13039
8837
32057
23355
23706
16916
9935
22765
21052
23972
7222
2908
21414
4228
19201
3381
22857
21311
9360
23802
24892
29115
28663
9851
268
18194
20141
10259
18503
23344
24569
12200
16327
15921
12060
27488
4543
15735
22591
2596
9863
20110
4123
26581
16935
19393
31338
16721
28325
24185
31505
11300
16143
13144
28170
19982
14151
21529
29203
4153
25745
17190
12824
18999
29406
13558
22881
8381
19158
813
7804
5153
1191
13681
4328
31381
15248
15373
5510
25121
3628
14408
15808
5730
22399
28291
25974
17924
27842
15893
17325
1025
27630
15079
23030
8342
26378
17614
28320
5642
30773
14508
32157
1310
2675
5957
19509
32083
25399
15841
2924
3294
14516
3239
13620
21612
24804
5812
4179
6806
25941
14334
1810
6946
1974
11500
15531
3583
805
1969
3440
8703
5686
8044
26043
26450
8643
21761
7065
26054
26742
18869
14133
23232
15127
25483
22022
23289
7574
15202
5304
21498
12504
20683
11227
10581
27970
8108
11086
27049
31238
29590
106
22355
11568
5349
13038
16628
111
11165
1197
26023
1700
29695
24569
24831
11820
8430
16590
23235
23534
2053
1214
30313
11043
29557
19872
15955
24040
13727
25336
1739
19077
23157
15909
1216
20859
4753
11597
5182
10319
13330
14601
27311
1305
27962
14543
12499
30411
1224
16931
16513
30274
17430
24189
539
31758
26355
13305
9682
9986
11582
3265
13471
16250
27207
26938
13564
9071
11749
2289
24422
26428
25431
5700
7828
14125
475
24784
22388
17869
11024
21150
13546
21228
21260
3084
29512
6002
20029
21117
26507
8679
24832
15808
15963
28606
11523
20545
11969
20324
6235
26098
7334
22285
2660
9719
26383
31801
6748
25364
24090
6152
3007
5847
7352
25667
13408
25477
16936
15654
10316
18629
18231
13295
18270
30478
27449
15911
2210
28114
29893
3507
8042
20583
16948
23961
22066
7610
26072
16275
15157
14002
18941
13910
31435
24421
6305
10399
905
9981
25330
30978
20503
25193
17548
20082
29391
9667
32367
22927
16155
26756
17858
8883
11403
16490
16969
11451
20409
24356
30888
30869
1245
16067
7253
13710
10287
10465
1374
10841
30720
1167
17888
8926
31895
5888
6979
28360
4556
8950
14134
15565
28262
4848
7278
24252
17718
6672
2846
16968
23536
30670
14645
10902
13260
19039
21082
30344
8160
7139
31656
32711
25916
5713
22313
24211
16579
2595
17172
7754
28364
13249
20678
11961
4220
27566
12162
7718
2785
11636
1769
26649
15311
8528
32056
25838
8315
5278
25923
9756
18905
3331
20533
19267
15029
25180
32517
7159
2963
2921
28599
29263
28744
2361
599
16940
31573
7509
29110
18761
15110
13996
7139
13319
3151
16706
22120
17142
16225
17559
19018
15651
27151
31960
5054
15140
996
23240
8619
5860
10240
5740
4324
3119
6327
16505
32546
22012
24808
32382
4546
21630
12061
24017
11332
2025
18023
26939
4735
27652
8439
28003
29349
115
8316
6139
4859
2498
26688
23980
8021
22321
15618
21186
21074
6466
1681
25239
30301
5379
20269
4545
31327
16412
23709
14075
5700
4503
16144
22228
15156
4978
29108
3609
19342
230
26904
14083
22180
32117
11074
13601
21561
12470
19856
5124
7099
21216
29775
25772
4928
30232
12317
1461
21059
6266
21759
16961
13339
19177
10049
29604
5695
30871
31249
4562
15931
6995
7130
24201
9073
26774
11361
5950
6288
17228
14498
22985
4310
32354
14440
10192
32005
15379
18863
13555
31782
30195
17849
27580
23553
31160
3058
21829
9559
26315
7813
20390
12262
30867
27834
16165
31258
10620
26390
9757
16531
31433
14641
20394
4443
27935
17749
31002
22243
30157
15835
9747
5826
31964
30790
2948
24622
12250
22044
15692
9782
13671
24456
2733
453
3452
27569
13679
5975
10878
29400
28628
7288
3847
26164
19775
14593
31855
10637
4515
16402
32284
2714
2988
31950
23950
21020
26032
3801
19241
19127
6484
4755
18369
22931
29182
4369
6888
1206
18942
29663
25079
799
28283
30840
989
12963
22047
24450
5546
3977
5762
21450
31706
2532
17496
17666
21602
21683
10841
12860
30076
2745
755
8229
3379
17693
8370
14082
11693
32706
12651
17516
21052
26468
2092
7371
10531
28023
6627
6292
11816
15808
6353
10562
25054
29104
23212
16918
10671
7555
30103
4238
9387
4893
16322
16549
276
30367
7649
18640
7845
204
19534
31157
2470
2847
3837
19881
6833
16808
29731
13296
18241
5802
5542
21428
28416
21494
1347
705
12749
26118
20353
27654
6799
15576
16729
8652
10940
24208
23714
6067
4776
1997
10046
16497
8846
30151
16647
19274
16480
13869
27767
15695
28238
6336
30233
25174
11800
7855
9907
20925
19732
945
11312
734
25854
15589
9552
11600
7555
2409
15374
28899
31372
28860
31444
346
17227
19156
18529
20966
19974
11774
13942
31847
15526
24186
3908
24674
30206
7122
19861
13760
26589
26622
27580
3916
24018
9273
13630
2282
30914
8097
1853
7576
4907
29585
11176
24870
7733
18879
15140
6581
17277
26644
12729
29937
22433
7758
8765
21774
27019
29016
13441
29060
31358
8292
23101
18313
10978
24526
26299
5715
26575
26033
30022
25354
25947
9285
19026
16527
29092
19967
7016
22255
27804
32614
27096
26277
28823
10935
23580
17299
30614
8504
16910
959
2385
22108
12234
24014
15878
14492
23393
29505
8708
15376
10562
625
17910
29391
4969
15435
2032
20236
22341
14796
24891
27373
5738
19771
17633
29226
22011
11050
23287
2410
2261
10026
9389
20318
4220
81
21783
21401
24774
31085
27320
7990
12873
14597
21971
11048
28549
11539
14194
24671
18642
28292
1331
32160
6920
24683
7637
32545
5360
1801
6790
25575
18285
21118
26858
27872
3178
22859
31211
12736
28803
16015
4419
10140
2931
16381
459
30023
29504
10144
25217
12656
13864
7502
2138
26232
1865
5101
20685
30740
2580
20073
2332
18087
26736
14449
32352
11356
8109
3828
604
12295
12335
5215
28926
2489
7127
19603
692
21797
24368
31912
30581
3510
20830
27236
26250
12396
5831
6009
16160
8058
4734
29826
17807
9121
628
18364
6504
10058
12893
17284
4161
1894
29027
2196
28991
5638
13966
4093
23912
10937
8174
14564
28838
23721
14477
30204
26522
17012
12568
22215
22054
21451
30535
26764
15033
18637
22546
11031
31321
4897
6290
5427
4466
19669
12727
25832
1376
14586
6831
14197
25278
12796
19985
9484
21612
8642
30157
23632
8034
24457
27093
31119
3896
3968
28039
5567
8049
24612
22497
18746
28043
16730
4707
7737
16327
29006
6851
12050
11448
31501
29523
27697
12174
740
11827
17880
13600
31864
32566
13718
28091
9890
149
25480
28588
26896
5718
25427
30351
28573
7290
17629
19286
8043
19433
29902
8472
16838
542
10442
29343
184
22418
21355
11440
4460
12522
23552
12568
10307
14047
5639
32379
4792
24817
13420
2268
4852
32459
13440
3819
22832
27765
31928
30738
14031
23868
11050
1854
26423
26977
20423
28270
2675
19076
3673
3836
11658
29390
25660
29358
31900
27361
3548
18812
31426
8833
18418
30751
23459
8191
26749
862
23254
14953
2946
25624
11516
19059
20356
4112
26264
32292
24003
17275
29877
15168
14900
22347
822
15481
5955
12345
27899
21844
10571
4757
4537
2268
13777
26317
11670
24330
23172
15039
3719
9455
18421
3006
17258
935
27670
9574
8418
6654
18548
8480
14326
1247
28724
21108
6761
641
27087
11282
2263
7247
28813
27038
26260
923
20931
2622
3908
3331
25036
26597
27194
30367
17608
30558
22417
25840
1815
32024
21261
17032
16788
17076
26799
28281
17809
6479
22298
25982
3223
13455
31656
20972
26586
10863
25675
11862
11134
9163
8998
26371
20876
2475
16359
9745
20658
15183
25322
13925
8894
6398
5647
10586
14041
28559
14167
11045
19331
4276
31041
12810
27730
9226
3303
29760
3946
31969
20951
20645
3771
203
10162
5666
30974
27366
15751
21980
30317
30697
31469
11295
15685
18161
24290
11275
20988
31497
28775
23036
3906
27003
7383
24763
12730
24793
8203
28006
25461
21706
21040
24095
819
31382
30563
12151
9048
8815
27921
21657
31919
22917
20753
26166
20706
8392
32382
21556
30901
17531
31830
1558
6662
8317
14804
5673
16773
23894
13453
4980
23603
29188
25676
30301
19612
30340
2223
13339
6099
4895
13438
7391
26162
6265
13006
28866
21455
3163
8666
22381
19645
14139
24476
9866
28935
32401
9263
8942
15469
6105
26084
10371
28124
24678
25382
25847
27311
26093
28174
4390
6568
27597
21957
21832
29100
31007
2461
17370
14402
15234
20974
5965
11210
19107
15026
7793
5501
6287
3040
928
32552
6840
27529
23210
2216
30664
1459
8580
6436
17961
22009
8111
26637
10065
28383
20586
6615
19406
23286
17303
27764
11285
29619
8557
12181
522
18960
15587
1183
20303
31968
24792
8815
31821
6387
17410
6350
23555
24301
20381
20403
8337
2791
9423
15931
3203
31171
3293
5481
27870
18511
16400
23197
10221
18465
12133
11734
27848
26156
15607
14247
20393
24358
3885
31482
24302
23962
27299
1672
31981
24012
16090
16916
2684
29520
20894
21354
11835
19561
13627
22299
17576
3874
30047
26869
17632
27694
9933
14405
9782
897
17863
9164
4725
30379
3896
6530
28917
17655
16549
13836
5728
19783
27346
24575
9538
4525
17204
23250
27474
6346
8218
3493
18306
2279
2969
31156
25800
22741
6460
7321
21930
12932
27240
14917
23692
25446
3473
19133
27833
30337
9247
1940
12339
21590
31518
21804
7739
1142
680
939
28319
27869
20498
9151
30150
11029
5849
27410
13692
25355
17483
25740
11902
8112
10741
26700
16069
8527
25296
5988
6291
13745
24362
22358
7742
30194
17238
2386
11967
1569
1299
31021
12026
12955
29629
16417
23499
1828
5941
5959
12500
15306
4497
21973
28681
4986
28548
5911
5624
2143
5004
17455
18137
25086
10206
32140
90
4371
17169
8235
7207
27945
11148
25232
28475
12283
26033
17795
4585
19085
30918
21643
7337
28682
5800
29228
26019
29276
4654
11231
2813
19597
20574
20949
21989
30433
8274
20076
16989
24751
9704
31086
14282
11267
17197
25356
15930
1782
11399
21149
15480
16072
5028
29974
2770
26818
5414
30536
26277
15566
21771
2013
4781
32210
30174
32016
12302
3025
22175
6703
7201
31681
17267
12498
24319
20778
1291
6617
30416
13699
31446
16935
3025
18764
11238
18208
22822
27370
31395
24291
22117
3911
26418
2119
28126
2086
3235
16023
19372
21574
17629
11534
4477
21822
8009
7697
31521
1811
5697
8750
16339
5530
12087
10968
15434
27537
29093
5344
12671
6011
24760
24243
9277
8767
25532
1622
10602
13183
18758
19234
11031
8121
20771
20287
29257
15392
26884
21729
389
5176
2021
4933
3101
23860
21570
24426
5693
17167
249
9360
2485
27500
3325
26738
19332
18991
20929
22338
7720
9175
3166
4968
23720
22946
19850
17659
23133
23391
31801
9468
29572
23313
22288
85
6789
7752
8334
28308
28161
2367
25082
14438
9118
16310
28938
10710
21394
30606
9304
19523
28912
22822
25221
17443
31413
2424
30762
20090
12690
14834
24707
6680
24183
23061
27866
30869
30180
18127
30389
8973
9199
5017
2239
3740
3348
18768
10871
3224
20415
14036
15002
12945
4763
12131
1105
17930
11160
21171
31514
10228
11198
15057
18808
31726
23477
11196
7770
1855
29968
8384
25933
911
9309
21396
21856
24936
8173
6451
731
13936
24420
12411
24479
21348
16383
24198
22107
15828
8616
29900
27764
2465
18619
7413
5809
20022
4246
1663
11434
13193
15075
21012
9966
21200
26533
22184
5111
26372
515
7254
28622
2327
11735
10488
19070
29684
502
31368
26938
3130
6973
19258
20045
10168
21600
31573
21446
20648
11890
15573
17631
172
13876
23746
8753
3978
29213
17998
31898
20902
9517
7089
4842
8771
29298
197
7760
21881
11607
29537
31111
19957
25264
19829
3776
12915
26245
19690
14414
32508
29346
15671
20
28128
8667
7875
27054
29811
21535
26622
13154
20359
18244
15421
14789
23469
28812
13401
27181
13610
25338
5383
28634
23483
20055
3830
2019
22025
25347
25771
10210
4330
9852
4636
25439
30302
1200
21006
15357
30788
10755
7470
18534
2783
29214
32498
24056
19213
30589
23597
10540
19521
4023
1909
24778
19013
16524
16181
32719
15026
31153
29072
12826
31274
8026
25084
24537
4444
12683
3227
949
19893
7199
25432
14272
10726
31637
16582
9498
16923
25246
11448
16999
20469
27751
20128
3313
27211
10150
10665
10396
1189
9830
32402
4749
27252
16019
28496
21145
12819
18245
16483
22383
25470
24268
21492
27014
20181
1408
15028
24772
20110
6469
30323
2291
29053
32224
19074
24804
18565
32253
13770
8289
21532
12540
29353
12500
19840
29055
6288
1208
18363
12469
15197
31171
25687
12899
9337
12752
6114
32183
433
3726
14880
3788
9685
15339
24083
5372
14099
30014
11691
18921
26385
28983
17741
11594
4300
8327
19206
12663
22579
11086
15756
9395
10114
22856
14072
25403
9823
20663
8005
7698
1719
22544
2696
17034
17239
1637
16109
20114
11338
3733
7797
7619
23797
4405
28785
31529
30707
8509
18110
977
17585
26483
31422
9751
2761
4248
32281
18860
18207
29267
31544
27754
5822
4833
382
16343
29552
32634
14660
4987
7711
7554
23451
6114
21230
25205
27073
18031
8983
7823
24671
31207
4227
17982
25224
953
18219
26184
6258
18958
4145
11964
15858
14997
23229
16538
7353
7692
30360
10818
28241
6285
23691
16029
25045
25246
8309
13069
16755
1782
26927
12309
29603
12560
2592
16584
21540
22642
6815
19699
8379
21690
9996
2569
30123
9837
22444
3795
5619
127
10568
30164
31562
24226
4997
14973
27099
13391
14594
15637
960
149
32052
6502
6208
21156
7168
15400
10953
2840
7965
25391
28076
26119
19752
29780
11418
6601
28292
22307
25314
5770
1016
15689
31080
12944
19206
1467
26725
20301
11276
9895
14560
17188
28189
18972
8688
5115
19613
2424
15790
20101
19102
29589
4604
1613
24573
18866
26873
19073
23612
7971
13632
7044
6942
18360
32227
11569
26373
16623
3626
496
9483
473
25867
10875
9954
24012
8297
13934
15980
26062
24589
8592
28441
29884
23653
18916
22788
21054
11519
14958
14797
6251
31427
22213
7989
18491
6643
13149
10107
14512
18404
9873
27512
19652
2170
24179
28284
7185
24420
1876
12263
31298
24861
20242
14983
2365
22430
20772
19893
16910
30435
14182
31790
8338
23844
7077
23730
24040
23248
30186
10335
26007
15945
9095
25290
29055
8034
21218
26594
30849
26266
24580
31621
23534
3093
28129
14047
32688
19038
18533
28551
14651
16607
23363
29784
16689
16924
18813
15375
5080
18866
29106
25001
27708
22035
27434
2682
17955
8702
18338
4621
4789
31169
9688
6079
3048
10286
24791
18970
21165
14175
26624
3058
17372
297
3036
20290
12256
19297
19363
16836
24866
27601
28555
10066
7478
12280
31698
32255
3272
1157
18570
18420
13893
6290
18984
5900
30537
30881
22218
13871
10443
23895
29772
3183
23050
10746
31497
5604
20022
22188
6513
3656
10463
16997
1103
10577
29982
10418
24535
29906
29574
14127
11635
16528
23240
32453
19018
10213
30504
15524
19092
6423
21667
14079
15777
30326
24541
10634
9890
11575
10700
32181
13886
24083
14887
19109
4309
29599
7308
22775
11666
17002
5236
9780
6707
3800
9175
9234
12184
5313
20638
12144
781
27849
21709
31503
8279
27517
9581
27154
22656
22066
31802
5684
12642
2462
20497
32203
16886
28211
26648
5504
1882
22079
30123
14795
32420
8645
24842
15409
3945
17433
13507
2109
4875
1853
21472
7232
1222
10494
26321
20936
9849
11726
11032
12769
9782
1376
4534
20750
4232
23814
22617
28421
7047
15306
2370
22062
5788
17486
3576
14042
2837
14436
16558
31299
22888
6764
10357
18760
24391
2161
19490
17125
29287
11522
18429
7796
15376
25042
4654
13733
16741
24591
6632
12862
9329
6786
11602
23443
27125
7531
21050
16325
20468
4122
32121
13498
250
13389
21796
27872
12336
32589
26999
7073
27169
10439
4226
26020
9802
19307
20625
6346
25956
29510
1372
26595
26736
13792
11251
9780
19591
12309
360
16041
5982
1460
24634
25306
155
16089
2180
11712
987
7946
16106
13876
1920
21012
28222
19755
9275
2724
14326
25523
22877
28324
8015
21676
14813
27995
15165
3655
24104
23363
6937
22336
9900
28585
18953
11227
6947
7
7470
28320
29343
5409
14481
26837
4186
13794
30411
22208
315
1012
8054
31641
17960
1569
6230
31057
30478
15468
32071
26630
2737
23022
19174
26945
20276
16498
2047
13045
24424
6608
6586
20024
8405
11018
11908
1470
5769
15656
27583
16410
5283
14291
18984
16821
8349
18868
19724
4746
2653
14986
42
935
2555
17165
26727
4195
28240
1670
21300
5984
10307
2603
12480
10047
16083
17980
25821
23334
30692
11486
15026
755
16841
17082
26406
4925
10645
9557
17927
6415
27169
6957
15870
11619
24541
2457
30515
9312
27992
27742
20672
29779
7309
11024
16599
4207
2291
26671
2994
13125
24131
9725
32062
21761
30727
23840
4486
18794
28135
24828
14304
16791
6323
11726
7386
11634
23599
31881
9956
14574
16802
14449
4538
24840
12061
12920
21655
23679
18316
11867
16155
21586
16254
9596
30969
10238
12980
23422
20576
14708
18027
8355
815
31964
9321
24037
28376
18444
6857
18133
21263
7623
27783
19767
4923
28853
7883
12891
8858
6694
20214
21049
1842
135
23917
1108
8059
10656
31016
11851
5838
13459
22521
25663
13451
30613
10141
13033
29197
15721
900
28534
847
24225
31584
10537
15963
12948
30319
6319
3446
5150
32649
10561
22541
30234
17897
30588
3678
17312
24251
25088
17382
2047
4969
1994
1165
6777
18598
20562
20628
18881
18999
22884
27450
17205
1924
26303
26673
12763
3298
12143
9156
20765
17821
9450
4549
28485
21192
4077
3896
7095
710
7956
8896
31984
13716
17212
22477
2626
14812
30104
8323
9548
28345
17302
27241
20283
13899
15471
20950
30148
1274
7312
8220
5085
6539
21164
113
8766
10724
15006
6049
5019
4255
10752
27254
22686
18257
10891
16099
10150
14743
32309
25587
1090
15588
18692
3188
17004
14605
31924
10338
389
19857
25100
26901
23316
32682
23552
23594
16702
15637
16519
18739
18693
16288
25402
15902
23617
7544
11698
30310
3934
4655
24990
2299
5851
19600
24742
2290
6270
19747
5635
1260
21591
8574
24027
4424
24955
2130
1630
18696
31358
18993
18081
29060
5549
21280
18237
11473
17680
22753
6311
26351
6691
6653
13133
27060
2382
403
23926
17276
2346
15331
4822
27790
26994
1946
18932
22349
7627
20443
13116
22307
30772
23313
19939
2605
3915
6775
28287
12710
19525
26212
4962
9493
23723
13143
8890
19510
981
3015
28265
19370
2088
23207
6565
20573
14351
21179
15439
9659
17082
32413
24596
658
24729
17806
13126
14533
1943
28926
3448
13238
10007
32473
8667
29041
10159
19607
31579
25241
10919
26370
7801
23827
17711
2758
27879
3444
13156
8635
9957
4907
16129
18673
9822
13166
21989
11135
12225
20197
3145
15883
29857
1561
1725
10009
9227
14491
2023
24597
9387
19188
7675
23326
21662
24400
11257
14744
27412
27881
19114
24432
22445
25141
15704
28462
15249
15822
30288
31420
22605
18981
26392
29944
4209
26599
6257
12283
21994
4907
17931
29735
8736
3936
31242
31731
21454
26105
25661
24694
3749
9173
26905
17076
30880
368
9335
15788
28965
25036
23570
27933
7649
21533
7614
5404
26976
1079
1385
13911
20335
17848
26323
6950
4914
9717
22285
10583
15108
12453
20915
1206
28177
21327
30184
20062
4021
2933
5910
3267
13459
19326
7523
2171
19830
16996
29170
10703
9191
29218
29406
8965
1170
16603
10999
29547
13145
28874
18746
3875
1333
10989
5138
14258
15313
2161
21585
20807
32485
18140
29677
16587
3923
4860
19578
7852
4098
5779
24939
19049
126
13503
521
10974
17740
8491
3887
10061
23054
15864
24778
9520
2396
27753
1812
5825
18012
15441
25483
26181
1063
9788
21940
18972
9948
15456
30609
19850
27264
32322
9699
6723
23452
15144
20512
20152
15764
12098
19507
27940
31433
18327
10742
12117
31342
14512
17007
19259
30763
21511
32462
29746
14707
18478
4898
9487
15526
14272
10463
32492
15846
21256
13584
18612
11705
24691
30300
23405
30051
24502
22202
1864
9473
13246
11508
15722
26469
32604
6621
2680
22453
8365
32081
11749
5314
30538
16113
23035
11817
24885
26267
26794
18220
6782
16556
4372
2894
27576
2549
27092
20656
21279
24446
17426
1070
5254
28157
11080
15161
23554
7444
5585
1906
24409
12878
4662
26636
10792
10200
32056
29918
214
13055
3229
8011
1596
13933
15035
9426
4113
7203
24261
3956
22039
21301
32216
24521
26631
27977
8389
15585
5693
6094
15004
17883
14627
27899
27645
24903
863
22670
12062
9789
19132
3137
14491
15162
29657
16396
6401
18110
27796
14878
27417
19878
24884
23193
6900
6985
6232
10000
4539
3925
8611
4545
21043
28008
17189
30866
21011
2670
20872
6093
7174
29629
24319
27803
1662
27633
27886
17218
2878
22921
3161
27934
2982
830
6414
23136
3517
13863
31634
5002
15872
12686
7629
20134
16877
29840
32373
7241
10062
18806
3898
26699
31814
10966
18870
19011
23581
24169
10003
25029
31947
25003
26234
14939
2374
1077
20031
29508
21643
19418
21453
9967
12655
32387
22099
20021
31523
28107
22571
7001
6792
24665
25359
2241
5176
13569
762
6003
27472
7066
991
31054
25855
32669
24077
8973
30928
130
32093
507
31159
5083
20257
20854
17373
11565
17100
19494
31531
1937
10593
13563
9880
27919
8093
29672
13363
6069
28387
16993
12783
2171
4332
9109
18226
28631
16939
9323
15132
1054
20225
7998
5015
24993
1957
32601
6435
20611
1745
16433
19295
3164
14125
9317
4694
27023
17276
24694
14479
29803
23945
13638
31187
26116
1999
13906
12988
2767
19947
14255
32002
30464
6082
8134
17541
9380
882
6351
8474
22397
29178
24078
278
25249
12968
8400
28827
11217
31046
16676
2469
2202
2819
22106
22739
20782
20003
17213
17142
17664
10342
21007
14171
7457
22585
5193
15064
26717
13471
527
6041
3348
32734
5493
15784
3290
14569
23924
8253
26062
6033
17578
7115
11707
8042
2005
12487
17136
30078
6158
7990
11999
25780
25797
12029
5752
15614
18816
12520
21571
31046
6995
1144
6208
22550
4638
11885
10623
21257
2441
19478
9598
8437
21952
28507
22853
11990
10223
12167
4163
15225
15996
31446
29927
493
23815
29890
24318
7849
18467
27918
11215
7037
16593
15247
31736
20026
15297
3261
29446
30240
20551
27389
21719
17420
6942
4268
7344
14686
4320
20203
27166
2475
31809
5421
24461
27432
9231
25985
20138
465
21738
16800
20088
20828
19139
23734
5940
25057
13845
7665
16362
838
22758
16330
14803
23404
30588
6166
9589
11035
6368
21707
23929
30126
21268
14739
21323
30590
7955
10771
6516
5903
28813
3320
14263
15613
3423
21446
9453
16036
24788
13151
672
18322
18078
22870
30314
28078
2450
10737
15628
23589
4647
21248
21325
16664
172
16224
20633
27142
12108
14158
20309
15099
22468
14701
32515
27766
22750
22677
15386
15387
22452
10849
18851
31773
14502
4727
2195
11625
11288
30358
18667
4243
19180
10081
4242
22913
32451
2541
29677
29146
12787
19980
23620
30252
838
15703
22484
23007
31096
28413
20404
24029
29295
27726
16232
17919
19000
4615
19015
31030
30150
14939
19085
30846
3433
31686
13887
22659
783
2193
30146
10768
62
31523
2106
32059
10189
6926
4515
27474
14181
26325
11954
21380
17595
28287
10857
13903
4747
19165
29052
23469
14675
15770
24423
12286
8149
17927
16716
948
32586
13988
10894
6592
28518
5997
30510
12480
13840
24811
6120
29413
22238
23542
1036
30885
7762
12874
27934
18982
9430
31697
4141
2918
1401
21674
16627
16170
17511
18428
2738
19628
8490
7038
713
13315
20643
18370
10520
7506
23238
10564
29210
11953
6169
13878
22203
21723
2794
17673
1534
27292
4179
12219
5200
27384
9455
24547
17577
6683
14681
3966
18280
20741
21096
19063
2795
22514
28973
31992
31217
31626
32425
6771
17329
18637
14158
10607
2486
7100
21052
16403
3969
27848
24632
15731
18397
2300
7788
19358
23552
8425
14561
30308
2150
23125
14525
25319
27501
20642
6716
29673
8625
12288
18031
26319
19493
22354
27831
13688
23542
11489
30721
18624
16416
4547
7103
18386
20684
8201
13481
4145
5232
8107
31032
8838
15013
24116
13791
4135
26823
21806
4360
13675
13391
19275
4818
19632
26352
23640
27787
9769
26739
5090
15343
4200
27218
1701
17950
15791
12567
5817
26207
12790
6002
20091
11415
1468
10013
32316
26503
2446
25456
2220
5832
5720
8643
2564
136
5743
2951
17910
26370
4954
9763
2134
6591
21604
31888
25733
24206
23010
18099
32673
28228
16708
10877
20846
308
24030
29381
2051
10093
4724
22496
31284
26806
14215
13830
21699
26698
6754
19812
28230
2132
24803
26624
28118
18729
24074
337
12412
24647
9027
19354
6492
17169
23155
12042
14495
8520
13509
7829
29986
2889
31281
24208
9440
16393
1489
6415
16416
24272
15075
23551
7006
30904
16029
23810
21498
15845
692
7949
23458
17025
27819
21956
20096
6015
9692
8848
36
13067
24647
1926
27440
25811
7198
11255
28614
20984
14860
20183
3250
13523
26185
718
32598
23656
10335
4128
30297
10155
9145
6205
17167
30837
21744
22311
13734
23108
22485
7816
4118
22709
574
26255
15303
16835
24465
4238
11775
20413
22802
14165
10002
30473
5868
10572
14407
21402
26113
26706
15500
29234
11889
19289
12250
29017
18156
7614
4454
13849
12472
22633
15501
12414
2177
20649
25724
27600
14308
30924
7842
26254
13242
3713
10199
28203
21284
21231
20553
31368
2907
10385
14891
17716
7221
13016
22300
6245
31094
21374
20568
4534
31964
8619
17824
21662
11496
14027
3818
26804
9326
27946
27849
16293
26332
27732
21402
7921
11594
7983
15732
26984
30789
28628
11981
1128
29275
25906
23020
21715
28518
32354
3347
4051
5273
26567
22376
23373
30028
26093
4263
31270
12423
4639
12170
56
23376
17606
6899
18963
17333
18820
25055
13428
22680
14612
1547
20357
16957
5344
17764
2522
30612
95
3631
3879
23623
13365
2557
22211
13188
1800
27468
7645
29575
10275
27133
18816
17902
26573
6778
27720
16572
10599
2979
27618
9258
23368
22397
581
10546
4185
4761
5810
11481
5999
17990
10860
17471
11371
24950
21816
1383
7956
19569
3475
4295
2991
2875
14518
10127
356
6854
15946
23226
12880
29912
7147
7893
2409
26298
13406
20626
16917
9894
22163
30220
23946
21486
14425
18647
4580
19948
24803
21711
3847
3501
16126
14238
13627
28252
26384
19722
6528
4208
13520
21508
29622
17301
19655
22640
21102
9052
14730
28085
12429
21153
8372
1541
18599
448
19366
29289
16917
11127
32766
22420
5084
13465
25560
9060
14653
23160
27079
20279
5147
7184
145
31475
6417
2547
686
11476
8528
10488
8575
16884
32313
21411
18511
23452
10942
18003
13066
21836
13944
16942
13503
3980
18056
29389
27095
7025
18480
678
21011
4846
12589
2621
3655
10720
27098
17930
15832
17367
15621
16169
14327
6821
27024
21188
7322
16809
12744
17473
31039
4569
1157
17962
32096
19088
7174
9696
31413
29469
11913
1535
11564
18695
3245
21392
1705
18210
18824
25074
31357
4435
18568
22917
1192
20770
19722
25883
26831
20228
26556
18975
25851
21606
23987
22403
21527
8825
25931
22379
31784
2496
21698
28571
1098
28251
7827
7329
20078
17681
14228
13250
12501
21791
17103
6053
19275
19138
7968
3009
29732
26246
12947
21128
30968
21837
3962
593
12062
32030
20305
15622
4073
19123
16211
13970
23717
19393
15064
13831
1615
8709
20341
32147
21784
6931
1746
17697
2968
30942
29257
13262
466
14086
21572
1042
29676
22756
851
16043
171
3159
25360
14408
5040
11597
3763
15867
14196
30225
4468
7260
2821
26710
18596
28028
22398
15111
19338
22928
327
22732
29950
13914
20754
15196
27335
12630
20624
12165
16053
28842
14071
19965
1407
22219
8501
13542
32602
21742
4593
20003
11869
30773
30022
11869
30360
7574
9278
22739
9198
30859
9232
29670
29110
22652
7450
14944
28693
22764
17821
13704
25369
26725
15418
3046
30614
21028
3632
28886
27073
13957
25939
207
31118
7725
6603
5745
18633
5113
9106
25680
32502
29098
10155
24450
20202
19277
7459
18154
14886
9579
17865
21315
11766
25077
30380
23532
22094
4078
27737
31862
16991
2518
9937
1773
14076
3802
2380
20202
19120
17085
14769
6485
10139
16516
31696
15610
3857
11236
1125
16339
31472
28012
32717
32015
30917
1394
18565
8166
6814
8639
2408
32540
6573
25082
18341
9558
1697
30421
4225
4640
9156
2041
18130
32698
17621
3250
19511
14758
20643
858
536
20466
16494
13191
24161
13125
14589
26356
4093
1452
6527
17712
28437
11298
7202
15880
13573
27873
25717
11957
14370
9835
6014
11718
10031
27479
22939
10700
152
3804
19993
18119
16756
28191
29845
9811
2109
572
22
1682
10060
1814
1000
25560
25367
17119
4663
2330
22571
14950
10351
15124
17639
24100
1365
27196
13054
31748
17637
5993
15530
502
24042
22339
27057
23858
23904
8297
24601
588
31625
20581
25770
27132
26321
4945
26408
3755
24675
6725
5709
14013
1671
19592
14216
6049
26818
24434
15992
7578
16812
290
24615
25674
29327
485
7687
11267
7364
10337
1197
22478
29902
7301
6735
16439
11059
5425
14591
26334
1822
13476
20644
22207
3766
16297
19645
15676
22844
7041
6613
2031
26343
16015
1734
4914
6783
32710
32173
13675
12475
28883
20657
13080
20827
12041
5747
26526
5637
22288
21075
11985
8929
1869
25705
23362
11507
7440
32062
17740
2619
6273
4430
16093
10126
21320
2110
30725
51
30205
9181
8256
29501
22614
23260
20612
4779
14346
9037
2569
18496
29320
26846
21979
27683
11609
10962
20768
10551
6485
32195
12841
19256
15497
27929
4667
21146
28388
30792
2076
27170
30116
10190
24412
6721
27011
30184
30825
22067
21408
1815
7504
16092
11567
28246
22356
14173
11744
31000
4400
10105
5392
16131
4652
1963
22962
29039
7650
4867
27900
9885
17613
15044
31697
7351
12694
14271
23281
12428
32543
21869
2530
1032
25419
21199
30877
4212
14996
29958
31737
8307
16458
10162
7384
28088
32684
18187
11796
24200
18856
28608
21799
7923
15218
28818
29084
4562
8647
14768
3897
21887
17662
26065
20201
22615
27091
14611
29292
14577
4851
12695
30397
28187
20295
1497
26951
29336
8448
11472
25542
28828
18791
19401
23294
10499
1378
9732
11295
4693
1733
27147
5363
27515
13918
30934
717
15933
2751
672
25650
3459
32713
5511
26948
11080
31485
31206
24306
29277
10370
30834
4321
24547
7414
26135
24089
18566
18421
4496
27760
9593
874
28361
9911
13622
19352
7156
29094
27635
27623
7277
17288
28643
11375
25934
2725
7474
19526
6098
3700
19901
21642
1387
14205
24725
4141
22945
27152
15666
13443
1457
24488
20087
1677
18913
11036
12649
2307
30884
21387
5039
32547
20339
12805
32201
20540
357
32250
1296
6137
20372
13411
8562
28526
19248
17842
8937
15076
7520
13946
704
2148
28892
7902
3205
19206
22859
13499
6861
32503
21597
19605
25514
587
16552
32066
4333
11912
26180
21080
8220
32494
27941
14680
17970
20360
23867
5527
21273
243
1099
9968
20712
3313
23947
12075
23260
22445
22272
556
26648
18892
4248
27867
1564
32568
28935
7895
16135
5803
11362
730
10125
28157
6268
12778
20662
22318
27396
27973
6492
4659
15707
19210
7010
6017
29238
423
12468
32602
22776
32262
19459
4570
10956
12407
8510
19392
15750
15451
22991
25598
2103
30358
20634
7679
21906
24242
4534
29882
16385
32467
6633
27259
21383
24159
4582
2412
29012
29545
325
24806
20778
16098
13638
2938
15474
32638
22342
2493
24349
10088
28413
32215
19004
165
19581
5066
1118
11336
5610
8835
17325
26715
29946
20899
11719
18568
8235
20490
14685
19851
15303
26408
3470
1880
20121
30466
31489
11787
18029
9990
27332
23955
18505
22416
24296
24606
18540
8248
24792
13124
9738
26338
31102
13299
18117
23427
3860
7453
28139
25779
17610
17699
19314
18680
14365
17919
32436
8396
14321
31796
2283
23924
20852
2167
27498
28800
20147
16410
28065
24608
761
14397
18126
21549
236
22451
10116
26611
5733
7093
24285
19648
10770
31561
6014
2350
22222
5488
26703
24879
24763
5650
13559
13021
24613
32170
6682
21503
15894
14257
24914
15451
24249
11212
14574
2238
5487
13749
11117
8908
16051
12265
4793
6536
7086
32022
803
30370
19353
15427
27170
7300
32471
5053
23755
31003
16334
16069
21008
6501
28041
18939
17592
27071
17423
10888
31010
12012
3712
7183
25273
997
24309
29009
25910
26723
26645
17314
28057
11309
21623
11535
7909
17185
14267
31052
3742
19972
30055
31072
19715
25611
14723
26127
13579
26918
24307
32011
16418
32015
24471
17625
22944
20245
10788
9093
28174
25257
31168
13317
12823
4261
2912
1646
23888
20832
19682
14040
21672
7026
25065
1810
173
25416
6780
26374
19332
1894
14174
6123
677
13695
6187
22061
6234
5175
12087
13852
247
15794
22310
8022
10199
22244
26187
4853
14362
20376
7105
10361
13600
5949
16971
28020
7876
21107
9453
5112
7513
23897
12615
7104
29029
9877
25524
25121
8992
12064
22822
17583
11690
15063
8895
17070
8720
32193
14128
18751
32253
21025
7634
5703
12864
17211
12166
24094
5377
30951
2381
8188
15299
20439
3238
21796
31001
10919
2475
26318
31272
18345
28394
5845
16352
10094
6916
18213
28665
20501
11272
19426
14767
31059
26765
13401
19006
27974
7825
13991
3357
10745
5141
10795
13306
4022
25972
15533
17016
10255
28039
20043
6571
20907
4987
8231
16207
23761
6765
16850
23756
25782
20170
26999
12778
29062
11625
8903
30548
12084
24677
168
27854
17666
11708
15773
3894
6608
13225
30452
12860
4388
3777
28337
31200
3325
17871
61
28592
16471
6001
13262
12223
7806
1391
7318
26980
29459
14814
28075
12216
28383
8697
29113
21965
13659
23226
20841
21166
14075
19260
21648
26907
25662
2256
2584
3841
1399
24801
687
20667
17240
9352
2609
11275
11331
4590
3030
7895
16977
30565
3355
26019
24094
27717
27505
9682
29275
15240
18600
32668
31761
23589
21018
17358
11190
4909
20119
18757
4849
7078
7956
7720
25389
28714
7698
4328
2271
4671
2512
19705
12184
27509
25904
1869
31434
9282
31594
30357
32602
3230
29298
4919
18921
29277
6186
23310
32226
335
22088
5348
22852
2328
30981
20399
10541
17617
13451
6543
31530
91
5403
10883
5952
14215
17921
32495
3769
2792
23353
7630
27568
9842
2527
1719
19804
30171
31575
913
32028
17070
10048
23061
18502
6191
24602
6408
10927
2290
32433
32054
5626
12858
22609
10797
24993
6418
27560
12991
12229
15661
28793
11573
21173
32127
13830
20307
32576
10903
31803
19984
22459
25283
13210
32018
7121
5090
20458
27115
2317
16135
6559
28438
14377
22995
10760
31408
788
27023
32315
1270
16325
13324
19648
29314
23490
8762
2560
24133
9327
12427
18283
1859
18455
2309
22892
24081
23484
9001
28686
28176
29087
1416
3691
7783
3213
1310
3288
1730
31728
7797
4562
21452
27793
17530
11687
30573
14894
16670
1252
8387
19904
940
13698
14306
5256
30957
25295
22860
23519
18685
5150
3375
7611
5867
21038
13921
2560
7700
12123
29980
22669
18748
9863
31097
12289
8049
31942
429
11601
8864
4555
7
22539
31732
19222
9381
3943
4594
1499
18169
15378
25686
15281
27391
21178
18859
17919
24124
29530
27308
27687
10357
12611
5981
10351
19509
20462
20969
20404
4860
131
11066
1997
24903
27688
19802
14528
20036
5899
20365
25767
31570
26670
12330
4704
26426
25077
4157
14072
14639
22385
3294
18901
16263
10858
21072
28581
7735
24110
17625
26634
26897
2844
23396
10754
9660
32495
2007
23320
29047
5580
18741
3404
18061
6154
17267
28611
7575
10435
31004
24111
26228
4382
676
31484
5385
29786
24459
16448
15801
14491
15673
13151
32163
12405
20372
10113
10910
20793
5986
15029
1782
514
12898
31202
29923
20350
4393
22386
26061
4220
11965
24764
322
18234
9715
24117
16307
19308
16521
19031
29938
2316
23554
19277
1644
24549
16453
7011
18726
28637
17396
3120
17272
24069
23181
4224
20108
24162
26691
30980
21398
3705
30618
20409
8400
27804
11461
32280
4669
30711
4799
10754
2585
17753
7723
30058
29986
5315
493
3264
22154
13235
12676
12321
6071
14381
11566
9023
6080
24718
29626
12306
13992
9232
13867
10300
22616
16412
10513
4413
7006
20051
4007
26459
16232
12123
23725
9038
30590
22122
1284
28335
9219
16787
24587
13087
12393
10963
12732
28727
4279
15834
14981
1075
6844
24219
26855
21341
14097
19602
2256
31291
9680
11992
3257
30328
21269
21736
19583
29331
30521
14383
22018
8265
32457
2645
11136
19907
30280
23630
2991
8576
30121
10783
8092
10496
18315
22385
10822
9782
18482
26839
5625
18347
14409
1503
31596
14194
32602
4058
32410
11471
6665
22891
7520
27814
12308
19154
19419
25765
3594
32502
31359
19761
32462
9524
25080
32273
16587
13290
12481
25053
4852
14273
30341
13348
5507
19390
26936
30304
31341
1544
24565
18331
16807
25975
8086
2781
32027
3041
21781
2140
22633
20771
22950
30051
24670
31473
7312
3838
17973
9566
20175
13162
6800
10282
11371
9792
15412
1231
32662
27483
30343
10570
14728
25742
3019
5034
15643
7687
10008
8794
14118
30081
29211
7469
8345
2093
19089
17198
18013
4958
21377
26917
29417
13303
24124
29929
5540
12437
26389
16745
1021
14971
8673
14200
12364
20801
21037
10076
29287
13628
27458
12053
15876
5292
13273
14701
25298
24488
27038
25028
12886
28362
8295
18584
10118
26778
22833
9431
27687
4539
3295
7652
22502
29656
9905
14955
17720
1868
10885
28645
22515
19348
721
7914
4521
31349
12892
2106
20425
16876
26047
1673
3955
12506
8351
6414
4894
17004
679
2762
17900
13388
24648
17049
30920
5001
11056
2042
21829
11334
26251
18589
8758
18470
8956
10929
13837
26483
15962
30700
13044
24849
25387
11607
26797
5413
993
15327
30762
7812
19926
17820
5356
11998
20489
25566
28
423
20886
16892
6506
4553
5111
6365
8617
32267
31997
22339
2855
18495
25740
731
29646
23342
537
7685
9468
836
13797
7779
13602
17915
10742
16419
10014
17417
1754
16909
9049
4681
14363
22092
9888
13674
31873
21500
17091
11354
15882
30071
19696
13680
28074
12127
5581
14940
24259
27755
1879
3791
24162
14834
17533
28137
575
12601
9851
25191
27507
10621
13303
1417
30967
32447
28126
16580
9696
31058
3581
32300
3933
8741
4959
29599
24172
4049
14441
29875
4447
30817
11958
30557
24850
5093
15539
14182
15849
7093
6394
9358
8332
29318
8047
1917
10850
16686
15389
2413
20942
5175
10190
2713
5676
17957
21100
29540
30602
17031
5914
27722
11814
28096
5650
10375
23980
15763
20541
12169
16428
20080
24724
20758
1245
384
28473
12349
24212
28530
14932
4350
32258
15363
20654
21689
29616
5712
23056
20823
13756
29147
2393
28474
17745
17503
5218
14821
12263
21588
19858
20331
26688
25664
15168
23193
13085
18116
18635
995
9156
10082
28027
1295
25651
5135
25878
19363
17697
4988
22082
22031
20921
21540
670
14235
25366
16406
23710
28431
28541
384
7978
31780
4444
17407
17142
24493
518
16040
28064
29317
1068
21206
13963
16183
31259
19378
23934
19056
9143
2691
20219
30245
16443
11195
4704
27524
4014
28861
32192
14236
28708
31343
19326
1739
4794
8324
28079
10987
1103
29062
15149
22587
1539
10150
21115
17679
29040
7747
20060
6200
9387
5180
10290
21041
12793
18166
25623
7438
20305
12844
25277
12069
16790
122
29958
11385
16272
30887
3426
13034
2223
29621
10988
32031
11136
10154
23108
18479
14315
21276
26666
26642
22835
5503
8671
14026
5034
47
16188
19025
8759
11324
21135
7489
12169
24823
23097
5702
26392
5952
20488
6724
6624
25997
21077
5447
29405
8379
17117
9774
30533
15765
30560
22807
20104
16165
22523
7305
3592
15805
1862
23908
1176
21187
28717
30089
16822
30016
21903
22857
21640
4904
16280
12175
32409
29543
25311
16588
22096
11440
23871
26789
5428
15620
25717
30303
3553
3588
17022
10246
1481
29176
15278
11360
28332
26011
14992
22421
15317
8876
23937
30363
20250
20277
16907
28003
14737
21913
10754
3013
19474
12641
22113
17708
13169
15555
13282
14081
7288
19190
13663
10713
7079
6968
30699
31069
21675
28827
3247
3837
7582
23187
1158
23380
6660
31297
6488
31321
2433
20605
4407
28235
18012
24742
14139
7515
12212
13353
1566
32278
31620
2770
24726
7833
11352
17365
29558
29299
9932
19355
7555
4952
8905
6734
30999
24715
29823
3875
25464
10505
26914
13418
7669
19574
13156
14423
25798
32457
9141
9870
6049
6838
10301
11888
20508
11998
20629
552
454
12729
20809
6772
3
2111
17166
27443
1451
19289
6596
21683
6754
30731
3882
23992
29109
30302
32099
588
8185
8974
25900
9034
16612
18424
7130
25256
27624
12098
23830
30855
4691
15688
15449
19708
9000
15690
12837
25244
4283
19670
16649
24010
5134
4598
28242
13504
18926
10266
2705
21598
1485
28612
1489
17845
30302
11510
19349
8275
30707
8283
25236
21836
12438
1847
19507
7949
20969
11792
24518
8672
7358
538
7559
2366
629
19811
13650
11736
25
2499
15654
4196
3897
30337
21340
13608
18568
23749
10405
11335
5172
11970
11717
21199
1030
28064
24849
6270
