8
14
18
20
22
22
27
28
30
32
34
37
41
41
49
53
66
67
70
72
78
80
82
85
92
93
97
97
100
102
106
106
111
116
120
121
121
124
125
132
133
133
137
138
141
142
152
157
161
165
165
165
172
174
177
178
178
180
181
185
192
196
202
203
205
207
207
210
211
212
217
217
218
223
224
236
244
256
260
260
262
280
282
288
293
295
295
302
304
304
306
309
312
319
323
331
337
339
342
345
345
345
346
347
354
356
356
362
368
372
373
378
379
380
380
384
384
393
396
401
402
403
404
407
408
410
410
414
414
418
419
420
425
426
433
440
441
447
454
460
460
460
462
462
462
463
474
482
485
489
490
491
492
493
494
504
506
506
512
514
515
518
519
524
537
546
548
554
556
560
561
561
570
574
577
579
580
582
588
592
598
604
614
615
615
624
634
636
638
642
644
645
646
649
658
659
662
665
665
670
671
672
673
675
676
678
678
684
685
693
696
697
704
708
713
714
715
720
721
726
728
735
737
738
741
743
744
746
746
747
753
754
761
765
766
767
770
770
774
779
780
780
781
784
789
789
791
795
801
802
807
808
815
815
815
817
817
821
824
835
837
839
840
842
845
852
853
856
857
866
871
872
879
882
884
885
885
887
893
894
904
909
917
917
922
925
925
932
938
943
944
944
947
950
952
956
964
969
970
970
971
974
984
986
986
987
988
988
989
990
996
1002
1004
1004
1005
1006
1008
1010
1012
1012
1013
1015
1017
1021
1021
1021
1026
1032
1040
1040
1042
1044
1046
1048
1059
1060
1060
1067
1072
1072
1072
1073
1073
1079
1080
1087
1090
1093
1097
1102
1109
1120
1124
1137
1137
1142
1144
1145
1147
1148
1151
1151
1157
1160
1161
1162
1165
1170
1177
1177
1181
1182
1182
1191
1196
1200
1202
1205
1209
1216
1220
1220
1229
1233
1236
1237
1240
1250
1256
1257
1257
1257
1259
1263
1268
1272
1277
1285
1287
1287
1291
1291
1293
1295
1300
1300
1302
1304
1304
1309
1311
1316
1319
1320
1322
1324
1330
1330
1332
1334
1337
1341
1347
1363
1365
1367
1379
1383
1390
1391
1391
1392
1393
1393
1394
1399
1401
1405
1410
1412
1412
1421
1421
1422
1422
1427
1446
1454
1470
1471
1472
1474
1488
1489
1493
1499
1499
1515
1516
1524
1529
1536
1540
1550
1550
1552
1554
1554
1555
1556
1559
1569
1572
1574
1575
1580
1584
1591
1592
1593
1594
1595
1602
1607
1611
1616
1618
1631
1633
1635
1635
1636
1641
1647
1649
1663
1668
1669
1671
1673
1674
1677
1679
1680
1683
1685
1686
1695
1700
1703
1707
1716
1724
1730
1738
1738
1741
1743
1745
1753
1758
1759
1765
1767
1776
1777
1780
1786
1787
1793
1793
1794
1799
1799
1803
1805
1811
1818
1820
1821
1823
1829
1829
1832
1835
1839
1840
1843
1847
1856
1859
1860
1862
1868
1871
1873
1873
1875
1879
1881
1885
1885
1885
1888
1891
1892
1897
1899
1900
1905
1913
1913
1918
1919
1920
1924
1927
1928
1935
1939
1940
1949
1951
1956
1961
1962
1964
1970
1974
1978
1979
1982
1983
1985
1990
1990
1991
1991
1991
1993
1993
1995
1998
2000
2007
2009
2011
2018
2024
2030
2035
2039
2042
2044
2047
2053
2054
2055
2057
2067
2071
2071
2073
2076
2087
2092
2112
2114
2114
2123
2123
2127
2129
2129
2131
2131
2132
2133
2137
2143
2147
2150
2151
2152
2153
2161
2171
2177
2179
2180
2180
2186
2187
2192
2193
2193
2195
2195
2206
2222
2224
2227
2229
2231
2232
2234
2238
2241
2243
2250
2251
2251
2263
2267
2269
2275
2280
2281
2283
2289
2290
2291
2292
2293
2294
2305
2306
2314
2316
2320
2323
2330
2330
2336
2337
2338
2340
2340
2341
2342
2342
2353
2358
2362
2364
2365
2365
2368
2369
2375
2381
2382
2383
2385
2396
2399
2406
2406
2409
2417
2420
2420
2421
2423
2424
2436
2440
2441
2446
2446
2448
2453
2454
2454
2455
2456
2457
2457
2459
2460
2462
2469
2471
2474
2477
2482
2484
2490
2492
2495
2495
2497
2497
2499
2499
2504
2514
2515
2519
2530
2535
2537
2538
2538
2539
2540
2544
2545
2550
2551
2552
2553
2554
2557
2558
2560
2568
2571
2572
2575
2575
2578
2590
2591
2601
2601
2603
2604
2613
2614
2614
2618
2620
2624
2624
2625
2626
2628
2632
2635
2635
2636
2638
2639
2641
2641
2642
2652
2653
2655
2656
2659
2668
2670
2677
2678
2679
2682
2688
2689
2690
2694
2695
2697
2699
2700
2701
2705
2706
2708
2719
2719
2725
2729
2732
2736
2739
2744
2755
2755
2766
2769
2770
2771
2771
2771
2771
2773
2774
2778
2782
2787
2792
2793
2794
2798
2799
2805
2806
2806
2811
2812
2817
2824
2825
2827
2831
2837
2837
2841
2843
2844
2845
2849
2854
2859
2860
2860
2860
2862
2864
2866
2871
2876
2876
2877
2878
2879
2881
2882
2890
2891
2892
2897
2901
2901
2903
2904
2908
2911
2914
2921
2922
2925
2930
2942
2943
2944
2945
2951
2953
2954
2964
2966
2970
2970
2972
2975
2985
2990
3010
3011
3012
3013
3014
3016
3020
3029
3030
3042
3042
3045
3049
3053
3060
3061
3063
3082
3084
3088
3091
3096
3103
3105
3114
3117
3126
3131
3133
3137
3138
3143
3144
3144
3155
3155
3157
3161
3162
3163
3172
3173
3182
3182
3185
3185
3188
3192
3194
3194
3195
3204
3207
3209
3211
3212
3214
3224
3230
3231
3232
3236
3236
3236
3242
3248
3257
3258
3258
3260
3263
3264
3266
3267
3268
3276
3278
3287
3291
3291
3301
3301
3302
3304
3304
3304
3308
3310
3312
3315
3321
3325
3327
3329
3332
3336
3338
3342
3343
3356
3361
3363
3368
3370
3371
3373
3378
3381
3384
3388
3396
3397
3399
3399
3399
3410
3410
3417
3425
3429
3431
3433
3434
3437
3440
3441
3442
3444
3448
3457
3462
3463
3463
3463
3465
3466
3468
3468
3478
3478
3480
3495
3497
3498
3500
3501
3503
3505
3506
3506
3509
3511
3518
3519
3521
3525
3528
3534
3535
3536
3539
3542
3544
3546
3548
3548
3552
3554
3555
3556
3557
3560
3561
3574
3575
3575
3579
3580
3590
3596
3597
3599
3600
3603
3605
3607
3611
3612
3618
3623
3630
3635
3636
3642
3643
3644
3645
3646
3655
3663
3663
3667
3667
3668
3670
3681
3683
3685
3685
3687
3689
3699
3703
3704
3705
3710
3713
3713
3715
3729
3734
3737
3744
3744
3745
3745
3746
3760
3761
3761
3762
3764
3768
3775
3776
3778
3778
3779
3780
3781
3788
3792
3807
3807
3813
3815
3825
3825
3825
3826
3829
3835
3836
3841
3842
3846
3852
3852
3859
3860
3861
3866
3866
3867
3873
3875
3875
3876
3879
3884
3884
3886
3888
3891
3892
3896
3897
3897
3899
3900
3901
3907
3908
3911
3911
3914
3920
3922
3924
3925
3926
3928
3930
3934
3945
3949
3951
3954
3955
3956
3958
3958
3964
3966
3967
3968
3969
3971
3974
3977
3987
3988
3990
4003
4005
4015
4016
4019
4022
4028
4032
4036
4037
4039
4042
4043
4047
4048
4051
4054
4058
4063
4063
4066
4067
4068
4072
4074
4077
4079
4082
4084
4088
4091
4093
4095
4095
4096
4099
4102
4105
4108
4108
4109
4110
4110
4110
4115
4116
4116
4118
4126
4126
4133
4135
4137
4141
4144
4144
4145
4147
4149
4150
4151
4151
4151
4151
4156
4161
4174
4175
4177
4178
4179
4183
4184
4184
4184
4188
4190
4192
4195
4197
4197
4199
4200
4201
4205
4207
4207
4212
4212
4217
4220
4223
4225
4231
4237
4237
4240
4240
4243
4243
4248
4248
4253
4253
4260
4261
4261
4266
4271
4277
4278
4281
4283
4284
4286
4288
4293
4295
4295
4297
4301
4308
4311
4313
4314
4316
4318
4318
4323
4331
4336
4340
4343
4345
4345
4347
4349
4352
4354
4357
4358
4362
4364
4365
4370
4372
4372
4372
4377
4378
4379
4380
4386
4389
4392
4399
4401
4404
4412
4413
4417
4419
4420
4424
4426
4428
4430
4433
4433
4439
4439
4444
4444
4445
4446
4450
4460
4466
4467
4473
4476
4477
4480
4481
4481
4483
4485
4499
4500
4500
4501
4503
4510
4513
4517
4518
4518
4519
4524
4524
4528
4531
4538
4538
4541
4549
4551
4552
4552
4555
4560
4561
4562
4581
4584
4596
4601
4601
4605
4607
4609
4613
4616
4617
4617
4621
4622
4624
4625
4629
4636
4637
4639
4640
4645
4646
4648
4650
4652
4661
4663
4669
4672
4673
4677
4677
4684
4684
4687
4692
4697
4705
4707
4714
4714
4722
4731
4733
4734
4737
4747
4759
4762
4764
4771
4771
4772
4775
4775
4782
4789
4800
4801
4801
4804
4806
4806
4816
4818
4821
4831
4835
4835
4842
4844
4847
4853
4854
4859
4861
4867
4873
4882
4883
4892
4902
4904
4905
4907
4909
4911
4911
4911
4913
4915
4920
4922
4927
4930
4940
4942
4943
4951
4962
4962
4964
4964
4965
4973
4974
4974
4975
4975
4975
4981
4987
4988
4989
4992
5000
5002
5002
5003
5017
5028
5029
5033
5036
5036
5052
5055
5055
5057
5069
5073
5078
5083
5084
5090
5091
5091
5092
5092
5093
5093
5096
5098
5104
5109
5109
5110
5110
5115
5115
5119
5124
5125
5128
5132
5133
5133
5134
5134
5135
5137
5138
5139
5141
5142
5146
5148
5149
5157
5158
5162
5165
5165
5166
5172
5174
5178
5178
5179
5181
5183
5186
5189
5190
5191
5192
5205
5206
5207
5212
5214
5222
5227
5233
5238
5240
5244
5245
5245
5246
5248
5252
5253
5258
5260
5264
5269
5269
5274
5277
5279
5279
5280
5281
5286
5287
5288
5288
5289
5289
5291
5308
5308
5309
5319
5319
5320
5322
5324
5327
5331
5333
5333
5344
5351
5353
5354
5363
5369
5374
5376
5379
5380
5381
5381
5383
5387
5391
5392
5394
5394
5398
5402
5402
5403
5407
5413
5414
5415
5420
5425
5431
5441
5444
5462
5467
5471
5472
5478
5481
5482
5497
5498
5501
5503
5506
5507
5510
5517
5518
5518
5525
5525
5529
5533
5539
5539
5540
5544
5545
5547
5548
5549
5551
5553
5553
5554
5554
5555
5560
5565
5566
5574
5577
5578
5579
5581
5582
5583
5589
5590
5598
5601
5602
5602
5606
5607
5609
5609
5613
5614
5621
5626
5627
5636
5637
5640
5644
5651
5652
5654
5655
5660
5664
5669
5670
5677
5679
5680
5691
5697
5697
5697
5707
5711
5714
5715
5721
5724
5726
5731
5732
5736
5738
5742
5742
5743
5746
5753
5759
5760
5764
5769
5770
5772
5772
5783
5784
5788
5789
5793
5793
5793
5796
5798
5798
5801
5802
5803
5804
5807
5809
5823
5824
5824
5828
5828
5832
5832
5834
5835
5835
5836
5839
5841
5845
5848
5850
5851
5854
5854
5864
5875
5875
5876
5879
5881
5883
5884
5888
5900
5901
5902
5907
5912
5914
5915
5915
5917
5922
5926
5934
5937
5938
5946
5947
5948
5951
5953
5955
5955
5960
5961
5964
5967
5968
5970
5970
5974
5975
5980
5982
5983
5986
5988
5998
6006
6008
6009
6010
6011
6017
6022
6029
6034
6041
6049
6052
6056
6057
6061
6076
6076
6078
6082
6085
6086
6087
6089
6092
6093
6101
6103
6106
6108
6109
6112
6122
6122
6130
6131
6134
6143
6145
6148
6151
6151
6151
6153
6155
6173
6173
6173
6183
6191
6193
6193
6194
6195
6195
6196
6200
6204
6210
6213
6213
6218
6221
6224
6226
6230
6231
6234
6236
6236
6240
6249
6250
6252
6254
6257
6259
6264
6265
6265
6277
6278
6279
6282
6286
6299
6305
6306
6307
6308
6309
6315
6315
6318
6319
6319
6321
6322
6325
6326
6328
6329
6329
6330
6336
6338
6351
6351
6356
6359
6359
6360
6364
6367
6371
6371
6376
6378
6382
6383
6392
6394
6398
6405
6409
6411
6422
6423
6424
6425
6427
6432
6432
6435
6435
6437
6437
6438
6445
6458
6461
6468
6468
6470
6478
6479
6480
6481
6482
6489
6491
6493
6498
6501
6511
6524
6527
6528
6532
6534
6536
6536
6537
6541
6544
6546
6547
6554
6562
6572
6573
6576
6577
6578
6579
6580
6581
6583
6585
6588
6596
6604
6607
6612
6613
6613
6615
6618
6618
6632
6639
6640
6663
6665
6665
6673
6674
6675
6685
6686
6688
6690
6703
6709
6712
6721
6738
6739
6739
6741
6745
6746
6751
6753
6753
6757
6758
6763
6764
6768
6770
6771
6772
6772
6774
6774
6778
6789
6799
6799
6800
6801
6802
6807
6808
6811
6812
6813
6818
6819
6819
6822
6823
6824
6832
6833
6834
6845
6845
6851
6852
6854
6855
6855
6856
6861
6861
6862
6866
6877
6880
6882
6882
6888
6893
6896
6897
6897
6899
6900
6902
6903
6911
6911
6921
6921
6923
6926
6931
6932
6936
6937
6939
6942
6947
6953
6954
6955
6968
6970
6977
6979
6989
6991
6991
6998
7000
7001
7003
7008
7009
7015
7015
7016
7022
7026
7026
7031
7033
7035
7037
7039
7041
7041
7042
7043
7046
7047
7053
7054
7054
7054
7058
7059
7062
7063
7068
7072
7077
7080
7088
7089
7094
7103
7107
7107
7113
7117
7118
7119
7123
7124
7133
7138
7140
7142
7149
7155
7162
7170
7173
7177
7181
7187
7189
7208
7209
7214
7215
7217
7220
7220
7223
7223
7229
7229
7235
7243
7246
7255
7255
7270
7271
7271
7274
7276
7279
7283
7285
7286
7286
7292
7305
7307
7313
7316
7321
7322
7324
7332
7333
7335
7339
7344
7345
7357
7359
7360
7365
7373
7378
7379
7383
7384
7390
7390
7394
7397
7399
7405
7407
7408
7414
7415
7418
7419
7421
7431
7431
7433
7434
7441
7443
7444
7445
7446
7450
7457
7458
7460
7462
7467
7468
7476
7487
7491
7493
7494
7498
7500
7501
7505
7506
7507
7508
7514
7516
7524
7524
7525
7531
7535
7538
7538
7542
7553
7558
7559
7559
7562
7563
7564
7565
7567
7574
7578
7578
7582
7584
7588
7590
7592
7594
7594
7597
7598
7599
7599
7606
7607
7611
7612
7613
7614
7616
7619
7620
7625
7630
7632
7634
7639
7640
7642
7642
7645
7646
7654
7655
7655
7655
7656
7658
7659
7661
7663
7673
7680
7685
7687
7689
7696
7698
7700
7703
7708
7711
7723
7733
7737
7738
7740
7747
7751
7752
7753
7758
7760
7765
7775
7787
7800
7801
7802
7803
7808
7815
7821
7821
7822
7828
7846
7848
7853
7853
7855
7859
7861
7863
7864
7872
7879
7883
7883
7885
7887
7889
7889
7892
7903
7904
7908
7909
7910
7918
7921
7921
7922
7932
7934
7935
7938
7940
7941
7942
7943
7946
7947
7948
7948
7952
7954
7956
7956
7957
7958
7959
7964
7968
7976
7986
7986
7996
7998
8000
8011
8013
8015
8020
8022
8040
8040
8047
8047
8047
8049
8056
8059
8059
8060
8060
8062
8063
8065
8066
8075
8082
8085
8090
8101
8101
8106
8108
8117
8118
8125
8126
8128
8130
8131
8135
8136
8138
8139
8141
8146
8147
8152
8154
8156
8157
8161
8164
8165
8171
8180
8182
8188
8192
8194
8194
8198
8199
8202
8204
8205
8206
8208
8210
8211
8212
8214
8222
8225
8227
8229
8231
8233
8234
8234
8237
8238
8239
8240
8240
8241
8244
8246
8256
8259
8267
8276
8276
8280
8283
8285
8286
8287
8291
8294
8294
8302
8304
8312
8313
8318
8319
8322
8324
8328
8334
8339
8339
8347
8349
8349
8351
8355
8366
8368
8369
8370
8370
8379
8382
8384
8385
8389
8390
8390
8395
8395
8397
8402
8405
8406
8411
8413
8415
8423
8428
8436
8437
8440
8441
8443
8446
8453
8455
8456
8458
8458
8460
8462
8463
8465
8470
8471
8477
8477
8486
8488
8489
8495
8495
8496
8499
8501
8504
8505
8516
8519
8523
8523
8532
8536
8536
8537
8562
8565
8565
8568
8573
8575
8577
8577
8578
8582
8589
8590
8593
8598
8599
8605
8607
8608
8618
8625
8626
8627
8628
8647
8649
8652
8656
8661
8663
8663
8664
8667
8667
8670
8676
8678
8687
8692
8694
8695
8698
8699
8699
8702
8704
8707
8710
8713
8715
8724
8725
8727
8729
8734
8740
8741
8744
8747
8747
8751
8754
8764
8768
8769
8772
8774
8777
8779
8784
8797
8799
8800
8811
8813
8814
8823
8825
8825
8826
8828
8842
8843
8845
8852
8859
8861
8863
8865
8865
8868
8875
8891
8892
8901
8901
8907
8914
8915
8916
8918
8920
8931
8931
8936
8938
8943
8947
8948
8952
8952
8958
8964
8964
8965
8970
8973
8973
8974
8975
8976
8982
8988
9001
9004
9008
9008
9010
9011
9017
9017
9022
9023
9029
9037
9039
9040
9054
9059
9068
9075
9075
9084
9085
9087
9088
9088
9089
9091
9091
9091
9096
9097
9097
9098
9099
9099
9109
9112
9119
9139
9142
9147
9153
9167
9168
9170
9170
9171
9173
9173
9174
9178
9178
9183
9184
9189
9195
9196
9201
9203
9203
9213
9214
9218
9220
9224
9228
9233
9233
9236
9238
9239
9241
9243
9244
9246
9252
9261
9263
9263
9271
9273
9275
9276
9277
9279
9282
9284
9284
9286
9295
9295
9297
9302
9303
9303
9309
9310
9312
9314
9315
9317
9322
9323
9324
9325
9326
9330
9332
9332
9333
9337
9344
9348
9348
9348
9351
9366
9368
9369
9369
9371
9372
9372
9376
9376
9382
9384
9386
9386
9388
9388
9389
9392
9392
9393
9396
9400
9408
9411
9413
9418
9418
9420
9422
9423
9426
9429
9440
9441
9441
9446
9447
9450
9453
9454
9454
9457
9462
9465
9470
9482
9482
9485
9485
9487
9488
9488
9492
9500
9508
9512
9514
9522
9524
9530
9533
9538
9539
9542
9554
9555
9555
9557
9571
9574
9582
9589
9591
9593
9595
9600
9604
9605
9607
9612
9613
9621
9628
9628
9641
9647
9647
9647
9647
9652
9658
9663
9667
9667
9671
9673
9675
9676
9677
9678
9682
9682
9685
9688
9696
9697
9703
9707
9708
9708
9710
9710
9717
9719
9729
9734
9735
9737
9741
9741
9741
9742
9743
9743
9745
9745
9748
9748
9749
9756
9760
9763
9763
9768
9776
9780
9784
9787
9791
9795
9799
9800
9800
9802
9804
9813
9813
9819
9822
9828
9835
9840
9842
9843
9846
9850
9857
9858
9861
9867
9876
9878
9880
9887
9887
9888
9894
9898
9906
9907
9908
9911
9911
9917
9920
9922
9924
9926
9926
9927
9931
9931
9933
9935
9939
9939
9943
9945
9946
9947
9948
9950
9954
9955
9956
9960
9962
9965
9965
9967
9969
9991
9994
10001
10005
10006
10023
10027
10030
10030
10031
10034
10034
10035
10037
10038
10039
10043
10048
10048
10049
10052
10055
10059
10059
10065
10067
10068
10070
10076
10078
10080
10085
10085
10091
10094
10094
10095
10096
10097
10101
10101
10104
10106
10106
10106
10107
10117
10120
10120
10121
10126
10128
10137
10139
10145
10146
10147
10148
10150
10151
10153
10156
10157
10160
10163
10168
10170
10171
10184
10184
10185
10185
10190
10191
10195
10195
10196
10196
10197
10197
10198
10201
10203
10205
10208
10209
10212
10214
10221
10224
10225
10226
10228
10232
10237
10243
10243
10246
10246
10247
10249
10251
10252
10252
10253
10258
10260
10264
10267
10273
10275
10276
10278
10282
10283
10291
10294
10301
10306
10314
10316
10317
10317
10318
10319
10326
10334
10353
10357
10361
10362
10364
10383
10383
10388
10402
10405
10411
10413
10415
10417
10419
10420
10420
10430
10433
10435
10438
10439
10444
10446
10446
10454
10455
10463
10465
10470
10471
10472
10476
10479
10480
10483
10484
10485
10486
10489
10490
10492
10494
10494
10496
10498
10501
10501
10504
10504
10505
10506
10510
10512
10514
10514
10516
10518
10519
10519
10524
10525
10525
10528
10530
10530
10534
10538
10539
10548
10549
10549
10551
10555
10555
10559
10562
10565
10574
10577
10580
10584
10588
10590
10592
10594
10597
10601
10603
10607
10610
10612
10614
10615
10617
10622
10629
10633
10639
10640
10641
10645
10646
10653
10658
10661
10662
10664
10665
10668
10668
10669
10670
10678
10687
10692
10692
10701
10704
10709
10711
10711
10714
10715
10715
10716
10717
10719
10723
10729
10732
10737
10737
10738
10738
10740
10740
10743
10743
10744
10755
10756
10757
10760
10764
10767
10768
10768
10771
10775
10776
10777
10780
10785
10789
10790
10790
10792
10800
10800
10802
10809
10812
10824
10826
10832
10833
10833
10835
10855
10857
10859
10860
10862
10863
10865
10873
10879
10882
10883
10884
10884
10884
10885
10889
10891
10900
10908
10912
10918
10920
10924
10925
10937
10946
10947
10949
10950
10961
10963
10970
10981
10986
10989
10989
10991
10994
10995
11001
11002
11002
11019
11021
11025
11028
11030
11033
11035
11039
11046
11046
11049
11049
11052
11054
11058
11062
11067
11068
11075
11080
11081
11085
11091
11091
11093
11096
11098
11100
11101
11111
11116
11119
11141
11144
11150
11153
11158
11159
11159
11160
11168
11170
11171
11173
11178
11182
11185
11192
11196
11197
11199
11203
11203
11212
11216
11216
11217
11217
11217
11220
11220
11222
11228
11229
11230
11233
11238
11248
11248
11250
11250
11253
11254
11258
11265
11266
11270
11288
11288
11289
11291
11309
11311
11316
11321
11330
11332
11335
11340
11341
11342
11353
11354
11370
11373
11375
11376
11376
11381
11381
11385
11389
11397
11405
11410
11411
11419
11419
11420
11423
11424
11425
11431
11444
11449
11450
11455
11455
11466
11468
11471
11475
11485
11503
11504
11506
11514
11541
11547
11553
11560
11560
11563
11570
11574
11575
11586
11586
11589
11590
11591
11591
11594
11595
11597
11599
11601
11607
11607
11610
11621
11624
11629
11631
11633
11634
11635
11645
11646
11648
11649
11656
11657
11658
11660
11661
11666
11672
11679
11680
11685
11694
11698
11703
11703
11703
11704
11710
11714
11716
11718
11719
11724
11731
11733
11744
11746
11748
11748
11768
11769
11778
11779
11784
11787
11788
11788
11792
11793
11794
11796
11799
11799
11806
11808
11812
11813
11816
11818
11825
11828
11828
11831
11836
11844
11846
11846
11848
11849
11849
11850
11850
11857
11860
11872
11875
11877
11879
11893
11895
11904
11905
11909
11919
11920
11922
11922
11928
11934
11934
11940
11942
11944
11946
11953
11958
11963
11970
11974
11979
11980
11982
11986
11986
11988
11990
11991
11992
12003
12006
12007
12013
12017
12018
12021
12027
12039
12043
12044
12045
12047
12053
12057
12058
12061
12062
12067
12070
12071
12077
12078
12085
12087
12093
12096
12096
12098
12099
12101
12108
12109
12109
12119
12128
12131
12131
12135
12148
12156
12159
12168
12168
12168
12169
12180
12183
12189
12195
12198
12203
12204
12207
12216
12218
12219
12223
12224
12226
12227
12230
12235
12237
12237
12238
12241
12243
12247
12253
12259
12259
12273
12276
12276
12279
12280
12281
12284
12288
12289
12290
12291
12293
12299
12307
12313
12314
12321
12322
12331
12336
12343
12345
12345
12346
12346
12352
12352
12353
12358
12361
12369
12370
12373
12378
12380
12383
12384
12386
12386
12388
12390
12390
12400
12409
12410
12413
12418
12422
12427
12442
12444
12452
12457
12460
12462
12478
12480
12481
12487
12494
12495
12496
12498
12505
12510
12513
12513
12513
12515
12525
12528
12528
12535
12537
12542
12542
12548
12550
12558
12560
12561
12563
12563
12565
12568
12574
12574
12584
12584
12586
12586
12595
12605
12607
12615
12616
12616
12620
12621
12621
12628
12630
12636
12637
12639
12640
12643
12653
12655
12656
12661
12661
12665
12667
12669
12670
12672
12674
12676
12689
12695
12695
12696
12696
12699
12702
12704
12707
12709
12711
12719
12721
12726
12728
12735
12739
12739
12743
12750
12751
12752
12753
12759
12761
12764
12765
12767
12771
12773
12773
12782
12786
12786
12788
12793
12793
12795
12795
12796
12797
12800
12804
12806
12809
12811
12824
12825
12826
12831
12833
12833
12834
12836
12838
12841
12852
12853
12857
12863
12864
12864
12866
12873
12873
12877
12877
12881
12884
12889
12891
12896
12897
12901
12902
12903
12908
12910
12911
12912
12918
12922
12929
12931
12936
12946
12948
12958
12972
12974
12988
12991
12995
12996
13007
13008
13010
13012
13014
13014
13015
13019
13019
13021
13022
13031
13034
13052
13052
13053
13054
13056
13056
13058
13059
13059
13064
13068
13069
13072
13073
13084
13091
13092
13100
13101
13102
13102
13114
13117
13118
13119
13121
13124
13132
13140
13142
13152
13154
13158
13159
13161
13161
13162
13163
13164
13171
13172
13176
13176
13176
13182
13184
13185
13185
13195
13197
13201
13204
13210
13210
13214
13222
13223
13226
13230
13243
13246
13247
13251
13263
13267
13272
13274
13275
13277
13285
13289
13296
13297
13308
13308
13314
13316
13316
13324
13325
13330
13330
13333
13336
13336
13337
13346
13348
13352
13353
13354
13357
13360
13363
13365
13367
13371
13371
13372
13373
13386
13388
13391
13392
13395
13396
13400
13401
13403
13411
13412
13418
13419
13419
13423
13431
13437
13447
13450
13452
13453
13461
13461
13463
13468
13468
13470
13477
13486
13492
13494
13497
13498
13500
13510
13512
13518
13521
13528
13529
13532
13540
13541
13549
13550
13557
13558
13564
13571
13584
13589
13591
13609
13610
13614
13616
13620
13624
13628
13631
13632
13632
13634
13634
13635
13636
13636
13637
13639
13640
13641
13653
13656
13659
13660
13663
13666
13666
13676
13679
13679
13680
13683
13689
13691
13702
13704
13711
13711
13711
13712
13712
13713
13720
13723
13723
13725
13726
13729
13734
13737
13740
13741
13742
13743
13747
13755
13756
13757
13758
13759
13760
13760
13770
13772
13776
13777
13780
13780
13780
13782
13783
13783
13787
13789
13790
13796
13796
13797
13797
13811
13813
13815
13820
13821
13821
13822
13824
13824
13827
13830
13832
13834
13837
13839
13842
13845
13846
13847
13849
13850
13858
13862
13864
13866
13869
13870
13870
13878
13886
13894
13896
13897
13900
13904
13906
13908
13908
13910
13913
13913
13919
13921
13927
13928
13934
13934
13937
13939
13945
13949
13950
13956
13962
13964
13966
13970
13976
13984
13985
13995
13996
14000
14002
14010
14011
14012
14015
14015
14019
14032
14034
14038
14038
14040
14043
14043
14054
14059
14060
14061
14063
14068
14070
14073
14075
14076
14079
14090
14091
14096
14097
14100
14106
14107
14111
14112
14115
14116
14119
14121
14124
14125
14129
14141
14142
14145
14153
14155
14162
14166
14166
14177
14178
14178
14179
14182
14190
14191
14194
14195
14199
14204
14207
14210
14214
14214
14215
14221
14241
14242
14254
14256
14259
14261
14263
14266
14269
14274
14284
14286
14289
14296
14300
14302
14303
14307
14309
14312
14313
14320
14320
14321
14335
14336
14342
14346
14348
14356
14358
14369
14373
14380
14381
14383
14384
14390
14391
14392
14393
14396
14397
14408
14410
14418
14424
14426
14426
14427
14427
14428
14428
14431
14434
14435
14436
14438
14440
14443
14443
14446
14447
14448
14453
14463
14465
14467
14467
14470
14470
14472
14476
14484
14484
14486
14486
14487
14488
14492
14495
14506
14506
14511
14514
14516
14517
14520
14525
14526
14529
14533
14534
14535
14536
14537
14538
14538
14538
14550
14551
14553
14559
14571
14574
14586
14595
14595
14598
14604
14605
14610
14612
14621
14621
14626
14632
14639
14639
14640
14648
14649
14652
14652
14654
14657
14661
14663
14663
14664
14669
14676
14678
14678
14683
14686
14690
14690
14693
14693
14701
14719
14719
14727
14739
14742
14747
14754
14756
14758
14767
14768
14769
14770
14770
14771
14773
14774
14775
14776
14777
14778
14783
14784
14786
14788
14790
14791
14791
14805
14806
14810
14810
14811
14824
14833
14834
14837
14839
14849
14850
14853
14853
14855
14861
14862
14863
14869
14869
14875
14881
14894
14895
14905
14907
14909
14931
14932
14932
14932
14933
14934
14936
14936
14936
14946
14955
14956
14959
14963
14964
14969
14969
14970
14972
14974
14976
14979
14987
14987
14988
14989
14989
14989
14993
14996
15011
15025
15033
15039
15045
15051
15063
15064
15065
15071
15078
15079
15081
15082
15086
15087
15087
15087
15097
15101
15106
15106
15114
15116
15126
15129
15132
15135
15151
15165
15165
15166
15169
15171
15178
15185
15188
15198
15198
15200
15203
15204
15204
15205
15206
15209
15210
15211
15217
15220
15225
15225
15228
15229
15231
15235
15237
15241
15242
15245
15251
15253
15258
15259
15261
15265
15274
15277
15277
15280
15280
15281
15281
15285
15286
15288
15290
15292
15296
15305
15305
15310
15310
15311
15312
15313
15315
15324
15326
15329
15337
15338
15339
15344
15345
15348
15350
15352
15359
15359
15364
15365
15367
15370
15380
15382
15392
15397
15409
15413
15415
15421
15423
15430
15431
15439
15441
15441
15446
15463
15464
15471
15475
15476
15477
15482
15483
15483
15487
15505
15508
15508
15514
15523
15528
15532
15536
15542
15546
15556
15558
15559
15562
15567
15569
15572
15572
15576
15577
15582
15585
15592
15595
15596
15597
15598
15600
15601
15617
15630
15633
15639
15639
15642
15644
15649
15650
15651
15653
15653
15654
15655
15655
15656
15656
15661
15668
15670
15672
15673
15674
15674
15681
15682
15685
15688
15692
15694
15697
15698
15709
15717
15725
15725
15725
15726
15727
15728
15730
15731
15732
15740
15742
15746
15746
15746
15749
15751
15753
15755
15755
15757
15759
15761
15765
15771
15772
15773
15776
15776
15778
15779
15780
15784
15792
15794
15794
15796
15797
15800
15800
15801
15803
15804
15805
15812
15815
15816
15818
15823
15828
15836
15847
15848
15851
15851
15859
15864
15870
15874
15881
15889
15894
15894
15896
15896
15896
15896
15899
15903
15904
15907
15915
15918
15920
15920
15922
15928
15929
15940
15947
15953
15959
15959
15962
15974
15980
15983
15984
15985
15992
16004
16004
16016
16023
16026
16028
16029
16030
16033
16033
16034
16035
16041
16052
16059
16061
16069
16069
16070
16071
16076
16082
16083
16085
16086
16094
16095
16095
16100
16100
16101
16108
16115
16117
16118
16127
16128
16138
16143
16146
16158
16162
16168
16168
16173
16179
16184
16186
16188
16189
16195
16197
16200
16205
16207
16209
16212
16218
16222
16227
16231
16232
16236
16242
16253
16256
16256
16262
16263
16264
16265
16266
16279
16281
16283
16283
16285
16287
16292
16293
16296
16307
16308
16308
16313
16317
16320
16321
16323
16327
16329
16331
16332
16338
16338
16344
16347
16348
16348
16351
16353
16356
16356
16360
16361
16366
16373
16375
16377
16380
16381
16394
16405
16405
16405
16406
16414
16424
16429
16436
16436
16439
16444
16446
16447
16452
16453
16456
16457
16469
16473
16473
16474
16476
16480
16482
16484
16488
16489
16489
16493
16507
16507
16508
16509
16510
16516
16517
16517
16524
16525
16528
16530
16531
16535
16548
16561
16564
16567
16581
16583
16585
16587
16589
16595
16606
16606
16607
16612
16613
16616
16618
16628
16629
16631
16638
16639
16642
16645
16653
16659
16660
16664
16673
16676
16690
16692
16693
16693
16694
16694
16694
16696
16701
16706
16735
16739
16741
16741
16741
16743
16743
16744
16748
16752
16753
16759
16768
16774
16776
16776
16777
16780
16788
16789
16795
16796
16802
16812
16812
16812
16814
16814
16818
16818
16819
16825
16829
16831
16833
16837
16852
16855
16856
16857
16858
16859
16868
16868
16870
16874
16877
16884
16885
16888
16889
16893
16899
16900
16904
16922
16923
16924
16924
16930
16930
16936
16936
16938
16939
16939
16944
16945
16948
16949
16949
16949
16951
16960
16967
16973
16976
16981
16982
16982
16986
16987
16991
16995
16996
17000
17001
17007
17013
17015
17016
17025
17025
17025
17033
17036
17044
17051
17051
17053
17056
17064
17066
17069
17074
17074
17088
17088
17098
17104
17108
17110
17112
17118
17119
17121
17122
17124
17126
17129
17130
17132
17134
17135
17137
17138
17145
17148
17149
17153
17163
17164
17164
17176
17177
17181
17181
17183
17189
17191
17191
17195
17198
17200
17200
17205
17208
17209
17209
17212
17223
17229
17235
17236
17239
17243
17243
17245
17246
17252
17256
17256
17257
17257
17260
17262
17263
17266
17269
17272
17272
17276
17281
17289
17293
17295
17297
17300
17301
17301
17302
17302
17308
17309
17309
17313
17317
17323
17333
17337
17338
17339
17343
17346
17347
17349
17350
17352
17353
17357
17360
17362
17365
17369
17372
17375
17375
17376
17380
17382
17382
17383
17385
17386
17387
17392
17397
17407
17422
17424
17425
17425
17428
17430
17433
17433
17435
17436
17437
17438
17444
17450
17450
17453
17454
17456
17459
17465
17469
17472
17477
17479
17483
17484
17487
17488
17491
17491
17492
17492
17494
17496
17497
17499
17501
17502
17504
17505
17507
17511
17517
17518
17520
17522
17522
17524
17527
17532
17532
17533
17534
17537
17537
17542
17549
17549
17555
17556
17568
17570
17573
17573
17573
17578
17579
17580
17588
17589
17590
17594
17594
17597
17597
17600
17602
17607
17614
17618
17620
17621
17621
17624
17630
17632
17641
17644
17645
17651
17655
17655
17656
17658
17658
17659
17664
17664
17666
17666
17670
17678
17685
17687
17688
17693
17693
17701
17703
17704
17711
17717
17720
17721
17725
17728
17747
17748
17753
17753
17754
17754
17754
17770
17770
17773
17774
17779
17782
17793
17794
17798
17800
17800
17801
17802
17806
17807
17809
17815
17818
17821
17823
17825
17826
17830
17834
17838
17842
17843
17849
17867
17868
17871
17871
17879
17879
17881
17885
17890
17892
17893
17893
17901
17919
17922
17924
17925
17929
17930
17932
17944
17951
17955
17960
17968
17977
17979
17981
17982
17988
17990
17994
17995
17999
18000
18001
18001
18003
18004
18007
18009
18016
18016
18018
18019
18020
18029
18035
18035
18044
18048
18052
18056
18057
18059
18060
18066
18069
18070
18071
18073
18075
18075
18086
18087
18091
18093
18099
18104
18106
18112
18113
18117
18124
18127
18132
18134
18141
18141
18151
18155
18158
18158
18159
18159
18161
18166
18171
18173
18174
18182
18183
18193
18196
18197
18197
18197
18197
18198
18203
18205
18207
18209
18212
18219
18223
18224
18229
18238
18239
18240
18241
18242
18245
18246
18257
18259
18261
18262
18268
18269
18269
18278
18278
18297
18303
18304
18305
18314
18329
18333
18342
18343
18347
18349
18353
18356
18357
18359
18360
18361
18362
18363
18365
18372
18373
18373
18381
18383
18385
18398
18398
18399
18404
18407
18409
18414
18414
18415
18417
18421
18423
18425
18429
18437
18443
18447
18448
18457
18470
18471
18471
18477
18486
18487
18490
18492
18494
18496
18498
18501
18513
18517
18520
18525
18529
18544
18547
18548
18548
18555
18560
18561
18565
18569
18573
18575
18581
18582
18586
18591
18594
18598
18598
18606
18607
18616
18620
18623
18624
18625
18626
18626
18627
18627
18627
18643
18645
18646
18646
18651
18652
18657
18660
18660
18663
18665
18667
18667
18668
18673
18686
18688
18692
18694
18699
18700
18700
18701
18704
18704
18705
18708
18711
18716
18720
18722
18726
18734
18738
18740
18743
18743
18751
18754
18755
18761
18761
18767
18768
18769
18771
18775
18779
18781
18784
18784
18788
18799
18801
18801
18806
18810
18815
18817
18823
18826
18828
18828
18829
18830
18832
18835
18843
18844
18850
18863
18872
18875
18878
18883
18885
18891
18896
18900
18904
18904
18907
18916
18918
18918
18920
18923
18927
18928
18931
18935
18936
18939
18941
18943
18945
18947
18951
18957
18961
18983
18987
18989
18995
18997
19004
19013
19018
19020
19033
19034
19036
19047
19049
19050
19051
19053
19059
19059
19061
19067
19067
19069
19069
19081
19081
19082
19089
19095
19096
19099
19103
19103
19106
19111
19115
19116
19117
19121
19125
19126
19131
19134
19136
19140
19140
19145
19146
19147
19149
19151
19155
19157
19157
19157
19160
19162
19168
19170
19172
19173
19175
19180
19182
19187
19188
19188
19192
19192
19194
19198
19199
19200
19201
19203
19205
19214
19223
19223
19223
19224
19224
19225
19228
19228
19231
19232
19235
19239
19246
19249
19251
19252
19268
19270
19287
19287
19294
19294
19298
19299
19300
19305
19306
19317
19318
19328
19329
19330
19334
19334
19340
19340
19341
19342
19345
19347
19349
19352
19353
19356
19362
19364
19367
19375
19388
19389
19390
19390
19391
19394
19398
19405
19406
19407
19411
19415
19417
19424
19426
19432
19437
19441
19448
19449
19449
19451
19452
19452
19456
19464
19466
19473
19478
19480
19482
19485
19485
19486
19486
19487
19488
19488
19493
19493
19498
19499
19504
19505
19506
19506
19509
19510
19514
19522
19533
19538
19544
19548
19552
19553
19558
19558
19558
19571
19578
19580
19585
19593
19597
19597
19598
19599
19600
19601
19605
19615
19643
19644
19646
19652
19654
19658
19661
19665
19670
19674
19680
19681
19682
19683
19684
19684
19690
19694
19696
19698
19701
19705
19705
19707
19709
19718
19723
19726
19736
19740
19740
19740
19741
19742
19750
19751
19758
19778
19778
19780
19788
19790
19798
19801
19802
19803
19804
19813
19819
19820
19825
19826
19826
19830
19832
19834
19834
19834
19837
19841
19842
19842
19851
19859
19860
19864
19867
19868
19872
19881
19883
19885
19896
19899
19899
19900
19902
19902
19905
19906
19915
19919
19920
19925
19930
19938
19938
19939
19940
19941
19942
19942
19942
19945
19947
19954
19955
19956
19959
19964
19964
19967
19967
19970
19973
19978
19980
19982
19983
19984
19988
19994
19998
20001
20001
20004
20005
20017
20017
20018
20018
20019
20022
20024
20025
20029
20033
20042
20046
20049
20050
20051
20056
20063
20063
20069
20070
20070
20071
20071
20078
20079
20094
20095
20095
20098
20100
20101
20102
20104
20104
20107
20110
20112
20113
20113
20114
20122
20125
20134
20139
20141
20141
20145
20150
20151
20153
20156
20163
20164
20173
20174
20178
20186
20186
20187
20188
20192
20192
20193
20194
20197
20209
20213
20217
20228
20230
20235
20235
20239
20240
20242
20245
20245
20249
20252
20261
20263
20282
20284
20285
20286
20289
20290
20297
20304
20309
20313
20320
20331
20334
20336
20343
20346
20362
20363
20368
20371
20377
20378
20380
20383
20387
20395
20398
20400
20406
20413
20414
20414
20421
20423
20425
20427
20430
20432
20446
20448
20449
20450
20451
20452
20454
20460
20462
20469
20474
20482
20482
20484
20485
20489
20490
20492
20497
20498
20499
20500
20503
20504
20505
20509
20511
20516
20526
20526
20528
20529
20533
20533
20538
20544
20545
20548
20551
20562
20569
20569
20571
20574
20575
20578
20580
20581
20583
20584
20587
20587
20589
20591
20592
20593
20593
20596
20602
20605
20605
20607
20608
20609
20611
20615
20619
20620
20628
20629
20633
20634
20637
20640
20640
20648
20649
20651
20654
20657
20665
20667
20669
20676
20679
20680
20680
20680
20683
20686
20686
20690
20691
20695
20698
20698
20702
20703
20705
20716
20716
20717
20720
20721
20724
20732
20734
20738
20738
20738
20740
20751
20752
20752
20752
20768
20774
20774
20777
20780
20782
20792
20793
20798
20800
20800
20802
20803
20812
20814
20818
20819
20822
20826
20828
20829
20830
20831
20835
20836
20847
20849
20852
20852
20856
20857
20857
20858
20860
20863
20867
20867
20873
20876
20877
20880
20881
20889
20898
20899
20901
20903
20906
20909
20915
20916
20919
20924
20926
20928
20928
20931
20935
20938
20943
20949
20950
20958
20958
20958
20961
20968
20976
20977
20993
21003
21009
21011
21018
21021
21024
21025
21027
21036
21038
21042
21047
21052
21053
21054
21060
21061
21064
21064
21066
21073
21077
21084
21087
21091
21096
21096
21097
21097
21098
21099
21099
21102
21106
21107
21109
21109
21111
21115
21116
21119
21122
21127
21129
21130
21135
21146
21149
21150
21151
21152
21153
21162
21163
21168
21169
21170
21177
21178
21179
21182
21183
21185
21186
21187
21188
21188
21192
21197
21198
21205
21207
21210
21211
21213
21214
21215
21217
21222
21234
21237
21238
21253
21256
21258
21261
21263
21271
21276
21278
21279
21281
21283
21286
21287
21298
21300
21300
21303
21303
21304
21305
21305
21311
21312
21312
21317
21318
21321
21322
21325
21325
21333
21334
21340
21341
21344
21348
21353
21354
21356
21356
21359
21362
21363
21370
21375
21376
21379
21383
21387
21388
21392
21395
21404
21405
21407
21407
21407
21413
21414
21417
21417
21428
21430
21432
21432
21435
21437
21439
21444
21445
21446
21449
21451
21452
21456
21458
21459
21467
21478
21481
21482
21487
21488
21495
21496
21497
21497
21498
21500
21516
21517
21522
21523
21523
21525
21527
21530
21530
21536
21542
21543
21549
21556
21562
21567
21571
21573
21578
21581
21582
21591
21592
21596
21608
21609
21613
21614
21616
21617
21619
21626
21629
21632
21634
21635
21638
21638
21645
21646
21646
21649
21651
21655
21661
21662
21664
21666
21671
21674
21675
21681
21681
21682
21683
21688
21693
21695
21698
21699
21706
21709
21710
21715
21724
21724
21729
21730
21732
21733
21735
21735
21739
21742
21743
21743
21743
21745
21752
21757
21757
21757
21760
21761
21762
21763
21766
21772
21773
21783
21788
21790
21803
21803
21806
21807
21807
21807
21822
21824
21825
21826
21828
21835
21837
21840
21841
21846
21847
21852
21852
21856
21857
21861
21861
21867
21869
21875
21879
21879
21881
21885
21889
21890
21894
21894
21904
21915
21919
21919
21927
21928
21931
21936
21941
21947
21948
21950
21959
21961
21968
21980
21981
21983
21987
21989
21996
22009
22012
22018
22018
22025
22026
22027
22029
22029
22031
22035
22037
22037
22038
22040
22042
22046
22050
22056
22056
22057
22060
22064
22072
22077
22080
22081
22084
22086
22088
22088
22090
22094
22094
22097
22098
22100
22104
22106
22107
22108
22109
22118
22138
22138
22139
22142
22147
22162
22166
22167
22167
22168
22170
22175
22189
22193
22199
22199
22200
22200
22202
22206
22215
22220
22231
22237
22237
22246
22246
22247
22247
22248
22262
22264
22268
22270
22274
22274
22275
22275
22278
22278
22279
22282
22283
22283
22286
22287
22292
22292
22293
22294
22298
22298
22305
22306
22307
22313
22314
22314
22314
22315
22318
22320
22320
22322
22323
22342
22344
22347
22349
22350
22350
22352
22353
22354
22355
22360
22364
22372
22373
22385
22395
22400
22401
22405
22406
22410
22416
22417
22417
22422
22430
22434
22441
22447
22454
22455
22460
22460
22463
22463
22465
22470
22473
22475
22477
22481
22484
22484
22491
22493
22500
22507
22512
22527
22529
22530
22531
22544
22546
22550
22556
22563
22563
22563
22566
22569
22571
22574
22575
22578
22579
22581
22581
22585
22587
22587
22589
22590
22594
22598
22602
22605
22607
22607
22612
22613
22615
22624
22625
22626
22630
22631
22636
22636
22636
22645
22647
22656
22657
22659
22663
22667
22670
22672
22676
22676
22679
22681
22687
22688
22689
22693
22694
22697
22699
22699
22702
22706
22709
22710
22711
22712
22726
22728
22731
22732
22732
22732
22736
22737
22742
22743
22747
22748
22751
22751
22752
22754
22755
22760
22760
22763
22763
22766
22770
22771
22789
22793
22793
22794
22795
22798
22799
22802
22803
22809
22809
22811
22817
22819
22820
22821
22822
22822
22825
22829
22829
22829
22834
22835
22840
22840
22850
22854
22859
22862
22866
22867
22870
22879
22879
22880
22882
22883
22887
22891
22898
22900
22901
22902
22909
22911
22911
22911
22912
22921
22926
22927
22928
22930
22931
22935
22936
22938
22946
22956
22960
22964
22969
22970
22971
22971
22973
22978
22987
22989
22991
22994
22999
23006
23007
23012
23013
23014
23018
23019
23019
23022
23024
23026
23026
23028
23030
23039
23041
23047
23052
23054
23055
23060
23060
23063
23066
23066
23066
23068
23068
23069
23079
23085
23087
23088
23090
23097
23097
23112
23128
23129
23138
23139
23139
23141
23145
23150
23151
23152
23157
23164
23167
23171
23176
23179
23183
23184
23184
23189
23191
23192
23194
23197
23206
23206
23208
23211
23222
23222
23228
23234
23237
23237
23241
23241
23242
23250
23253
23257
23257
23259
23261
23262
23267
23267
23269
23269
23269
23275
23277
23279
23280
23284
23285
23287
23289
23292
23295
23300
23300
23301
23305
23311
23312
23315
23318
23319
23321
23325
23334
23336
23344
23346
23353
23353
23357
23359
23360
23366
23369
23371
23373
23373
23376
23385
23389
23393
23406
23418
23420
23423
23425
23426
23430
23431
23432
23432
23440
23440
23452
23456
23459
23463
23463
23465
23471
23474
23477
23477
23478
23480
23486
23491
23492
23499
23500
23512
23512
23514
23517
23519
23524
23528
23535
23535
23535
23537
23538
23539
23547
23548
23549
23552
23559
23562
23565
23569
23570
23576
23578
23578
23585
23589
23599
23600
23607
23610
23613
23616
23622
23629
23634
23642
23642
23643
23646
23652
23652
23652
23657
23658
23661
23662
23664
23665
23668
23673
23681
23685
23689
23689
23700
23704
23705
23706
23715
23717
23717
23726
23727
23729
23732
23733
23736
23745
23747
23748
23750
23751
23755
23763
23764
23766
23767
23769
23770
23778
23779
23779
23788
23792
23800
23807
23810
23813
23815
23817
23820
23824
23829
23829
23829
23833
23833
23833
23842
23843
23848
23849
23852
23855
23856
23862
23863
23865
23867
23868
23870
23870
23871
23883
23885
23886
23887
23895
23899
23901
23904
23905
23905
23910
23913
23916
23918
23926
23932
23934
23942
23951
23951
23957
23957
23958
23960
23965
23972
23972
23975
23976
23976
23976
23979
23984
23988
23988
23991
23991
23996
23997
23999
24001
24012
24012
24014
24015
24018
24019
24020
24021
24021
24022
24033
24036
24040
24040
24041
24042
24051
24051
24055
24060
24061
24069
24072
24079
24080
24082
24088
24091
24098
24105
24106
24109
24111
24116
24116
24119
24120
24125
24128
24129
24130
24133
24133
24139
24140
24154
24157
24164
24169
24174
24179
24184
24194
24195
24196
24200
24201
24207
24210
24213
24213
24216
24217
24218
24227
24233
24235
24237
24239
24239
24240
24241
24244
24244
24246
24249
24253
24255
24256
24257
24258
24260
24267
24273
24278
24282
24283
24283
24283
24290
24295
24300
24301
24303
24304
24307
24308
24311
24311
24312
24319
24322
24331
24340
24343
24344
24346
24347
24351
24357
24362
24364
24364
24364
24373
24373
24377
24383
24385
24389
24391
24396
24398
24398
24402
24402
24407
24407
24410
24416
24419
24432
24442
24444
24451
24457
24460
24467
24470
24474
24476
24479
24479
24482
24492
24493
24494
24494
24498
24501
24502
24505
24505
24506
24507
24508
24513
24514
24519
24523
24525
24527
24533
24537
24548
24549
24552
24554
24567
24580
24581
24584
24590
24593
24600
24602
24606
24609
24610
24614
24614
24617
24619
24621
24625
24628
24628
24630
24635
24642
24643
24646
24648
24651
24653
24653
24654
24658
24659
24659
24661
24664
24667
24669
24671
24674
24675
24677
24684
24686
24687
24691
24692
24699
24700
24703
24711
24713
24714
24718
24728
24732
24734
24734
24736
24739
24740
24741
24742
24745
24747
24749
24751
24753
24755
24755
24757
24761
24762
24763
24766
24779
24782
24785
24790
24791
24791
24796
24802
24804
24804
24806
24806
24807
24811
24816
24820
24823
24823
24828
24835
24839
24840
24842
24843
24844
24844
24849
24855
24859
24869
24870
24871
24879
24881
24885
24887
24891
24894
24895
24898
24906
24916
24918
24924
24934
24935
24941
24943
24943
24944
24952
24959
24961
24963
24964
24966
24980
24981
24983
24986
24986
24987
24989
24999
25004
25006
25007
25007
25013
25013
25017
25023
25034
25037
25039
25039
25040
25040
25041
25046
25054
25059
25063
25065
25065
25068
25070
25074
25074
25074
25074
25078
25079
25084
25086
25089
25092
25093
25095
25101
25101
25105
25105
25110
25110
25115
25117
25124
25129
25131
25132
25133
25133
25133
25136
25136
25137
25137
25141
25145
25153
25157
25162
25162
25164
25165
25167
25167
25167
25168
25168
25171
25174
25175
25175
25184
25185
25188
25195
25198
25201
25203
25206
25208
25223
25230
25230
25233
25238
25243
25244
25245
25246
25248
25250
25253
25254
25256
25259
25260
25264
25265
25267
25268
25270
25270
25275
25281
25282
25284
25289
25298
25303
25324
25325
25329
25330
25341
25342
25348
25349
25350
25351
25352
25354
25358
25360
25360
25369
25370
25371
25372
25373
25377
25383
25384
25385
25386
25390
25394
25395
25402
25405
25415
25416
25430
25434
25439
25441
25447
25449
25451
25453
25459
25459
25461
25465
25466
25473
25474
25476
25476
25481
25481
25485
25489
25492
25495
25496
25503
25506
25509
25511
25517
25531
25533
25533
25534
25536
25537
25546
25546
25548
25548
25549
25549
25550
25557
25559
25563
25567
25568
25571
25572
25573
25584
25587
25596
25598
25598
25602
25603
25611
25613
25614
25615
25620
25631
25632
25634
25642
25642
25644
25645
25651
25653
25655
25656
25658
25658
25658
25659
25671
25671
25671
25676
25677
25686
25686
25687
25693
25694
25695
25700
25704
25711
25717
25724
25725
25729
25731
25736
25741
25744
25744
25744
25745
25750
25752
25762
25763
25766
25769
25770
25775
25778
25791
25798
25798
25801
25808
25809
25812
25814
25820
25822
25824
25826
25828
25832
25833
25836
25837
25848
25850
25852
25853
25857
25864
25867
25869
25872
25879
25880
25882
25885
25887
25887
25892
25895
25897
25898
25905
25906
25909
25910
25911
25912
25918
25919
25924
25927
25930
25932
25942
25943
25943
25948
25948
25954
25957
25964
25965
25968
25969
25985
25989
25997
26002
26003
26007
26008
26011
26016
26019
26023
26028
26031
26036
26036
26039
26045
26047
26047
26056
26060
26070
26070
26071
26081
26087
26092
26103
26104
26107
26109
26111
26118
26119
26120
26131
26133
26133
26138
26142
26143
26144
26146
26146
26148
26155
26156
26163
26165
26169
26171
26173
26173
26174
26175
26178
26180
26181
26183
26185
26185
26185
26193
26194
26204
26214
26217
26217
26217
26218
26223
26224
26226
26231
26231
26236
26244
26245
26248
26249
26250
26250
26261
26268
26273
26273
26275
26287
26288
26291
26293
26302
26304
26309
26311
26314
26315
26317
26318
26320
26324
26325
26326
26333
26341
26341
26342
26342
26345
26349
26362
26362
26370
26372
26373
26374
26377
26380
26381
26383
26384
26388
26394
26395
26397
26398
26400
26400
26402
26404
26406
26407
26407
26408
26409
26414
26414
26429
26431
26431
26433
26440
26441
26445
26458
26463
26464
26467
26469
26473
26477
26478
26485
26486
26488
26489
26495
26496
26497
26499
26503
26505
26509
26510
26510
26514
26516
26521
26523
26535
26537
26548
26555
26561
26563
26563
26566
26567
26571
26581
26588
26589
26590
26592
26594
26595
26595
26596
26597
26598
26600
26606
26611
26614
26615
26617
26621
26624
26625
26625
26628
26638
26643
26649
26651
26653
26655
26656
26663
26663
26664
26667
26670
26677
26679
26680
26683
26684
26686
26688
26689
26695
26695
26696
26697
26699
26704
26705
26715
26717
26721
26725
26729
26734
26735
26737
26744
26744
26745
26745
26748
26749
26756
26760
26777
26780
26782
26785
26785
26787
26789
26789
26791
26792
26799
26810
26814
26816
26820
26820
26820
26822
26823
26825
26827
26829
26830
26835
26839
26844
26848
26849
26850
26854
26856
26857
26861
26863
26866
26873
26876
26877
26878
26880
26885
26885
26896
26919
26921
26922
26923
26924
26930
26936
26938
26938
26939
26940
26955
26955
26955
26964
26969
26975
26977
26978
26983
26986
26988
26994
26994
26997
27000
27002
27002
27003
27004
27005
27012
27012
27013
27017
27019
27023
27026
27030
27031
27031
27033
27034
27035
27036
27037
27038
27053
27057
27060
27062
27066
27067
27069
27085
27093
27101
27107
27109
27109
27112
27113
27117
27122
27126
27126
27133
27134
27134
27135
27140
27144
27145
27151
27151
27154
27159
27173
27179
27183
27185
27185
27194
27196
27200
27202
27211
27212
27217
27220
27228
27232
27235
27243
27248
27254
27260
27262
27271
27271
27278
27297
27299
27300
27301
27304
27304
27308
27310
27314
27317
27318
27319
27325
27352
27356
27357
27362
27365
27365
27368
27370
27370
27371
27373
27374
27375
27377
27379
27382
27382
27390
27393
27396
27397
27398
27399
27402
27405
27406
27406
27406
27409
27413
27416
27417
27425
27443
27457
27457
27463
27464
27465
27466
27472
27473
27479
27482
27485
27488
27488
27491
27491
27492
27495
27495
27496
27497
27502
27504
27504
27505
27506
27509
27511
27513
27524
27529
27530
27535
27536
27537
27537
27538
27542
27542
27545
27549
27550
27556
27557
27558
27562
27565
27568
27575
27575
27576
27578
27580
27582
27582
27586
27587
27588
27588
27592
27593
27601
27601
27602
27607
27615
27616
27618
27621
27622
27623
27629
27631
27634
27635
27636
27643
27643
27644
27647
27648
27650
27654
27658
27659
27660
27666
27667
27669
27669
27688
27696
27698
27708
27711
27719
27721
27724
27729
27737
27739
27748
27749
27751
27755
27756
27758
27765
27766
27767
27767
27768
27769
27770
27776
27777
27783
27785
27787
27791
27792
27792
27793
27795
27800
27807
27811
27813
27813
27821
27821
27827
27834
27837
27846
27848
27852
27855
27859
27861
27862
27863
27866
27866
27870
27877
27879
27888
27888
27891
27891
27892
27893
27894
27898
27899
27902
27904
27906
27910
27911
27912
27913
27914
27921
27922
27922
27922
27923
27926
27929
27930
27931
27934
27937
27943
27948
27949
27954
27955
27961
27965
27965
27968
27974
27974
27978
27987
27990
27991
27991
27995
28001
28002
28003
28004
28007
28009
28017
28022
28029
28031
28031
28035
28038
28039
28040
28040
28043
28048
28050
28052
28052
28056
28068
28070
28070
28071
28073
28074
28075
28077
28079
28080
28080
28081
28081
28082
28083
28085
28091
28092
28093
28096
28109
28110
28114
28116
28116
28116
28122
28124
28127
28133
28141
28143
28148
28151
28153
28153
28155
28157
28157
28158
28159
28160
28165
28169
28186
28187
28187
28190
28190
28202
28204
28204
28204
28205
28207
28211
28212
28217
28223
28225
28226
28227
28235
28236
28240
28240
28243
28244
28256
28256
28257
28263
28265
28275
28276
28278
28293
28294
28297
28300
28308
28312
28313
28320
28322
28322
28326
28331
28334
28340
28341
28348
28349
28354
28356
28357
28357
28357
28362
28370
28372
28372
28381
28385
28391
28391
28395
28399
28399
28401
28407
28412
28415
28415
28418
28422
28428
28429
28437
28437
28439
28449
28453
28455
28457
28457
28466
28467
28467
28468
28469
28473
28478
28480
28480
28481
28481
28482
28489
28492
28504
28505
28506
28508
28509
28512
28513
28525
28526
28530
28531
28535
28536
28537
28546
28548
28554
28555
28556
28568
28577
28578
28580
28582
28591
28592
28597
28598
28598
28598
28602
28604
28604
28611
28611
28612
28613
28616
28621
28622
28623
28626
28630
28633
28635
28635
28637
28638
28640
28643
28644
28646
28646
28648
28648
28658
28659
28661
28665
28670
28674
28677
28683
28687
28695
28701
28704
28707
28710
28711
28711
28715
28724
28730
28731
28732
28734
28737
28744
28744
28745
28746
28746
28748
28756
28761
28763
28763
28764
28765
28768
28772
28775
28775
28777
28777
28778
28779
28780
28782
28783
28791
28794
28801
28809
28809
28809
28816
28826
28829
28836
28839
28846
28849
28853
28855
28856
28862
28865
28870
28874
28876
28877
28878
28878
28882
28887
28891
28892
28893
28899
28900
28900
28906
28906
28909
28915
28918
28918
28920
28922
28928
28929
28931
28933
28951
28953
28955
28959
28960
28960
28963
28963
28964
28966
28967
28968
28981
28984
28986
28987
28987
28988
28990
28992
28993
29013
29014
29020
29021
29023
29029
29031
29032
29035
29038
29039
29041
29043
29046
29047
29048
29050
29051
29054
29058
29060
29061
29062
29073
29078
29080
29084
29093
29097
29099
29107
29113
29114
29114
29115
29126
29131
29131
29136
29137
29139
29139
29141
29142
29145
29146
29146
29150
29151
29162
29162
29163
29171
29173
29178
29193
29193
29195
29195
29196
29199
29199
29199
29200
29201
29204
29204
29206
29207
29213
29214
29216
29222
29222
29223
29229
29231
29238
29244
29247
29247
29252
29261
29264
29265
29268
29272
29272
29278
29278
29281
29283
29285
29289
29289
29302
29305
29307
29311
29311
29313
29316
29324
29326
29337
29337
29342
29347
29354
29359
29360
29365
29369
29372
29373
29375
29376
29382
29390
29390
29392
29396
29402
29402
29405
29406
29410
29419
29420
29422
29422
29426
29428
29430
29431
29432
29440
29442
29447
29448
29449
29450
29451
29461
29461
29463
29463
29466
29468
29471
29478
29481
29486
29490
29497
29506
29510
29513
29519
29525
29532
29540
29543
29544
29547
29551
29554
29558
29559
29562
29567
29570
29570
29582
29583
29588
29590
29597
29598
29599
29601
29601
29602
29606
29609
29612
29614
29614
29618
29626
29630
29630
29633
29634
29634
29642
29643
29645
29649
29654
29654
29666
29670
29671
29672
29673
29674
29676
29678
29678
29680
29686
29686
29687
29692
29693
29698
29699
29701
29702
29705
29707
29707
29710
29711
29712
29719
29719
29721
29723
29725
29729
29734
29739
29747
29752
29753
29755
29761
29763
29764
29767
29768
29769
29769
29769
29770
29773
29778
29779
29785
29786
29786
29789
29792
29797
29800
29806
29806
29810
29812
29816
29817
29818
29821
29823
29825
29835
29839
29845
29846
29847
29849
29856
29867
29872
29875
29880
29882
29882
29891
29903
29903
29904
29919
29921
29921
29925
29929
29935
29936
29943
29951
29952
29957
29959
29977
29980
29988
29991
29994
30000
30002
30003
30005
30017
30019
30021
30027
30027
30032
30033
30036
30043
30044
30055
30056
30058
30060
30065
30067
30089
30090
30097
30102
30108
30110
30111
30118
30119
30121
30121
30124
30126
30127
30132
30135
30138
30145
30150
30152
30154
30158
30159
30160
30160
30161
30167
30168
30170
30172
30172
30176
30185
30189
30190
30192
30198
30202
30204
30208
30211
30212
30214
30219
30220
30221
30222
30235
30241
30242
30246
30248
30250
30252
30252
30254
30256
30261
30270
30270
30275
30279
30282
30283
30288
30292
30294
30298
30302
30306
30308
30310
30314
30316
30318
30320
30324
30325
30329
30335
30344
30345
30352
30370
30373
30377
30378
30379
30383
30383
30384
30386
30387
30387
30393
30393
30398
30403
30405
30408
30408
30414
30416
30417
30421
30422
30424
30432
30440
30444
30448
30451
30454
30461
30462
30466
30469
30469
30473
30476
30476
30477
30479
30485
30497
30497
30502
30514
30514
30516
30516
30519
30520
30521
30528
30534
30535
30544
30545
30549
30551
30552
30559
30561
30568
30579
30580
30585
30588
30589
30593
30605
30607
30608
30609
30613
30625
30626
30633
30635
30636
30641
30643
30647
30648
30656
30677
30677
30680
30684
30687
30700
30701
30705
30706
30708
30722
30735
30745
30745
30755
30759
30760
30763
30764
30777
30778
30783
30790
30791
30791
30794
30795
30800
30804
30807
30808
30809
30826
30832
30833
30837
30838
30839
30842
30858
30858
30858
30860
30867
30871
30875
30883
30887
30887
30889
30891
30905
30905
30907
30908
30912
30915
30918
30920
30921
30923
30935
30936
30938
30939
30940
30940
30962
30963
30963
30965
30966
30967
30977
30978
30980
30981
30982
30991
30994
30997
31000
31002
31002
31015
31025
31025
31027
31029
31033
31033
31035
31036
31037
31037
31043
31043
31045
31047
31056
31059
31068
31069
31070
31074
31079
31080
31081
31088
31092
31094
31099
31109
31112
31112
31115
31117
31118
31121
31122
31123
31123
31124
31124
31125
31126
31128
31129
31130
31132
31137
31137
31138
31146
31148
31150
31157
31157
31159
31159
31165
31170
31177
31179
31180
31180
31182
31206
31207
31208
31211
31216
31218
31221
31227
31228
31234
31235
31237
31239
31240
31245
31248
31249
31254
31254
31260
31262
31264
31265
31267
31276
31277
31289
31291
31292
31296
31297
31299
31304
31306
31310
31310
31316
31320
31328
31328
31329
31335
31335
31336
31337
31338
31338
31340
31343
31347
31352
31354
31355
31356
31363
31366
31369
31370
31371
31371
31372
31372
31379
31380
31382
31384
31384
31385
31387
31392
31398
31399
31399
31400
31401
31403
31403
31408
31410
31411
31413
31419
31420
31421
31422
31423
31424
31428
31432
31433
31435
31436
31436
31437
31437
31440
31448
31449
31450
31457
31461
31465
31469
31475
31475
31483
31494
31495
31501
31501
31504
31504
31507
31508
31512
31517
31520
31523
31531
31536
31536
31538
31541
31541
31543
31548
31551
31555
31560
31563
31568
31569
31569
31576
31578
31580
31581
31581
31586
31587
31587
31592
31595
31595
31596
31598
31598
31601
31602
31604
31604
31605
31607
31610
31611
31611
31612
31619
31625
31626
31630
31632
31639
31646
31655
31657
31657
31661
31664
31666
31669
31670
31675
31676
31678
31681
31687
31690
31691
31700
31704
31706
31709
31709
31725
31730
31730
31732
31732
31737
31743
31743
31745
31745
31752
31756
31759
31761
31766
31767
31769
31779
31780
31784
31786
31787
31790
31790
31791
31799
31803
31804
31804
31805
31806
31807
31808
31809
31812
31814
31816
31820
31822
31826
31841
31845
31847
31853
31859
31872
31874
31880
31881
31883
31885
31893
31903
31903
31903
31904
31904
31908
31910
31925
31934
31936
31938
31939
31940
31944
31951
31956
31958
31967
31972
31974
31974
31976
31980
31988
31989
31992
31992
31996
31999
32000
32003
32007
32010
32013
32014
32014
32020
32024
32031
32035
32035
32036
32042
32043
32043
32049
32055
32055
32056
32060
32060
32064
32070
32070
32075
32083
32088
32091
32094
32097
32099
32101
32102
32104
32107
32109
32111
32113
32115
32120
32124
32125
32125
32126
32126
32129
32130
32131
32133
32148
32151
32152
32153
32153
32154
32158
32165
32168
32170
32170
32171
32174
32176
32187
32197
32204
32211
32215
32217
32227
32227
32228
32234
32236
32237
32241
32242
32246
32247
32250
32252
32257
32263
32264
32266
32273
32275
32277
32284
32284
32288
32298
32298
32299
32306
32312
32314
32318
32322
32322
32330
32333
32341
32344
32347
32349
32350
32354
32355
32363
32372
32373
32375
32377
32377
32378
32382
32384
32384
32386
32390
32393
32397
32410
32413
32420
32424
32430
32437
32438
32440
32442
32443
32453
32455
32459
32459
32460
32463
32466
32474
32476
32476
32480
32485
32486
32488
32493
32493
32502
32506
32511
32513
32514
32515
32517
32518
32522
32524
32535
32535
32537
32539
32541
32542
32543
32546
32549
32550
32552
32559
32560
32569
32574
32574
32576
32578
32578
32582
32585
32589
32598
32599
32605
32605
32606
32609
32617
32621
32623
32624
32627
32628
32642
32646
32655
32656
32660
32663
32674
32677
32692
32693
32700
32700
32701
32701
32704
32705
32705
32710
32711
32711
32717
32721
32723
32724
32724
32737
32741
32751
32753
32763
32764
32765
