124
247
276
300
381
402
418
503
518
540
598
680
707
713
778
799
854
910
938
954
955
965
1006
1027
1053
1053
1072
1194
1205
1239
1302
1340
1342
1343
1347
1406
1422
1424
1521
1534
1591
1610
1631
1641
1685
1724
1771
1831
1834
1859
1896
1908
1914
1914
1921
1947
1952
1999
2064
2090
2101
2118
2131
2176
2271
2272
2323
2336
2345
2355
2357
2372
2397
2437
2549
2559
2674
2688
2709
2733
2745
2776
2818
2859
2861
2903
2907
2983
3004
3104
3108
3117
3224
3227
3229
3233
3257
3260
3273
3443
3491
3511
3511
3562
3606
3689
3701
3702
3741
3766
3779
3803
3807
3814
3826
3846
3956
3968
3973
3991
4004
4118
4152
4175
4182
4187
4200
4216
4232
4251
4255
4261
4316
4317
4345
4368
4420
4460
4479
4498
4507
4524
4558
4558
4644
4655
4725
4734
4746
4769
4794
4801
4808
4815
4828
4874
4929
4962
4973
4975
5007
5067
5091
5114
5115
5149
5212
5215
5217
5305
5541
5569
5677
5692
5698
5714
5914
5935
5945
5954
5967
6047
6064
6102
6112
6122
6124
6140
6143
6187
6245
6262
6306
6346
6384
6415
6536
6549
6615
6648
6649
6657
6721
6772
6773
6779
6803
6817
6818
6912
6930
6972
7020
7046
7109
7123
7172
7180
7199
7201
7202
7256
7261
7341
7342
7361
7372
7387
7412
7417
7458
7524
7533
7577
7591
7616
7650
7650
7677
7690
7701
7709
7769
7851
7884
7893
7909
7965
7977
7987
8002
8017
8046
8075
8098
8103
8159
8173
8218
8244
8267
8350
8378
8510
8552
8552
8567
8658
8768
8784
8797
8800
8805
8873
8911
8930
9030
9035
9070
9079
9103
9106
9132
9155
9158
9178
9211
9257
9284
9359
9417
9439
9439
9447
9484
9486
9492
9518
9552
9638
9681
9686
9690
9694
9770
9838
9848
9848
9886
9895
9901
9905
9911
9921
10048
10104
10114
10124
10154
10164
10185
10186
10195
10300
10377
10392
10413
10513
10539
10569
10579
10598
10730
10733
10771
10824
10851
10885
10910
10923
10948
11017
11085
11104
11105
11130
11159
11196
11230
11233
11247
11289
11299
11336
11345
11393
11495
11498
11546
11568
11593
11640
11735
11742
11794
11864
11910
11951
11951
11967
11989
12003
12026
12048
12055
12069
12094
12107
12128
12136
12151
12224
12237
12272
12289
12307
12322
12358
12383
12419
12441
12473
12504
12531
12532
12561
12570
12587
12590
12594
12601
12650
12669
12678
12727
12805
12846
12870
12926
12968
13026
13150
13197
13208
13210
13221
13252
13270
13274
13278
13295
13312
13339
13371
13394
13405
13432
13441
13488
13532
13533
13581
13583
13710
13735
13750
13851
13868
13877
13882
13916
13924
13946
13956
14001
14006
14055
14062
14104
14157
14174
14212
14244
14257
14265
14292
14299
14455
14458
14491
14498
14499
14565
14571
14576
14580
14602
14671
14701
14738
14786
14811
14848
14864
14874
14903
14919
14988
15005
15006
15054
15171
15179
15182
15196
15275
15316
15446
15448
15489
15507
15535
15538
15579
15597
15603
15606
15634
15635
15668
15670
15694
15744
15752
15822
15835
15841
15853
15858
15867
15883
15895
15911
15937
15963
15995
15996
16002
16052
16122
16126
16139
16178
16179
16191
16196
16247
16295
16411
16415
16447
16453
16457
16467
16476
16504
16507
16526
16551
16569
16632
16634
16637
16646
16674
16712
16756
16764
16769
16801
16827
16830
16832
16833
16865
16930
16965
16971
17033
17042
17053
17093
17109
17117
17156
17161
17185
17187
17194
17204
17267
17272
17295
17309
17317
17320
17390
17461
17503
17565
17604
17779
17862
17911
17923
17939
17994
18060
18094
18095
18120
18217
18246
18410
18416
18450
18615
18636
18649
18725
18743
18793
18794
18873
18897
18951
18985
19088
19092
19127
19130
19193
19211
19226
19251
19310
19389
19424
19441
19504
19530
19534
19628
19720
19742
19772
19896
19902
19937
19940
19980
19998
20017
20047
20050
20112
20172
20176
20193
20253
20265
20269
20270
20303
20325
20370
20390
20405
20467
20521
20577
20580
20588
20607
20624
20628
20660
20679
20736
20800
20854
20883
20913
21147
21213
21243
21262
21319
21330
21333
21358
21379
21386
21399
21444
21451
21499
21513
21519
21579
21622
21682
21762
21781
21804
21804
21841
21853
21926
21927
21941
22014
22069
22076
22129
22151
22212
22253
22315
22397
22452
22523
22547
22592
22620
22660
22693
22734
22750
22767
22781
22823
22868
22882
22891
22915
22926
22978
23006
23021
23023
23040
23052
23136
23141
23143
23154
23210
23261
23305
23317
23384
23411
23446
23522
23639
23644
23714
23717
23733
23774
23828
23849
23871
23876
23879
23967
23973
23997
24029
24054
24073
24151
24174
24204
24213
24255
24265
24294
24410
24413
24431
24431
24487
24505
24518
24538
24557
24629
24671
24736
24783
24831
24867
24890
24906
24971
25011
25046
25122
25128
25195
25208
25212
25220
25274
25354
25365
25466
25514
25557
25575
25578
25601
25623
25667
25670
25710
25723
25754
25843
25909
25923
25930
26032
26059
26074
26087
26139
26150
26169
26212
26282
26315
26344
26451
26477
26537
26545
26592
26628
26630
26716
26743
26867
26876
26881
26937
26948
27008
27033
27036
27057
27183
27200
27239
27307
27322
27396
27406
27413
27489
27517
27577
27584
27625
27721
27797
27859
27916
27918
27920
27936
27936
27963
28011
28072
28133
28155
28177
28229
28248
28259
28305
28311
28399
28419
28437
28443
28473
28482
28484
28498
28531
28570
28573
28619
28675
28708
28763
28905
28910
28929
28970
28989
28999
29011
29011
29016
29042
29054
29089
29106
29115
29150
29153
29160
29186
29242
29285
29301
29320
29372
29391
29411
29433
29510
29588
29591
29610
29611
29639
29666
29758
29794
29807
29830
29835
29891
29902
29914
30061
30107
30181
30231
30261
30267
30280
30350
30416
30423
30483
30521
30562
30564
30577
30580
30610
30686
30692
30706
30709
30719
30754
30764
30772
30849
30876
30919
30941
31008
31045
31079
31100
31102
31112
31172
31172
31201
31207
31228
31255
31293
31361
31372
31401
31405
31499
31586
31589
31825
31860
31866
31882
31945
31975
32011
32019
32077
32147
32184
32222
32239
32276
32301
32303
32377
32385
32396
32403
32496
32497
32561
32579
32583
32679
32685
32693
32747
