32740
32702
32639
32570
32556
32522
32512
32431
32430
32348
32321
32249
32203
32185
32067
32058
31897
31883
31869
31854
31852
31816
31807
31548
31497
31466
31453
31426
31406
31331
31289
31287
31281
31281
31155
31145
31082
31046
31011
30967
30937
30914
30909
30880
30780
30579
30579
30544
30529
30418
30384
30368
30228
30208
30202
30195
30193
30166
30146
30134
30110
30017
29989
29945
29942
29913
29849
29819
29781
29730
29727
29727
29688
29564
29552
29380
29353
29338
29334
29318
29272
29252
29237
29171
29148
29098
29088
29086
29049
29032
29003
28990
28966
28937
28930
28915
28913
28897
28867
28819
28814
28809
28763
28751
28745
28732
28713
28710
28695
28694
28667
28655
28596
28531
28505
28467
28465
28286
28244
28224
28181
28161
28143
28013
27975
27935
27892
27880
27777
27645
27571
27489
27447
27320
27315
27307
27266
27231
27224
27061
27041
27033
27028
27026
27022
27004
26990
26980
26922
26892
26890
26879
26870
26827
26801
26786
26689
26632
26593
26588
26539
26525
26468
26417
26395
26331
26327
26320
26292
26266
26262
26256
26214
26208
26122
26092
26044
26022
26015
25982
25951
25936
25934
25909
25887
25882
25828
25818
25808
25791
25778
25754
25643
25593
25571
25565
25554
25553
25546
25524
25492
25470
25447
25428
25388
25375
25358
25310
25293
25257
25252
25227
25202
25197
25181
25157
25152
25113
25105
25077
25029
25015
24993
24962
24879
24864
24833
24823
24811
24798
24788
24721
24711
24697
24678
24661
24616
24534
24497
24479
24423
24403
24363
24340
24266
24172
24142
24128
24121
24103
24098
24091
24069
23996
23946
23945
23925
23917
23849
23814
23785
23770
23747
23713
23702
23701
23666
23615
23584
23562
23511
23491
23356
23346
23306
23245
23220
23219
23192
23188
23162
23083
23069
23028
22969
22968
22953
22829
22818
22773
22758
22758
22748
22745
22704
22700
22671
22658
22645
22640
22489
22484
22475
22452
22421
22419
22244
22226
22199
22124
22074
22063
21992
21921
21910
21878
21863
21831
21811
21808
21797
21769
21735
21731
21711
21674
21674
21609
21607
21577
21576
21541
21474
21473
21467
21455
21436
21362
21323
21250
21214
21194
21136
21098
21058
21041
20929
20884
20874
20816
20811
20798
20794
20671
20643
20632
20622
20575
20531
20527
20522
20495
20452
20434
20426
20424
20381
20370
20195
20172
20121
20098
20035
19973
19951
19933
19930
19914
19910
19794
19778
19770
19765
19762
19699
19689
19624
19600
19576
19527
19486
19449
19439
19414
19402
19319
19311
19274
19241
19204
19202
19149
19141
19126
19120
19108
19092
19089
19087
19078
19056
19036
19028
19027
18926
18872
18858
18796
18793
18725
18699
18696
18641
18578
18511
18468
18408
18378
18364
18325
18322
18286
18271
18258
18227
18227
18178
18170
18166
18162
18122
18066
18053
17970
17846
17822
17820
17810
17794
17780
17740
17710
17626
17620
17586
17586
17582
17574
17554
17548
17504
17498
17466
17461
17437
17413
17412
17387
17338
17315
17278
17247
17200
17194
17156
17150
17030
17011
16945
16853
16804
16748
16708
16705
16662
16644
16642
16618
16592
16573
16571
16568
16468
16439
16405
16308
16068
16067
16064
16050
16023
16014
15949
15911
15885
15860
15820
15783
15782
15781
15778
15754
15735
15723
15701
15646
15617
15603
15583
15568
15520
15516
15488
15484
15472
15379
15365
15343
15321
15291
15284
15249
15211
15167
15125
15070
15069
14988
14942
14939
14903
14840
14837
14807
14787
14721
14707
14675
14668
14635
14604
14508
14433
14354
14227
14205
14176
14117
14009
13994
13983
13955
13953
13946
13943
13923
13921
13913
13905
13883
13840
13810
13785
13785
13754
13730
13700
13683
13669
13649
13637
13601
13600
13591
13577
13567
13559
13556
13467
13459
13432
13421
13411
13380
13378
13377
13354
13347
13278
13243
13223
13207
13200
13175
13163
13148
13135
13073
13070
13040
12989
12969
12968
12952
12891
12862
12860
12854
12844
12769
12744
12714
12704
12678
12667
12637
12629
12541
12511
12482
12468
12457
12457
12456
12440
12423
12420
12419
12299
12287
12273
12268
12182
12175
12139
11996
11992
11902
11871
11768
11757
11684
11654
11550
11535
11452
11441
11423
11356
11355
11338
11306
11246
11192
11187
11175
11083
11067
11052
11011
10975
10802
10802
10748
10707
10604
10567
10556
10556
10551
10535
10497
10426
10379
10378
10342
10334
10323
10318
10268
10257
10217
10144
10118
10080
10046
10045
10026
9975
9964
9963
9951
9902
9889
9866
9848
9842
9828
9778
9733
9727
9662
9640
9631
9527
9492
9440
9302
9243
9230
9230
9218
9215
9091
9087
9075
9047
9040
9022
8989
8988
8961
8950
8933
8902
8899
8891
8876
8857
8839
8811
8772
8735
8660
8647
8620
8611
8532
8496
8494
8479
8478
8454
8447
8428
8424
8335
8257
8187
8187
8146
8117
8106
8099
8091
7992
7992
7927
7906
7902
7892
7864
7858
7808
7734
7707
7558
7556
7546
7491
7450
7433
7365
7348
7321
7317
7254
7224
7192
7176
7153
7140
7083
7036
7015
7004
6993
6962
6939
6865
6841
6837
6829
6827
6761
6582
6568
6565
6557
6547
6497
6472
6459
6233
6183
6067
6041
6039
6039
6025
6002
5973
5905
5856
5848
5797
5740
5732
5693
5621
5583
5515
5505
5478
5399
5360
5355
5332
5331
5289
5263
5260
5258
5166
5165
5118
5077
4976
4971
4935
4930
4918
4878
4830
4824
4820
4740
4727
4635
4630
4600
4590
4569
4559
4545
4545
4409
4392
4389
4368
4360
4329
4249
4243
4211
4204
4148
4142
4068
4033
4031
3996
3898
3897
3893
3885
3854
3852
3831
3828
3772
3768
3680
3580
3445
3426
3306
3303
3244
3214
3184
3173
3153
3145
3122
3109
3090
3070
3054
3044
3032
2999
2987
2947
2911
2890
2802
2795
2688
2643
2623
2594
2570
2567
2512
2485
2481
2404
2391
2366
2287
2277
2215
2201
2150
2137
2125
2052
2028
1992
1957
1945
1928
1872
1868
1823
1712
1708
1705
1676
1663
1613
1601
1554
1551
1468
1460
1398
1392
1341
1285
1122
1092
1032
1028
973
947
858
856
838
822
765
730
714
705
573
556
555
533
487
484
475
443
427
419
387
374
359
344
279
271
239
225
216
134
120
80
57
20
