32724
32695
32574
32520
32448
32439
32372
32361
32359
32322
32313
32302
32222
32092
32092
32070
32053
31932
31779
31744
31732
31706
31686
31685
31668
31654
31533
31492
31386
31346
31313
31287
31267
31246
31241
31228
31208
31059
31008
31007
31007
30962
30944
30927
30879
30864
30839
30809
30808
30797
30786
30784
30762
30760
30732
30728
30707
30687
30649
30648
30615
30549
30532
30500
30400
30387
30381
30314
30260
30241
30212
30155
30131
30115
30111
30105
30050
29947
29929
29927
29825
29823
29818
29803
29801
29788
29777
29773
29763
29691
29668
29599
29512
29492
29476
29400
29362
29360
29301
29273
29254
29248
29242
29238
29229
29227
29191
29167
29165
29136
29095
29082
29043
29025
28949
28946
28933
28911
28895
28864
28810
28792
28778
28755
28743
28704
28653
28624
28562
28557
28549
28532
28530
28496
28444
28400
28383
28341
28313
28294
28282
28234
28196
28192
28160
28150
28143
28140
28117
28088
28021
27910
27869
27849
27828
27810
27806
27792
27738
27657
27651
27646
27595
27529
27511
27463
27428
27427
27426
27346
27313
27280
27254
27223
27168
27148
27137
27116
27098
27044
26940
26929
26916
26909
26905
26803
26762
26745
26711
26701
26675
26662
26645
26604
26597
26547
26519
26491
26451
26407
26320
26099
26081
26070
26023
26008
25984
25927
25892
25886
25829
25767
25752
25733
25729
25620
25584
25528
25472
25470
25468
25441
25414
25392
25378
25309
25288
25270
25255
25247
25231
25221
25208
25204
25192
25058
25008
24998
24933
24907
24852
24846
24841
24779
24766
24764
24752
24742
24742
24738
24680
24646
24542
24541
24499
24493
24455
24438
24406
24390
24333
24327
24289
24285
24167
24133
24115
24104
24048
23929
23921
23906
23881
23839
23831
23799
23774
23756
23738
23721
23703
23699
23697
23668
23648
23601
23598
23540
23489
23487
23477
23456
23431
23409
23380
23376
23309
23247
23210
23205
23168
23150
23145
23103
23028
23026
22980
22965
22964
22953
22937
22877
22856
22800
22786
22728
22691
22684
22597
22591
22476
22411
22371
22267
22226
22220
22202
22195
22194
22091
22062
22039
22006
21896
21894
21880
21869
21866
21845
21831
21802
21691
21664
21658
21601
21598
21569
21554
21550
21534
21513
21509
21504
21496
21458
21427
21425
21418
21362
21318
21258
21240
21230
21219
21159
21128
20939
20914
20910
20892
20843
20837
20828
20771
20756
20716
20660
20652
20572
20565
20490
20439
20381
20361
20321
20294
20258
20240
20225
20197
20191
20163
20107
20095
20087
20056
20049
19982
19968
19950
19931
19877
19843
19831
19826
19797
19748
19699
19695
19656
19642
19614
19601
19539
19415
19340
19338
19326
19317
19308
19301
19297
19191
19118
19058
19023
19001
18987
18985
18977
18895
18887
18883
18873
18823
18800
18767
18764
18718
18681
18589
18575
18467
18385
18374
18357
18315
18287
18244
18186
18149
18083
18063
18011
17967
17963
17951
17947
17900
17783
17719
17684
17647
17614
17514
17503
17481
17431
17418
17400
17346
17294
17234
17205
17203
17173
17160
17121
17117
17012
17011
17006
16976
16917
16837
16787
16786
16757
16699
16658
16589
16584
16521
16514
16474
16449
16447
16423
16404
16363
16362
16299
16285
16265
16240
16226
16206
16193
16176
16148
16125
16067
16050
16005
15934
15933
15898
15875
15866
15809
15807
15771
15740
15644
15622
15616
15605
15600
15514
15493
15477
15406
15371
15310
15307
15303
15301
15259
15200
15156
15147
15126
15114
15081
15008
15005
14956
14895
14857
14854
14842
14760
14704
14704
14650
14614
14598
14582
14565
14529
14511
14483
14471
14470
14461
14445
14439
14404
14373
14343
14309
14282
14275
14258
14256
14234
14206
14179
14123
14074
14049
14012
13987
13969
13941
13936
13904
13886
13822
13757
13720
13715
13693
13676
13592
13564
13547
13539
13383
13280
13224
13206
13142
13134
13111
12990
12958
12956
12925
12908
12835
12776
12705
12698
12693
12690
12682
12633
12622
12526
12492
12413
12387
12353
12324
12317
12266
12263
12225
12181
12139
12131
12071
12044
12023
11993
11961
11760
11758
11753
11652
11583
11580
11564
11552
11549
11497
11460
11443
11421
11414
11371
11359
11348
11287
11279
11278
11194
11165
11135
11109
11105
11083
11081
11056
11043
11021
11020
10989
10943
10943
10859
10841
10780
10758
10737
10718
10637
10626
10607
10559
10521
10518
10482
10456
10420
10362
10286
10285
10165
10164
10159
10071
10015
9964
9908
9856
9821
9778
9705
9683
9658
9650
9603
9542
9531
9491
9378
9355
9328
9316
9300
9207
9198
9179
9116
9043
9012
8978
8938
8901
8885
8841
8832
8809
8762
8716
8700
8680
8664
8653
8596
8550
8514
8479
8471
8447
8431
8361
8322
8294
8168
8154
8141
8132
8078
7998
7983
7962
7936
7926
7775
7686
7681
7669
7614
7594
7496
7436
7363
7358
7309
7287
7250
7240
7234
7213
7203
7183
7152
7097
7083
7082
7067
7059
7037
6978
6897
6868
6853
6851
6793
6773
6749
6685
6680
6674
6562
6546
6525
6459
6383
6373
6370
6308
6229
6138
6127
6122
6044
6032
6026
5981
5973
5963
5954
5881
5761
5717
5668
5602
5599
5582
5553
5551
5533
5486
5466
5447
5441
5349
5337
5318
5096
5060
5054
5038
4992
4967
4956
4912
4791
4780
4751
4741
4677
4658
4658
4562
4496
4476
4463
4446
4441
4440
4427
4401
4390
4358
4348
4267
4266
4262
4236
4214
4208
4204
4204
4189
4185
4182
4151
4119
4118
4109
4099
4099
4079
4071
4051
4020
3950
3942
3826
3786
3784
3784
3783
3782
3730
3642
3602
3601
3577
3557
3472
3402
3386
3350
3297
3250
3218
3186
3108
3094
3079
2996
2967
2964
2924
2868
2838
2779
2755
2747
2735
2703
2701
2683
2652
2623
2566
2558
2547
2500
2499
2478
2409
2353
2320
2295
2290
2284
2273
2230
2206
2158
2109
2078
2024
2013
1985
1979
1942
1885
1876
1844
1832
1831
1829
1823
1821
1788
1760
1759
1756
1749
1731
1704
1681
1669
1631
1605
1551
1511
1504
1486
1468
1453
1395
1317
1317
1267
1242
1207
1194
1182
1122
1075
1068
1032
1004
922
916
872
806
782
660
604
600
592
549
527
492
481
413
302
294
292
256
234
199
141
109
76
54
53
44
43
