32748
32691
32686
32682
32548
32513
32513
32471
32442
32402
32392
32223
32184
32164
32163
32161
32114
32103
32053
32002
31997
31950
31934
31835
31816
31781
31780
31680
31675
31667
31614
31612
31606
31603
31596
31510
31505
31502
31488
31483
31465
31445
31442
31422
31409
31392
31378
31368
31363
31288
31262
31259
31257
31257
31191
31132
31055
30978
30967
30952
30948
30905
30877
30855
30850
30807
30795
30792
30785
30704
30694
30672
30662
30645
30636
30592
30590
30568
30540
30502
30471
30371
30361
30301
30291
30145
30128
30113
30060
29970
29899
29874
29823
29809
29785
29760
29759
29727
29716
29669
29644
29626
29610
29575
29572
29535
29500
29490
29433
29326
29274
29199
29180
29157
29141
29070
29050
29034
28955
28947
28943
28882
28825
28737
28685
28658
28621
28594
28558
28557
28520
28518
28511
28435
28434
28423
28408
28396
28395
28394
28360
28354
28341
28335
28294
28231
28194
28183
28157
28147
28139
28018
27886
27880
27838
27838
27814
27799
27797
27732
27644
27628
27590
27489
27478
27327
27301
27220
27142
27106
27015
27007
26969
26964
26964
26935
26926
26913
26846
26836
26829
26799
26758
26723
26652
26642
26636
26603
26578
26537
26515
26391
26350
26341
26309
26274
26263
26233
26209
26194
26113
26085
26073
26045
26016
26009
25980
25830
25810
25800
25786
25773
25729
25697
25697
25672
25657
25639
25620
25559
25537
25531
25520
25506
25475
25402
25338
25330
25323
25308
25172
25140
25090
25006
25004
24877
24814
24719
24684
24639
24627
24550
24509
24506
24430
24426
24425
24421
24403
24368
24347
24275
24230
24227
24224
24217
24100
24059
24050
23990
23988
23981
23980
23936
23924
23885
23864
23828
23767
23716
23674
23673
23635
23610
23573
23564
23562
23561
23557
23456
23399
23343
23337
23333
23319
23291
23271
23205
23124
23100
23019
23002
22996
22893
22880
22855
22832
22822
22778
22747
22735
22622
22575
22563
22555
22466
22389
22357
22333
22321
22300
22262
22241
22236
22228
22212
22203
22183
22169
22151
22102
22092
21938
21911
21887
21886
21868
21864
21810
21765
21663
21651
21631
21607
21602
21551
21548
21540
21512
21503
21493
21488
21478
21474
21424
21385
21383
21331
21293
21290
21261
21148
21146
21130
21080
20987
20954
20911
20862
20819
20791
20784
20661
20645
20607
20592
20589
20587
20560
20468
20466
20383
20352
20325
20296
20286
20274
20150
20115
20115
20076
20051
20028
20028
20028
20028
20018
20002
19949
19911
19907
19831
19823
19685
19664
19654
19610
19584
19566
19523
19498
19496
19444
19412
19347
19330
19320
19303
19256
19206
19194
19182
19143
19049
19021
18998
18997
18989
18987
18962
18952
18804
18800
18779
18776
18724
18720
18704
18665
18649
18645
18563
18470
18423
18368
18365
18340
18295
18116
18091
18082
18058
18053
18046
18042
18042
17993
17951
17924
17900
17832
17787
17783
17750
17689
17686
17670
17663
17652
17637
17590
17573
17568
17549
17518
17459
17430
17394
17390
17342
17315
17276
17168
17154
17129
17119
17073
17029
17026
16998
16948
16939
16920
16874
16860
16806
16788
16697
16682
16660
16497
16481
16392
16389
16376
16324
16289
16275
16216
16191
16173
16046
15998
15992
15986
15937
15913
15868
15836
15821
15760
15668
15611
15604
15603
15518
15512
15509
15442
15397
15327
15217
15204
15095
15009
14976
14943
14898
14838
14816
14790
14754
14724
14688
14652
14643
14637
14637
14612
14561
14515
14507
14441
14428
14426
14370
14321
14304
14278
14238
14236
14222
14206
14194
14174
14169
14034
13991
13977
13954
13838
13823
13820
13785
13783
13750
13737
13710
13679
13667
13658
13658
13627
13547
13515
13512
13454
13390
13387
13373
13338
13302
13295
13247
13242
13239
13126
13115
13084
13073
13025
12943
12941
12923
12872
12862
12851
12810
12777
12699
12691
12675
12605
12604
12601
12549
12526
12453
12444
12378
12359
12346
12296
12238
12211
12153
12147
12077
12073
12069
12057
12010
11950
11917
11881
11847
11758
11708
11702
11687
11677
11644
11593
11556
11531
11529
11475
11472
11463
11420
11393
11358
11320
11283
11262
11254
11228
11188
11111
11110
11063
11046
11045
11019
10895
10807
10806
10778
10733
10644
10605
10577
10564
10545
10493
10453
10433
10399
10368
10325
10310
10307
10295
10224
10205
10174
10136
10075
9990
9986
9948
9914
9885
9824
9705
9680
9660
9660
9617
9611
9594
9553
9525
9514
9491
9464
9448
9444
9408
9357
9287
9280
9251
9243
9238
9207
9195
9185
9146
9100
9092
9002
8947
8912
8894
8881
8837
8803
8779
8730
8657
8649
8630
8598
8597
8511
8436
8436
8434
8430
8425
8360
8331
8319
8312
8275
8270
8262
8236
8176
8123
8121
8096
8071
8047
7969
7965
7954
7863
7839
7769
7672
7614
7610
7592
7581
7560
7544
7521
7414
7277
7157
7150
7142
7091
7089
7081
7080
7072
7038
7015
7004
6999
6986
6972
6953
6945
6892
6868
6821
6800
6789
6785
6777
6717
6673
6665
6645
6615
6588
6511
6477
6431
6429
6347
6293
6248
6244
6172
6155
6106
6081
6048
6048
6013
5953
5932
5918
5837
5818
5813
5742
5740
5734
5733
5703
5686
5658
5633
5629
5602
5600
5577
5570
5567
5546
5534
5528
5465
5448
5337
5304
5286
5268
5244
5185
5174
5172
5124
5052
5003
4984
4867
4751
4711
4695
4655
4655
4639
4564
4548
4525
4524
4516
4515
4489
4478
4467
4451
4443
4424
4384
4377
4373
4354
4351
4234
4219
4201
4142
4127
4117
4110
4073
4013
4009
3973
3969
3966
3879
3855
3837
3809
3802
3797
3796
3785
3756
3754
3740
3689
3681
3675
3660
3501
3416
3363
3344
3256
3168
3102
3095
3037
3015
3001
2852
2819
2811
2785
2756
2724
2666
2644
2632
2614
2579
2435
2391
2343
2335
2322
2254
2182
2140
2140
2135
2125
2077
2052
2025
1991
1971
1967
1966
1918
1829
1747
1736
1715
1695
1676
1655
1647
1639
1623
1620
1615
1580
1549
1547
1523
1482
1380
1366
1275
1238
1231
1172
1165
1156
1153
1140
1118
1104
1016
993
951
950
940
906
904
876
860
826
809
781
758
737
710
693
675
631
631
626
554
508
443
390
307
233
196
150
95
92
85
44
38
27
18
