32762
32759
32758
32757
32754
32751
32750
32749
32743
32741
32727
32726
32724
32720
32720
32711
32706
32699
32698
32698
32697
32679
32678
32677
32674
32660
32660
32659
32645
32636
32635
32635
32633
32629
32627
32626
32626
32613
32610
32609
32604
32603
32595
32594
32593
32592
32591
32590
32585
32582
32578
32575
32575
32574
32572
32570
32569
32568
32560
32560
32556
32555
32554
32551
32547
32547
32544
32543
32541
32541
32539
32533
32530
32529
32525
32525
32524
32519
32519
32516
32513
32510
32510
32506
32498
32497
32491
32487
32485
32485
32484
32479
32473
32468
32462
32452
32451
32450
32444
32443
32434
32433
32430
32423
32421
32419
32417
32412
32409
32396
32395
32392
32390
32388
32378
32375
32375
32374
32362
32362
32360
32354
32353
32353
32347
32345
32344
32341
32341
32341
32336
32332
32330
32327
32325
32321
32319
32319
32315
32311
32308
32305
32304
32303
32300
32297
32291
32282
32280
32276
32276
32275
32273
32256
32253
32252
32251
32247
32246
32245
32243
32240
32239
32238
32237
32232
32232
32231
32230
32229
32228
32222
32216
32215
32209
32207
32204
32203
32198
32193
32191
32190
32187
32186
32183
32182
32181
32181
32178
32174
32169
32168
32167
32167
32167
32166
32159
32159
32158
32157
32153
32152
32150
32146
32145
32137
32126
32126
32124
32111
32111
32102
32097
32093
32091
32085
32083
32076
32070
32069
32063
32063
32056
32056
32048
32048
32048
32042
32040
32038
32036
32030
32014
32011
32010
32008
31987
31986
31984
31979
31977
31973
31973
31971
31969
31969
31967
31957
31956
31955
31954
31951
31951
31948
31947
31941
31928
31928
31926
31925
31925
31924
31924
31923
31923
31922
31922
31914
31912
31911
31911
31910
31903
31903
31902
31897
31893
31887
31887
31880
31878
31876
31871
31865
31861
31860
31848
31847
31836
31834
31830
31829
31826
31819
31817
31810
31805
31799
31796
31796
31789
31778
31777
31775
31774
31770
31769
31765
31761
31756
31754
31746
31743
31740
31731
31730
31729
31728
31724
31707
31707
31699
31699
31694
31694
31694
31689
31684
31681
31681
31679
31677
31675
31670
31667
31666
31661
31657
31654
31651
31642
31641
31640
31640
31634
31634
31629
31617
31617
31616
31616
31607
31604
31599
31595
31595
31594
31591
31585
31574
31572
31565
31554
31552
31538
31532
31529
31526
31521
31513
31513
31509
31509
31504
31501
31501
31499
31499
31493
31490
31485
31485
31481
31480
31479
31477
31476
31476
31474
31467
31466
31459
31453
31450
31449
31449
31447
31442
31438
31434
31431
31430
31424
31422
31415
31407
31395
31393
31392
31388
31388
31388
31380
31379
31377
31376
31376
31374
31368
31367
31364
31363
31361
31356
31353
31344
31343
31337
31336
31331
31330
31329
31324
31320
31314
31313
31311
31308
31305
31305
31305
31305
31304
31304
31301
31295
31291
31290
31289
31287
31285
31284
31280
31277
31277
31274
31272
31268
31265
31264
31262
31259
31255
31254
31248
31243
31228
31224
31224
31222
31219
31214
31213
31213
31206
31203
31201
31191
31186
31185
31173
31172
31164
31161
31158
31152
31145
31131
31129
31128
31128
31120
31117
31114
31113
31112
31104
31099
31098
31098
31097
31097
31096
31093
31093
31090
31089
31085
31085
31079
31078
31070
31062
31061
31060
31060
31054
31050
31045
31043
31041
31041
31040
31039
31032
31027
31023
31020
31013
31011
31011
31007
30997
30995
30994
30993
30993
30982
30981
30978
30974
30964
30963
30957
30953
30953
30949
30948
30941
30939
30939
30938
30937
30937
30935
30935
30935
30927
30927
30924
30922
30918
30908
30900
30899
30895
30890
30886
30884
30881
30880
30870
30867
30856
30854
30845
30845
30843
30835
30834
30834
30833
30829
30823
30823
30822
30819
30818
30817
30816
30814
30812
30811
30806
30793
30789
30780
30780
30778
30776
30767
30764
30760
30759
30756
30754
30753
30746
30745
30742
30739
30738
30738
30728
30723
30717
30713
30713
30704
30703
30702
30699
30694
30688
30685
30684
30680
30674
30665
30660
30658
30648
30647
30646
30643
30636
30634
30634
30631
30625
30623
30620
30620
30618
30618
30616
30609
30607
30602
30600
30598
30587
30586
30586
30586
30585
30584
30583
30577
30568
30567
30567
30561
30557
30556
30550
30541
30537
30536
30533
30532
30527
30524
30523
30521
30521
30520
30515
30508
30502
30501
30497
30496
30495
30490
30489
30489
30479
30476
30476
30474
30464
30461
30460
30459
30457
30454
30451
30448
30448
30446
30443
30427
30421
30420
30413
30413
30407
30397
30395
30393
30385
30383
30380
30379
30378
30375
30374
30374
30367
30363
30362
30361
30358
30355
30355
30349
30338
30333
30321
30321
30319
30317
30316
30314
30304
30299
30296
30294
30286
30283
30281
30276
30275
30273
30273
30271
30267
30266
30264
30259
30257
30256
30254
30249
30247
30241
30240
30237
30233
30228
30223
30223
30218
30212
30208
30207
30203
30203
30200
30199
30196
30196
30193
30190
30187
30186
30185
30179
30178
30174
30172
30171
30170
30167
30167
30164
30162
30156
30152
30148
30142
30137
30128
30122
30119
30105
30102
30100
30096
30094
30092
30090
30090
30080
30080
30074
30073
30072
30069
30069
30066
30063
30062
30060
30055
30055
30052
30050
30049
30048
30045
30043
30042
30037
30037
30035
30029
30022
30018
30014
30014
30014
30010
30007
29994
29993
29985
29970
29968
29959
29958
29957
29955
29952
29949
29949
29947
29944
29943
29942
29941
29941
29939
29939
29937
29936
29935
29930
29926
29925
29922
29917
29916
29916
29914
29899
29899
29886
29882
29882
29878
29872
29870
29867
29859
29854
29853
29852
29852
29852
29846
29845
29841
29836
29835
29835
29835
29833
29829
29826
29809
29805
29805
29805
29799
29797
29796
29790
29789
29786
29783
29782
29777
29772
29771
29771
29769
29767
29767
29766
29765
29764
29763
29761
29758
29756
29755
29751
29741
29739
29736
29734
29732
29731
29730
29729
29727
29725
29725
29723
29720
29720
29718
29717
29717
29707
29706
29696
29696
29693
29674
29673
29670
29668
29667
29666
29662
29660
29655
29650
29649
29648
29648
29644
29631
29630
29630
29626
29625
29622
29619
29619
29618
29616
29612
29611
29610
29608
29607
29603
29600
29597
29593
29587
29584
29576
29576
29573
29573
29566
29564
29562
29562
29557
29551
29549
29546
29544
29544
29543
29541
29538
29530
29529
29528
29519
29518
29516
29513
29512
29512
29506
29502
29501
29491
29488
29478
29474
29473
29473
29466
29460
29459
29455
29454
29448
29448
29447
29441
29434
29421
29418
29416
29416
29410
29410
29409
29402
29401
29395
29393
29391
29387
29382
29381
29381
29377
29370
29370
29365
29362
29361
29360
29359
29359
29356
29354
29351
29343
29340
29337
29334
29332
29323
29320
29316
29311
29303
29294
29288
29285
29284
29282
29276
29272
29270
29258
29246
29244
29241
29239
29239
29236
29230
29229
29224
29222
29222
29221
29217
29216
29213
29212
29210
29202
29201
29195
29191
29185
29182
29174
29169
29167
29167
29161
29160
29160
29159
29158
29152
29152
29152
29149
29146
29145
29144
29142
29122
29117
29102
29100
29096
29096
29085
29084
29082
29075
29069
29064
29064
29061
29060
29057
29056
29053
29053
29046
29043
29040
29029
29029
29023
29021
29017
29013
29011
29003
29002
29000
28997
28992
28989
28979
28966
28962
28961
28959
28953
28952
28949
28948
28945
28941
28938
28937
28934
28933
28931
28929
28924
28921
28918
28914
28911
28911
28908
28908
28908
28899
28893
28893
28882
28878
28877
28876
28875
28870
28870
28869
28865
28863
28863
28861
28857
28856
28855
28852
28852
28849
28842
28840
28839
28837
28837
28831
28828
28827
28826
28825
28823
28820
28817
28807
28804
28802
28800
28800
28795
28790
28788
28785
28785
28775
28774
28770
28770
28762
28759
28758
28754
28753
28750
28749
28748
28746
28733
28730
28728
28728
28726
28713
28712
28710
28702
28701
28695
28693
28690
28688
28687
28687
28683
28674
28670
28663
28651
28650
28647
28644
28644
28642
28641
28639
28635
28629
28627
28626
28621
28620
28615
28607
28605
28601
28600
28600
28597
28597
28596
28590
28584
28583
28576
28572
28561
28560
28553
28552
28546
28535
28531
28530
28527
28526
28520
28516
28514
28511
28504
28501
28498
28492
28486
28480
28479
28470
28463
28460
28455
28453
28452
28450
28448
28447
28445
28443
28440
28439
28438
28433
28433
28433
28430
28428
28413
28403
28399
28399
28398
28397
28395
28393
28390
28388
28385
28381
28381
28379
28377
28374
28362
28362
28361
28350
28349
28346
28343
28342
28334
28334
28334
28327
28324
28320
28317
28317
28316
28315
28307
28304
28304
28302
28300
28295
28288
28287
28286
28284
28282
28282
28278
28269
28262
28261
28253
28246
28236
28236
28225
28224
28215
28212
28200
28197
28195
28193
28191
28191
28175
28172
28164
28163
28162
28160
28155
28147
28141
28141
28140
28138
28137
28131
28126
28126
28124
28120
28104
28098
28092
28089
28082
28082
28077
28074
28073
28073
28073
28067
28066
28056
28044
28041
28040
28040
28036
28032
28032
28029
28028
28025
28021
28017
28010
28005
28004
27998
27985
27982
27981
27978
27977
27966
27962
27962
27961
27959
27957
27953
27949
27948
27929
27929
27921
27918
27915
27911
27910
27909
27908
27903
27903
27897
27893
27891
27891
27889
27888
27887
27885
27883
27876
27875
27866
27865
27864
27861
27860
27858
27857
27855
27854
27849
27842
27840
27834
27831
27830
27828
27825
27825
27819
27818
27813
27810
27808
27807
27806
27799
27798
27795
27791
27788
27782
27776
27776
27774
27771
27768
27765
27761
27760
27759
27756
27751
27747
27744
27743
27742
27737
27735
27735
27732
27730
27729
27720
27719
27714
27713
27704
27692
27686
27686
27682
27681
27677
27676
27666
27665
27664
27664
27662
27659
27658
27649
27638
27634
27624
27623
27622
27616
27615
27614
27612
27610
27609
27609
27606
27604
27598
27588
27582
27580
27575
27572
27572
27566
27566
27565
27564
27562
27561
27558
27554
27550
27546
27545
27542
27536
27535
27534
27532
27519
27512
27512
27510
27509
27508
27506
27505
27500
27499
27497
27494
27490
27488
27480
27478
27473
27468
27465
27464
27463
27463
27459
27458
27454
27454
27451
27450
27450
27446
27438
27437
27437
27434
27434
27426
27421
27421
27419
27418
27417
27413
27413
27408
27407
27404
27400
27400
27396
27395
27393
27390
27388
27383
27381
27376
27376
27370
27370
27365
27363
27352
27346
27345
27338
27326
27320
27320
27318
27318
27308
27305
27303
27302
27300
27300
27297
27295
27294
27290
27286
27286
27280
27274
27271
27268
27268
27264
27262
27261
27261
27256
27256
27255
27254
27246
27245
27245
27243
27242
27237
27235
27230
27230
27229
27225
27217
27209
27209
27208
27203
27199
27189
27188
27187
27186
27186
27185
27181
27175
27168
27167
27167
27161
27160
27157
27154
27143
27139
27136
27136
27128
27128
27128
27127
27127
27125
27122
27121
27121
27117
27108
27106
27104
27103
27099
27095
27084
27084
27080
27077
27075
27072
27069
27068
27068
27068
27066
27065
27059
27057
27057
27056
27056
27051
27051
27051
27039
27038
27034
27029
27022
27020
27018
27012
27012
27011
27009
27008
27004
27003
27002
27001
27000
26997
26996
26995
26993
26989
26989
26989
26986
26984
26983
26979
26978
26974
26972
26967
26962
26951
26944
26942
26938
26936
26931
26929
26927
26921
26920
26918
26915
26910
26910
26909
26906
26904
26904
26896
26888
26884
26874
26868
26868
26866
26864
26863
26863
26862
26861
26859
26858
26854
26850
26847
26844
26841
26840
26835
26834
26827
26823
26822
26819
26814
26807
26806
26796
26792
26787
26782
26782
26781
26779
26778
26776
26774
26770
26767
26762
26761
26759
26742
26742
26740
26735
26734
26729
26729
26728
26726
26724
26723
26720
26718
26715
26715
26713
26707
26707
26706
26703
26697
26697
26695
26695
26693
26679
26677
26672
26671
26667
26664
26660
26655
26651
26651
26648
26647
26646
26643
26639
26637
26635
26634
26628
26616
26596
26594
26593
26591
26591
26587
26580
26576
26572
26568
26557
26556
26549
26548
26542
26537
26529
26527
26524
26521
26516
26516
26516
26513
26510
26509
26505
26504
26501
26498
26496
26496
26495
26492
26486
26485
26485
26483
26479
26478
26476
26469
26469
26467
26466
26463
26458
26457
26453
26450
26449
26443
26442
26441
26439
26431
26430
26423
26423
26422
26417
26412
26403
26401
26399
26395
26395
26394
26386
26382
26378
26378
26374
26374
26372
26368
26366
26363
26359
26357
26353
26352
26348
26348
26340
26340
26337
26334
26333
26330
26329
26324
26322
26318
26318
26315
26313
26305
26304
26301
26297
26288
26286
26279
26277
26277
26275
26273
26271
26271
26260
26255
26250
26245
26244
26242
26242
26241
26233
26232
26230
26229
26221
26219
26206
26205
26205
26203
26202
26198
26198
26194
26193
26192
26189
26184
26183
26179
26178
26168
26167
26164
26162
26160
26154
26154
26153
26150
26149
26146
26142
26137
26134
26133
26132
26129
26124
26123
26123
26123
26122
26121
26118
26116
26109
26106
26101
26101
26094
26093
26091
26084
26083
26073
26069
26068
26066
26063
26062
26051
26042
26040
26038
26038
26037
26034
26031
26029
26024
26024
26022
26020
26019
26019
26014
26000
25983
25977
25974
25970
25967
25963
25963
25961
25956
25955
25954
25953
25943
25942
25933
25932
25931
25925
25920
25919
25917
25908
25905
25904
25903
25901
25895
25894
25893
25892
25879
25879
25874
25873
25865
25861
25857
25853
25851
25844
25840
25832
25831
25829
25829
25820
25812
25807
25806
25806
25804
25799
25798
25791
25789
25789
25788
25784
25784
25784
25778
25772
25771
25770
25766
25765
25758
25754
25752
25745
25743
25740
25737
25736
25735
25732
25731
25727
25725
25720
25718
25716
25714
25710
25706
25706
25695
25693
25693
25693
25692
25692
25691
25689
25688
25684
25678
25677
25677
25677
25676
25673
25670
25669
25668
25663
25660
25658
25656
25656
25652
25650
25644
25641
25641
25638
25636
25633
25633
25631
25626
25624
25619
25615
25612
25612
25610
25608
25608
25602
25602
25601
25596
25596
25595
25594
25592
25581
25580
25580
25579
25576
25574
25571
25570
25564
25563
25562
25561
25559
25556
25556
25554
25549
25549
25546
25544
25544
25539
25537
25533
25523
25523
25521
25520
25519
25513
25507
25507
25502
25501
25500
25499
25496
25495
25494
25493
25492
25489
25483
25478
25477
25471
25469
25465
25462
25456
25456
25455
25453
25450
25449
25440
25438
25437
25436
25427
25427
25426
25422
25416
25416
25405
25403
25400
25399
25397
25392
25391
25391
25388
25386
25385
25376
25371
25370
25369
25366
25366
25365
25364
25360
25358
25357
25353
25344
25344
25330
25327
25319
25319
25317
25316
25314
25313
25313
25307
25304
25300
25287
25285
25283
25282
25280
25271
25266
25265
25259
25254
25253
25253
25246
25244
25242
25240
25240
25240
25238
25233
25233
25231
25230
25225
25202
25201
25200
25198
25193
25193
25191
25187
25187
25184
25182
25178
25178
25178
25176
25175
25173
25170
25166
25161
25160
25159
25148
25145
25138
25136
25134
25124
25117
25116
25113
25111
25111
25106
25105
25103
25103
25100
25096
25095
25086
25086
25085
25084
25081
25080
25077
25074
25069
25066
25062
25061
25059
25057
25055
25054
25051
25045
25042
25042
25039
25039
25034
25029
25023
25021
25015
25014
25014
25012
25003
25000
24993
24985
24982
24980
24978
24978
24975
24974
24972
24970
24970
24967
24965
24960
24958
24954
24952
24951
24951
24947
24946
24940
24939
24933
24928
24927
24923
24920
24919
24918
24917
24915
24915
24914
24912
24904
24902
24900
24899
24896
24896
24893
24888
24885
24883
24882
24874
24868
24867
24865
24865
24864
24862
24855
24854
24854
24853
24850
24849
24846
24845
24841
24831
24828
24828
24827
24826
24825
24825
24822
24822
24821
24817
24808
24802
24801
24798
24798
24789
24788
24784
24782
24776
24770
24770
24768
24763
24763
24762
24761
24759
24758
24757
24751
24749
24746
24745
24740
24740
24738
24737
24736
24731
24725
24721
24720
24715
24712
24710
24705
24702
24698
24697
24697
24696
24694
24694
24688
24680
24680
24678
24678
24673
24667
24665
24659
24655
24654
24649
24649
24647
24643
24641
24638
24635
24635
24635
24633
24628
24627
24622
24621
24621
24619
24618
24614
24610
24609
24601
24600
24600
24599
24594
24594
24592
24579
24575
24569
24569
24566
24565
24563
24557
24552
24545
24543
24541
24540
24539
24534
24531
24525
24523
24521
24521
24517
24512
24512
24510
24509
24503
24501
24501
24498
24495
24481
24479
24472
24469
24467
24463
24455
24452
24450
24449
24445
24444
24442
24433
24428
24425
24418
24417
24415
24409
24408
24408
24405
24403
24402
24402
24401
24394
24390
24389
24389
24385
24384
24379
24379
24379
24372
24371
24370
24369
24367
24367
24361
24357
24349
24348
24348
24347
24342
24327
24319
24305
24302
24299
24294
24289
24288
24287
24283
24276
24274
24273
24270
24261
24258
24255
24254
24254
24252
24252
24250
24248
24248
24247
24243
24242
24240
24237
24236
24236
24234
24232
24231
24226
24223
24221
24215
24215
24214
24205
24198
24196
24196
24194
24189
24188
24186
24180
24180
24179
24176
24172
24166
24166
24157
24157
24152
24149
24141
24141
24134
24133
24112
24109
24106
24106
24104
24097
24096
24092
24090
24086
24082
24073
24072
24057
24055
24052
24051
24045
24044
24042
24038
24026
24026
24023
24017
24011
24008
24006
23992
23992
23990
23990
23990
23988
23979
23973
23970
23966
23964
23963
23960
23957
23957
23953
23952
23946
23939
23937
23935
23923
23913
23912
23911
23910
23908
23907
23907
23902
23898
23897
23893
23892
23888
23888
23888
23881
23880
23877
23875
23875
23875
23872
23872
23869
23866
23866
23863
23861
23854
23846
23846
23845
23840
23838
23837
23837
23835
23835
23833
23828
23821
23820
23815
23812
23810
23809
23809
23809
23807
23807
23806
23804
23798
23795
23794
23786
23775
23773
23773
23773
23766
23766
23758
23754
23749
23743
23742
23741
23741
23726
23724
23724
23720
23719
23718
23717
23713
23711
23706
23704
23700
23699
23697
23683
23679
23679
23676
23672
23669
23665
23664
23652
23651
23649
23647
23647
23638
23634
23632
23623
23619
23614
23613
23611
23611
23610
23601
23598
23595
23587
23578
23569
23566
23565
23556
23553
23551
23543
23542
23541
23541
23526
23522
23514
23505
23501
23489
23483
23481
23479
23478
23474
23472
23471
23469
23461
23460
23455
23447
23443
23439
23438
23435
23428
23427
23426
23413
23413
23413
23411
23405
23404
23399
23394
23391
23390
23388
23386
23384
23381
23373
23367
23366
23363
23358
23357
23354
23352
23349
23344
23342
23341
23338
23329
23327
23317
23316
23313
23313
23311
23310
23310
23310
23309
23309
23309
23307
23306
23303
23297
23296
23295
23291
23289
23286
23284
23273
23271
23266
23255
23252
23241
23234
23232
23230
23224
23223
23213
23212
23211
23205
23200
23191
23187
23187
23184
23180
23179
23170
23166
23159
23159
23159
23159
23158
23151
23149
23149
23137
23136
23135
23132
23130
23129
23129
23129
23128
23128
23125
23124
23116
23096
23094
23092
23089
23082
23079
23076
23070
23066
23062
23050
23048
23041
23037
23036
23030
23026
23025
23022
23022
23015
23015
23007
23005
23004
22999
22999
22997
22990
22989
22987
22985
22982
22974
22971
22969
22963
22955
22952
22951
22949
22949
22947
22942
22941
22937
22934
22931
22929
22927
22924
22924
22915
22910
22903
22888
22888
22886
22884
22882
22880
22855
22853
22847
22846
22845
22836
22835
22832
22828
22826
22818
22816
22810
22809
22804
22802
22800
22800
22799
22792
22791
22781
22774
22770
22766
22766
22763
22751
22750
22749
22749
22745
22743
22741
22739
22737
22737
22733
22733
22731
22726
22723
22719
22717
22716
22708
22707
22700
22699
22692
22688
22687
22684
22680
22678
22674
22670
22669
22669
22668
22663
22655
22648
22648
22645
22639
22632
22631
22631
22628
22628
22624
22622
22617
22615
22615
22604
22602
22584
22581
22581
22576
22570
22565
22558
22556
22555
22554
22552
22551
22548
22543
22541
22540
22538
22537
22533
22527
22519
22509
22506
22489
22489
22485
22482
22482
22479
22461
22460
22452
22451
22451
22450
22446
22446
22445
22440
22438
22436
22434
22434
22429
22427
22423
22422
22421
22419
22413
22412
22402
22402
22398
22398
22397
22396
22396
22394
22392
22390
22379
22377
22370
22365
22365
22361
22354
22353
22351
22348
22339
22332
22330
22324
22322
22321
22320
22319
22312
22302
22296
22287
22284
22266
22263
22263
22254
22253
22252
22249
22249
22248
22247
22246
22240
22238
22235
22234
22231
22231
22230
22229
22229
22225
22225
22224
22224
22222
22221
22217
22217
22212
22210
22194
22194
22186
22183
22182
22179
22174
22173
22170
22169
22168
22164
22161
22160
22157
22156
22153
22149
22140
22137
22133
22130
22128
22126
22126
22125
22124
22122
22122
22122
22115
22109
22109
22107
22103
22101
22092
22089
22086
22086
22085
22082
22082
22076
22071
22066
22066
22059
22058
22055
22047
22046
22042
22041
22036
22032
22027
22017
22009
22006
22005
22002
22001
22001
21999
21995
21995
21993
21989
21987
21978
21976
21974
21974
21972
21969
21967
21966
21962
21961
21957
21955
21950
21947
21946
21946
21945
21944
21936
21935
21919
21914
21914
21914
21911
21897
21897
21894
21891
21886
21885
21882
21882
21879
21877
21876
21872
21868
21866
21860
21856
21855
21853
21847
21847
21847
21838
21833
21828
21826
21826
21821
21820
21809
21808
21790
21790
21783
21779
21775
21773
21773
21768
21760
21752
21752
21746
21745
21736
21734
21731
21731
21728
21721
21721
21715
21712
21712
21711
21710
21707
21704
21703
21702
21701
21699
21699
21698
21698
21689
21687
21683
21680
21676
21676
21666
21657
21656
21652
21648
21646
21643
21640
21639
21629
21627
21627
21627
21624
21623
21620
21619
21614
21612
21612
21611
21606
21601
21599
21596
21595
21595
21594
21591
21591
21589
21586
21584
21576
21575
21574
21572
21572
21565
21564
21556
21555
21548
21546
21544
21543
21540
21538
21535
21526
21525
21525
21524
21511
21511
21510
21508
21507
21506
21505
21502
21502
21497
21495
21493
21492
21490
21489
21489
21487
21480
21478
21476
21476
21469
21466
21464
21452
21443
21442
21441
21435
21431
21422
21420
21414
21412
21406
21406
21403
21402
21398
21398
21397
21395
21391
21388
21373
21369
21368
21366
21366
21363
21346
21345
21342
21338
21336
21331
21327
21325
21323
21321
21321
21320
21319
21318
21314
21313
21313
21311
21310
21301
21301
21301
21297
21295
21295
21293
21292
21289
21283
21283
21282
21278
21272
21267
21267
21263
21261
21261
21239
21234
21231
21223
21218
21218
21215
21213
21211
21210
21208
21208
21206
21203
21201
21199
21197
21197
21197
21185
21185
21185
21185
21184
21179
21179
21166
21164
21159
21156
21156
21156
21152
21143
21142
21139
21135
21134
21132
21131
21130
21129
21128
21127
21124
21114
21111
21100
21099
21099
21096
21092
21090
21083
21081
21073
21067
21063
21058
21049
21039
21039
21038
21036
21033
21031
21030
21027
21019
21014
21004
21002
21001
20988
20985
20983
20982
20980
20977
20973
20971
20969
20967
20959
20956
20956
20956
20953
20952
20950
20944
20931
20931
20926
20923
20921
20921
20920
20919
20913
20902
20901
20900
20900
20894
20890
20888
20885
20880
20879
20879
20878
20878
20876
20875
20872
20862
20858
20858
20857
20856
20855
20853
20852
20850
20847
20846
20841
20839
20832
20825
20823
20823
20822
20819
20816
20816
20813
20808
20807
20806
20806
20804
20800
20799
20797
20793
20786
20784
20780
20779
20777
20776
20775
20770
20768
20766
20759
20754
20749
20748
20743
20743
20742
20742
20738
20729
20729
20729
20728
20728
20726
20721
20716
20713
20713
20713
20712
20704
20700
20700
20692
20689
20688
20684
20680
20679
20678
20677
20677
20675
20663
20655
20646
20643
20643
20634
20631
20628
20620
20618
20608
20604
20603
20591
20590
20588
20582
20578
20576
20575
20575
20575
20575
20575
20574
20574
20573
20568
20559
20558
20556
20555
20550
20550
20548
20547
20544
20541
20540
20524
20516
20516
20495
20494
20491
20487
20480
20479
20478
20475
20474
20474
20473
20472
20452
20447
20446
20445
20444
20443
20443
20443
20443
20441
20436
20434
20432
20430
20427
20422
20417
20416
20413
20409
20404
20400
20389
20387
20381
20379
20373
20369
20364
20359
20357
20355
20352
20346
20343
20341
20338
20337
20330
20326
20325
20321
20319
20317
20315
20313
20312
20311
20309
20308
20307
20304
20302
20301
20301
20300
20298
20297
20293
20286
20283
20279
20273
20268
20266
20262
20262
20261
20259
20254
20252
20252
20251
20243
20231
20231
20228
20228
20226
20223
20218
20217
20198
20191
20189
20186
20182
20182
20180
20178
20178
20176
20169
20166
20164
20164
20160
20160
20156
20155
20155
20151
20146
20143
20135
20135
20133
20131
20124
20123
20120
20118
20115
20114
20110
20106
20101
20101
20097
20096
20094
20092
20090
20087
20085
20079
20074
20072
20070
20069
20064
20062
20060
20060
20059
20057
20051
20035
20029
20017
20016
20015
20010
20010
19999
19995
19992
19991
19980
19980
19979
19979
19979
19973
19973
19973
19972
19971
19965
19964
19952
19951
19949
19945
19944
19939
19937
19934
19925
19924
19922
19921
19920
19915
19914
19911
19908
19906
19901
19896
19893
19891
19890
19883
19882
19880
19880
19875
19874
19867
19864
19863
19861
19859
19858
19857
19856
19856
19853
19848
19838
19834
19831
19830
19826
19815
19814
19814
19809
19808
19806
19803
19799
19799
19798
19798
19798
19796
19795
19794
19787
19786
19785
19785
19782
19778
19773
19758
19756
19756
19754
19752
19750
19750
19748
19746
19741
19738
19737
19729
19727
19725
19724
19720
19717
19717
19716
19715
19713
19713
19712
19708
19702
19696
19682
19680
19677
19673
19672
19670
19669
19668
19663
19654
19650
19648
19647
19643
19635
19634
19627
19618
19616
19609
19603
19600
19589
19589
19584
19569
19563
19560
19558
19556
19553
19552
19547
19547
19546
19546
19545
19544
19541
19534
19532
19531
19529
19527
19518
19509
19502
19499
19496
19491
19473
19473
19471
19453
19448
19446
19444
19428
19419
19418
19401
19383
19378
19371
19370
19370
19369
19364
19362
19361
19355
19346
19341
19339
19337
19337
19328
19328
19322
19312
19310
19309
19309
19303
19302
19302
19298
19295
19290
19281
19279
19277
19276
19274
19269
19267
19260
19258
19258
19250
19243
19239
19236
19233
19233
19232
19232
19227
19225
19220
19220
19214
19213
19212
19211
19211
19208
19205
19205
19204
19204
19202
19194
19193
19191
19190
19185
19180
19179
19179
19171
19169
19168
19165
19162
19152
19151
19146
19146
19142
19140
19132
19132
19129
19127
19125
19119
19115
19113
19113
19104
19094
19090
19088
19088
19085
19078
19076
19072
19063
19058
19053
19052
19050
19050
19046
19044
19034
19026
19026
19023
19017
19017
19015
19014
19013
19004
18998
18990
18990
18988
18984
18982
18982
18980
18978
18977
18974
18971
18968
18964
18963
18961
18960
18959
18958
18958
18955
18952
18947
18946
18942
18924
18924
18924
18921
18914
18913
18904
18904
18901
18898
18898
18898
18896
18894
18893
18891
18891
18889
18884
18881
18871
18871
18870
18864
18861
18858
18852
18852
18850
18848
18847
18845
18841
18840
18835
18833
18828
18827
18824
18823
18823
18821
18818
18808
18805
18805
18802
18800
18791
18786
18786
18785
18782
18772
18771
18768
18754
18750
18748
18746
18744
18744
18743
18741
18736
18733
18732
18732
18729
18727
18726
18713
18712
18710
18709
18709
18708
18704
18704
18701
18695
18693
18692
18692
18687
18686
18686
18681
18679
18668
18667
18665
18664
18663
18658
18656
18653
18643
18642
18621
18619
18615
18614
18613
18613
18609
18608
18606
18600
18596
18592
18589
18587
18583
18580
18577
18570
18568
18565
18562
18559
18552
18545
18542
18539
18538
18531
18525
18524
18524
18508
18508
18507
18500
18495
18487
18486
18485
18472
18470
18469
18464
18462
18462
18460
18454
18448
18445
18442
18440
18440
18436
18435
18432
18427
18424
18417
18412
18410
18407
18407
18405
18404
18403
18402
18400
18396
18385
18384
18367
18360
18358
18355
18349
18348
18343
18337
18334
18334
18327
18325
18324
18322
18317
18313
18313
18313
18307
18303
18292
18287
18281
18280
18280
18278
18276
18276
18264
18263
18259
18255
18251
18251
18249
18245
18241
18236
18234
18232
18227
18226
18224
18222
18218
18215
18215
18205
18204
18197
18194
18192
18184
18182
18179
18168
18164
18164
18162
18159
18158
18155
18153
18149
18148
18148
18144
18143
18134
18130
18124
18116
18115
18112
18109
18104
18101
18099
18086
18083
18078
18078
18074
18072
18065
18063
18035
18033
18032
18020
18018
18010
18008
18006
18003
18002
18001
17999
17996
17991
17991
17982
17979
17979
17970
17968
17962
17960
17960
17958
17954
17951
17951
17951
17946
17945
17944
17941
17931
17931
17925
17923
17920
17918
17893
17890
17880
17878
17877
17877
17873
17872
17863
17858
17856
17854
17852
17851
17846
17834
17828
17821
17820
17811
17807
17799
17798
17798
17795
17790
17787
17784
17778
17776
17776
17776
17776
17775
17770
17769
17768
17765
17758
17754
17752
17749
17749
17735
17731
17726
17723
17722
17718
17716
17711
17709
17708
17707
17703
17701
17698
17696
17695
17693
17686
17685
17684
17681
17675
17674
17673
17668
17666
17665
17663
17661
17659
17657
17656
17656
17654
17650
17646
17646
17642
17634
17633
17630
17629
17627
17625
17624
17624
17623
17619
17604
17599
17592
17575
17570
17569
17567
17567
17567
17555
17553
17553
17552
17549
17542
17541
17538
17537
17527
17525
17524
17523
17520
17520
17518
17512
17510
17510
17500
17493
17487
17487
17481
17481
17477
17474
17473
17470
17470
17470
17467
17463
17462
17462
17461
17458
17452
17447
17446
17445
17443
17443
17443
17443
17442
17441
17436
17435
17431
17430
17427
17427
17426
17423
17423
17421
17416
17414
17413
17412
17408
17406
17401
17393
17391
17391
17390
17389
17382
17381
17380
17380
17374
17372
17370
17361
17356
17354
17345
17344
17338
17313
17307
17306
17295
17288
17273
17272
17272
17271
17270
17267
17264
17261
17259
17257
17256
17254
17252
17246
17245
17234
17227
17225
17225
17224
17223
17219
17215
17211
17206
17200
17184
17183
17177
17175
17172
17171
17168
17164
17160
17158
17156
17153
17152
17143
17141
17137
17131
17130
17128
17125
17121
17119
17115
17114
17104
17104
17101
17093
17090
17090
17085
17078
17078
17075
17075
17074
17070
17064
17057
17056
17056
17056
17049
17043
17041
17040
17038
17034
17032
17024
17023
17018
17017
17017
17012
17010
17010
17002
17001
16999
16996
16993
16992
16987
16987
16985
16983
16977
16973
16971
16970
16960
16959
16955
16948
16948
16944
16932
16931
16929
16928
16928
16927
16924
16920
16918
16915
16913
16912
16911
16908
16908
16903
16900
16894
16888
16888
16885
16882
16864
16858
16856
16855
16851
16846
16844
16835
16827
16825
16818
16815
16809
16804
16804
16800
16799
16796
16793
16792
16792
16790
16782
16780
16777
16764
16764
16760
16758
16757
16755
16752
16749
16746
16742
16734
16734
16725
16725
16716
16715
16713
16708
16707
16705
16704
16703
16701
16699
16697
16695
16694
16689
16688
16688
16676
16675
16672
16669
16654
16652
16649
16648
16644
16644
16643
16638
16638
16624
16616
16616
16610
16598
16597
16592
16591
16589
16579
16578
16577
16576
16571
16567
16567
16556
16554
16547
16539
16536
16532
16527
16523
16523
16521
16519
16516
16513
16511
16510
16507
16504
16498
16490
16489
16483
16482
16480
16479
16479
16473
16467
16465
16464
16464
16459
16457
16452
16449
16448
16446
16445
16444
16441
16439
16435
16423
16420
16419
16389
16389
16387
16387
16385
16377
16377
16376
16376
16376
16375
16375
16372
16371
16369
16367
16367
16360
16358
16354
16351
16348
16343
16332
16329
16328
16316
16311
16308
16302
16293
16293
16282
16277
16277
16276
16274
16271
16266
16263
16263
16261
16256
16246
16244
16243
16241
16235
16235
16232
16229
16229
16229
16226
16212
16210
16209
16204
16202
16199
16197
16189
16186
16183
16178
16177
16163
16163
16163
16157
16150
16149
16148
16148
16144
16143
16143
16130
16128
16126
16126
16103
16103
16097
16096
16094
16085
16083
16082
16077
16073
16071
16070
16069
16063
16060
16059
16057
16055
16054
16051
16045
16039
16036
16032
16028
16020
16018
16017
16016
16014
16010
16010
16009
16009
16008
16007
16003
15995
15991
15986
15985
15983
15973
15972
15970
15969
15962
15960
15954
15952
15952
15950
15950
15949
15948
15938
15937
15937
15936
15932
15925
15924
15921
15917
15916
15914
15912
15910
15900
15899
15898
15896
15891
15891
15882
15880
15880
15878
15877
15874
15872
15871
15868
15865
15864
15862
15861
15861
15846
15843
15843
15843
15840
15832
15829
15825
15825
15824
15820
15812
15800
15800
15799
15799
15795
15795
15795
15794
15793
15789
15789
15788
15787
15782
15780
15775
15771
15768
15764
15761
15758
15757
15755
15754
15754
15735
15733
15731
15730
15729
15725
15724
15722
15721
15717
15713
15703
15703
15702
15699
15698
15696
15695
15693
15691
15691
15687
15684
15684
15682
15681
15663
15650
15644
15644
15644
15639
15639
15637
15636
15636
15634
15632
15631
15623
15621
15618
15610
15605
15599
15595
15592
15590
15588
15582
15581
15580
15578
15577
15576
15575
15572
15564
15559
15559
15552
15547
15545
15544
15543
15541
15537
15536
15516
15516
15514
15514
15513
15503
15500
15499
15499
15497
15492
15488
15487
15487
15484
15483
15480
15477
15473
15471
15470
15466
15465
15450
15448
15447
15445
15442
15442
15435
15433
15428
15428
15426
15424
15412
15407
15406
15401
15399
15397
15396
15393
15391
15389
15387
15387
15381
15380
15376
15375
15375
15369
15368
15367
15366
15364
15362
15360
15359
15359
15353
15351
15349
15349
15340
15340
15339
15334
15330
15328
15325
15323
15322
15318
15316
15314
15312
15305
15305
15303
15297
15292
15292
15287
15282
15276
15274
15272
15270
15269
15267
15265
15265
15265
15263
15262
15260
15258
15257
15256
15255
15248
15245
15243
15231
15223
15222
15218
15216
15215
15213
15212
15210
15205
15205
15203
15196
15192
15188
15184
15177
15175
15168
15166
15160
15156
15137
15132
15129
15129
15128
15125
15115
15112
15109
15107
15106
15104
15102
15100
15098
15097
15097
15096
15096
15083
15083
15081
15076
15075
15073
15072
15068
15066
15065
15063
15062
15061
15057
15048
15046
15043
15040
15039
15036
15029
15029
15016
15003
15003
15002
14994
14994
14983
14983
14981
14977
14975
14974
14972
14962
14959
14954
14953
14953
14951
14945
14945
14942
14942
14934
14933
14933
14931
14930
14928
14926
14918
14917
14911
14910
14910
14907
14903
14898
14896
14883
14880
14880
14874
14869
14866
14864
14858
14853
14843
14838
14834
14829
14827
14826
14822
14822
14820
14815
14814
14808
14805
14803
14799
14793
14792
14778
14771
14770
14766
14762
14761
14760
14756
14749
14749
14749
14744
14743
14741
14733
14728
14728
14721
14721
14720
14719
14714
14709
14707
14706
14704
14701
14698
14698
14696
14696
14694
14694
14683
14683
14678
14676
14675
14671
14667
14660
14655
14651
14648
14646
14642
14639
14634
14632
14623
14622
14621
14620
14613
14613
14605
14604
14600
14592
14592
14588
14588
14588
14586
14583
14581
14571
14571
14569
14569
14567
14567
14566
14564
14563
14561
14559
14555
14555
14552
14552
14552
14549
14544
14544
14543
14536
14528
14525
14520
14519
14511
14507
14504
14502
14499
14498
14484
14480
14479
14471
14468
14461
14461
14459
14449
14441
14440
14439
14437
14436
14423
14419
14419
14412
14411
14410
14406
14404
14402
14396
14395
14394
14394
14394
14393
14393
14391
14390
14388
14383
14382
14381
14381
14379
14376
14373
14371
14363
14358
14350
14343
14342
14342
14340
14338
14337
14334
14331
14331
14322
14319
14319
14307
14292
14291
14285
14283
14281
14281
14274
14271
14265
14254
14248
14242
14242
14240
14239
14232
14231
14229
14225
14224
14220
14219
14210
14205
14194
14192
14183
14177
14176
14175
14172
14165
14163
14158
14156
14153
14133
14132
14132
14126
14125
14116
14110
14108
14107
14107
14107
14106
14104
14102
14100
14089
14088
14084
14079
14077
14077
14075
14071
14071
14068
14067
14066
14065
14065
14063
14059
14054
14053
14053
14049
14048
14047
14047
14042
14042
14037
14031
14029
14027
14019
14018
14010
14009
14005
14005
14002
13999
13999
13998
13995
13993
13987
13978
13972
13972
13965
13960
13960
13956
13955
13955
13954
13952
13951
13951
13945
13939
13936
13935
13935
13933
13928
13926
13924
13920
13918
13915
13913
13911
13909
13909
13904
13903
13902
13900
13900
13895
13894
13892
13885
13884
13875
13871
13870
13865
13865
13862
13856
13854
13853
13845
13835
13824
13819
13807
13803
13802
13801
13783
13779
13779
13775
13775
13774
13771
13771
13770
13765
13764
13762
13749
13747
13745
13737
13737
13728
13723
13717
13713
13712
13702
13700
13698
13695
13695
13692
13684
13683
13680
13677
13675
13672
13670
13664
13664
13662
13661
13660
13658
13656
13649
13645
13640
13640
13636
13633
13632
13631
13630
13628
13623
13618
13618
13618
13617
13616
13616
13615
13614
13611
13609
13609
13607
13604
13602
13600
13594
13586
13578
13573
13572
13568
13565
13561
13561
13560
13555
13554
13553
13545
13539
13535
13535
13534
13527
13525
13525
13522
13522
13518
13516
13506
13504
13500
13499
13499
13491
13490
13487
13487
13484
13479
13477
13475
13475
13468
13465
13460
13460
13457
13453
13447
13442
13441
13434
13433
13429
13429
13422
13411
13407
13406
13404
13402
13401
13398
13397
13390
13389
13381
13380
13378
13378
13376
13367
13363
13358
13355
13355
13353
13350
13344
13342
13338
13328
13326
13326
13320
13317
13317
13314
13307
13306
13291
13284
13281
13276
13276
13272
13270
13268
13266
13265
13264
13261
13260
13258
13258
13253
13252
13252
13251
13249
13247
13244
13233
13232
13230
13225
13210
13197
13193
13187
13187
13187
13187
13186
13184
13183
13181
13181
13181
13172
13171
13170
13166
13162
13161
13159
13148
13139
13138
13137
13133
13129
13129
13129
13122
13121
13118
13117
13105
13101
13096
13095
13088
13087
13085
13083
13083
13081
13079
13077
13074
13074
13066
13063
13057
13054
13054
13049
13048
13044
13042
13027
13023
13021
13016
13015
13008
13008
13007
13005
13000
12999
12999
12999
12998
12993
12991
12988
12988
12987
12985
12983
12982
12980
12977
12977
12975
12971
12970
12970
12967
12967
12965
12965
12958
12956
12935
12934
12931
12928
12924
12923
12917
12916
12913
12912
12911
12904
12902
12901
12895
12893
12891
12889
12886
12886
12880
12880
12880
12879
12869
12866
12865
12864
12860
12859
12857
12857
12855
12855
12853
12849
12835
12829
12827
12827
12820
12819
12817
12813
12808
12794
12792
12792
12789
12785
12783
12782
12773
12772
12772
12768
12767
12764
12764
12762
12761
12749
12749
12749
12746
12745
12744
12743
12739
12738
12719
12717
12717
12714
12706
12701
12700
12699
12695
12691
12691
12689
12686
12682
12673
12669
12665
12665
12662
12655
12653
12653
12651
12643
12642
12641
12631
12609
12608
12601
12600
12599
12598
12596
12594
12593
12591
12588
12587
12585
12585
12580
12573
12568
12566
12561
12560
12557
12549
12543
12532
12530
12520
12517
12517
12504
12498
12498
12497
12494
12492
12491
12490
12489
12472
12466
12462
12459
12452
12448
12442
12439
12437
12433
12419
12419
12418
12418
12414
12408
12407
12407
12401
12400
12398
12392
12391
12387
12383
12381
12375
12368
12366
12365
12358
12349
12343
12339
12335
12324
12312
12310
12309
12298
12297
12297
12296
12291
12287
12286
12283
12282
12281
12280
12275
12273
12265
12252
12246
12243
12243
12231
12230
12230
12225
12208
12207
12206
12202
12200
12197
12197
12196
12195
12191
12190
12185
12180
12178
12172
12167
12157
12142
12141
12135
12134
12130
12127
12126
12120
12115
12112
12105
12104
12104
12103
12101
12101
12099
12082
12082
12080
12077
12077
12076
12075
12072
12063
12058
12058
12054
12042
12037
12035
12035
12034
12029
12025
12017
12013
12010
12008
12007
12006
12001
12000
11995
11994
11992
11992
11991
11987
11985
11985
11984
11980
11978
11974
11970
11967
11965
11965
11961
11961
11958
11958
11951
11950
11949
11944
11924
11923
11923
11921
11920
11916
11916
11912
11908
11901
11893
11889
11888
11887
11887
11883
11880
11879
11873
11867
11866
11865
11864
11861
11861
11855
11853
11853
11852
11850
11846
11846
11834
11834
11834
11830
11828
11827
11825
11824
11823
11819
11817
11815
11814
11812
11808
11802
11797
11793
11790
11787
11782
11781
11781
11779
11778
11778
11771
11768
11767
11763
11761
11746
11743
11742
11741
11740
11739
11738
11737
11737
11736
11730
11721
11720
11715
11708
11706
11701
11698
11692
11691
11689
11681
11680
11675
11669
11667
11666
11665
11663
11655
11651
11649
11644
11642
11630
11628
11628
11618
11603
11600
11600
11598
11594
11593
11588
11582
11579
11579
11579
11566
11561
11556
11556
11552
11547
11543
11541
11541
11540
11538
11537
11531
11528
11525
11521
11519
11517
11516
11508
11503
11501
11500
11499
11497
11491
11486
11483
11469
11451
11449
11448
11443
11439
11437
11435
11433
11432
11430
11424
11423
11414
11408
11401
11398
11398
11397
11395
11391
11389
11386
11386
11384
11384
11380
11377
11376
11372
11368
11365
11364
11356
11352
11350
11343
11342
11337
11334
11331
11327
11327
11326
11313
11305
11305
11303
11302
11300
11292
11290
11280
11274
11273
11272
11272
11271
11271
11270
11270
11269
11268
11260
11260
11258
11252
11251
11246
11244
11228
11223
11220
11216
11216
11211
11210
11210
11210
11207
11201
11197
11192
11190
11188
11187
11187
11179
11179
11176
11165
11164
11153
11143
11140
11140
11138
11138
11134
11134
11132
11123
11122
11118
11108
11108
11103
11102
11100
11099
11096
11095
11091
11091
11088
11086
11069
11061
11059
11048
11046
11043
11034
11028
11027
11026
11019
11019
11013
11012
11012
11011
11010
11008
11007
11004
10998
10996
10996
10991
10990
10989
10986
10985
10985
10983
10973
10972
10968
10961
10960
10960
10956
10950
10949
10935
10932
10909
10906
10904
10899
10892
10892
10879
10878
10875
10872
10872
10865
10848
10845
10844
10841
10835
10834
10829
10827
10822
10821
10817
10813
10813
10810
10807
10805
10804
10802
10800
10799
10797
10785
10782
10771
10768
10765
10764
10754
10753
10752
10751
10751
10736
10734
10732
10715
10714
10711
10709
10707
10696
10694
10691
10680
10664
10659
10657
10657
10651
10651
10650
10645
10643
10636
10633
10632
10626
10618
10616
10615
10615
10604
10600
10599
10592
10592
10590
10585
10583
10581
10580
10579
10576
10573
10569
10567
10565
10562
10557
10553
10553
10552
10548
10543
10543
10538
10530
10527
10523
10521
10517
10516
10514
10513
10512
10508
10507
10502
10496
10493
10492
10486
10484
10482
10481
10479
10478
10476
10474
10469
10468
10459
10456
10453
10452
10449
10445
10441
10428
10424
10420
10412
10409
10406
10397
10397
10384
10381
10375
10373
10372
10372
10363
10360
10351
10347
10335
10335
10328
10328
10327
10327
10327
10326
10325
10318
10309
10306
10305
10305
10304
10302
10299
10294
10292
10291
10290
10284
10284
10283
10275
10274
10271
10260
10248
10247
10247
10241
10240
10239
10238
10235
10232
10223
10219
10213
10212
10211
10208
10206
10201
10198
10197
10197
10196
10194
10191
10188
10186
10180
10179
10178
10173
10172
10167
10163
10146
10144
10143
10139
10136
10135
10133
10131
10131
10121
10117
10117
10115
10115
10114
10108
10105
10104
10103
10103
10101
10084
10079
10074
10072
10071
10066
10065
10062
10059
10054
10052
10047
10039
10039
10036
10031
10026
10025
10024
10023
10019
10019
10013
10006
10006
10004
10002
10002
9997
9996
9993
9989
9985
9983
9980
9978
9974
9970
9969
9965
9964
9961
9957
9956
9950
9943
9939
9937
9933
9932
9932
9928
9927
9921
9921
9914
9913
9911
9907
9904
9903
9902
9896
9893
9887
9886
9886
9880
9874
9871
9869
9863
9860
9857
9853
9852
9847
9843
9843
9834
9830
9828
9828
9827
9825
9824
9807
9801
9796
9795
9794
9793
9791
9784
9775
9774
9771
9767
9763
9760
9757
9757
9756
9756
9755
9752
9750
9745
9745
9743
9739
9739
9736
9735
9734
9728
9722
9718
9714
9714
9713
9707
9706
9702
9697
9697
9692
9692
9690
9685
9680
9679
9677
9675
9673
9666
9665
9663
9660
9659
9655
9645
9643
9635
9630
9628
9625
9622
9616
9616
9615
9612
9606
9602
9592
9591
9580
9576
9576
9575
9569
9569
9555
9553
9551
9551
9549
9548
9546
9542
9541
9538
9536
9535
9534
9533
9527
9526
9525
9525
9516
9511
9511
9504
9504
9503
9498
9498
9497
9496
9496
9490
9486
9479
9467
9462
9461
9460
9456
9450
9450
9441
9439
9438
9431
9426
9420
9420
9415
9414
9414
9411
9406
9403
9402
9401
9401
9398
9390
9376
9376
9373
9370
9370
9368
9366
9365
9362
9357
9356
9353
9350
9342
9340
9340
9334
9333
9333
9330
9328
9328
9323
9323
9320
9316
9316
9305
9304
9302
9301
9298
9293
9291
9291
9291
9290
9287
9287
9278
9275
9275
9274
9273
9273
9271
9268
9267
9266
9264
9263
9257
9256
9248
9240
9240
9238
9230
9225
9220
9220
9214
9212
9210
9208
9206
9205
9201
9197
9193
9187
9187
9186
9186
9179
9173
9172
9171
9170
9163
9163
9161
9160
9152
9150
9145
9142
9141
9133
9131
9129
9127
9126
9121
9117
9116
9111
9108
9106
9102
9098
9098
9097
9093
9090
9088
9087
9077
9073
9072
9071
9067
9066
9066
9064
9064
9062
9061
9060
9060
9059
9058
9058
9056
9048
9045
9040
9036
9030
9029
9025
9023
9016
9014
9011
9008
9007
9007
9004
9004
9002
9002
8998
8994
8991
8991
8988
8988
8986
8983
8981
8975
8974
8971
8968
8963
8963
8961
8952
8946
8945
8940
8937
8928
8927
8927
8923
8923
8920
8917
8913
8912
8909
8907
8907
8907
8907
8904
8903
8899
8896
8894
8891
8889
8886
8884
8882
8881
8880
8879
8876
8876
8875
8866
8866
8861
8860
8859
8851
8850
8845
8841
8838
8834
8829
8826
8825
8821
8816
8816
8813
8812
8810
8804
8801
8799
8793
8789
8787
8786
8779
8778
8775
8775
8774
8773
8773
8772
8769
8758
8757
8753
8752
8752
8747
8745
8742
8740
8735
8732
8729
8727
8725
8722
8721
8709
8706
8698
8692
8692
8689
8688
8687
8685
8683
8682
8679
8679
8677
8676
8674
8673
8668
8667
8666
8659
8651
8651
8649
8644
8642
8637
8632
8631
8629
8628
8628
8625
8622
8619
8607
8605
8603
8603
8600
8599
8599
8596
8596
8595
8590
8587
8585
8574
8572
8571
8565
8562
8550
8549
8544
8538
8534
8533
8529
8521
8520
8519
8518
8517
8514
8512
8505
8505
8502
8501
8500
8496
8491
8489
8488
8485
8481
8477
8475
8467
8461
8459
8457
8451
8446
8443
8436
8435
8433
8433
8432
8428
8427
8427
8426
8424
8422
8421
8421
8420
8418
8415
8402
8395
8394
8387
8386
8378
8376
8376
8374
8373
8371
8370
8368
8367
8365
8364
8360
8358
8357
8356
8353
8351
8343
8342
8341
8340
8338
8337
8326
8326
8324
8322
8321
8318
8317
8316
8307
8306
8304
8302
8302
8301
8301
8295
8293
8290
8287
8286
8285
8285
8285
8282
8277
8273
8269
8268
8268
8263
8256
8244
8243
8229
8228
8224
8213
8205
8203
8202
8201
8197
8190
8189
8188
8180
8177
8173
8171
8167
8167
8167
8166
8161
8160
8159
8156
8153
8153
8152
8146
8146
8142
8136
8136
8134
8133
8132
8130
8127
8126
8126
8120
8117
8116
8108
8107
8106
8105
8103
8101
8098
8096
8095
8094
8093
8093
8085
8084
8083
8081
8074
8067
8065
8061
8060
8053
8046
8041
8036
8035
8025
8019
8018
8005
8003
8001
7992
7991
7990
7984
7982
7976
7975
7975
7974
7969
7965
7963
7961
7961
7959
7951
7951
7949
7949
7947
7946
7944
7941
7934
7931
7931
7929
7928
7927
7926
7919
7915
7914
7905
7905
7895
7893
7887
7885
7877
7875
7868
7867
7866
7861
7858
7853
7848
7846
7838
7835
7835
7833
7831
7827
7812
7810
7809
7802
7800
7797
7790
7787
7783
7782
7781
7770
7769
7762
7762
7760
7759
7759
7758
7755
7754
7750
7749
7746
7739
7737
7735
7735
7735
7733
7731
7730
7729
7728
7728
7723
7723
7720
7719
7718
7718
7716
7705
7704
7703
7697
7693
7693
7688
7686
7685
7673
7666
7655
7645
7640
7638
7636
7635
7633
7629
7623
7620
7614
7613
7611
7608
7606
7602
7601
7598
7587
7585
7583
7583
7582
7578
7578
7566
7565
7565
7564
7557
7556
7553
7549
7547
7545
7545
7543
7541
7541
7538
7533
7532
7531
7527
7527
7518
7514
7509
7507
7506
7502
7497
7493
7493
7492
7492
7480
7477
7477
7477
7469
7464
7456
7454
7453
7453
7452
7452
7451
7447
7445
7443
7442
7437
7431
7427
7423
7423
7417
7414
7410
7390
7390
7379
7378
7378
7373
7369
7368
7367
7362
7360
7349
7345
7341
7333
7332
7331
7326
7318
7318
7317
7314
7306
7306
7303
7301
7298
7298
7297
7293
7292
7291
7289
7277
7275
7268
7260
7257
7256
7245
7242
7233
7231
7225
7224
7219
7218
7215
7215
7208
7207
7206
7198
7197
7188
7188
7180
7180
7176
7174
7174
7173
7171
7157
7156
7154
7154
7146
7144
7142
7138
7119
7112
7102
7096
7092
7088
7084
7083
7070
7068
7065
7065
7064
7064
7059
7057
7051
7050
7048
7046
7044
7043
7041
7038
7035
7035
7032
7032
7029
7022
7021
7019
7018
7017
7012
7012
7011
7009
7008
7005
7005
7005
7002
6997
6997
6993
6991
6989
6980
6977
6976
6976
6976
6968
6962
6960
6955
6951
6948
6946
6933
6930
6928
6924
6913
6912
6910
6909
6908
6901
6898
6897
6897
6894
6888
6886
6880
6875
6874
6868
6861
6855
6855
6847
6844
6841
6839
6831
6827
6826
6821
6816
6814
6809
6807
6800
6791
6789
6786
6781
6776
6776
6775
6766
6765
6761
6759
6756
6751
6748
6746
6739
6738
6736
6734
6721
6721
6719
6716
6715
6715
6715
6712
6706
6706
6697
6694
6694
6692
6687
6686
6685
6683
6676
6664
6664
6663
6662
6660
6655
6654
6646
6644
6643
6641
6641
6639
6637
6636
6636
6629
6628
6627
6617
6617
6612
6612
6606
6602
6595
6593
6593
6585
6579
6578
6575
6572
6570
6561
6560
6550
6547
6546
6541
6538
6536
6533
6532
6531
6521
6520
6520
6514
6514
6508
6508
6506
6501
6500
6486
6485
6481
6480
6480
6480
6479
6474
6473
6467
6467
6466
6464
6461
6461
6455
6454
6453
6452
6449
6444
6437
6435
6433
6420
6418
6417
6413
6413
6413
6404
6401
6399
6397
6396
6387
6386
6386
6385
6381
6378
6373
6370
6369
6366
6361
6343
6343
6340
6330
6318
6316
6315
6313
6310
6308
6307
6307
6305
6304
6301
6297
6295
6294
6293
6291
6283
6281
6280
6279
6277
6273
6271
6264
6263
6259
6257
6247
6235
6234
6230
6230
6226
6225
6221
6219
6217
6216
6211
6210
6210
6210
6209
6209
6204
6202
6200
6198
6192
6177
6173
6167
6159
6157
6152
6150
6146
6144
6144
6142
6142
6140
6129
6129
6126
6126
6124
6122
6115
6114
6106
6101
6094
6083
6076
6069
6068
6067
6065
6052
6049
6047
6043
6040
6037
6036
6033
6032
6031
6030
6028
6023
6018
6013
6009
6004
6002
5995
5990
5987
5975
5971
5968
5968
5967
5966
5953
5948
5947
5946
5942
5938
5931
5930
5918
5918
5917
5912
5911
5909
5909
5905
5904
5898
5888
5887
5887
5885
5883
5874
5869
5869
5863
5859
5858
5853
5852
5848
5847
5845
5836
5834
5833
5831
5826
5826
5822
5820
5810
5805
5801
5793
5791
5789
5789
5779
5778
5769
5765
5763
5763
5759
5755
5754
5749
5747
5746
5741
5732
5731
5729
5727
5720
5717
5706
5701
5690
5688
5687
5686
5683
5682
5682
5678
5670
5668
5668
5667
5664
5661
5656
5653
5638
5638
5634
5633
5633
5622
5600
5600
5593
5590
5582
5580
5576
5574
5573
5570
5568
5566
5557
5554
5542
5541
5540
5540
5535
5535
5534
5529
5527
5524
5524
5522
5522
5514
5512
5512
5511
5510
5510
5501
5499
5499
5497
5495
5494
5493
5492
5492
5490
5483
5480
5476
5476
5469
5469
5469
5464
5457
5454
5453
5452
5449
5449
5448
5447
5444
5441
5441
5440
5426
5424
5421
5419
5419
5418
5414
5412
5410
5410
5408
5408
5406
5405
5392
5385
5385
5376
5372
5371
5369
5363
5360
5355
5353
5352
5351
5347
5341
5336
5332
5331
5330
5327
5324
5318
5316
5311
5308
5304
5302
5299
5299
5297
5296
5290
5290
5281
5280
5275
5271
5270
5269
5260
5250
5245
5244
5225
5223
5220
5215
5211
5207
5199
5196
5195
5190
5182
5180
5180
5178
5173
5173
5173
5169
5167
5167
5166
5162
5160
5160
5158
5154
5154
5142
5136
5130
5129
5127
5127
5122
5119
5118
5111
5110
5108
5103
5095
5095
5087
5084
5081
5070
5069
5069
5062
5060
5050
5048
5029
5020
5012
5006
5003
4999
4998
4991
4991
4984
4983
4983
4980
4976
4973
4973
4969
4968
4966
4963
4963
4962
4961
4952
4945
4943
4940
4938
4936
4934
4934
4933
4931
4926
4923
4918
4916
4914
4909
4908
4907
4906
4903
4883
4882
4880
4878
4877
4876
4876
4875
4873
4869
4868
4865
4862
4860
4858
4856
4856
4855
4846
4842
4841
4838
4835
4830
4828
4828
4825
4822
4822
4810
4804
4798
4791
4788
4786
4785
4782
4774
4772
4768
4762
4762
4757
4752
4752
4751
4750
4745
4737
4735
4728
4728
4713
4710
4709
4707
4703
4699
4699
4698
4696
4695
4689
4688
4686
4681
4680
4677
4676
4673
4670
4669
4658
4658
4658
4657
4652
4648
4647
4643
4642
4637
4631
4621
4614
4614
4612
4608
4606
4606
4601
4601
4591
4587
4585
4585
4583
4582
4579
4578
4578
4570
4569
4566
4563
4563
4562
4560
4558
4552
4551
4551
4544
4544
4542
4542
4542
4541
4538
4537
4537
4537
4537
4535
4534
4523
4514
4508
4508
4497
4497
4492
4489
4486
4482
4473
4467
4467
4464
4461
4454
4453
4452
4452
4451
4450
4446
4442
4438
4437
4433
4431
4429
4429
4423
4420
4414
4412
4411
4407
4404
4402
4391
4391
4376
4375
4375
4373
4366
4360
4357
4355
4354
4348
4341
4341
4337
4333
4327
4326
4322
4318
4315
4314
4314
4311
4310
4308
4304
4300
4296
4295
4292
4289
4288
4288
4285
4282
4281
4281
4267
4255
4254
4245
4244
4242
4238
4233
4232
4222
4218
4217
4216
4213
4210
4200
4190
4186
4185
4179
4178
4175
4167
4167
4160
4159
4152
4146
4146
4144
4134
4133
4126
4123
4121
4116
4114
4110
4110
4109
4107
4102
4100
4099
4085
4076
4076
4074
4072
4068
4059
4057
4052
4051
4049
4049
4046
4044
4041
4040
4037
4034
4033
4031
4023
4023
4021
4014
4008
4005
3999
3998
3990
3985
3982
3976
3973
3971
3968
3966
3963
3959
3955
3947
3943
3943
3942
3939
3938
3938
3934
3927
3923
3918
3915
3914
3912
3909
3907
3907
3907
3902
3901
3900
3899
3899
3895
3892
3888
3885
3878
3878
3874
3874
3873
3871
3871
3870
3864
3860
3859
3858
3855
3851
3849
3844
3844
3838
3836
3835
3834
3831
3816
3815
3813
3813
3812
3812
3802
3802
3801
3799
3791
3790
3789
3781
3779
3779
3775
3772
3772
3771
3766
3766
3765
3754
3749
3746
3746
3742
3742
3727
3722
3721
3721
3712
3706
3706
3705
3699
3698
3696
3696
3684
3683
3680
3680
3677
3676
3673
3671
3668
3666
3662
3661
3660
3656
3656
3644
3641
3635
3634
3629
3621
3620
3613
3612
3604
3602
3595
3590
3589
3587
3585
3584
3582
3579
3578
3578
3577
3572
3568
3564
3562
3550
3545
3542
3542
3542
3536
3535
3535
3533
3528
3522
3520
3519
3517
3517
3514
3514
3503
3500
3499
3493
3492
3492
3488
3487
3480
3474
3471
3469
3467
3465
3460
3457
3452
3441
3441
3438
3432
3427
3426
3425
3423
3417
3417
3412
3411
3409
3405
3403
3403
3398
3391
3390
3381
3372
3371
3369
3368
3366
3356
3355
3344
3340
3336
3335
3325
3320
3317
3313
3311
3311
3305
3304
3301
3298
3297
3293
3292
3292
3287
3285
3277
3276
3275
3272
3269
3253
3249
3243
3236
3233
3229
3228
3223
3216
3214
3207
3205
3205
3203
3202
3198
3197
3194
3194
3194
3193
3193
3178
3174
3173
3171
3169
3167
3165
3164
3163
3161
3160
3155
3155
3148
3144
3139
3132
3131
3128
3128
3124
3124
3123
3115
3114
3108
3107
3102
3099
3098
3095
3087
3085
3084
3082
3079
3072
3059
3054
3052
3051
3050
3045
3044
3042
3036
3033
3027
3027
3018
3016
3006
3001
2999
2995
2993
2985
2985
2975
2973
2973
2968
2967
2966
2964
2962
2961
2959
2958
2954
2953
2945
2942
2942
2939
2937
2935
2934
2926
2925
2923
2922
2914
2910
2907
2904
2880
2878
2877
2877
2874
2873
2873
2870
2866
2866
2862
2862
2860
2856
2855
2834
2833
2825
2824
2813
2812
2811
2809
2807
2807
2807
2804
2801
2799
2799
2799
2789
2775
2771
2771
2767
2765
2764
2760
2756
2753
2745
2744
2743
2741
2736
2733
2733
2731
2729
2729
2728
2726
2714
2714
2698
2689
2683
2681
2676
2675
2675
2674
2673
2670
2666
2663
2663
2656
2653
2652
2642
2638
2637
2632
2631
2615
2611
2607
2606
2605
2603
2598
2591
2589
2588
2584
2584
2581
2580
2575
2573
2571
2569
2566
2563
2553
2552
2547
2533
2529
2529
2528
2527
2512
2510
2501
2498
2496
2490
2480
2479
2477
2470
2469
2468
2467
2462
2459
2451
2444
2444
2440
2436
2433
2428
2426
2423
2422
2421
2419
2418
2411
2408
2408
2405
2402
2400
2396
2393
2391
2389
2389
2385
2383
2372
2371
2370
2364
2364
2352
2350
2346
2333
2333
2324
2323
2320
2318
2315
2310
2304
2304
2301
2295
2289
2287
2286
2282
2278
2276
2273
2273
2269
2264
2264
2263
2263
2260
2253
2252
2247
2241
2240
2233
2232
2231
2227
2225
2225
2224
2222
2218
2217
2215
2211
2203
2203
2198
2198
2196
2195
2195
2191
2190
2179
2175
2173
2168
2165
2161
2144
2139
2136
2135
2134
2133
2131
2126
2109
2108
2107
2098
2094
2093
2093
2091
2089
2085
2081
2076
2075
2057
2055
2052
2049
2046
2045
2045
2043
2041
2040
2040
2038
2034
2030
2012
2012
2011
2006
1997
1997
1996
1995
1994
1994
1994
1992
1991
1987
1986
1983
1979
1968
1966
1963
1954
1953
1953
1939
1937
1937
1934
1927
1926
1924
1921
1921
1916
1915
1907
1906
1904
1903
1896
1895
1895
1892
1891
1885
1871
1863
1861
1859
1855
1853
1851
1847
1845
1842
1840
1838
1837
1836
1831
1830
1828
1826
1817
1817
1816
1812
1804
1803
1801
1800
1800
1799
1798
1792
1791
1791
1785
1782
1779
1777
1774
1770
1761
1760
1754
1752
1750
1746
1746
1739
1739
1730
1725
1719
1717
1712
1711
1711
1710
1709
1704
1703
1700
1699
1695
1693
1692
1692
1690
1689
1687
1687
1684
1682
1682
1680
1679
1677
1669
1665
1662
1662
1658
1656
1655
1655
1651
1649
1644
1643
1643
1636
1635
1629
1628
1622
1621
1621
1619
1616
1613
1610
1606
1597
1596
1591
1589
1585
1571
1569
1569
1569
1564
1562
1561
1560
1556
1551
1550
1544
1535
1528
1524
1523
1516
1515
1510
1510
1509
1500
1499
1498
1498
1496
1496
1495
1483
1482
1474
1474
1473
1473
1472
1468
1468
1466
1447
1446
1446
1444
1429
1429
1428
1424
1421
1417
1413
1413
1400
1393
1393
1392
1390
1388
1387
1384
1383
1381
1373
1364
1363
1363
1359
1357
1345
1344
1342
1341
1333
1331
1330
1330
1328
1321
1320
1315
1315
1314
1313
1312
1312
1312
1310
1308
1304
1302
1294
1292
1288
1287
1285
1284
1283
1283
1279
1278
1277
1274
1274
1268
1259
1258
1256
1251
1250
1250
1247
1240
1239
1235
1234
1234
1234
1231
1229
1228
1222
1221
1220
1219
1214
1214
1214
1210
1208
1196
1194
1192
1189
1187
1184
1183
1182
1181
1180
1178
1178
1176
1176
1173
1169
1165
1163
1162
1153
1149
1144
1141
1133
1131
1130
1130
1128
1127
1127
1122
1120
1110
1099
1098
1098
1096
1088
1088
1087
1086
1085
1082
1082
1080
1077
1077
1076
1068
1063
1061
1057
1054
1054
1050
1050
1046
1036
1025
1024
1018
1010
1009
1001
995
983
981
979
976
971
969
966
957
956
954
947
947
946
946
944
944
941
935
930
927
926
926
923
921
919
911
911
910
908
904
904
903
903
899
894
891
884
879
877
874
870
863
863
858
853
852
851
847
845
844
840
834
833
832
832
830
827
815
810
809
808
806
801
799
790
786
784
782
782
776
774
772
764
761
759
758
755
754
752
750
740
738
737
737
732
728
728
724
722
721
721
720
714
705
696
692
679
677
675
669
669
663
659
656
654
647
641
632
631
631
620
618
615
615
612
606
604
602
602
596
595
588
588
587
584
583
580
578
576
569
567
563
557
551
549
543
540
535
532
525
524
522
508
506
506
505
504
502
502
499
494
494
493
487
475
468
464
457
453
433
432
430
426
425
424
422
420
419
418
414
413
412
408
398
398
398
380
377
375
369
366
365
365
361
360
357
348
345
343
338
330
327
327
325
325
314
311
304
301
297
296
295
290
289
288
284
283
283
282
280
280
269
268
262
260
256
256
254
250
248
244
243
239
239
237
237
234
229
229
228
226
226
223
222
218
214
210
208
198
195
178
177
175
173
172
168
164
162
159
158
158
154
152
151
150
141
140
140
137
137
134
133
132
131
131
130
115
114
105
101
99
97
88
87
87
84
83
75
73
72
70
68
67
61
60
55
53
49
49
48
46
41
39
38
31
30
29
29
28
28
27
24
23
22
18
16
15
10
9
7
7
6
4
0
