11
112
143
147
197
254
421
426
433
571
587
624
633
657
666
681
709
711
717
758
825
867
871
922
942
973
1034
1152
1181
1268
1402
1471
1531
1619
1636
1675
1732
1792
1844
1844
1904
1918
1945
1960
2147
2189
2213
2219
2235
2295
2300
2339
2435
2480
2480
2518
2587
2620
2760
2796
2805
2829
2834
2863
2872
3025
3065
3086
3139
3193
3210
3219
3229
3255
3293
3301
3441
3469
3486
3497
3538
3555
3587
3609
3708
3764
3764
3793
3816
3834
3853
3863
3890
3983
3993
4022
4047
4058
4068
4109
4119
4149
4175
4177
4264
4298
4302
4344
4379
4391
4430
4433
4475
4480
4491
4522
4526
4527
4574
4583
4601
4602
4603
4698
4719
4763
4770
4812
4816
4822
4926
4983
5046
5078
5097
5097
5103
5115
5118
5143
5176
5311
5311
5347
5399
5415
5419
5421
5468
5484
5492
5529
5539
5604
5617
5660
5681
5692
5700
5767
5776
5780
5787
5837
5854
5881
5882
5923
5960
5969
5983
6034
6045
6052
6085
6123
6155
6213
6339
6433
6523
6557
6734
6765
6787
6818
6821
6879
6882
6888
6908
6942
6950
6974
6976
6980
7008
7024
7047
7089
7146
7153
7190
7205
7225
7232
7240
7272
7312
7339
7367
7368
7370
7378
7420
7426
7473
7494
7514
7565
7591
7595
7602
7635
7641
7644
7666
7726
7734
7807
7813
7861
7881
7897
7949
7963
8076
8173
8298
8302
8346
8370
8387
8402
8409
8425
8441
8448
8554
8565
8588
8607
8628
8648
8743
8779
8827
8829
8898
9070
9079
9105
9106
9136
9209
9226
9282
9307
9309
9321
9361
9386
9438
9452
9498
9553
9618
9645
9649
9678
9679
9744
9823
9841
9867
9895
9896
9904
9947
9978
9980
10036
10079
10090
10137
10148
10166
10201
10204
10274
10274
10330
10381
10508
10530
10543
10637
10639
10648
10671
10673
10688
10691
10713
10716
10731
10753
10783
10804
10828
10901
10913
10949
10992
11040
11041
11172
11200
11207
11240
11291
11314
11413
11444
11492
11493
11506
11526
11546
11573
11589
11630
11636
11668
11696
11799
11806
11808
11910
11932
11998
12094
12135
12306
12332
12334
12338
12353
12436
12460
12475
12487
12562
12629
12667
12669
12759
12762
12765
12863
12883
12927
12942
12953
12968
12997
13084
13146
13153
13176
13189
13213
13242
13420
13427
13507
13510
13533
13556
13563
13573
13606
13626
13737
13793
13855
13866
13876
13925
13984
13988
13992
14060
14106
14125
14264
14276
14286
14291
14365
14437
14460
14554
14572
14577
14595
14595
14645
14652
14655
14685
14686
14725
14790
14792
14802
14846
14872
14873
14896
14921
14996
15025
15030
15104
15253
15258
15277
15298
15300
15310
15353
15359
15377
15423
15471
15486
15584
15624
15706
15745
15784
15835
15837
15838
15877
16182
16235
16241
16261
16289
16450
16478
16489
16520
16535
16565
16584
16645
16664
16672
16681
16722
16755
16759
16766
16776
16779
16779
16797
16826
16869
16889
16925
16939
16991
17046
17113
17124
17185
17204
17210
17214
17265
17287
17295
17301
17304
17324
17398
17421
17421
17444
17459
17462
17475
17478
17482
17489
17513
17515
17518
17563
17619
17660
17669
17698
17717
17753
17758
17805
17862
18063
18069
18108
18111
18118
18126
18156
18174
18250
18255
18260
18271
18340
18343
18369
18385
18437
18443
18499
18514
18591
18670
18723
18784
18795
18849
18860
18978
19051
19086
19093
19099
19119
19198
19199
19237
19250
19266
19288
19304
19421
19438
19549
19564
19587
19615
19636
19647
19649
19705
19710
19715
19819
19881
19916
19952
19959
20040
20053
20096
20122
20126
20131
20147
20173
20196
20202
20257
20292
20297
20352
20370
20380
20396
20398
20400
20404
20453
20486
20534
20546
20554
20590
20601
20609
20652
20699
20728
20774
20788
20827
20828
20887
20950
20979
20999
21067
21088
21133
21136
21197
21271
21290
21315
21348
21392
21403
21408
21486
21554
21564
21656
21676
21683
21708
21717
21733
21746
21775
21799
21849
21890
21903
21937
21980
21997
22001
22031
22039
22089
22121
22131
22151
22188
22204
22231
22265
22286
22291
22303
22309
22324
22341
22346
22348
22414
22426
22471
22478
22505
22516
22539
22738
22761
22824
22886
22890
22929
22965
22978
22978
23013
23039
23111
23134
23146
23299
23331
23337
23359
23370
23377
23379
23439
23442
23442
23453
23461
23482
23535
23601
23608
23632
23635
23683
23708
23711
23732
23875
23893
23911
23934
23935
23959
23970
23990
24118
24129
24167
24172
24197
24310
24327
24378
24395
24422
24423
24454
24493
24559
24599
24607
24620
24635
24661
24746
24766
24785
24789
24947
24955
24995
25008
25059
25163
25170
25212
25218
25231
25256
25287
25290
25291
25299
25309
25381
25403
25412
25428
25485
25575
25597
25627
25725
25738
25760
25782
25832
25856
25886
25933
25953
25955
26011
26043
26059
26085
26161
26208
26227
26273
26296
26302
26328
26343
26346
26408
26412
26465
26489
26498
26711
26763
26768
26819
26903
26909
26915
26960
26964
27001
27031
27057
27126
27154
27154
27202
27216
27238
27279
27294
27387
27406
27410
27418
27440
27472
27498
27542
27567
27600
27614
27638
27668
27759
27828
27834
27834
27843
27871
27876
27911
27927
27939
27942
28048
28073
28089
28120
28148
28178
28182
28193
28257
28299
28315
28317
28319
28364
28372
28409
28416
28479
28481
28491
28495
28523
28556
28567
28572
28576
28625
28721
28722
28723
28729
28750
28762
28778
28795
28798
28804
28817
28971
28988
29053
29090
29187
29188
29192
29208
29255
29315
29326
29333
29342
29431
29436
29542
29635
29644
29706
29714
29829
29832
29863
29880
29895
29977
29981
30000
30021
30109
30117
30157
30165
30168
30183
30196
30236
30259
30261
30282
30286
30331
30340
30392
30407
30420
30440
30444
30477
30554
30601
30613
30618
30623
30625
30637
30643
30663
30669
30678
30680
30719
30763
30776
30828
30858
30899
30935
30950
30951
30955
30966
31006
31082
31106
31113
31189
31209
31246
31273
31321
31331
31339
31356
31365
31405
31415
31420
31449
31493
31512
31573
31597
31704
31738
31743
31746
31751
31781
31816
31885
31915
31937
31960
31992
32012
32105
32113
32195
32338
32356
32393
32416
32425
32467
32499
32554
32638
32643
32672
32710
32719
32727
32752
