32751
32750
32730
32721
32593
32528
32489
32460
32440
32432
32386
32384
32364
32272
32239
32185
32154
32111
32107
32106
32103
32047
32005
32002
31969
31961
31951
31896
31825
31819
31815
31779
31779
31776
31776
31773
31768
31765
31750
31746
31739
31658
31613
31610
31550
31519
31511
31510
31467
31428
31320
31293
31269
31264
31260
31247
31195
31193
31177
31164
31160
31152
31108
31080
31034
30992
30896
30827
30812
30729
30655
30626
30613
30583
30561
30537
30505
30496
30452
30397
30363
30337
30290
30281
30234
30193
30169
30088
30005
29889
29843
29818
29796
29778
29696
29695
29671
29601
29597
29595
29571
29544
29528
29436
29396
29379
29374
29309
29274
29216
29105
29097
29083
29074
29066
29004
28964
28902
28875
28806
28779
28778
28773
28611
28610
28565
28530
28530
28504
28498
28470
28434
28349
28303
28241
28195
28139
28076
28019
28008
28006
27933
27922
27905
27869
27856
27816
27803
27800
27796
27710
27695
27662
27636
27627
27610
27562
27526
27493
27472
27439
27416
27393
27376
27371
27339
27292
27282
27271
27259
27251
27249
27230
27217
27203
27178
27164
27156
27039
27039
27016
27001
26974
26952
26943
26912
26872
26869
26850
26842
26835
26786
26710
26707
26698
26686
26636
26613
26575
26566
26549
26497
26419
26393
26343
26337
26306
26249
26241
26195
26184
26179
26178
26173
26168
26036
25977
25958
25951
25913
25883
25882
25826
25810
25798
25783
25769
25732
25710
25660
25633
25522
25518
25511
25504
25499
25461
25443
25422
25377
25302
25226
25195
25181
25148
25119
25107
25062
25057
25017
24998
24988
24964
24961
24938
24935
24889
24887
24842
24809
24761
24731
24720
24668
24657
24626
24616
24601
24564
24550
24523
24499
24455
24409
24359
24357
24348
24318
24299
24282
24227
24210
24208
24186
24182
24089
24080
24071
24061
24043
24025
23989
23987
23986
23950
23839
23828
23796
23780
23758
23724
23672
23658
23653
23642
23636
23521
23515
23494
23356
23329
23322
23289
23277
23206
23204
23188
23091
23046
22908
22849
22846
22805
22779
22775
22747
22732
22721
22702
22683
22649
22640
22616
22603
22601
22595
22432
22428
22424
22369
22321
22317
22305
22270
22263
22219
22131
22119
22114
22027
22005
21984
21963
21872
21862
21828
21800
21757
21741
21728
21716
21710
21708
21569
21552
21484
21449
21360
21328
21321
21304
21299
21284
21265
21231
21204
21200
21193
21189
21180
21157
21045
21034
21031
20949
20894
20883
20868
20818
20794
20781
20753
20742
20723
20659
20646
20630
20372
20361
20294
20285
20236
20227
20168
20165
20160
20151
20123
20121
20081
20073
20060
20042
19992
19904
19883
19863
19861
19818
19804
19681
19678
19649
19633
19607
19605
19589
19585
19584
19553
19535
19513
19505
19382
19372
19343
19340
19277
19208
19184
19160
19153
19142
19127
19126
19122
19096
18959
18951
18930
18919
18907
18884
18871
18865
18854
18636
18622
18607
18586
18577
18567
18475
18468
18346
18236
18217
18215
18205
18156
18135
18108
18106
18071
18068
18021
18006
17977
17972
17958
17919
17911
17848
17835
17810
17807
17784
17774
17757
17756
17718
17692
17559
17484
17475
17464
17380
17363
17309
17225
17207
17182
17124
17121
17094
17058
17043
17039
17030
17029
16967
16960
16913
16910
16891
16879
16851
16752
16752
16743
16677
16676
16615
16598
16597
16581
16564
16559
16556
16528
16456
16423
16394
16369
16306
16247
16210
16101
16051
16009
15991
15977
15950
15932
15863
15852
15820
15805
15787
15787
15770
15749
15722
15693
15684
15656
15641
15632
15631
15630
15536
15535
15519
15503
15300
15275
15227
15219
15216
15183
15162
15145
15069
15040
15015
14995
14990
14975
14966
14921
14794
14783
14781
14777
14587
14573
14560
14549
14538
14520
14424
14421
14396
14382
14296
14197
14184
14007
13965
13911
13892
13827
13784
13776
13767
13647
13643
13641
13499
13396
13388
13344
13338
13320
13302
13298
13285
13278
13270
13249
13237
13124
12907
12900
12889
12801
12798
12792
12775
12699
12678
12668
12650
12637
12619
12612
12507
12505
12485
12473
12357
12323
12296
12263
12241
12144
12096
12063
12062
12052
12027
12018
12010
11985
11981
11940
11886
11851
11812
11738
11714
11708
11703
11691
11684
11579
11574
11538
11513
11487
11452
11448
11332
10995
10956
10943
10924
10900
10872
10866
10847
10828
10797
10792
10754
10702
10582
10524
10517
10434
10411
10403
10389
10312
10310
10276
10256
10249
10238
10205
10167
10140
10127
10121
10101
10000
9983
9911
9822
9808
9793
9756
9745
9715
9678
9664
9578
9529
9474
9416
9394
9339
9318
9285
9235
9223
9183
9177
9113
9056
9037
9017
8968
8958
8907
8670
8670
8607
8605
8592
8564
8561
8559
8451
8428
8415
8389
8358
8316
8271
8216
8101
8066
8046
8031
7986
7971
7952
7937
7855
7802
7766
7766
7758
7692
7669
7595
7517
7436
7434
7382
7366
7337
7332
7256
7233
7200
7178
7175
7136
7134
7124
6986
6954
6932
6893
6873
6851
6838
6817
6792
6790
6750
6749
6711
6669
6668
6664
6608
6573
6538
6534
6454
6448
6448
6423
6389
6372
6357
6343
6318
6300
6272
6247
6240
6228
6163
6072
5923
5921
5876
5839
5809
5769
5730
5723
5722
5717
5621
5612
5539
5403
5386
5368
5366
5350
5294
5285
5267
5193
5172
5165
5108
5097
5073
5024
5022
5018
5015
5012
4954
4952
4947
4897
4887
4840
4829
4822
4808
4804
4795
4744
4641
4636
4621
4592
4563
4510
4461
4381
4376
4345
4342
4334
4283
4254
4214
4202
4183
4170
4155
4100
3997
3964
3959
3919
3891
3882
3852
3844
3797
3789
3742
3736
3731
3648
3486
3464
3435
3394
3376
3363
3334
3318
3294
3262
3241
3239
3139
3126
3099
3089
3075
3063
3041
3013
2947
2945
2912
2846
2826
2797
2761
2752
2717
2714
2673
2603
2556
2494
2447
2401
2390
2292
2282
2240
2237
2201
2109
2106
2067
2062
2016
2007
1969
1967
1933
1912
1880
1827
1778
1761
1754
1747
1702
1641
1631
1622
1527
1481
1429
1414
1298
1210
1178
1153
1137
1107
1093
1035
1030
1012
944
933
927
925
901
882
748
722
663
617
605
598
562
514
436
427
426
390
385
385
341
277
218
171
151
117
30
