8403
8349
23258
10022
3884
4326
16510
13607
4567
16001
9282
11068
9995
8285
5188
29336
13850
5195
21016
10586
26209
18814
29080
26470
30954
22209
6254
29953
4321
30842
10850
20271
5821
12898
28260
5580
8746
20738
30809
16237
5816
1772
25510
12020
24390
8639
10877
1781
29740
4824
9706
22220
6187
18392
668
32122
30742
3802
13940
24132
6461
625
17103
17162
17052
14692
20372
2152
19656
13865
27388
28558
1173
21026
31268
12767
3208
8345
9812
12876
26880
1405
21261
26735
8995
31706
26836
24935
11913
18458
193
29302
32171
4605
15558
31068
28938
8794
22720
18033
3359
16531
16448
3204
8966
27609
13590
29302
22505
27685
21153
8854
14125
30449
31193
29627
15199
25530
29209
2084
31197
11319
19117
32272
23876
13398
18720
3612
6813
5627
28738
13151
19782
27768
27643
14662
26018
23498
28115
19249
22144
20377
17981
25034
11596
11758
18087
10793
248
31154
14402
17066
25512
8426
29585
27017
17184
29364
25779
31042
25582
30977
2161
20138
25430
12816
11783
29901
27650
26030
2483
12935
2406
4655
25598
21985
17909
11562
29133
22833
5
13304
8487
15856
8578
18411
26308
14681
9814
21071
22617
3783
7572
27682
8101
13260
4455
1426
4667
6672
445
2363
31246
15088
23987
30493
23230
16594
10175
13151
16293
27210
12447
1221
24224
750
5381
32498
7069
3577
27135
21599
14569
32418
17448
19479
16439
6714
1425
22328
28783
24584
7789
554
15421
4836
11390
15772
9556
16534
9539
15171
134
25324
30430
23122
28293
30365
19399
24504
5494
9185
23859
30236
26427
21708
66
12697
125
21870
23019
4921
27772
22956
26023
18483
22934
1245
15072
8420
2713
20260
15640
31631
4296
25744
8922
7893
6831
23028
32609
16370
25511
21383
15113
12477
4135
31036
9849
29022
721
21728
5262
8652
30264
30197
9990
3854
26483
30544
14833
22573
7523
17012
6616
26363
22723
11437
28842
14471
30964
18924
5482
12635
8582
4454
10907
31100
11398
12267
14183
7199
30090
9222
10129
26411
18813
32730
24096
18035
1835
27831
18121
5807
15500
19583
4633
11327
19664
5307
2151
2464
27438
16252
8060
426
30317
28147
16126
16783
303
6352
24481
32404
4864
27227
28942
17293
28194
7763
12943
6681
26134
906
27263
2978
4842
31548
10355
13843
27974
4659
32296
28760
7988
3997
23340
14999
5554
5545
30541
30256
7929
12259
30658
8565
8588
27477
15130
4905
14335
21593
30696
29114
15756
30271
6700
25150
5975
14500
2944
11055
18045
13965
20999
18151
3807
27462
12821
8666
16047
20733
16030
149
25279
19741
1120
18810
29572
1644
15312
11832
18157
227
11718
28941
21222
6993
14055
16827
3242
19118
5590
28235
28877
12096
28698
25477
5
24432
14797
14634
15548
1129
27658
17912
30038
9334
13844
30555
26434
14104
5446
26867
1730
24298
32703
30665
30587
25909
3529
19793
444
21331
19982
7711
4238
17860
12409
6249
1152
21778
13293
15937
26415
12389
17065
10127
19351
17892
26998
26576
26397
5330
21909
5008
12120
1381
17772
8616
2211
25190
22506
9272
20835
20618
26303
5475
22041
24466
22334
13261
31270
4388
3597
10966
8545
29031
29074
659
9819
7522
10013
5008
26989
21266
30421
31304
17542
26445
612
18017
28598
15705
14946
25000
8825
7243
16002
27343
32196
32289
5247
32744
2769
13471
25028
13472
23211
32746
5086
12348
4729
29413
9122
12117
28810
16719
24350
25939
5668
21401
26176
31147
8716
15496
17992
7384
26581
27791
24559
28954
20457
16106
1108
17137
11353
15482
29867
19800
3684
12388
12452
1474
26825
27240
16285
11222
2764
19201
24711
6377
16394
30017
19608
2879
8446
17003
30901
26882
24655
21326
414
14078
8415
23396
11991
16162
8340
430
14426
8887
17380
29517
15102
21597
20003
992
1957
13770
21132
30625
14632
21826
10769
21310
15620
1750
31202
19833
15041
21852
5823
15998
1574
1842
20734
10503
2078
12978
30044
14642
19048
7795
3715
21789
4610
26949
13151
6983
13395
13803
28193
27302
4891
22166
2063
20616
27419
13350
17938
30762
24963
27936
25086
30746
31776
26733
19615
6476
28738
22488
1159
29695
29806
26181
3482
32333
201
3506
21846
26773
10815
20719
4067
25481
1142
21789
23006
11286
13942
5864
10981
30967
11796
14212
25826
9751
7715
7529
3096
14763
13146
25805
29679
7948
11268
23525
27776
13141
15978
1756
15582
32704
31232
26512
30250
15809
3922
1295
27477
224
10924
28372
22964
8791
19852
14273
3653
19055
21193
9436
5059
13211
2431
3018
13675
849
4801
7436
25228
21676
28158
5627
16081
20675
24623
5764
27471
28871
8646
5796
21581
17886
32599
14242
4053
25283
22787
27920
6398
17178
11432
14719
29687
19604
5833
31493
1748
17863
30271
880
13080
24266
7837
30791
31750
10132
17764
13956
17832
4114
5611
13844
30876
19978
6157
10506
5794
17586
21904
21159
3045
18959
27224
21002
18700
26127
27472
23735
29184
26469
20499
9418
11644
27176
19294
26359
24918
11307
15927
23625
26511
19226
12761
2966
2076
18521
1126
14020
17265
28316
13387
24511
14803
30022
30322
8502
15195
32131
811
22296
19657
17700
17880
21201
11534
11069
23386
5957
10135
25216
2879
22665
16219
27992
10152
15204
32419
16325
32764
4232
30620
8954
21070
1936
16798
14008
26510
5561
32570
11368
18035
3168
14598
6139
10532
6975
6440
29314
8617
14951
21411
10892
6421
14333
18276
24131
5487
26036
9227
6982
29285
8718
8315
16452
30895
14674
3616
23644
68
23116
21763
10295
2368
6855
9359
29923
30608
18379
25888
11374
23907
32151
13905
16455
80
17245
1538
8532
1351
9920
3115
7634
28473
4878
14180
16625
23687
24637
22064
4139
12076
21927
2317
17000
2985
7301
18748
19667
23220
24109
4176
24954
14751
2571
27769
15272
1417
32609
3470
22018
27976
5822
5852
26212
13842
18239
16817
15225
7918
25481
7334
22556
3805
10882
29616
26738
31175
10194
11494
27844
10279
8220
9743
13853
19830
1276
24307
4263
6488
11457
31838
14278
12169
18919
28660
28657
12934
24155
20664
25173
19707
9838
12379
5672
26095
14229
31044
9165
27570
20198
8547
32172
24962
2898
15798
27343
7167
4003
17048
3901
22613
18484
31948
7703
6691
20596
3917
4468
31790
13337
467
1020
24519
2083
11301
2118
9980
6039
2594
6642
25985
8184
17549
1158
13404
22918
31387
23561
5204
18230
6206
25441
2839
2676
17711
31853
26414
13979
14526
32226
22177
24624
32345
2790
15465
25570
30430
18542
28826
8514
8864
3160
22349
9538
59
25160
31311
111
3096
579
4491
17646
11455
5388
9783
26680
6112
25153
15553
1173
31775
17461
12664
13914
31651
32140
13307
4322
17245
19609
3426
26445
19224
22648
7470
25851
2629
21482
14577
12742
11652
29171
23228
7683
6386
2101
19021
4664
17205
31499
11509
16026
13640
20325
10315
17997
15111
32358
915
25178
4218
26303
29675
14447
6113
30665
32571
24922
25732
29285
8666
23364
9783
23443
8961
25517
16815
31957
17392
29995
8584
3650
13794
25826
3090
26217
690
23490
2527
19435
21577
10116
10509
17622
18127
8034
10580
32707
12685
6297
23758
12976
4772
9887
18825
2971
2416
8996
22478
3811
3001
14795
6448
32606
16799
29605
29779
11321
13380
32369
16770
16531
15159
11158
9198
28889
21667
25308
11207
8671
21564
1262
3325
26051
5349
31120
30419
27266
6433
26016
22568
13911
17984
17614
7301
19927
9798
25371
11749
8142
23706
29203
18248
21207
14707
13769
25590
20669
6146
1431
22420
11157
29535
7314
23272
14487
24118
30160
6507
31937
18734
12377
2964
18218
17436
14062
10719
5415
9708
10108
17567
7199
18251
13918
3209
5422
15382
2390
6140
9852
14210
17993
28945
1628
1808
20926
30823
13348
20526
30997
10411
25295
31917
1159
1770
29011
487
27873
19350
3267
28332
12544
4186
22565
27633
1803
3741
13841
7223
25971
15064
4110
1468
8108
18584
14252
29540
4776
25426
15713
30822
7448
10218
22820
695
24417
11010
16587
10294
32608
6147
2085
6812
27614
13548
26327
28194
23506
22237
32759
7919
1369
4962
1898
328
18550
14977
24830
2166
18825
25986
5446
4214
14225
9857
14393
5731
14881
9396
7561
2980
17187
12669
30405
12245
16464
8751
14125
7542
26731
31392
22873
30038
8256
13427
25224
21693
13152
12066
16329
604
23705
5325
22732
32245
23096
16326
29829
24266
2558
27865
19334
11463
18658
18012
25625
8303
4748
5113
5152
30087
7310
6974
17582
15491
26976
31969
21345
22196
3874
6868
11653
2351
11792
21261
234
21117
21188
6931
7809
28420
16431
18503
27321
14392
23894
4344
30620
19073
17100
4644
9384
7659
9203
26127
24686
32144
4081
6022
26604
2501
18036
32240
8107
12551
7206
19993
25241
19363
10991
27582
25252
17961
18926
18392
30491
1678
2357
22441
29892
30756
11590
28808
27580
27194
26193
5227
26386
11666
16171
31545
2594
7303
14
25805
10163
31227
275
32714
11984
21250
10352
28961
2407
20304
4209
18531
18595
7267
4408
27847
15113
24431
10804
20219
18516
23054
1890
27563
12049
11684
7750
27346
32762
27027
7848
26563
29460
20516
13071
11766
29319
32304
19711
30355
30529
24978
30961
29376
4937
10829
30230
11947
17891
8828
3532
6486
30057
6397
26333
15654
10980
19164
20602
29993
27501
30593
16634
11050
19270
2970
1106
27255
5815
3782
22099
21357
11434
16390
25767
15304
26374
3300
29833
1964
11467
20321
10311
1906
2546
32416
8313
26164
26882
15955
29951
29975
19058
30953
16828
24411
5570
28788
17172
4900
24664
29276
15910
27397
17947
6598
12489
25681
12241
19650
1352
28194
9017
24630
17886
7462
30952
3726
3056
20525
5092
11553
9996
4467
30466
19554
14245
16557
21503
11979
14732
20949
28769
17033
14894
11445
31755
2536
13968
31029
13731
7805
23819
25701
30884
15125
11975
10826
4418
30816
15608
28777
29185
10333
32219
15637
10003
31877
30063
6007
9078
25271
11764
7266
17354
17638
15397
5076
8947
6020
19252
21323
7283
25261
27785
30926
6276
12820
10043
19126
32248
6062
842
18497
26065
11552
3235
14037
27808
16361
2513
14356
15774
5199
25218
13475
13196
27403
29121
10170
11082
13748
16365
5995
25657
9708
24700
17843
2642
844
28530
26179
17923
29712
27295
25867
28109
9346
25243
2443
13727
31015
16258
729
30703
14252
5488
10353
29854
21135
17595
31679
8585
17294
25075
13934
26862
8400
8602
29038
29061
22740
17316
12488
19546
16669
15021
24609
9324
25498
2812
3087
19464
14039
7484
25631
17378
11494
244
20898
6136
17675
23243
12092
11815
3114
31358
27946
25226
14321
21661
11862
3478
18629
23561
10780
20470
24174
30509
24282
16423
11137
3327
24890
21971
13201
26037
21567
12015
16405
23368
22032
2707
14359
5546
28039
5532
18082
20166
17529
25860
31721
23099
15044
14844
21815
27864
7705
27598
22426
24535
4750
4982
10575
27610
30691
21754
21996
6055
22416
25229
10576
22178
10131
5479
19786
4878
28154
14433
5644
8195
4402
24660
10574
20270
24846
28208
27714
9803
9367
5851
25659
28771
14486
3279
30235
9926
2786
10098
12417
28104
32362
9268
3248
8507
1025
23915
21054
11440
29676
4846
2433
11116
29741
8307
10425
3116
30605
15785
26621
13465
8556
9236
26599
24713
6729
13996
5886
14588
8463
1845
488
24273
25893
21853
31308
25931
30003
25495
16520
30792
20150
15802
7192
10811
23106
19800
3777
9710
24730
22495
3713
16378
17522
17010
29238
9217
3326
14213
32016
6578
3394
2618
13496
7546
13337
29567
28221
18698
20738
1252
15811
18318
22958
27965
13546
20903
31818
27388
7167
27948
2700
2123
4581
27813
2431
31980
16066
27267
29199
20945
1385
15393
28244
8826
24458
6267
8095
6162
20635
28336
14661
31305
7045
10297
31790
29168
9999
21223
24348
22870
15627
28318
28603
13924
4162
23252
14445
14970
13601
8135
14036
25608
31008
3969
12060
7661
17654
31372
26637
30863
30078
29813
7124
22719
22375
25603
10636
14410
12703
23349
21391
21598
2685
29436
5760
26019
5040
9917
25876
15893
26859
27525
21667
26787
3406
32522
1650
9865
21395
10853
22973
26222
7421
29841
12935
4413
6913
163
24866
18627
32689
5063
30334
29709
18668
32510
4401
13695
4679
26777
28490
9908
6586
12661
20693
30233
25354
29172
30510
16969
9722
19134
19718
20262
29489
1340
823
28859
15338
16337
11847
18388
10334
8662
12478
11355
26865
21340
32296
24945
28190
13473
745
28496
13092
4430
15555
16099
1902
19318
20520
21282
707
14927
9793
15407
4146
14510
24506
8242
15291
8004
10324
30197
11965
9883
14120
19774
1828
27854
1980
16624
30030
6923
6087
28384
19650
26314
13764
4472
29584
27338
11321
5902
23685
5072
21956
21250
30743
7455
26090
9370
18443
22710
29343
12189
488
16204
2709
689
27676
1036
25669
18292
25071
10256
29118
22621
10795
18847
25904
22609
3208
11047
29239
10245
20954
11769
22505
21782
6905
15558
32670
24297
14964
25053
15490
27972
31988
1314
30684
21673
3186
3534
22043
1142
23064
25576
8357
15038
15096
3463
96
6629
9071
25540
21756
31742
11607
7041
13575
8164
21744
7645
25262
3098
6284
27763
16724
17251
26364
3413
6101
10016
2237
15051
11159
9070
28643
21195
85
252
6849
16952
18602
30892
30045
26587
21343
25841
26007
11042
374
11491
28179
17051
4339
17698
5099
26158
18541
25201
29462
26909
20312
14862
11671
30653
16143
27603
8549
29937
14500
29197
4382
13163
2920
13087
11114
1698
14393
4311
7472
26515
23950
4491
6779
10551
22595
32508
2603
30919
9509
5863
16476
9650
20285
10602
29590
27994
30429
16669
22713
18066
15724
12524
4518
26841
8689
9142
23214
2899
6752
2471
8891
6027
30119
32597
31296
19434
21112
2717
1250
2550
14037
18748
23011
19532
5213
27948
32595
92
17752
8900
27637
16358
20100
15503
15346
9784
29085
16616
1088
15652
23726
13658
28880
15811
538
17337
6522
8429
25961
5375
14761
15220
26835
32232
14022
25123
26510
22861
8549
20857
10456
11330
7474
21797
30660
28654
23449
27457
27588
7469
5432
24399
11770
21991
11782
6388
18238
18478
28736
6774
17134
10010
2583
27383
12921
21860
14875
26735
23978
7621
22117
15722
11190
5388
6791
30343
4356
514
26677
29612
3518
26365
26288
12554
2332
2374
11510
9172
5483
4652
25259
9918
26847
9701
965
12856
5918
3112
13050
23655
22409
18058
18155
23784
25672
12444
32269
4164
15900
1474
1372
14129
24804
26834
15806
28046
13548
18800
27703
5404
18681
17196
16594
12286
8469
21080
24651
26351
9754
31402
23677
14149
513
15255
18318
1193
29928
28266
19932
2707
28389
27174
678
27016
31373
2337
19323
19475
17474
27741
5731
24453
19008
6309
18126
7276
359
18796
1344
6868
31430
5477
23994
28224
21995
16609
22760
17766
3053
23020
31756
18862
24374
31271
23469
31337
31761
19044
11518
32721
5623
9219
528
12741
3481
27663
7351
20033
27565
1048
1086
7070
15480
27854
18890
29327
6176
30306
10126
27607
25519
6813
26292
11723
5863
23741
14343
5516
4808
19218
27488
14336
21730
32349
12759
30357
4955
13027
22181
9141
3519
22356
6875
29447
7818
11615
8132
12652
22903
22546
3099
180
17030
29683
22509
4900
27088
5342
27468
8872
30730
17828
31673
8152
30683
25952
21583
21677
26589
32409
29871
30464
24949
29722
12975
26310
24659
8080
19138
5133
30408
15848
2853
18613
31435
17766
1487
20975
30665
389
29974
17783
28976
4242
16161
24209
16826
7943
17425
11973
9082
31912
25326
7769
11431
26463
24915
30867
19755
10200
8666
32683
6379
23516
21829
17554
27349
2670
4721
15973
11435
23976
251
23984
20369
7762
687
5987
16727
19783
1973
9108
27271
30344
31098
27642
302
6685
26719
26149
15467
18096
26660
21887
13497
16871
18195
12547
31995
23172
3052
10431
16460
16447
26260
1802
28805
32095
32636
27014
20875
28186
20946
3540
27997
20914
31850
11802
15585
20811
13675
10550
4457
6286
19641
29375
2824
23552
26918
1728
10136
26912
27736
23859
13958
7234
10616
6463
15716
22574
23200
28721
6444
23416
257
1084
26709
3997
7127
12017
2456
11746
25102
30588
15231
21997
27313
12452
10418
29216
28695
31360
27905
1465
6604
9210
24368
16554
31040
10245
11142
30009
9522
17054
2836
19288
8154
22916
9158
19906
29657
13494
23851
11482
13281
17073
13828
21315
18724
25702
26254
10302
15486
31997
23439
7111
26209
16716
22051
22639
12676
790
15428
14072
23627
29699
26138
20402
25845
7267
29704
17816
3207
419
31090
10025
7292
14475
2128
264
23337
24381
26996
32339
23282
15086
3483
12995
4143
30049
821
27272
23004
13864
31988
7138
26883
5018
13591
22143
13033
6035
14707
19607
23035
21486
27718
20937
14710
17091
17851
27572
32729
28257
8765
20566
1036
7434
10620
28196
16717
31857
6720
23021
9695
2292
1776
15983
8305
11417
20193
10678
6223
20938
24672
21560
15434
26065
3966
15794
21608
1810
3486
15296
588
23306
19903
22079
7268
18443
24970
3427
4053
3764
6939
26007
29990
32562
32655
21784
17326
17978
22098
28496
20414
3522
24869
27123
32655
28034
2290
22491
25322
26414
2895
13732
6554
27248
29908
9223
13457
7335
29725
27639
32220
24674
20894
10365
21320
22682
6185
12884
32722
25523
14912
10564
16336
18993
16412
14143
23520
7482
19066
26941
1684
208
30248
14807
26842
24011
27731
10661
2348
14231
11149
345
31101
8627
21921
6552
30687
4325
3607
17564
28148
1085
13702
13706
31515
16848
3484
404
30038
9010
4590
5838
3325
11696
4480
17617
32548
29266
21780
13074
717
29076
24115
24832
23758
32478
2812
3039
18049
24521
10927
5735
4909
8976
20217
19995
16439
27480
26109
10859
23560
10656
26919
24969
28605
902
11439
28427
22418
24895
7151
26693
13836
24404
28262
14948
28136
8221
8584
11851
20166
14590
17227
20013
24725
14181
22898
2287
31166
31103
29080
12091
3088
22205
9723
9828
21614
21514
8974
27900
22842
24520
31165
19767
25472
20880
19070
22782
24291
10662
5404
3027
19528
19518
14658
11879
13124
13426
29642
22525
15942
23294
25795
10620
28036
19649
27204
7767
3238
11508
23539
3869
22325
7975
29524
16863
30658
21760
27859
9285
19926
15283
11664
2927
9885
1344
31212
5517
21585
2416
2263
2365
20583
14989
32728
20135
21628
10724
9177
24154
5630
22523
19128
16869
4250
19602
22926
565
2921
12892
23485
8114
17626
29306
32444
28696
29021
3004
32418
32278
30933
8599
20339
18088
7867
32484
3886
28724
273
2142
3218
22374
6670
23257
28340
3533
12419
4419
18754
9778
25359
28252
10645
27324
14854
26165
26744
22725
27682
17258
19642
32378
16871
25630
19062
5685
17368
19131
27421
31642
8027
32359
10824
22131
28269
30533
21311
5964
19973
4720
11080
8654
28489
18872
29873
16604
3956
11034
5789
16495
642
19457
30094
18738
15520
13375
18614
23004
1623
31946
30717
31313
18290
7734
20178
1144
5300
10998
4018
7898
27707
29010
13433
17664
19634
16680
26475
31113
4922
20834
257
32269
19478
315
5749
11445
25112
28977
25868
20374
22735
12233
9767
4562
32109
30213
6151
26221
14970
12198
18275
240
31291
19234
26028
15296
17376
3427
14362
2107
32624
25926
27518
17560
3189
31438
22727
4987
5991
30252
1617
4443
23001
14959
29169
916
12645
4107
28609
23883
14681
31499
10668
13829
21278
14614
3000
3591
18796
8995
10519
31851
31280
28412
26091
8967
13112
3188
29148
1021
11684
6759
24412
5410
21517
12150
25525
11536
16242
29311
3032
9737
5863
16095
29156
21138
15868
20583
16247
8140
32238
13087
2232
401
5520
29373
19489
1106
23543
17891
8973
8371
25064
12572
28421
11491
15874
23957
4042
1981
28588
8091
28194
22944
1212
26840
26467
1806
28140
8781
26048
12551
11773
10766
12631
24355
20393
28865
17910
12146
20042
29396
14769
10260
23883
2433
36
1687
14930
20355
5768
10515
30250
5525
25720
27911
24690
8879
23937
8178
519
15360
12140
23985
21042
12458
2378
30876
4754
25920
18244
18271
32200
6912
3872
29848
13540
28368
10642
11317
6035
19450
9288
17035
29445
20135
2227
12599
13215
21021
13207
1461
1381
9912
6481
7618
3877
11177
747
19825
13412
18546
4066
19215
2570
541
2226
31928
27084
10303
20005
950
20573
21936
29024
8605
29268
16647
16554
21287
13276
6360
21755
15568
28445
26541
27721
17713
13678
15301
7314
31005
30519
3726
11176
5501
16039
10212
6079
21227
26907
30983
7351
20241
2889
11102
16938
12224
27696
24302
15925
23503
17088
21657
14599
26042
8777
22
15659
1014
16804
15796
24725
13077
2339
10190
29294
23966
4921
18445
14751
9642
3049
8289
4127
11326
6895
18365
26365
29292
17585
5781
32557
12328
28132
7960
25362
15595
28158
27949
27855
26122
23647
18991
25934
20179
1087
105
2060
13932
11094
23120
30635
16236
5965
22915
28470
5430
32231
24963
15409
2842
19439
21042
19816
4394
28384
19981
25204
6876
3415
10281
10253
21348
23097
13807
19731
15311
28324
151
23643
3807
22166
4709
26426
1706
15455
23462
19666
24561
24264
27497
10783
14145
15873
30718
16064
7115
11084
29488
21126
29700
10090
9793
26558
4092
15304
4522
17982
1407
14953
3215
11058
12782
4243
24580
10660
32219
6201
23042
1997
15974
5163
5159
9501
20569
17152
27185
13580
18694
13503
23609
23198
22748
20304
22703
28857
15308
11685
10777
2854
21342
17831
1163
31849
18065
227
28389
27713
17271
13297
975
19197
16013
8360
18037
11653
19419
28419
1795
24100
28112
18642
4831
11798
30171
1056
11433
21462
21193
2152
2036
25124
26849
23158
17601
9176
20417
31518
9919
26729
4599
1184
1093
3388
19039
13014
10507
20398
15167
16932
10412
13280
15139
20764
23772
3141
4986
12531
2921
28141
11501
20648
28659
7566
9603
12014
9578
16727
11382
32478
11084
25461
16338
27486
668
4449
10195
9551
7841
9200
19452
10361
9572
31768
15863
25398
15335
16515
5680
11489
23077
26582
32303
14078
25294
7102
1209
25894
31423
16575
6054
14265
23619
11964
16257
13634
8716
26181
30945
32424
17903
20131
18314
31258
20323
18597
24387
16568
28087
8745
32373
15106
31254
13929
22152
6145
7484
18187
7677
2871
5366
23014
10315
32072
21851
10134
8059
7013
460
26302
15234
29052
31149
32
4962
31521
29920
30558
25599
22330
27654
5261
26818
2669
18549
6783
8687
31819
6135
5581
9415
6969
16456
4262
20829
21282
28238
14171
2617
17118
15638
14758
18862
23649
20627
29885
12539
23460
24597
12827
27940
16467
27786
1801
3470
13883
7800
8431
10333
6258
1974
2652
26766
31555
17645
13526
25043
26848
15058
21347
17970
15559
27425
20948
22876
18928
7512
29908
15822
14267
22329
28340
30633
16796
24829
29940
16722
17796
20824
8849
3529
19726
23857
13073
21706
32110
26397
25167
1190
6682
2721
32006
13790
1590
7972
28192
31876
28864
28342
21692
29522
6016
7299
28417
23687
19629
30485
26022
29829
11103
12877
17469
21036
9913
17695
10818
28916
24530
26384
231
16589
28264
26993
16797
22454
2115
26713
6498
8479
13162
3939
29902
9983
28425
28205
16603
20661
32541
6283
27767
13216
18149
3727
30411
20861
24073
10298
5705
24707
19591
254
17528
31040
6497
7931
14975
17969
6152
20982
10867
4388
8326
1561
16736
19022
7791
1645
15897
25900
8837
27416
10432
10010
25390
12118
30484
17332
22422
11064
10621
25328
22948
27935
11481
27896
31390
12023
3332
14280
30363
25397
17449
29324
29356
5518
13004
27319
29129
7036
3219
1763
11389
20594
17879
4971
14161
23002
19950
15562
9210
11987
8758
21426
2370
24491
1506
14060
7606
22814
27268
32498
20757
8012
21854
18254
4211
15484
19816
12721
8496
24467
7713
32466
16029
26194
31510
22796
26215
20306
20531
11446
32715
20417
19149
10818
18808
2266
26475
19989
14915
6438
4184
2600
16525
1396
6377
28003
3188
13721
8590
25780
20668
232
12443
29170
9852
1648
3028
29813
32648
19704
7867
24433
21410
26299
31128
31255
29791
5348
13644
1386
13275
9928
18390
25569
18972
4325
5538
7874
9543
30622
19350
25913
4229
10676
19930
24890
23987
18052
18281
32285
32204
3075
9820
31986
13334
2169
4337
29353
20495
11264
8030
3043
6678
30140
26200
12950
24282
14551
7778
29027
17795
13635
29654
12471
23714
47
19380
10659
2521
30790
2350
10876
18506
16810
8175
2354
25024
1460
32559
24433
3744
29288
8568
27769
10382
13753
19765
14526
23518
28802
20991
22335
961
23873
20135
24742
7468
9873
19459
1060
31879
10606
14457
18955
12827
7975
4173
25640
18744
27426
16042
10214
20009
2130
882
3620
18137
21113
27077
21713
2626
10014
6995
7757
8857
6734
7266
10879
9786
15122
15518
1462
13141
9139
18596
18753
31318
20912
18509
18893
790
380
21947
20353
6339
2552
22820
13275
2191
29619
13665
328
7963
18403
12597
28806
4258
21283
10590
24506
14310
22506
22366
8016
22491
27855
14598
12438
19476
639
25799
21016
21489
19834
22200
30137
25734
3984
614
31894
11594
32031
13663
21658
15236
14857
5757
21473
26741
10872
19955
28110
32326
4945
8729
7659
16304
18041
5367
9347
15981
22218
20115
28929
11362
4051
24571
22023
5001
11603
11025
25422
8352
3700
31513
320
27795
24776
6660
10839
28842
32516
28282
24115
4466
32639
28329
10878
27757
11880
29648
25984
21625
28618
14986
30337
10497
17729
7131
18402
29669
29562
19196
16122
31274
876
9190
21937
11105
7000
22176
12767
7129
27521
31561
22114
30084
10923
23269
18945
2985
24150
30951
20484
32079
27320
10626
3727
4709
9851
16560
16066
16306
28219
9726
17042
32127
29629
22814
15462
23814
17649
13099
1137
2201
18086
28858
6098
6802
7951
20645
23917
30462
19449
21398
23687
5128
24778
26709
16676
23847
10297
4306
18976
7431
9679
19442
32015
6712
13089
20505
15318
21145
13514
25212
6150
387
9003
22308
32764
23733
25314
1473
8633
13314
10507
16180
8066
24508
26425
4058
29239
10719
31538
23193
5492
7677
7790
6317
22889
27629
20814
18992
30329
18739
15901
25451
16021
32046
20423
17119
2135
1028
30811
31761
12254
29773
25410
793
18796
4994
3901
1257
25024
17700
3104
30814
26676
16556
22608
13320
7831
14902
6654
5306
10952
27116
12320
208
9751
7731
22324
21571
18011
17560
23988
366
31955
5497
9303
29341
9918
20083
26126
30811
11192
10127
954
20600
9691
28459
20397
4572
28561
30890
5351
2318
13115
18907
22029
20868
22659
13098
40
14248
27521
16009
3363
12206
22929
8476
20995
27929
8175
7079
29924
26374
18455
30136
18103
21823
19934
32659
31933
29184
19280
18146
1474
3207
1608
27161
30490
14429
15314
13995
19805
9575
17729
32238
31970
27819
29455
19663
3580
24035
14711
29237
16631
6596
2772
54
30160
1291
31672
13308
21432
24652
3275
28789
27719
4218
13930
14270
22144
25653
4603
20301
32137
25047
15634
31456
7975
27196
21061
31273
13819
15445
5071
13622
19326
9580
9191
17314
28094
27188
26334
14974
17622
13464
27387
27901
1070
4672
29206
3041
13176
20451
30967
20393
2917
15696
22636
6519
25131
9786
23596
14019
25528
3014
27503
13250
4531
27350
8009
26772
18231
6931
25290
11568
15438
4797
30935
24592
17711
6962
967
11163
18744
16959
27325
13911
11690
5162
14536
10699
12326
27259
20923
15413
27883
23438
6349
10481
3277
5850
25841
17316
22260
14847
24308
4651
8794
27281
9560
6470
25346
16551
20978
18436
20217
20002
15685
11758
22286
20157
7069
26611
28496
19673
20459
28695
25420
18182
4196
15322
12803
8785
14552
21865
11693
30032
26322
23430
23344
30702
15221
5177
19807
9207
24337
32308
30707
21090
8840
3335
13898
24930
23139
31752
481
12075
20403
25600
5267
30084
25257
32662
29327
21009
15093
19068
6170
1886
8671
26459
18186
17067
25126
30847
12286
29306
18843
22338
29534
31193
10365
22074
13846
19567
27283
31266
17937
16201
9740
21897
2679
6754
15382
29500
15271
14068
26432
31604
7923
13953
21392
32704
16926
7840
7268
6576
29335
25992
19465
18503
27762
15198
14621
14366
32042
7230
23973
25176
5656
30475
1005
11849
2738
29943
25891
485
30341
11729
5554
27882
1776
21778
23392
23245
9382
11173
18726
30566
14561
17018
15571
12890
2663
22985
6751
3404
28222
26918
24848
8387
18478
7242
30287
985
5883
20635
16967
681
2143
24448
31299
20342
20681
16743
13508
6812
17112
21907
9061
15671
25238
23206
3695
25237
28789
25586
28220
23644
10250
22400
15948
3451
11915
16604
26153
6097
27913
1191
21499
14496
21102
16602
9449
32688
14646
26074
30518
19779
27885
21569
16920
17084
2924
2918
20312
4622
15827
13490
12971
22501
1349
6050
23250
27799
5991
17051
6259
22473
1686
29809
14005
21217
12778
4790
415
1583
14575
14530
22062
27866
28446
11143
6200
2956
2845
15890
10755
26077
3515
29408
16804
24192
7337
26086
14361
28208
19705
19294
11814
23896
6488
3923
8944
27781
12
25067
22618
6028
1196
15480
8483
24443
4513
11069
29884
18240
30047
26624
25834
28443
30564
4436
20768
31429
16621
2723
29594
11870
5499
20733
9273
28183
5897
20644
27937
3236
4618
1875
19732
5215
3364
32594
17293
30524
6319
28475
668
20848
6636
2697
25221
10976
3589
20198
29462
25420
201
23089
18124
13624
13091
5457
21413
31646
11615
16316
1475
9813
14621
10181
24517
2367
32529
7082
17637
29238
17536
24409
18641
12724
1146
13062
8523
580
24792
13934
5503
31404
9972
13544
1831
30423
25643
9776
29025
9092
17940
28659
31051
6321
17021
13338
27748
11973
17193
14295
18594
31360
20812
12144
10835
7075
31938
31438
15284
19039
31507
7876
594
20350
14888
1824
9764
21331
25289
23924
3685
12130
1758
162
28723
11984
30562
26920
10986
27017
32294
1585
3645
9779
30539
24407
26136
28374
1661
1849
26681
17480
25583
10945
24456
7257
32027
18738
12603
5827
25911
24820
6059
5328
20854
7455
12019
8137
7427
20425
12109
18978
4286
17680
28973
30567
27316
15078
5915
14052
24929
2463
31057
7447
7845
18748
12056
18391
28294
32629
20963
31041
7595
8840
22056
30054
17300
31940
5634
3765
29850
15572
27016
3370
6058
16076
26859
23603
23489
23029
13393
11111
2343
16217
23925
28134
10859
13581
20219
25742
18722
14913
19860
7906
14942
24584
28374
7867
14064
25320
8664
2732
15198
20769
9616
6966
27555
18878
2286
11953
30377
8285
4276
12277
13703
29117
7964
15307
634
29964
31016
12566
933
5614
1479
6081
25992
9037
25260
2664
16706
7907
27374
3781
10887
31112
2912
2273
8543
18493
174
13559
25508
15860
23356
21542
23097
30245
25790
30687
7690
23569
17303
6153
20680
15060
30707
24564
17762
16942
3747
24068
13378
3086
9659
538
30540
28386
7917
5825
2455
10400
7076
8477
18153
11924
7904
21396
9973
11752
28884
32569
28755
2293
8257
12285
8003
23884
15760
24468
31778
24194
11186
27432
7592
4543
8888
14272
21223
13830
16433
12655
12547
25922
16711
4412
16562
14868
17048
5589
1906
1630
8662
6898
26765
26255
23837
15242
6606
15789
3095
27321
10241
26148
20178
12140
18220
9040
20060
28370
27278
8140
11044
29058
24667
1144
29968
3948
27957
29772
2397
11905
9066
30944
29243
34
29168
11191
9252
10570
10017
10319
13568
16762
25398
4841
26874
21608
13957
16408
12576
21094
26491
18700
30653
7060
7255
6299
22134
4549
25772
15636
4647
23858
24212
2756
30843
20449
29620
23365
31565
5075
27124
30090
9666
4080
17403
27306
18210
12211
11629
29551
28539
31125
28388
6814
6644
8251
9647
16388
8434
31326
15181
16453
22508
3454
22695
19812
26383
5958
20753
17425
17553
16830
16639
2486
26581
28211
23687
16192
4675
17126
10651
21678
18917
26487
8706
18778
25026
7183
31003
9482
11259
5968
337
30134
12711
22270
27997
24087
3182
20330
26943
244
15847
9634
18170
21803
8370
24666
15122
11906
20309
15257
25798
1835
7383
2851
7693
22041
31518
22441
20307
32261
27401
8883
17136
8511
21069
32073
13421
26165
21264
23909
6005
30916
327
24088
21149
21570
4560
22142
27091
8776
24399
29539
21672
14912
24776
16306
31806
3506
28161
18337
7438
3405
28053
17054
2146
21176
18648
28664
398
6934
16750
4686
13037
24155
1194
13752
30367
3922
6312
11447
28420
20586
32553
28637
10999
10564
10801
19516
20939
2301
7778
3215
4870
8507
24343
2346
21984
26105
64
19107
25721
15891
31232
11070
3806
12432
6664
8986
442
6835
11953
11036
19676
15040
18396
25247
21868
7055
10633
25560
12269
11474
19514
29450
7666
5157
1797
29807
11168
731
16252
21730
10471
7299
15165
20813
31359
14908
28503
18645
32420
5821
26979
1478
402
12067
11871
10560
32192
25721
11081
9631
9180
10761
4992
29612
26249
19557
18650
28293
1498
7476
10628
588
22158
4029
24477
6546
16649
4661
3730
30082
13335
12233
31287
23757
1888
18282
938
19801
2473
25435
6120
7337
14032
32123
27692
13066
20869
15442
9227
19843
23752
29918
15697
29306
12583
32027
23961
1318
10677
6997
23982
9144
9417
7725
11941
15433
21628
26989
29878
1154
6880
907
29663
16397
28160
28670
10807
447
32668
25157
13331
21378
9377
5552
21978
28931
14442
22005
18344
289
30649
1139
7845
31249
3956
9795
28708
7249
23327
18180
2683
12370
3869
15459
24485
29412
19110
5740
32152
23649
19847
18580
12391
11929
19869
22402
10776
30081
10255
6049
19523
26266
27214
18535
28527
19234
28366
6242
17452
24830
2433
24071
10736
24162
24
4410
6066
1094
18937
20893
29256
27529
21503
1432
27777
30945
17396
24109
19714
9098
30670
19321
13793
31402
15533
11785
18947
5510
31120
20706
19510
23143
18907
30798
5133
18506
17289
4456
29823
12106
25905
20071
28734
974
26554
15274
22489
14450
28637
6535
11664
19126
23391
1748
27387
28265
9740
18481
1113
979
8818
14364
17849
17573
611
11186
26059
21410
27432
22598
27267
6921
4485
1443
15219
9673
6513
6433
32229
24420
13714
17770
5819
26271
17018
27402
28168
24303
22948
30136
20586
27810
6188
16998
2605
18384
5458
23050
6177
4609
17581
3370
2615
23195
16431
15402
29662
32274
13788
22613
1568
19406
30025
27053
12155
7899
22743
9587
23936
21843
1709
24949
15405
21131
17783
28698
3851
30720
24800
12590
8
16640
22992
25454
18
27928
24165
723
5495
25921
17843
16287
13311
18377
2876
23080
31431
18178
1582
28519
29660
18094
22623
576
12699
25638
20745
19855
26059
21836
16197
10998
20087
18998
28744
6761
5261
15767
21857
13942
30775
24557
3502
8533
26365
2413
20385
14004
22423
24238
28214
3647
1939
5143
30194
6897
30379
31754
7578
29469
15332
19405
1720
3387
4198
17212
2511
32115
11295
9009
2649
32747
20502
7855
3717
23505
6799
13009
5810
27431
228
4469
28841
21329
2846
2727
669
14944
11606
8399
18916
1308
23246
13211
2419
27091
11982
28074
25628
25572
18240
24830
24198
21515
11531
32286
1264
22890
26159
21006
12453
12123
3493
14064
10558
7159
3316
25462
7578
15206
21395
1295
12446
13285
10242
20685
5549
7832
28327
14104
30950
12565
617
9749
12064
29612
31502
1748
27046
4216
32085
24892
27059
1831
28883
21174
28588
20872
14222
17308
25120
17625
17242
1888
26752
15310
9463
21372
30110
21857
28904
14621
32231
21597
5649
3471
21855
27560
536
28007
29025
851
12152
18034
2580
16995
31077
5216
22445
26973
20835
15408
26470
18835
12964
12891
17474
25905
28454
22464
28541
1030
12937
14674
25813
18708
22193
7811
9852
5334
26144
4719
3288
16468
26640
21449
22016
31975
21075
22406
12535
25804
15595
19019
16550
2155
13161
15511
21147
1125
16390
26032
17796
27744
3202
10575
23401
5778
13504
19467
29613
5134
10014
646
26818
25041
11926
18265
3503
7820
662
9152
1859
20783
30879
22277
32022
3130
13215
2222
24133
31170
27919
29029
13801
7237
13261
9899
19292
20527
15543
30013
2603
23081
8459
30274
28121
3620
9857
19257
27993
23336
27941
11429
8777
18397
7926
14197
10224
11222
32065
9525
28150
12705
26554
23287
31462
28047
14687
31487
23140
5443
5901
25906
13101
9213
3039
21052
16595
30628
3914
30082
11574
12949
20729
20942
1474
28206
26217
11444
18538
2585
13892
19655
17512
9304
15743
28286
19121
1557
2610
7139
27194
4391
2106
21249
13293
31332
31633
9995
17002
23721
17512
18508
382
28842
18697
7890
29028
30074
8559
25562
25022
5594
24738
26106
24657
22081
6101
25617
22403
22447
28478
10991
6294
31538
28855
25027
19874
12853
24601
12616
3924
1932
15700
12719
6761
11583
19534
19275
24808
6938
16001
30207
29474
2545
23123
871
31850
22451
15412
24521
20373
8246
3450
30138
16176
5820
19708
8336
15748
27720
1392
22923
74
20131
3461
3010
9262
19501
11711
15055
3078
10340
18454
26682
30671
27958
23886
25510
3947
17670
3093
29117
23837
27008
26078
30173
29632
13085
13696
2687
15562
5493
5005
13419
10757
5192
25715
7326
18183
32074
7253
31990
26230
29362
25767
11171
26365
4737
32651
29006
19469
18067
1263
5639
9812
2407
21859
20719
2046
11182
24251
1705
174
26261
3689
642
23867
18130
3479
5722
10027
15472
8967
19802
8176
23387
22187
7508
13284
6315
13059
17144
8454
4272
16442
13500
19826
8642
5376
22665
2466
26565
6438
26662
14951
25726
22011
12389
9893
24729
28776
5904
25809
20854
10445
5009
9260
20407
31898
1635
19900
27274
17838
6972
14607
25527
29551
8695
28847
8297
14766
2627
16996
23228
20792
28174
5932
24586
9787
22191
20219
26613
4191
10454
7218
20532
28832
25396
6881
18719
20717
7145
8125
16120
24962
26801
31456
3071
28678
7630
10819
16180
13412
4021
14331
1002
3945
17272
16438
30224
5922
14838
23285
28479
3315
16836
25991
6275
6519
31706
26569
19689
27163
32510
4383
6349
3193
17904
2353
25056
9078
21594
4198
1019
21018
15990
11297
28327
30770
32637
23230
3944
7335
19155
2891
5326
8605
17396
21766
22073
7755
18716
10907
27759
31389
15545
1306
18143
10379
31121
17082
18866
5943
23987
13647
16535
15305
6175
7309
12875
19467
9524
2042
24811
1731
9694
23733
761
9684
32124
31464
304
22035
25234
16142
17672
20714
20019
23270
25607
29615
30252
16946
13262
28866
15856
10040
4831
30313
19016
17142
29231
26475
9143
25891
27504
366
5038
2026
28699
3344
10356
25446
23871
29640
3027
15580
12
22395
6275
28090
22302
2014
23128
24147
7307
29070
25898
28760
25771
25328
11912
5398
23978
17098
22044
2929
31694
5278
2268
420
7817
26314
27382
5814
31294
1633
13432
30651
21203
5319
27843
5328
21243
23310
28846
10708
3136
30484
12153
5862
27603
15961
19064
17571
12308
29345
891
4125
10975
9293
9728
31386
23708
24186
22296
6417
13317
30934
30745
32612
32438
11078
2057
9054
22134
16186
12229
29548
5959
31435
25845
7452
10799
8601
20400
16214
12485
10087
24302
1117
23930
28787
14257
24451
1197
15254
27378
27311
12909
4640
7758
8080
20747
22897
4973
26782
11367
25176
14902
17877
24056
4651
14773
304
28056
427
7111
12008
13077
11669
1931
30058
17528
5383
13960
22809
32019
24985
4254
1992
26956
30007
6830
24565
9004
31168
9225
12230
27559
20064
24217
26565
3241
28333
19921
15708
20453
12164
14422
30991
5724
28066
2154
27771
23727
2561
18205
19474
14374
20472
7730
26772
6268
8466
3282
1100
23152
681
15091
16400
30477
26955
6022
23542
23476
24009
11619
18390
14062
22558
23285
16260
17907
27654
22693
28362
28409
9050
14855
22824
13374
8750
21959
331
19412
28841
16466
3149
26672
1703
17732
23730
32112
29968
2964
24862
3951
18678
20609
4824
21643
1137
25915
24575
14641
18746
23378
32142
4141
4362
3039
23825
31667
4016
25972
16932
23340
6900
11461
13232
18882
13359
7187
17637
31146
4007
3420
29175
30772
13740
6980
3224
9876
6515
25793
29752
29550
16821
24458
5631
8483
24327
25917
28806
9438
27640
26451
5977
27229
13037
30148
29229
2176
21947
1145
13281
12947
13065
7030
17719
29275
17764
24003
8015
30434
22559
4895
20967
1026
11760
8292
12628
20147
30028
6841
26687
21014
9854
24953
26913
26941
10121
27366
31612
14784
20931
12174
24799
15105
13614
24697
19863
26170
13717
21528
12597
23371
23915
21997
2756
1606
611
17657
17607
4534
6094
11498
21749
12723
19128
17921
7091
5030
17346
1989
16213
32476
10942
14953
32533
29134
18444
13054
14799
18475
24503
9817
9346
13737
8783
16066
27783
8592
20356
24673
16783
12035
26247
18537
862
32269
33
29441
3913
29039
11920
29687
26992
1324
32548
11812
15804
464
31134
5533
29847
6276
14659
26782
22382
13267
31683
2871
232
2362
16845
29108
5347
14194
23919
17869
31795
32124
2606
12946
8217
22128
27369
789
24965
1542
2414
32724
18444
25057
13273
14061
9383
25503
21425
6912
9265
20386
6849
9443
3486
31899
8630
25609
10236
2011
21629
10671
1068
601
18522
15052
9821
25218
22472
13494
19276
18116
8212
4244
17724
21720
15544
29063
11447
16851
23672
10647
24835
20204
3134
8544
5219
18187
21430
3705
24595
18710
32681
9383
7168
27386
13850
11718
30283
379
12322
13427
1660
6332
13708
11642
22662
27022
13872
19459
11135
22393
7440
27771
24604
17291
14644
16963
21230
16354
22597
13339
7774
28667
28396
4941
105
8633
27368
6553
24604
27445
2802
23012
11983
22856
22608
3999
8481
31449
7739
30968
31671
21735
31474
10179
28595
2901
26266
29991
17142
19065
19420
1033
16406
15715
3645
32312
10782
7405
6716
30813
12296
9095
23341
10400
7163
29119
13016
23579
14917
12179
20177
22272
13334
30327
30613
2953
23042
20516
13673
21410
6709
22055
26355
6489
7795
15909
9621
6657
19927
24303
5005
12329
11847
31305
28621
20544
25018
22394
2971
9221
15145
31379
32233
28848
10070
1152
12402
13282
25920
2000
8857
9037
19041
24132
32256
31523
3757
19225
22763
18240
23627
30229
16979
4886
7954
2899
29642
11356
20418
3023
17682
25718
14087
6833
15739
31907
25646
21338
24320
10473
21412
29743
1824
21952
307
27176
382
7297
25084
2327
10296
4748
564
31929
11783
24380
17055
15998
28187
17548
29132
7192
23988
1670
15637
6853
31616
23919
13653
17245
22711
24244
25448
8987
6136
2194
10340
3371
32226
23689
26008
26871
28531
13438
10313
6449
31264
16051
21799
18336
16824
19559
3985
8620
28665
24396
22669
20904
495
8621
8581
16609
3856
13660
20162
28266
26137
1373
26026
26277
7078
1619
25273
10130
26260
4526
29505
32215
26135
18322
3809
9875
11674
9094
11463
16867
12890
12257
4261
25136
30401
1013
27508
17471
3971
30968
19435
31734
24186
16822
6846
8687
8002
20729
7831
19902
8596
15027
17365
26883
19811
31730
9223
10030
19640
21889
2343
11797
30542
9565
26774
15159
23533
27358
4572
20942
903
24993
3356
15766
18963
24376
25944
30304
26925
24465
23146
12373
4202
27687
14014
9483
10109
18922
17616
24906
5643
6639
8297
9115
11598
22743
24473
6036
3947
26881
20339
31206
12436
4975
16523
28963
19933
11129
7984
10064
30175
16692
21354
28719
32527
3743
9394
2121
2012
2963
7540
14525
23690
21609
10821
27595
24273
20328
28900
32287
19252
15605
6898
22751
30755
7802
4209
8307
27344
8210
24062
1047
24017
28921
17102
31266
5498
14006
8810
29971
7672
1797
22058
23905
20270
5254
6771
23551
12879
31272
5040
16817
9536
20820
10001
5905
22443
32473
8966
8544
32226
25242
29562
26638
21882
22009
24016
1799
22436
9474
158
22979
13642
28248
4908
19212
30957
5600
8363
21902
27201
13871
15157
288
3973
15540
25224
26837
26788
7333
6786
5569
16398
17578
27996
14987
11603
17228
21926
7095
9604
17948
19462
12464
13641
24483
29872
18840
16578
16397
10405
17872
25887
19604
22187
10054
22526
16813
30735
3713
24711
19445
5405
27502
17993
17370
5468
28392
20947
30730
22410
2313
15122
12955
19802
51
8558
25855
5872
27868
27043
9894
23064
9757
7520
29296
20810
27386
10401
20185
20062
21615
4300
19683
11535
23615
397
2498
28977
1148
19315
8010
3250
27605
12359
12057
2386
23202
6448
29828
4642
5297
4744
2370
6334
31694
10620
18650
4682
20244
1894
32462
2093
4855
26346
19333
30864
28173
16082
27641
17045
1695
16042
20517
6744
11507
31003
11308
16550
24151
22536
28745
31360
27885
13930
21370
1102
22586
15340
23788
31971
8813
22085
6181
1076
11887
27737
24563
2520
29358
9999
27672
1855
3241
27632
3506
8626
316
25988
18028
28686
13737
13677
9831
24640
28010
11328
7398
30847
22713
8999
10172
28748
32731
21303
3445
23851
5936
18066
3655
28447
2044
16188
14263
30950
14835
12222
18187
16377
27014
8573
18035
20546
5872
9431
20726
20379
23039
9987
10525
3339
9891
18853
3682
18367
20024
6196
32087
27082
18835
14092
18071
12956
6094
26706
10349
3396
15828
651
22341
3685
12971
13563
8407
22010
17540
13759
5645
20681
17028
13738
26552
5544
30544
13791
25079
23155
16475
6963
12899
15560
19951
6976
25851
23177
22524
24392
17363
30223
21412
30928
1403
8750
30082
1017
30256
12781
3262
5021
1989
26626
721
17197
29775
8720
3097
2637
24467
31647
21788
11820
9009
9439
14492
27813
12685
26908
19039
15639
15233
8448
17083
17156
1219
3212
5859
20076
4888
20693
18932
1511
9270
5502
17087
5765
5754
32249
12884
1382
12366
31357
22355
32536
29272
11462
10738
16563
24675
23695
15565
30390
27918
14288
24177
11680
29750
23223
18343
12366
28709
23400
25216
28696
21879
21877
30245
21161
16848
12572
17243
418
26944
8771
24025
6126
28273
6964
20041
18659
4502
12056
18720
23838
25107
8245
1566
8475
24300
5607
1188
8599
12783
13920
18617
20901
29089
8223
23770
30354
5610
32561
9349
30074
2944
14891
19332
24231
4627
29410
24058
21165
20797
22257
21807
7494
20520
31720
9499
8686
15357
17236
5812
30269
10512
627
31479
17928
15052
27060
696
23864
24160
26608
18219
29541
1062
1387
20270
5434
984
29321
7516
18312
6001
18000
4818
16422
6372
10401
12991
20624
28288
25654
4782
24123
21022
7259
915
1209
24336
8812
16279
15761
4809
10002
10403
10716
11340
17212
25518
22943
5718
5343
23751
11500
18506
27502
32737
10935
18912
16408
12898
27001
17805
30149
22890
25991
21938
7374
30947
24879
30852
13950
14157
10903
22206
13389
21063
25430
18696
11990
20444
9679
18469
4253
30867
9298
13280
12419
26165
7665
7348
6149
13148
17698
31806
28984
6080
29721
2147
22661
32065
19170
3393
3620
22964
4930
31190
17241
22893
1612
2931
32625
9873
20418
17375
22652
22808
27441
5706
31687
23461
14026
30456
16928
20741
22530
14761
19401
18057
19945
27338
24632
16132
19787
3934
3477
25250
17033
30635
17392
24431
5428
4260
26693
18083
2415
24602
6962
29359
23297
6049
12146
16904
28221
27203
3105
12982
12946
4327
30382
10907
4848
10623
159
30852
4066
23797
5384
23025
24420
30675
25033
4517
11913
25012
6282
23276
24782
8046
17272
17839
26939
19452
10684
18232
6463
13358
32704
3014
329
271
24353
21712
16166
7450
17010
28697
22045
16412
183
4985
27852
19943
1180
10597
3265
29627
15224
23107
16344
12405
30726
24176
10071
13173
17629
25869
26826
15952
25269
7053
3231
30011
28248
8703
10882
18994
27241
30748
32631
28395
10456
12048
18872
31102
20513
27657
1620
10193
30791
1920
27780
28101
7060
21834
17100
14882
22285
24925
27094
7747
14007
11619
14606
17537
2445
15104
2300
24928
31036
28388
1893
2940
24996
6287
12577
9777
9231
10983
3515
19213
29231
29051
2250
24054
19674
20117
1298
14363
12932
19970
1370
5533
14720
6304
1803
12793
4598
5292
27277
16188
11171
16073
1377
9189
31571
1999
14846
11160
7200
17241
12653
5768
18536
29453
4771
13218
26255
31401
21410
29050
9594
2259
78
4598
25798
16541
4880
27836
25804
28634
15148
27741
31318
24099
11491
12862
16926
167
22344
3402
4106
7862
7139
12122
5674
13069
25607
19807
32621
5599
12275
5717
31270
15272
31659
11495
28227
5297
5524
4066
23367
22881
17106
7516
6668
20298
19810
7329
32315
21231
22518
31456
4999
12887
5012
9882
29356
9299
13037
13766
27179
26766
14206
17093
30402
23641
29800
11272
18349
4147
25360
8835
19103
10779
9590
13008
31615
8342
21078
13604
29667
6783
26369
20466
30285
32658
31480
31073
28968
1463
4429
9070
13696
18190
9146
32481
23941
11454
17278
241
7870
14974
27643
6070
1036
1759
25361
14675
19302
27744
17208
14815
25422
16176
2911
5144
17429
5057
20616
4295
8404
25105
27936
30961
11302
4535
18975
16066
27814
15024
7652
18746
23852
9959
15566
20116
21702
24710
22426
27003
29304
22783
17279
21740
2228
29913
10251
31465
17560
2107
11963
16867
3306
4153
4189
17637
21715
13538
7206
25216
24158
24582
5267
20090
10416
29895
32256
4661
1541
29670
15113
10209
5487
6347
4772
7265
7245
15185
31739
25598
31628
600
19466
19918
15520
13064
8445
16866
29249
10469
10055
13874
26854
17047
5250
1609
25346
20343
29705
6577
23809
18905
8535
1308
5377
27164
3102
4695
21073
24178
8743
23279
10410
13168
31468
24992
13103
14677
8439
22145
806
29210
5369
29170
15988
21566
26281
4673
10714
28238
32610
2079
6898
14134
31355
15813
3559
5962
10086
9445
23287
30228
4488
5971
18346
22747
10714
5744
28624
24056
28227
5466
16955
8408
10932
14805
3393
21200
12289
16376
22256
5284
7299
27799
32016
23765
4718
14964
22746
30382
30707
11813
25209
26125
7445
31939
4164
15346
25419
29015
28089
10185
17114
15621
9785
20855
18929
7670
32645
18470
29057
2311
32764
4561
25571
16947
15506
10126
4391
4032
2704
27295
11581
29740
4366
24119
29638
6871
30256
12812
19896
25453
9251
27040
13492
14361
25046
11344
28711
6763
15225
2585
2082
4869
30390
16685
2554
28681
3762
20538
31391
32323
29634
24949
4797
10517
2797
23145
8340
11558
10534
7297
11160
18890
1606
16982
13768
7471
25547
26041
14030
5965
25427
14976
11483
12171
18646
2577
24385
18738
9382
23472
11981
29330
8488
21896
4074
27382
28752
8826
2679
6985
5342
26793
23395
28037
858
7362
5134
11999
22224
15884
21343
26804
5452
18227
29861
23601
16404
24532
20527
3269
11176
6856
27050
1352
23418
19760
10301
17384
23917
19013
29798
30936
24847
4060
22418
951
1687
12220
31103
23488
8605
416
5970
20151
27548
27146
20599
17039
25128
16846
25916
26076
19694
10842
17197
31483
10096
23238
31533
10755
27262
12703
32089
1386
29043
6003
13980
11639
30517
32284
27666
15979
26346
2253
28702
30063
31866
10462
3402
14396
28873
15191
17121
27532
11697
29502
12110
17476
17858
7328
17459
32606
11193
1122
8265
11416
26049
4293
11002
30686
14444
22202
19904
7544
1391
14315
26427
29940
23072
21893
21525
16081
27057
25543
10646
8432
28458
10828
32262
32187
13096
15640
23238
4626
12631
14948
13357
1530
6576
6442
803
23556
10611
21615
23680
27519
6116
32595
8738
20829
4805
3545
10704
998
1686
24183
30162
29982
11919
20573
23372
28663
10329
29317
12894
7223
1936
6015
27645
21799
9466
23034
10640
16129
9604
24081
12874
18199
29952
23387
25162
31427
12449
15281
28532
24850
15666
23230
8205
17199
1305
12872
20249
3985
6671
32576
23156
17380
13981
11146
22194
2489
23381
2189
9400
29164
982
9850
17687
31449
12157
21597
1324
19774
14827
5349
25080
23534
16187
5107
15552
21051
2048
26853
15716
32033
14593
12703
32384
6962
17076
21086
24388
16197
19579
26172
5907
12766
6048
11393
26334
32092
5650
32432
1087
4325
12509
6990
6741
9746
31339
20849
31842
21849
18556
22796
26149
1342
29158
25596
26104
8249
11278
13265
19626
15718
17442
16477
16154
10223
12316
15103
17816
28985
13174
31405
29947
31185
5037
7362
3458
7445
6264
26253
11116
27554
21445
13205
25941
8321
28024
31918
29783
15633
28387
17341
16860
30642
18947
28746
30533
26934
6272
26826
27452
9480
20067
29866
2265
10266
23701
13083
3192
19088
32539
12960
12885
8238
13075
30041
13036
29570
4205
28173
10514
18385
874
16889
15827
3522
8662
23386
13834
30412
6149
6332
15811
4961
27023
9473
3409
10199
459
17456
17454
25627
20492
8451
5525
27156
27550
26414
8929
20184
31615
13937
8099
657
24029
14941
7046
19246
19284
29413
3556
15817
29156
31148
32548
25307
17331
20488
27610
28962
30088
473
15772
19277
26883
10509
30117
11373
32414
7662
25900
12060
2916
24626
3970
7019
28275
1217
4590
10125
563
13380
11592
5957
25939
1650
19800
26127
22408
17945
10732
26641
9732
27118
23995
3519
25528
19990
3836
13905
26954
31345
1478
15590
22741
425
19494
11381
8548
17661
13314
18040
15916
10446
24240
18519
11659
1510
8790
7061
23492
25483
26880
23740
32120
17992
25986
25865
5603
8054
14867
17112
9436
10637
27814
19662
14475
15661
17671
15304
24295
27370
28859
30599
13047
26074
2196
535
452
2784
21526
11780
17184
4279
26253
2876
25114
11454
29162
14019
4412
14469
27490
31001
9867
9243
24005
24427
15164
16661
1438
15228
2870
12895
4880
13905
20555
3266
11627
24991
5430
29753
5265
29685
15444
16883
31755
7081
13859
32552
31722
5252
9083
16540
13151
27693
24462
12020
31002
8534
11681
18364
13667
2472
1671
9012
16889
10863
16866
19165
27565
28677
5913
27848
29118
28672
12824
30617
7923
8731
22475
27486
22651
15333
22104
27410
16004
6955
15647
23279
15005
27430
6258
6007
6092
28773
11540
4417
111
10105
28531
22916
32211
8802
12965
27493
21910
20668
19236
15872
24765
7849
8522
27448
14484
5757
28555
30527
21833
28972
10356
1252
31303
16757
16487
671
3156
9674
22291
7262
11625
11526
31926
32269
14933
22990
3858
13032
1552
28866
27184
11648
28384
32108
26840
17550
10542
14822
28875
12411
23589
17736
1734
21931
27664
21720
9784
26509
3696
19441
22718
12388
992
26287
18786
2514
5033
25440
20376
21033
9509
22186
11764
27249
4820
5756
172
2361
4927
26550
6098
28190
21392
23191
14670
16925
8174
490
1693
12440
13722
28912
587
1321
6859
11276
28977
23082
6217
30769
4975
9217
12492
13579
28968
9516
12818
11760
14080
5904
15298
3461
24150
4993
22531
24624
7490
2832
476
20801
23117
21528
13642
3808
8179
7815
25891
180
19417
22637
29357
15704
30158
20294
765
27263
19076
6664
19985
29665
22027
6123
17325
17644
31249
4090
8694
28972
3035
15710
22991
30582
22018
21605
23799
3032
31214
19541
12767
5185
27924
31220
26956
17391
3567
18130
20913
411
3263
4444
1098
1127
9220
418
10232
21379
23737
24291
1503
5283
23121
12766
19393
21793
27251
16344
6169
14833
21620
10860
11255
16968
9368
16405
24223
2316
28425
18812
11999
12538
18067
24450
3636
26521
25381
5645
16796
10978
13320
1939
29753
15788
23004
3432
22442
30425
17495
12487
28201
22339
28605
8354
23140
4708
32287
14378
20765
30151
10323
25117
2176
23346
17078
25810
16711
4496
20900
25349
17808
26785
27060
7523
31097
19296
22452
16597
22913
5431
19560
19852
670
3557
2049
25297
8222
14379
16735
31626
23358
24378
17670
26507
10379
3804
2018
3490
3836
25188
10683
16993
17612
22103
9078
16297
15897
2263
7441
2299
2366
5331
10076
18558
5361
29680
21880
28880
15387
4918
29201
12173
13179
1659
19547
31904
13561
1680
22733
21068
1227
9773
8608
23033
11337
27036
17158
6591
1681
11560
28459
28340
31450
1605
13805
24565
153
2940
3162
5751
18774
12061
20461
1419
11339
6307
16776
4147
12225
10469
13361
14119
19499
5378
27532
7077
17663
17418
26140
25340
13144
23404
3898
18135
7757
9764
5329
24138
15631
17057
23775
27550
16068
17271
22187
15068
13351
11977
9158
23836
30428
2164
21700
19595
10900
21244
13752
17725
13285
13111
26224
24248
16614
8891
14965
12860
16269
23816
7361
6611
24010
29558
29502
21533
28511
13277
15875
6361
21894
19974
28238
27187
17473
25557
12607
11984
383
28722
10842
24730
31219
12476
22970
23627
18356
32301
10774
7611
1685
16267
25205
29930
4674
25620
30641
32717
2591
4071
31149
29913
14048
26482
6230
2640
11752
9631
31834
1614
20067
26813
28587
17298
29730
25136
4530
14093
31801
21721
4948
16941
30554
3651
13990
24038
9712
18066
3695
27269
6651
4908
14689
12340
6830
22564
5399
23628
9674
25707
9422
1886
10936
9397
10211
4095
23401
6444
7184
22103
12014
31192
10086
9320
29142
13769
9738
20255
75
14602
22447
23581
1515
9541
26839
14402
24424
26934
21449
19197
31198
25297
21841
29270
19447
30770
28986
13240
17601
21320
17036
11648
19530
11329
4998
5446
12801
20149
31066
20206
9420
17810
28587
26733
4328
22986
12231
1627
32645
20413
16292
3389
21533
3944
29852
5008
920
9035
26088
26773
8481
14876
2782
15328
23750
5933
234
12702
20434
7582
13646
28585
13034
25154
28313
28493
23018
28754
29160
8152
4477
11476
16352
9700
14974
1225
9575
17251
16146
21017
7205
13423
15745
9023
14013
3279
1241
20916
5323
25160
16193
4893
6814
20394
26142
28979
26802
7318
23527
21622
20212
5648
18377
3473
14260
25544
3834
2444
18025
26152
2013
7348
9769
26909
17114
4170
17379
14245
1275
24302
28770
23581
20551
19401
9729
6472
5599
16509
28207
26654
28121
7630
8865
1627
28896
27405
1626
25026
3976
4168
29276
27701
882
1843
4651
9334
13860
11989
27654
24507
14757
11762
12517
8180
11995
4156
4145
731
13733
2616
2886
5567
17080
4081
1193
6673
30522
10848
1801
1707
22048
14230
32759
20964
29512
431
27237
20564
30806
22647
9440
13415
6990
6617
28557
31396
25334
21772
19941
20155
21737
29820
18480
13648
27003
6777
18626
1674
24912
7329
4344
1370
22715
18958
498
8076
13528
26688
13582
8847
18024
4809
8231
28931
15983
27067
16786
1287
20623
15057
4052
19265
7971
4448
10533
8874
19739
22779
32422
3359
20890
32489
30561
23719
26961
15944
18180
27013
16793
765
29789
7421
14675
3939
19349
23782
21375
20655
14380
9205
14239
3621
17080
21187
23497
24316
11869
1443
13455
4882
29195
31526
1679
31312
2426
22378
13784
14043
23015
20519
12035
1536
9868
3448
17934
11228
20704
19305
9975
28110
24723
2116
13341
18334
3912
19355
28246
18282
21520
21013
17103
15444
10922
10745
23207
9197
4733
3196
18507
608
337
32714
11919
4446
17873
3542
15761
29133
5569
7138
8526
19504
17407
11981
15873
3028
23099
10272
22079
8384
4726
18391
30420
29786
27708
32495
17499
31961
22944
24244
1695
7022
16380
12487
3509
12594
18533
1009
19669
5838
15344
14763
18173
25324
26536
24681
10564
11105
17482
26282
12030
11543
24007
29377
11157
1724
13943
27488
22050
29228
8733
31977
13006
10399
21662
10101
13804
23954
8321
8608
31954
31862
8485
7195
14459
5403
19654
12783
9693
8923
10798
4498
12299
6790
9786
10923
6155
27409
17684
27813
15989
23805
11050
25077
27344
31881
14832
13356
11436
31383
15451
25788
12927
12382
24345
18058
12864
12757
28816
1079
16325
6875
9373
16174
11485
806
22537
4973
20269
17650
4043
3092
18379
613
12288
21680
10396
5572
9899
13124
4974
22616
1580
5915
11988
27678
19329
18512
3269
29746
19520
1050
24307
26616
2128
4568
5356
27919
23403
7392
16371
25591
19028
24327
22684
4988
26583
26608
16938
7914
3461
3349
10153
13039
25644
20119
3786
5454
30744
15557
15489
841
21773
10862
18272
2763
26111
14311
29617
19033
5271
731
13654
17335
25703
1749
29537
11610
1511
31375
26995
28305
7479
13816
17109
12913
14483
27911
19288
15749
12949
19266
20973
29235
31790
15373
6403
12268
2658
27571
28836
31003
25543
19766
22094
3019
2491
12502
13970
22806
14696
14179
11374
1873
16505
11844
23147
27385
24985
8259
14711
8796
1200
10014
31104
16391
11997
18894
20436
12275
32305
29588
20283
17262
9521
20425
9682
4043
8714
5731
23718
3017
11666
5446
29972
6084
7683
592
32739
23709
14710
25123
2590
11626
13345
4017
31666
22494
22096
12425
17356
3959
1572
8675
28401
24426
12559
10860
730
20302
20747
31954
15381
9866
2461
22287
2396
31360
6285
19063
24756
29558
5730
30848
19013
29769
17055
20563
15612
4304
22464
6422
10467
32529
8947
21751
19259
28454
23447
18680
10335
30189
30325
13693
18264
30323
28865
2967
2879
13854
20175
11022
18006
1948
19093
30000
25317
14479
28132
16476
15830
11765
5222
30797
3856
23385
4438
30503
31635
187
29954
25412
11608
23360
11778
7611
3302
13466
566
3508
30900
32053
7041
21614
5698
23846
9286
13837
6390
26580
12199
17189
6839
24164
27000
3847
25163
11494
18949
32462
13169
3649
18824
32039
1213
734
20329
7908
14136
1559
22835
1088
11187
11870
5466
752
20975
9261
28079
25838
3438
7090
15775
18436
3095
15670
12335
27163
27277
10321
440
28225
16972
32207
8546
26236
32136
7265
28257
11856
3269
31747
3314
25106
23093
21553
3860
32491
5846
30921
27911
30635
15688
6591
2437
19027
26223
20867
15811
25185
19405
11826
10534
21465
5020
8574
16582
15128
17070
862
23203
19800
28677
4982
12457
26114
5682
9542
5990
7351
7790
25362
25733
12317
377
21395
16658
20841
6710
3682
25452
7345
1539
19232
27913
18927
11994
14182
26605
25300
23337
16240
8168
2387
24433
13704
21394
6888
19872
1076
30983
15532
15919
22303
4707
7194
3836
26312
19964
28831
13285
21228
28258
2531
29992
14260
13847
30426
14205
27038
21263
4489
10736
1069
1510
31641
30080
14161
227
22429
19066
32660
15025
19235
26514
13576
12503
5500
30406
7412
22012
18251
23539
27193
10205
26320
20788
22662
10506
3314
27902
20032
14947
18190
28156
12590
4182
18818
26795
23016
16342
16119
12981
20989
7962
16498
10255
18663
30235
16922
9681
27567
15050
199
22232
2912
21781
15438
11806
15917
9880
19087
10964
26465
21027
20283
16964
21003
32496
9318
2921
19045
5025
16336
2123
25096
9467
8435
10525
19154
5221
5068
25877
29843
6687
21610
1293
22906
14146
24375
31710
9538
19323
31241
26744
8988
19078
16872
7617
7771
19820
18845
19507
8674
31613
5375
10548
16973
1805
31997
12340
24290
14830
18538
22921
1334
19889
1420
25354
25503
2971
28771
1645
30301
28777
29113
14689
23431
20420
749
21354
31159
13186
640
13696
25973
29346
17756
