10
11
12
16
19
20
20
24
27
35
36
40
43
43
47
51
55
63
64
67
69
70
73
78
83
85
85
88
90
91
93
94
101
105
108
115
118
126
133
135
135
145
145
147
147
148
159
162
163
170
172
172
173
178
179
184
186
189
193
195
207
208
211
215
216
219
219
219
222
224
224
228
235
245
248
251
253
255
256
259
262
266
266
267
268
274
278
279
283
287
290
292
304
311
314
314
315
316
321
322
326
326
329
330
333
335
336
339
340
341
342
344
346
351
351
357
360
362
369
369
370
373
376
379
381
387
387
388
389
391
391
395
396
397
398
401
404
416
419
428
434
436
440
440
443
446
446
455
461
463
467
472
487
491
492
499
500
502
504
505
506
509
510
515
515
518
530
533
534
539
542
542
549
550
556
563
567
569
588
590
592
594
598
599
599
601
607
611
620
621
622
624
624
625
625
632
633
634
640
640
641
643
645
645
645
646
646
648
648
656
659
661
664
671
671
673
674
677
678
688
693
695
699
700
702
709
709
709
710
713
717
727
727
728
729
733
734
740
742
742
750
750
753
758
758
759
760
764
773
774
774
780
781
788
793
797
803
808
813
813
814
830
834
840
841
847
848
850
853
856
857
861
861
864
874
876
880
882
886
886
887
893
903
903
908
910
912
920
932
934
935
939
942
948
953
955
961
975
980
980
982
983
984
991
994
998
1000
1000
1002
1003
1008
1011
1014
1015
1025
1026
1029
1030
1035
1038
1039
1040
1041
1045
1051
1056
1057
1058
1061
1061
1062
1062
1064
1065
1066
1068
1074
1074
1075
1075
1078
1085
1091
1091
1092
1093
1109
1111
1113
1114
1117
1117
1120
1121
1122
1123
1127
1127
1128
1130
1133
1135
1136
1138
1139
1143
1145
1145
1147
1147
1158
1159
1160
1164
1166
1169
1175
1179
1182
1186
1187
1188
1191
1193
1194
1195
1198
1213
1216
1216
1222
1222
1233
1234
1236
1238
1265
1268
1272
1278
1283
1286
1289
1292
1295
1303
1312
1312
1314
1316
1318
1325
1326
1327
1327
1329
1337
1337
1340
1341
1345
1346
1348
1351
1352
1359
1364
1366
1367
1368
1373
1373
1374
1380
1381
1385
1387
1388
1389
1395
1397
1398
1402
1402
1406
1407
1409
1412
1412
1412
1414
1415
1416
1417
1418
1419
1420
1424
1426
1430
1431
1432
1435
1435
1438
1438
1441
1442
1445
1445
1448
1450
1452
1453
1453
1460
1460
1461
1466
1471
1484
1492
1494
1495
1500
1503
1507
1508
1510
1510
1512
1515
1516
1523
1526
1529
1534
1539
1539
1542
1542
1547
1550
1553
1554
1560
1563
1563
1566
1567
1570
1571
1571
1572
1573
1574
1575
1582
1583
1587
1587
1587
1589
1591
1594
1599
1606
1606
1619
1622
1624
1625
1629
1633
1635
1639
1642
1643
1643
1645
1645
1649
1654
1656
1659
1664
1664
1668
1675
1676
1681
1685
1687
1688
1693
1693
1693
1696
1701
1705
1709
1710
1714
1714
1717
1730
1730
1732
1732
1734
1737
1740
1740
1741
1744
1746
1747
1748
1751
1753
1754
1756
1759
1765
1766
1783
1785
1786
1787
1788
1790
1794
1800
1801
1803
1808
1809
1811
1812
1818
1820
1821
1824
1825
1825
1830
1830
1831
1831
1837
1841
1850
1851
1852
1855
1858
1861
1869
1872
1875
1876
1878
1888
1889
1896
1896
1904
1905
1910
1911
1912
1916
1917
1917
1918
1922
1923
1926
1933
1945
1945
1947
1948
1950
1958
1963
1964
1969
1970
1971
1975
1979
1981
1983
1992
1996
1997
1998
2000
2003
2009
2010
2013
2014
2014
2014
2017
2018
2025
2030
2031
2032
2033
2038
2040
2045
2048
2051
2052
2052
2057
2059
2059
2061
2061
2061
2065
2066
2067
2067
2073
2074
2076
2079
2080
2082
2087
2088
2090
2091
2092
2092
2094
2097
2101
2102
2102
2102
2107
2108
2119
2119
2125
2127
2127
2134
2135
2137
2137
2137
2141
2144
2147
2150
2159
2160
2175
2178
2180
2182
2182
2186
2187
2187
2192
2195
2197
2197
2209
2225
2229
2238
2239
2241
2242
2252
2254
2256
2256
2257
2257
2265
2267
2269
2274
2274
2279
2283
2286
2286
2292
2292
2294
2299
2299
2302
2312
2313
2313
2317
2328
2328
2333
2333
2333
2336
2345
2347
2349
2350
2354
2359
2366
2369
2381
2384
2390
2393
2395
2398
2402
2404
2408
2409
2412
2413
2418
2420
2426
2429
2430
2435
2439
2443
2446
2448
2455
2463
2466
2466
2469
2474
2479
2481
2485
2486
2491
2493
2496
2496
2497
2499
2501
2505
2507
2513
2520
2522
2535
2539
2540
2543
2543
2545
2548
2556
2577
2578
2582
2583
2586
2587
2591
2592
2603
2604
2606
2620
2623
2623
2625
2630
2631
2638
2644
2647
2649
2652
2652
2656
2658
2659
2660
2661
2661
2663
2663
2666
2666
2674
2678
2679
2680
2683
2683
2683
2688
2692
2699
2701
2702
2702
2712
2713
2715
2720
2727
2730
2732
2736
2736
2736
2738
2740
2741
2751
2754
2763
2764
2766
2766
2770
2771
2781
2784
2785
2792
2796
2799
2800
2800
2804
2804
2807
2809
2810
2814
2815
2824
2826
2827
2827
2827
2830
2837
2842
2848
2849
2854
2855
2858
2862
2865
2866
2868
2872
2875
2883
2888
2889
2889
2889
2891
2892
2892
2894
2902
2903
2906
2906
2907
2909
2916
2917
2917
2921
2921
2933
2952
2955
2960
2963
2969
2969
2987
2990
2992
2996
2996
3004
3011
3015
3022
3022
3024
3024
3025
3025
3025
3032
3034
3036
3037
3040
3040
3043
3048
3048
3056
3058
3058
3059
3063
3066
3069
3070
3079
3083
3087
3094
3105
3108
3108
3118
3126
3130
3131
3132
3136
3136
3140
3141
3145
3148
3149
3153
3154
3155
3160
3162
3163
3167
3174
3180
3181
3187
3188
3189
3193
3195
3204
3209
3209
3210
3216
3220
3223
3233
3234
3242
3244
3248
3249
3251
3254
3257
3257
3260
3261
3261
3261
3261
3270
3271
3271
3272
3272
3275
3277
3278
3278
3278
3283
3288
3289
3301
3311
3314
3316
3318
3320
3320
3321
3321
3324
3329
3340
3345
3347
3355
3359
3364
3370
3385
3387
3390
3391
3396
3397
3402
3405
3413
3413
3424
3426
3427
3428
3428
3432
3443
3444
3445
3450
3450
3453
3459
3460
3462
3468
3470
3472
3473
3475
3477
3479
3480
3485
3489
3492
3493
3494
3496
3496
3496
3500
3504
3514
3519
3526
3526
3526
3530
3535
3537
3542
3544
3547
3549
3557
3562
3570
3574
3581
3581
3582
3582
3582
3583
3585
3590
3593
3598
3601
3603
3604
3610
3610
3612
3613
3619
3620
3622
3625
3629
3632
3633
3634
3635
3636
3641
3648
3652
3653
3655
3662
3663
3673
3678
3681
3682
3694
3694
3695
3696
3701
3705
3719
3732
3737
3739
3747
3749
3750
3755
3762
3764
3766
3773
3775
3776
3776
3778
3783
3783
3792
3793
3794
3794
3797
3798
3798
3803
3815
3822
3822
3823
3824
3825
3830
3833
3835
3838
3839
3842
3848
3851
3852
3856
3859
3861
3862
3865
3866
3877
3889
3889
3894
3896
3901
3901
3901
3907
3912
3914
3915
3917
3919
3922
3931
3931
3931
3932
3933
3936
3937
3943
3944
3946
3947
3949
3956
3963
3965
3974
3976
3984
3991
3993
4000
4010
4012
4016
4019
4020
4020
4024
4027
4029
4035
4037
4039
4045
4046
4046
4055
4058
4058
4062
4063
4063
4065
4066
4067
4076
4085
4087
4089
4097
4099
4100
4102
4104
4111
4112
4120
4122
4126
4129
4131
4132
4134
4138
4139
4142
4143
4164
4165
4168
4172
4173
4174
4176
4180
4180
4182
4186
4187
4190
4191
4196
4197
4198
4199
4199
4201
4201
4201
4207
4211
4217
4222
4225
4230
4233
4234
4240
4242
4243
4249
4251
4253
4257
4258
4259
4260
4261
4266
4268
4272
4275
4278
4282
4285
4292
4294
4295
4297
4297
4303
4304
4304
4313
4316
4320
4326
4326
4352
4355
4356
4357
4357
4369
4369
4369
4370
4373
4376
4378
4381
4384
4385
4386
4387
4390
4402
4412
4418
4419
4423
4425
4425
4425
4427
4427
4435
4441
4444
4454
4456
4465
4466
4469
4477
4483
4483
4483
4484
4487
4491
4497
4499
4500
4505
4505
4508
4508
4512
4517
4520
4522
4527
4528
4531
4535
4545
4551
4562
4564
4569
4574
4578
4581
4582
4585
4588
4607
4608
4608
4612
4618
4618
4629
4640
4645
4645
4658
4658
4660
4662
4663
4663
4666
4670
4672
4680
4688
4689
4701
4704
4704
4707
4708
4709
4711
4711
4712
4715
4719
4719
4720
4725
4726
4730
4732
4736
4737
4741
4742
4742
4751
4763
4764
4766
4770
4779
4782
4784
4785
4787
4793
4794
4801
4805
4807
4812
4815
4819
4830
4835
4836
4843
4848
4854
4856
4857
4858
4858
4861
4865
4871
4871
4879
4884
4886
4886
4899
4903
4904
4907
4908
4908
4911
4915
4918
4923
4924
4924
4933
4937
4939
4941
4941
4943
4945
4955
4955
4956
4961
4970
4970
4971
4974
4978
4978
4980
4982
4983
4989
4994
4994
4997
4998
5000
5002
5007
5008
5010
5013
5013
5014
5019
5019
5020
5029
5030
5030
5032
5035
5040
5043
5046
5047
5048
5050
5051
5053
5058
5058
5058
5059
5064
5065
5066
5069
5075
5076
5077
5078
5078
5078
5083
5085
5090
5095
5098
5099
5114
5119
5129
5136
5147
5151
5160
5161
5162
5167
5172
5179
5182
5187
5193
5193
5195
5198
5203
5203
5212
5213
5221
5221
5221
5221
5224
5224
5227
5227
5234
5243
5245
5246
5249
5252
5261
5264
5267
5269
5273
5274
5278
5280
5280
5280
5286
5288
5289
5292
5297
5299
5305
5307
5309
5310
5310
5311
5316
5320
5322
5325
5328
5330
5332
5333
5341
5342
5342
5351
5352
5354
5364
5382
5387
5392
5397
5399
5405
5407
5410
5410
5418
5419
5419
5420
5420
5422
5427
5429
5430
5433
5440
5462
5466
5472
5473
5476
5481
5489
5494
5500
5509
5511
5514
5514
5517
5522
5522
5527
5528
5528
5529
5529
5531
5531
5533
5539
5549
5555
5556
5559
5561
5563
5568
5571
5572
5572
5575
5575
5584
5593
5605
5606
5610
5620
5622
5625
5626
5634
5635
5646
5647
5647
5650
5657
5661
5664
5667
5674
5677
5688
5688
5693
5694
5698
5702
5708
5709
5717
5720
5722
5722
5729
5730
5731
5735
5736
5737
5738
5756
5759
5768
5773
5776
5777
5782
5782
5789
5789
5793
5793
5797
5797
5798
5807
5811
5814
5822
5823
5823
5829
5831
5836
5847
5848
5849
5849
5852
5852
5864
5870
5886
5888
5893
5894
5895
5896
5898
5902
5903
5907
5908
5909
5911
5912
5913
5913
5914
5915
5916
5918
5918
5918
5922
5925
5929
5931
5935
5941
5942
5942
5947
5955
5956
5960
5961
5971
5976
5978
5982
5983
5984
5992
5993
5997
5999
6009
6010
6011
6021
6022
6022
6027
6028
6029
6035
6036
6042
6043
6043
6045
6054
6057
6063
6063
6071
6071
6073
6075
6077
6089
6089
6096
6100
6110
6110
6117
6123
6126
6126
6130
6132
6136
6137
6141
6146
6148
6151
6160
6166
6173
6174
6178
6182
6194
6198
6207
6212
6214
6215
6216
6218
6218
6218
6219
6221
6223
6227
6228
6230
6242
6243
6244
6247
6251
6252
6253
6255
6255
6260
6262
6273
6275
6282
6286
6289
6293
6294
6294
6300
6316
6319
6321
6323
6329
6333
6335
6337
6340
6342
6345
6347
6353
6358
6373
6375
6379
6386
6386
6387
6387
6392
6403
6409
6409
6410
6411
6412
6417
6417
6420
6423
6432
6433
6434
6434
6435
6440
6443
6444
6451
6456
6464
6464
6471
6474
6476
6477
6477
6479
6486
6487
6490
6496
6497
6498
6509
6509
6518
6522
6526
6527
6529
6532
6533
6534
6535
6540
6540
6541
6546
6546
6552
6554
6555
6559
6561
6564
6565
6568
6570
6570
6570
6572
6573
6575
6576
6585
6585
6588
6598
6601
6604
6605
6612
6616
6621
6624
6634
6640
6643
6643
6645
6651
6651
6661
6662
6662
6662
6665
6667
6671
6675
6677
6678
6685
6686
6690
6692
6693
6696
6697
6698
6698
6700
6701
6703
6712
6715
6719
6721
6727
6733
6736
6737
6740
6743
6744
6745
6747
6750
6750
6755
6761
6765
6766
6770
6772
6778
6780
6787
6788
6788
6790
6791
6791
6793
6797
6800
6801
6801
6802
6804
6808
6813
6815
6818
6824
6825
6829
6830
6831
6832
6835
6840
6845
6847
6851
6853
6853
6855
6857
6858
6859
6860
6863
6866
6867
6869
6870
6871
6872
6876
6891
6895
6896
6898
6901
6905
6906
6910
6910
6913
6924
6930
6931
6945
6947
6950
6954
6956
6957
6960
6965
6966
6981
6981
6985
6988
6990
6991
6997
7000
7007
7009
7012
7014
7016
7018
7020
7023
7039
7052
7061
7064
7081
7082
7088
7096
7104
7108
7112
7113
7115
7117
7119
7119
7121
7129
7131
7133
7147
7150
7152
7152
7157
7159
7163
7163
7167
7169
7170
7176
7180
7186
7189
7190
7191
7194
7199
7203
7208
7210
7218
7219
7223
7225
7226
7227
7228
7230
7231
7232
7241
7243
7246
7250
7252
7253
7254
7255
7259
7261
7265
7265
7266
7267
7268
7268
7269
7275
7276
7277
7277
7278
7283
7284
7286
7290
7290
7294
7300
7302
7307
7308
7310
7312
7313
7314
7314
7316
7318
7323
7323
7324
7324
7331
7331
7332
7335
7335
7335
7335
7351
7352
7357
7359
7370
7379
7380
7383
7383
7387
7395
7397
7399
7401
7409
7410
7412
7412
7413
7415
7420
7423
7430
7430
7431
7435
7437
7437
7438
7439
7439
7449
7450
7451
7453
7454
7454
7455
7457
7466
7467
7468
7483
7484
7489
7492
7498
7502
7502
7508
7508
7509
7510
7515
7516
7517
7519
7520
7521
7521
7524
7526
7528
7531
7536
7540
7543
7548
7553
7555
7560
7564
7573
7573
7574
7578
7580
7583
7586
7592
7594
7595
7598
7598
7600
7602
7605
7607
7611
7616
7616
7622
7626
7627
7628
7630
7632
7633
7635
7636
7640
7642
7654
7657
7664
7666
7667
7672
7679
7686
7691
7706
7708
7715
7721
7723
7724
7726
7729
7735
7741
7743
7747
7747
7762
7768
7776
7779
7783
7784
7787
7788
7788
7792
7796
7804
7811
7812
7820
7821
7822
7822
7825
7830
7831
7831
7833
7840
7850
7854
7855
7858
7863
7863
7865
7869
7869
7870
7870
7871
7878
7879
7880
7882
7883
7898
7901
7903
7905
7913
7918
7921
7921
7924
7926
7929
7932
7933
7934
7935
7938
7939
7942
7946
7953
7954
7954
7957
7964
7974
7975
7975
7982
7983
7985
7989
7995
8000
8001
8005
8009
8014
8014
8018
8027
8037
8039
8040
8043
8047
8048
8049
8056
8060
8060
8063
8064
8067
8071
8072
8077
8079
8084
8087
8088
8090
8093
8100
8103
8104
8105
8106
8109
8113
8116
8122
8131
8139
8139
8140
8140
8141
8142
8144
8146
8147
8148
8150
8152
8155
8158
8164
8164
8166
8175
8178
8181
8185
8188
8194
8195
8203
8207
8211
8212
8222
8228
8228
8229
8231
8236
8238
8239
8240
8244
8245
8251
8252
8253
8253
8255
8257
8263
8275
8276
8277
8279
8280
8280
8283
8284
8289
8296
8300
8301
8302
8308
8308
8309
8309
8310
8311
8313
8313
8316
8319
8321
8322
8326
8331
8331
8333
8336
8338
8339
8344
8347
8348
8351
8352
8355
8356
8358
8363
8363
8365
8371
8373
8377
8380
8388
8393
8402
8405
8406
8415
8416
8419
8421
8423
8428
8430
8432
8434
8437
8438
8442
8444
8444
8451
8454
8455
8456
8461
8461
8462
8480
8482
8483
8484
8486
8489
8489
8493
8496
8499
8500
8500
8518
8522
8526
8527
8528
8534
8536
8543
8543
8544
8549
8550
8556
8557
8559
8572
8581
8585
8586
8587
8589
8591
8592
8603
8608
8608
8610
8616
8617
8620
8621
8625
8636
8636
8638
8653
8653
8656
8656
8657
8657
8660
8665
8666
8678
8680
8685
8686
8688
8697
8700
8709
8711
8711
8714
8722
8732
8732
8732
8733
8736
8736
8744
8749
8750
8754
8756
8757
8757
8760
8761
8763
8766
8769
8769
8774
8776
8778
8782
8783
8787
8791
8791
8794
8796
8798
8802
8805
8810
8810
8810
8810
8812
8815
8816
8823
8827
8831
8835
8838
8844
8849
8859
8864
8865
8867
8874
8884
8885
8887
8894
8894
8900
8901
8902
8905
8908
8913
8913
8916
8918
8922
8930
8931
8936
8936
8941
8947
8959
8959
8960
8966
8971
8972
8975
8975
8976
8978
8978
8982
8982
8986
8993
8994
9007
9007
9013
9016
9017
9021
9024
9031
9032
9032
9040
9041
9042
9045
9048
9052
9053
9053
9058
9061
9064
9064
9071
9072
9074
9084
9089
9090
9090
9097
9108
9110
9117
9124
9127
9128
9129
9134
9135
9137
9140
9140
9144
9144
9146
9147
9147
9155
9157
9162
9164
9167
9167
9169
9171
9172
9184
9184
9191
9192
9197
9198
9211
9212
9216
9218
9222
9226
9227
9227
9229
9235
9249
9255
9255
9255
9258
9262
9264
9267
9267
9268
9269
9269
9270
9276
9278
9286
9287
9289
9294
9296
9297
9301
9302
9308
9309
9312
9323
9323
9323
9324
9326
9335
9337
9340
9345
9347
9352
9354
9355
9357
9365
9368
9375
9378
9386
9386
9388
9389
9392
9395
9398
9401
9402
9404
9407
9415
9416
9417
9419
9428
9434
9435
9439
9443
9447
9456
9458
9458
9458
9462
9465
9467
9467
9468
9471
9482
9487
9487
9490
9490
9494
9502
9504
9506
9506
9518
9519
9520
9521
9528
9528
9528
9531
9531
9532
9534
9534
9536
9536
9539
9547
9548
9548
9551
9552
9554
9555
9559
9559
9564
9564
9565
9568
9569
9569
9570
9570
9574
9575
9576
9576
9579
9588
9590
9593
9596
9598
9600
9608
9608
9610
9617
9619
9623
9630
9635
9638
9644
9648
9654
9654
9655
9658
9658
9659
9659
9666
9666
9667
9675
9675
9679
9691
9694
9696
9697
9699
9699
9699
9701
9703
9703
9705
9707
9709
9711
9713
9724
9726
9728
9731
9737
9738
9743
9746
9750
9750
9750
9751
9752
9755
9756
9764
9766
9767
9768
9770
9771
9775
9777
9780
9780
9780
9792
9794
9795
9798
9799
9801
9809
9809
9815
9817
9820
9820
9820
9821
9822
9823
9835
9836
9836
9841
9841
9843
9844
9846
9848
9856
9857
9859
9864
9867
9877
9878
9878
9880
9880
9883
9892
9896
9897
9901
9905
9905
9905
9910
9910
9914
9928
9930
9932
9933
9940
9941
9952
9954
9958
9958
9962
9962
9964
9966
9969
9978
9979
9979
9980
9983
9995
9995
9997
9997
9998
9998
10005
10007
10011
10016
10018
10021
10021
10021
10022
10029
10031
10033
10035
10037
10037
10040
10042
10042
10050
10051
10051
10055
10058
10063
10066
10074
10074
10076
10077
10077
10079
10085
10086
10100
10101
10101
10103
10105
10106
10109
10111
10112
10114
10115
10120
10124
10124
10124
10126
10139
10139
10144
10147
10147
10148
10148
10150
10151
10155
10156
10159
10163
10163
10166
10183
10184
10196
10197
10198
10199
10199
10201
10204
10204
10210
10216
10220
10222
10222
10230
10230
10231
10232
10238
10240
10243
10246
10247
10247
10249
10255
10256
10257
10263
10265
10271
10271
10279
10280
10283
10287
10291
10294
10297
10298
10300
10302
10305
10306
10306
10307
10335
10341
10344
10351
10352
10354
10357
10358
10359
10367
10368
10374
10377
10379
10381
10383
10383
10385
10385
10387
10391
10395
10406
10406
10417
10420
10422
10432
10443
10449
10450
10455
10456
10456
10459
10459
10461
10466
10472
10474
10475
10479
10480
10480
10485
10490
10491
10498
10500
10501
10502
10508
10510
10510
10515
10516
10517
10520
10522
10525
10531
10535
10538
10539
10540
10541
10544
10545
10546
10549
10553
10553
10562
10562
10567
10567
10568
10569
10572
10573
10581
10583
10586
10600
10612
10612
10612
10614
10617
10621
10622
10629
10633
10635
10636
10636
10638
10640
10642
10643
10646
10648
10648
10650
10653
10653
10655
10657
10657
10662
10663
10666
10672
10674
10684
10685
10686
10686
10689
10690
10696
10698
10700
10702
10703
10707
10709
10710
10711
10712
10721
10721
10726
10735
10736
10738
10749
10757
10764
10765
10768
10771
10775
10776
10785
10788
10789
10790
10791
10802
10807
10807
10810
10814
10822
10825
10827
10831
10831
10831
10837
10841
10843
10844
10847
10849
10853
10856
10857
10859
10862
10865
10867
10868
10868
10873
10875
10882
10889
10891
10893
10895
10899
10904
10907
10916
10916
10923
10929
10931
10935
10941
10944
10946
10951
10952
10957
10960
10961
10964
10965
10974
10974
10976
10978
10983
10985
10985
10989
10989
11003
11004
11004
11005
11006
11011
11024
11029
11034
11035
11035
11042
11051
11055
11059
11060
11061
11062
11063
11066
11067
11071
11072
11073
11073
11075
11082
11100
11103
11105
11112
11116
11117
11119
11123
11131
11137
11142
11154
11155
11157
11158
11158
11163
11165
11168
11170
11177
11183
11185
11186
11187
11194
11199
11199
11199
11205
11207
11207
11209
11212
11213
11213
11220
11228
11228
11232
11233
11234
11234
11237
11237
11240
11246
11271
11274
11283
11284
11284
11286
11296
11296
11299
11300
11301
11302
11302
11306
11306
11307
11308
11317
11318
11319
11319
11319
11323
11323
11331
11335
11344
11345
11347
11348
11353
11354
11356
11361
11365
11368
11372
11373
11377
11379
11389
11392
11393
11393
11395
11396
11397
11401
11407
11412
11419
11420
11421
11423
11425
11426
11426
11429
11432
11434
11436
11442
11446
11450
11453
11454
11456
11457
11465
11467
11467
11480
11481
11482
11485
11486
11488
11496
11507
11517
11518
11520
11525
11528
11532
11534
11535
11545
11553
11555
11559
11561
11567
11568
11571
11572
11575
11585
11588
11588
11590
11599
11600
11602
11603
11607
11607
11610
11613
11615
11615
11619
11622
11623
11628
11631
11633
11646
11650
11657
11658
11659
11663
11664
11667
11667
11668
11679
11693
11694
11700
11703
11704
11707
11709
11711
11712
11715
11721
11722
11723
11723
11724
11726
11727
11729
11733
11735
11736
11736
11738
11738
11742
11745
11746
11746
11747
11747
11753
11756
11756
11758
11761
11768
11770
11771
11775
11784
11787
11789
11795
11795
11799
11805
11807
11807
11810
11812
11814
11824
11824
11831
11832
11834
11837
11837
11848
11848
11854
11854
11865
11867
11867
11869
11870
11870
11877
11880
11883
11885
11889
11890
11893
11894
11894
11894
11897
11898
11901
11905
11905
11911
11911
11915
11919
11923
11925
11926
11927
11929
11931
11936
11937
11947
11947
11949
11951
11952
11954
11955
11956
11957
11960
11961
11970
11970
11972
11985
11987
11988
11997
11999
12000
12003
12005
12006
12009
12012
12024
12041
12042
12045
12059
12062
12063
12066
12066
12066
12068
12068
12068
12068
12071
12072
12072
12074
12075
12079
12080
12082
12086
12091
12099
12101
12102
12108
12109
12114
12122
12125
12127
12130
12136
12137
12139
12140
12146
12147
12162
12166
12167
12169
12173
12174
12176
12179
12182
12182
12199
12200
12202
12205
12205
12205
12209
12211
12213
12215
12219
12220
12228
12233
12234
12235
12237
12241
12242
12242
12245
12247
12249
12250
12266
12266
12271
12271
12272
12274
12274
12288
12292
12292
12293
12299
12303
12304
12304
12304
12309
12315
12316
12316
12320
12320
12326
12345
12347
12348
12348
12350
12358
12358
12359
12360
12361
12365
12372
12380
12382
12384
12385
12385
12386
12387
12388
12392
12392
12394
12396
12396
12396
12397
12402
12404
12413
12415
12415
12418
12430
12445
12449
12462
12466
12469
12470
12478
12483
12484
12485
12486
12490
12490
12493
12494
12496
12497
12501
12507
12508
12510
12511
12522
12522
12526
12533
12539
12540
12542
12547
12548
12549
12550
12553
12555
12564
12571
12575
12575
12576
12576
12582
12589
12594
12596
12597
12606
12607
12609
12610
12618
12624
12627
12630
12634
12635
12636
12637
12644
12646
12649
12661
12666
12667
12675
12681
12684
12685
12687
12689
12690
12690
12693
12696
12698
12700
12703
12705
12705
12709
12714
12716
12716
12718
12723
12724
12728
12730
12732
12737
12739
12740
12741
12741
12746
12748
12748
12751
12751
12754
12755
12760
12761
12766
12778
12779
12780
12784
12788
12788
12795
12797
12801
12808
12810
12817
12818
12820
12822
12822
12824
12827
12828
12829
12837
12838
12840
12841
12842
12844
12846
12847
12852
12852
12854
12859
12864
12871
12873
12877
12886
12897
12899
12902
12908
12908
12916
12917
12918
12925
12927
12933
12933
12935
12936
12938
12943
12948
12952
12954
12956
12957
12964
12967
12972
12972
12974
12975
12980
12983
12985
12987
12994
12999
13000
13001
13005
13014
13017
13028
13034
13039
13043
13043
13047
13048
13049
13049
13051
13052
13061
13066
13069
13069
13073
13079
13082
13087
13091
13093
13094
13096
13097
13099
13105
13106
13106
13118
13119
13122
13124
13129
13139
13141
13142
13155
13161
13162
13163
13165
13167
13167
13170
13170
13173
13175
13177
13189
13190
13197
13199
13203
13216
13221
13225
13226
13226
13227
13235
13237
13240
13241
13242
13248
13253
13254
13266
13267
13273
13276
13279
13280
13280
13285
13285
13303
13308
13309
13312
13312
13316
13316
13318
13327
13327
13336
13337
13340
13349
13349
13351
13355
13355
13356
13368
13369
13375
13378
13380
13380
13385
13389
13394
13395
13396
13396
13399
13403
13405
13405
13410
13411
13411
13420
13420
13423
13424
13429
13432
13437
13439
13441
13443
13445
13445
13447
13451
13452
13455
13457
13458
13459
13464
13465
13472
13474
13474
13478
13481
13484
13487
13488
13490
13491
13496
13498
13499
13500
13504
13524
13524
13535
13536
13542
13542
13543
13551
13553
13556
13561
13562
13566
13575
13575
13584
13594
13595
13601
13603
13606
13609
13619
13624
13624
13632
13633
13641
13645
13646
13646
13648
13656
13658
13659
13660
13663
13671
13673
13679
13682
13682
13685
13687
13692
13704
13705
13709
13713
13728
13736
13737
13740
13746
13748
13749
13750
13753
13757
13757
13761
13768
13769
13773
13782
13783
13795
13802
13805
13807
13811
13814
13814
13816
13817
13822
13824
13825
13826
13827
13827
13830
13830
13833
13835
13836
13838
13842
13842
13846
13846
13848
13848
13849
13851
13851
13855
13858
13864
13873
13877
13879
13881
13882
13884
13884
13885
13890
13891
13891
13894
13897
13899
13901
13901
13904
13909
13925
13929
13932
13935
13938
13940
13950
13953
13955
13955
13963
13969
13974
13977
13978
13978
13980
13984
13984
13985
13994
13995
13999
14001
14005
14006
14013
14014
14018
14038
14045
14048
14052
14052
14055
14057
14060
14063
14068
14075
14080
14087
14090
14093
14094
14095
14098
14099
14100
14100
14106
14107
14108
14110
14111
14122
14123
14123
14126
14131
14131
14132
14137
14144
14144
14149
14150
14152
14159
14165
14169
14177
14178
14184
14193
14195
14200
14201
14207
14209
14213
14215
14216
14216
14228
14231
14233
14233
14233
14244
14245
14245
14252
14257
14257
14258
14261
14268
14271
14272
14274
14274
14286
14288
14291
14294
14298
14299
14305
14306
14308
14310
14312
14316
14317
14319
14320
14322
14323
14326
14328
14334
14339
14340
14341
14344
14346
14350
14351
14362
14367
14367
14367
14371
14373
14382
14384
14388
14394
14400
14401
14401
14407
14416
14419
14421
14422
14424
14425
14428
14432
14434
14435
14436
14436
14437
14438
14446
14446
14446
14459
14461
14464
14476
14480
14484
14495
14498
14513
14517
14520
14522
14524
14525
14527
14532
14543
14545
14553
14555
14557
14561
14562
14565
14566
14567
14570
14581
14585
14589
14597
14598
14602
14605
14605
14606
14608
14612
14625
14631
14641
14646
14648
14652
14653
14661
14663
14667
14675
14677
14682
14687
14689
14692
14695
14702
14704
14719
14721
14721
14731
14732
14733
14734
14745
14746
14748
14757
14767
14773
14775
14776
14779
14781
14782
14788
14796
14796
14799
14803
14803
14804
14806
14815
14818
14823
14824
14827
14829
14835
14837
14838
14846
14847
14856
14856
14857
14858
14862
14864
14867
14871
14876
14876
14880
14881
14883
14883
14885
14888
14890
14894
14920
14921
14926
14931
14936
14941
14941
14943
14946
14947
14951
14953
14965
14967
14969
14970
14970
14983
14984
14986
14999
15000
15001
15002
15003
15008
15009
15010
15011
15016
15018
15019
15021
15023
15026
15030
15030
15037
15040
15046
15055
15062
15062
15063
15068
15069
15070
15078
15088
15093
15094
15106
15111
15116
15119
15127
15139
15145
15148
15152
15158
15168
15169
15170
15173
15176
15176
15178
15182
15185
15189
15189
15191
15191
15195
15196
15198
15198
15200
15205
15207
15208
15211
15212
15216
15218
15224
15227
15244
15247
15259
15263
15268
15276
15281
15283
15284
15285
15286
15289
15291
15292
15301
15304
15305
15305
15307
15308
15308
15308
15313
15313
15320
15321
15323
15335
15343
15348
15349
15352
15355
15357
15358
15360
15363
15365
15368
15369
15374
15380
15381
15382
15383
15383
15383
15386
15392
15394
15394
15396
15396
15396
15408
15419
15430
15435
15436
15443
15444
15446
15450
15453
15455
15455
15459
15467
15473
15484
15487
15502
15512
15515
15517
15517
15517
15523
15524
15525
15526
15530
15530
15535
15536
15536
15537
15540
15543
15545
15549
15550
15550
15552
15553
15557
15557
15559
15560
15564
15565
15574
15575
15578
15579
15583
15589
15600
15610
15611
15614
15615
15624
15631
15631
15635
15636
15639
15640
15644
15646
15650
15651
15654
15659
15662
15663
15664
15665
15667
15667
15678
15680
15681
15683
15688
15688
15692
15695
15695
15695
15698
15700
15701
15702
15704
15722
15724
15727
15728
15729
15733
15734
15734
15735
15735
15735
15737
15750
15752
15757
15760
15761
15762
15765
15772
15772
15782
15784
15786
15794
15795
15800
15801
15805
15809
15810
15814
15814
15815
15819
15823
15824
15830
15835
15836
15840
15845
15846
15852
15852
15854
15858
15861
15875
15879
15887
15888
15889
15892
15892
15892
15901
15908
15912
15924
15943
15944
15946
15948
15952
15958
15960
15963
15964
15967
15976
15978
15982
15983
15983
15987
15992
15992
15993
15994
15995
15999
16005
16007
16010
16010
16012
16025
16027
16034
16037
16039
16041
16043
16047
16048
16051
16064
16067
16069
16071
16074
16077
16079
16081
16082
16087
16096
16097
16101
16101
16102
16108
16110
16113
16114
16118
16119
16120
16135
16141
16142
16147
16150
16154
16156
16159
16163
16163
16163
16179
16180
16182
16190
16193
16193
16194
16195
16198
16201
16213
16214
16219
16222
16243
16243
16249
16249
16253
16253
16255
16256
16260
16264
16266
16268
16278
16290
16291
16293
16294
16295
16305
16306
16307
16309
16312
16313
16316
16319
16329
16330
16331
16343
16344
16344
16347
16347
16350
16351
16353
16353
16370
16371
16372
16378
16381
16384
16385
16392
16400
16401
16403
16408
16419
16419
16429
16432
16442
16448
16456
16459
16473
16473
16474
16476
16478
16478
16481
16482
16485
16485
16488
16488
16494
16494
16498
16500
16504
16514
16515
16517
16518
16521
16527
16532
16540
16548
16553
16555
16555
16560
16563
16566
16573
16574
16575
16578
16582
16582
16583
16583
16592
16593
16594
16598
16598
16601
16602
16605
16606
16610
16612
16613
16615
16618
16623
16624
16627
16627
16629
16631
16635
16638
16638
16640
16644
16645
16648
16654
16657
16667
16671
16672
16681
16684
16688
16697
16700
16700
16702
16703
16714
16715
16716
16716
16722
16723
16723
16727
16736
16737
16738
16740
16748
16751
16752
16756
16769
16772
16777
16778
16786
16786
16790
16799
16799
16803
16811
16817
16821
16822
16826
16839
16840
16840
16844
16845
16845
16850
16852
16855
16861
16861
16863
16866
16870
16873
16873
16882
16884
16884
16885
16886
16900
16904
16906
16907
16907
16909
16917
16918
16919
16920
16932
16933
16942
16952
16955
16958
16960
16963
16964
16965
16966
16975
16982
16983
16985
16988
16989
16990
16991
16997
17000
17002
17003
17003
17011
17014
17015
17021
17034
17034
17035
17039
17040
17042
17047
17048
17053
17054
17055
17055
17060
17069
17070
17083
17092
17095
17095
17096
17098
17098
17101
17105
17107
17107
17107
17111
17111
17113
17114
17118
17119
17131
17133
17135
17138
17140
17143
17144
17144
17150
17154
17169
17170
17171
17172
17174
17175
17176
17181
17186
17187
17194
17194
17198
17199
17206
17207
17210
17214
17215
17220
17229
17230
17233
17236
17238
17238
17239
17240
17242
17251
17252
17257
17264
17265
17266
17268
17277
17277
17290
17293
17293
17311
17312
17314
17321
17321
17323
17325
17325
17327
17330
17336
17340
17341
17344
17345
17353
17357
17357
17358
17360
17361
17369
17374
17378
17380
17382
17387
17394
17408
17408
17413
17414
17417
17418
17422
17426
17430
17433
17434
17435
17445
17448
17454
17455
17458
17461
17464
17468
17468
17471
17475
17481
17484
17487
17489
17498
17500
17501
17515
17522
17529
17530
17531
17536
17539
17539
17539
17542
17543
17548
17551
17552
17555
17563
17565
17569
17573
17581
17582
17587
17594
17612
17614
17616
17622
17628
17628
17635
17636
17646
17652
17652
17653
17658
17665
17667
17667
17668
17669
17670
17671
17672
17673
17675
17678
17680
17686
17687
17688
17689
17689
17690
17690
17699
17705
17713
17719
17721
17723
17724
17724
17728
17729
17729
17731
17732
17732
17732
17737
17737
17737
17741
17747
17747
17749
17750
17752
17753
17755
17759
17762
17764
17766
17769
17770
17774
17775
17777
17778
17781
17785
17789
17797
17801
17802
17802
17809
17818
17820
17825
17830
17832
17833
17835
17841
17841
17846
17847
17856
17858
17859
17862
17864
17864
17871
17872
17874
17875
17876
17878
17879
17880
17880
17882
17884
17887
17890
17892
17899
17907
17908
17909
17916
17917
17917
17921
17928
17934
17936
17936
17937
17939
17944
17946
17968
17969
17970
17971
17973
17977
17989
17990
17994
17995
18000
18000
18004
18004
18006
18007
18007
18009
18009
18020
18022
18022
18025
18026
18032
18036
18041
18044
18046
18046
18046
18047
18048
18049
18051
18053
18059
18060
18062
18077
18078
18078
18087
18095
18101
18101
18109
18112
18118
18130
18130
18133
18133
18143
18146
18147
18151
18153
18161
18167
18168
18178
18178
18179
18183
18184
18189
18194
18197
18199
18202
18203
18204
18211
18217
18217
18219
18222
18229
18230
18238
18239
18243
18244
18249
18257
18264
18274
18278
18281
18282
18286
18287
18288
18290
18292
18302
18304
18305
18309
18310
18310
18320
18324
18337
18341
18347
18356
18358
18363
18367
18368
18368
18368
18376
18377
18378
18386
18386
18386
18389
18392
18396
18398
18398
18405
18406
18409
18411
18412
18420
18421
18422
18424
18431
18431
18432
18437
18439
18443
18443
18454
18456
18459
18464
18465
18465
18468
18469
18469
18470
18470
18471
18474
18476
18476
18477
18482
18482
18491
18492
18499
18506
18507
18511
18513
18514
18517
18518
18518
18519
18520
18521
18521
18521
18523
18524
18532
18539
18541
18542
18546
18547
18551
18560
18564
18566
18568
18573
18573
18574
18580
18581
18582
18584
18584
18587
18589
18593
18598
18599
18604
18607
18610
18612
18619
18624
18624
18630
18633
18636
18636
18642
18643
18643
18647
18652
18658
18658
18662
18667
18669
18677
18679
18682
18684
18686
18690
18697
18697
18709
18709
18710
18715
18716
18724
18725
18725
18727
18728
18735
18736
18741
18744
18749
18750
18752
18755
18760
18765
18766
18770
18771
18772
18781
18781
18782
18782
18787
18791
18795
18800
18803
18807
18813
18817
18833
18837
18840
18845
18845
18850
18856
18856
18858
18858
18859
18859
18866
18866
18867
18867
18867
18869
18880
18880
18881
18887
18888
18899
18899
18900
18903
18904
18909
18916
18917
18917
18917
18917
18919
18938
18938
18939
18940
18941
18946
18947
18949
18950
18955
18961
18962
18964
18973
18974
18977
18981
18985
18987
18989
18990
18991
18998
19000
19004
19009
19015
19017
19020
19022
19024
19025
19032
19033
19035
19042
19044
19044
19049
19052
19052
19052
19055
19059
19063
19066
19070
19072
19076
19076
19083
19088
19096
19097
19099
19100
19102
19104
19123
19127
19133
19136
19140
19140
19144
19145
19152
19153
19163
19163
19164
19167
19168
19175
19176
19184
19187
19187
19189
19192
19194
19197
19201
19204
19209
19214
19220
19230
19233
19236
19237
19241
19242
19243
19251
19256
19261
19266
19268
19271
19271
19276
19277
19278
19283
19285
19287
19288
19289
19297
19303
19307
19310
19311
19311
19318
19321
19325
19337
19339
19341
19341
19347
19357
19361
19367
19368
19370
19371
19378
19379
19379
19379
19381
19384
19388
19389
19394
19394
19398
19400
19403
19427
19430
19430
19430
19430
19436
19439
19445
19448
19448
19452
19454
19456
19457
19462
19465
19470
19473
19477
19482
19487
19487
19493
19504
19506
19506
19508
19508
19517
19519
19524
19527
19530
19538
19539
19539
19546
19546
19547
19548
19549
19552
19553
19561
19565
19565
19569
19572
19592
19595
19599
19602
19604
19605
19611
19611
19612
19621
19624
19625
19627
19627
19628
19630
19630
19636
19638
19641
19642
19643
19643
19648
19648
19649
19652
19656
19658
19658
19661
19663
19669
19670
19671
19671
19672
19674
19676
19678
19679
19679
19683
19687
19689
19692
19692
19700
19705
19705
19707
19709
19709
19710
19714
19720
19721
19733
19738
19739
19739
19743
19763
19767
19767
19772
19774
19775
19776
19777
19778
19780
19789
19791
19797
19805
19807
19814
19815
19818
19823
19833
19834
19834
19836
19840
19847
19848
19854
19856
19858
19859
19867
19869
19874
19877
19880
19887
19888
19896
19897
19899
19904
19907
19915
19915
19917
19930
19934
19935
19937
19937
19939
19939
19947
19950
19952
19954
19959
19969
19971
19972
19975
19983
19983
19985
19986
19997
19999
19999
20004
20004
20008
20012
20015
20018
20019
20019
20021
20025
20027
20030
20031
20034
20034
20035
20042
20044
20051
20055
20055
20060
20081
20082
20083
20089
20093
20095
20100
20106
20109
20109
20110
20110
20110
20111
20112
20116
20120
20121
20123
20125
20130
20133
20134
20136
20138
20138
20141
20142
20151
20151
20158
20160
20166
20173
20173
20181
20182
20183
20184
20194
20195
20204
20212
20215
20215
20216
20222
20223
20225
20231
20231
20233
20233
20246
20252
20253
20261
20264
20264
20272
20273
20274
20278
20279
20287
20289
20293
20294
20296
20297
20300
20317
20329
20337
20341
20345
20345
20350
20359
20367
20373
20381
20382
20382
20385
20385
20389
20394
20397
20398
20409
20417
20421
20422
20427
20430
20435
20435
20436
20438
20438
20438
20439
20439
20440
20444
20449
20457
20458
20459
20467
20468
20468
20478
20481
20486
20487
20494
20503
20509
20510
20510
20512
20515
20521
20521
20523
20525
20527
20528
20540
20541
20541
20541
20545
20548
20554
20554
20554
20560
20564
20565
20566
20570
20578
20578
20579
20580
20580
20582
20583
20583
20589
20604
20604
20606
20608
20610
20610
20611
20616
20626
20628
20629
20631
20631
20632
20642
20643
20652
20653
20655
20657
20657
20659
20663
20667
20668
20675
20678
20684
20686
20693
20693
20699
20703
20705
20713
20714
20715
20722
20722
20726
20731
20733
20735
20738
20741
20751
20756
20757
20758
20760
20761
20762
20767
20768
20770
20775
20777
20777
20788
20792
20793
20793
20798
20799
20800
20802
20805
20811
20815
20815
20821
20822
20823
20827
20832
20839
20839
20840
20847
20856
20856
20863
20873
20878
20878
20879
20883
20883
20889
20893
20901
20903
20907
20917
20921
20921
20921
20923
20925
20927
20930
20931
20932
20933
20935
20937
20938
20939
20950
20954
20956
20964
20966
20969
20970
20975
20977
20978
20980
20980
20983
20983
20983
20986
20989
20991
20994
20994
20995
20998
21000
21000
21001
21003
21003
21004
21011
21017
21021
21026
21033
21033
21033
21035
21038
21038
21038
21039
21039
21040
21046
21046
21047
21052
21054
21057
21058
21058
21058
21059
21062
21062
21062
21088
21089
21091
21094
21095
21099
21102
21108
21110
21111
21112
21121
21129
21132
21134
21134
21134
21139
21139
21140
21143
21147
21151
21151
21155
21157
21166
21169
21170
21170
21171
21172
21179
21179
21182
21183
21186
21197
21199
21200
21202
21206
21208
21208
21208
21222
21228
21229
21232
21234
21240
21247
21248
21254
21257
21259
21259
21260
21262
21262
21267
21269
21274
21276
21286
21291
21292
21297
21299
21299
21309
21309
21316
21321
21324
21334
21339
21342
21344
21349
21354
21357
21358
21359
21362
21363
21363
21363
21366
21366
21368
21374
21375
21375
21376
21395
21397
21397
21397
21397
21408
21409
21410
21410
21412
21414
21415
21415
21418
21423
21429
21431
21434
21435
21437
21438
21438
21441
21444
21452
21453
21455
21456
21460
21465
21466
21467
21469
21472
21472
21477
21479
21480
21481
21488
21492
21497
21502
21502
21505
21519
21520
21524
21530
21531
21531
21532
21535
21537
21539
21543
21546
21546
21547
21548
21553
21565
21570
21573
21575
21584
21586
21588
21590
21592
21597
21598
21599
21604
21609
21610
21611
21614
21623
21626
21630
21631
21633
21634
21636
21637
21638
21640
21646
21653
21673
21679
21684
21687
21694
21698
21701
21702
21703
21705
21705
21706
21709
21712
21717
21719
21721
21724
21725
21728
21729
21732
21736
21740
21740
21741
21744
21752
21758
21765
21767
21770
21772
21777
21788
21798
21799
21800
21802
21803
21830
21831
21843
21851
21861
21862
21864
21866
21870
21875
21875
21876
21877
21879
21883
21883
21886
21894
21895
21897
21898
21900
21905
21907
21910
21915
21916
21916
21918
21931
21932
21932
21934
21935
21940
21940
21952
21963
21973
21977
21981
21982
21984
21986
21986
21990
21991
21994
22002
22003
22007
22014
22018
22021
22024
22024
22030
22032
22032
22032
22034
22042
22045
22046
22047
22048
22059
22059
22059
22060
22067
22069
22080
22083
22085
22095
22098
22101
22104
22106
22111
22112
22115
22116
22117
22127
22129
22131
22132
22140
22142
22145
22149
22154
22155
22156
22162
22167
22169
22172
22174
22178
22183
22183
22185
22189
22195
22195
22197
22197
22202
22210
22216
22221
22222
22229
22229
22229
22230
22231
22233
22235
22236
22237
22243
22245
22247
22254
22260
22260
22264
22265
22265
22267
22270
22278
22278
22279
22279
22282
22283
22284
22284
22285
22288
22296
22296
22305
22327
22335
22339
22344
22346
22347
22347
22352
22354
22356
22359
22359
22361
22361
22362
22363
22364
22373
22374
22375
22382
22392
22392
22395
22403
22406
22407
22409
22409
22409
22410
22415
22416
22420
22421
22429
22434
22439
22442
22444
22444
22449
22449
22454
22454
22462
22463
22464
22465
22469
22472
22473
22475
22475
22476
22477
22482
22484
22486
22490
22490
22492
22492
22497
22499
22499
22501
22501
22502
22503
22503
22511
22511
22512
22512
22513
22514
22516
22516
22516
22520
22522
22529
22533
22542
22545
22546
22548
22549
22550
22553
22556
22557
22558
22563
22567
22573
22574
22579
22581
22586
22597
22598
22600
22609
22610
22610
22623
22639
22640
22644
22653
22655
22656
22656
22656
22657
22662
22666
22666
22667
22670
22671
22671
22672
22679
22681
22683
22686
22689
22691
22695
22699
22704
22704
22708
22714
22722
22724
22726
22726
22731
22738
22747
22752
22754
22757
22760
22767
22779
22781
22788
22800
22801
22807
22814
22821
22832
22833
22835
22839
22844
22847
22848
22860
22864
22865
22866
22868
22871
22872
22873
22880
22882
22891
22891
22892
22894
22894
22899
22900
22902
22905
22908
22916
22921
22927
22927
22929
22930
22931
22935
22945
22947
22948
22950
22953
22955
22958
22961
22962
22962
22981
22983
22985
22987
22987
22996
22998
22998
23001
23017
23018
23021
23022
23023
23026
23027
23030
23030
23030
23030
23036
23038
23044
23050
23051
23051
23056
23061
23066
23073
23075
23079
23080
23080
23084
23084
23085
23088
23088
23103
23103
23105
23106
23107
23119
23126
23129
23130
23130
23131
23131
23137
23138
23141
23142
23143
23144
23145
23147
23149
23149
23153
23157
23159
23160
23162
23167
23168
23169
23170
23180
23181
23185
23191
23193
23195
23196
23199
23200
23205
23206
23209
23217
23223
23226
23230
23231
23231
23236
23237
23245
23246
23247
23247
23249
23253
23256
23263
23269
23273
23275
23276
23286
23289
23290
23292
23301
23302
23303
23304
23306
23306
23308
23309
23310
23310
23316
23324
23330
23334
23346
23350
23351
23356
23358
23360
23370
23372
23377
23378
23380
23388
23389
23390
23391
23391
23393
23393
23395
23395
23400
23400
23406
23407
23410
23414
23423
23425
23433
23436
23439
23447
23456
23459
23460
23462
23466
23467
23467
23473
23475
23477
23478
23479
23483
23491
23500
23503
23513
23520
23520
23532
23541
23559
23560
23561
23562
23567
23575
23579
23579
23583
23585
23586
23588
23588
23591
23591
23591
23592
23594
23595
23603
23603
23604
23607
23612
23615
23619
23627
23629
23633
23633
23637
23642
23644
23645
23648
23649
23651
23661
23666
23671
23674
23678
23683
23685
23688
23690
23692
23694
23698
23701
23702
23709
23710
23711
23715
23726
23738
23745
23746
23755
23759
23761
23770
23777
23779
23780
23786
23791
23792
23794
23794
23795
23799
23800
23803
23804
23807
23818
23824
23825
23825
23832
23832
23839
23847
23851
23852
23852
23856
23859
23860
23864
23868
23871
23877
23884
23887
23890
23891
23893
23894
23914
23917
23918
23919
23926
23928
23932
23934
23936
23941
23945
23947
23960
23961
23961
23962
23967
23970
23970
23972
23975
23975
23979
23981
23981
23985
23987
23990
23991
23994
23999
23999
24000
24001
24007
24012
24018
24018
24020
24021
24023
24028
24029
24035
24036
24040
24045
24050
24058
24059
24061
24063
24075
24079
24079
24083
24084
24094
24099
24102
24107
24116
24116
24119
24122
24125
24127
24130
24131
24137
24140
24140
24143
24145
24157
24158
24160
24160
24160
24160
24183
24185
24187
24193
24196
24198
24201
24202
24207
24209
24209
24211
24212
24214
24214
24215
24215
24216
24221
24234
24234
24235
24235
24237
24245
24247
24247
24251
24252
24254
24266
24275
24278
24287
24289
24297
24298
24299
24306
24307
24312
24313
24317
24317
24321
24323
24327
24331
24336
24336
24339
24340
24340
24343
24345
24350
24352
24354
24355
24356
24365
24366
24369
24372
24374
24376
24377
24385
24385
24388
24393
24394
24396
24398
24403
24404
24411
24417
24419
24426
24426
24429
24431
24438
24442
24443
24447
24455
24464
24465
24466
24471
24471
24472
24472
24473
24473
24477
24478
24484
24489
24489
24490
24495
24495
24502
24503
24504
24505
24505
24511
24511
24518
24521
24522
24523
24523
24523
24525
24536
24538
24538
24539
24541
24545
24546
24546
24551
24554
24554
24557
24560
24564
24565
24568
24569
24571
24576
24593
24596
24597
24598
24600
24601
24602
24602
24606
24613
24619
24620
24625
24632
24635
24639
24640
24642
24647
24648
24655
24658
24658
24662
24667
24667
24672
24675
24675
24691
24694
24695
24699
24712
24713
24721
24725
24726
24734
24737
24738
24743
24748
24754
24755
24758
24762
24765
24768
24774
24780
24785
24786
24788
24791
24796
24804
24807
24807
24811
24814
24824
24827
24829
24830
24830
24831
24832
24837
24850
24852
24852
24856
24857
24860
24868
24869
24870
24870
24871
24878
24881
24891
24903
24905
24909
24912
24915
24917
24919
24919
24921
24925
24936
24942
24950
24955
24958
24958
24962
24964
24970
24976
24978
24978
24979
24981
24983
24983
24987
24997
24999
25001
25010
25012
25013
25013
25017
25018
25019
25021
25023
25026
25027
25028
25045
25045
25051
25053
25055
25060
25065
25068
25070
25072
25075
25082
25082
25087
25089
25092
25095
25104
25106
25108
25111
25112
25115
25122
25125
25132
25141
25144
25144
25150
25157
25157
25161
25163
25163
25171
25173
25178
25183
25197
25203
25211
25213
25214
25216
25217
25222
25222
25226
25228
25232
25240
25243
25248
25248
25249
25251
25257
25259
25261
25263
25267
25275
25277
25278
25281
25283
25284
25286
25287
25295
25302
25305
25308
25308
25309
25310
25310
25314
25317
25323
25330
25334
25338
25338
25338
25344
25346
25354
25356
25359
25364
25367
25367
25369
25370
25374
25383
25386
25396
25397
25397
25405
25412
25416
25417
25425
25427
25430
25436
25441
25443
25444
25445
25448
25448
25453
25457
25459
25461
25470
25471
25473
25476
25476
25478
25482
25484
25485
25489
25490
25491
25492
25492
25494
25496
25497
25498
25504
25504
25505
25511
25518
25524
25533
25533
25535
25538
25543
25545
25548
25552
25554
25560
25570
25575
25576
25577
25585
25602
25603
25605
25609
25612
25612
25615
25615
25619
25621
25623
25627
25628
25633
25633
25639
25643
25644
25645
25648
25650
25656
25658
25659
25661
25663
25667
25673
25674
25681
25689
25692
25700
25707
25715
25721
25730
25735
25736
25738
25738
25748
25748
25760
25762
25765
25771
25771
25778
25779
25779
25780
25783
25784
25792
25796
25798
25803
25805
25805
25806
25807
25811
25813
25813
25820
25823
25828
25832
25833
25833
25836
25838
25849
25849
25850
25854
25855
25859
25860
25866
25867
25867
25870
25872
25879
25886
25888
25889
25891
25895
25898
25908
25911
25913
25914
25915
25916
25916
25919
25926
25928
25933
25934
25934
25938
25938
25939
25940
25959
25964
25967
25974
25980
25980
25981
25981
25983
25987
25999
25999
26013
26021
26022
26022
26026
26034
26034
26037
26042
26042
26046
26046
26051
26056
26060
26069
26070
26070
26073
26084
26086
26093
26101
26104
26106
26108
26111
26119
26120
26123
26127
26136
26147
26151
26155
26155
26160
26164
26164
26169
26170
26177
26177
26182
26190
26202
26215
26215
26217
26219
26220
26222
26223
26224
26227
26236
26241
26242
26244
26244
26249
26252
26253
26256
26257
26258
26262
26264
26268
26269
26287
26289
26291
26294
26297
26299
26300
26310
26314
26322
26323
26327
26327
26328
26330
26330
26334
26338
26339
26340
26345
26346
26348
26352
26353
26355
26364
26366
26375
26376
26378
26379
26386
26391
26396
26396
26403
26414
26415
26418
26421
26426
26426
26434
26434
26442
26443
26443
26451
26454
26455
26459
26462
26469
26476
26480
26487
26492
26492
26493
26493
26496
26497
26502
26506
26507
26513
26520
26520
26520
26528
26533
26546
26551
26552
26555
26557
26564
26571
26574
26576
26578
26579
26582
26589
26600
26600
26602
26602
26618
26623
26623
26627
26628
26628
26629
26631
26633
26635
26641
26643
26644
26646
26651
26653
26656
26658
26660
26663
26666
26669
26669
26672
26674
26675
26676
26681
26685
26689
26698
26700
26704
26713
26716
26721
26722
26727
26728
26729
26738
26738
26741
26742
26746
26748
26750
26762
26772
26774
26779
26786
26788
26789
26789
26790
26795
26795
26796
26797
26798
26808
26809
26809
26810
26812
26820
26821
26822
26839
26841
26842
26843
26849
26857
26858
26860
26861
26861
26863
26864
26864
26865
26871
26873
26888
26895
26897
26900
26903
26904
26905
26909
26911
26913
26914
26915
26923
26925
26933
26933
26937
26943
26944
26945
26947
26953
26955
26955
26956
26961
26961
26973
26977
26984
26985
26988
26988
26990
26992
26995
26997
27011
27011
27021
27028
27029
27035
27036
27037
27044
27046
27054
27057
27059
27063
27064
27065
27068
27069
27069
27072
27092
27092
27094
27098
27102
27103
27105
27110
27113
27115
27120
27122
27124
27131
27131
27132
27138
27139
27139
27142
27142
27145
27170
27179
27180
27183
27188
27188
27189
27190
27193
27194
27197
27198
27200
27202
27209
27211
27215
27219
27223
27225
27226
27228
27231
27232
27237
27240
27251
27251
27262
27262
27269
27274
27277
27284
27284
27285
27288
27295
27296
27297
27305
27307
27312
27314
27318
27319
27319
27324
27331
27332
27333
27335
27335
27342
27349
27356
27361
27362
27366
27372
27390
27392
27393
27404
27413
27415
27425
27426
27434
27440
27442
27455
27456
27458
27460
27464
27465
27467
27469
27470
27471
27475
27477
27489
27490
27491
27496
27496
27499
27509
27524
27528
27546
27558
27559
27576
27578
27579
27584
27589
27596
27596
27603
27606
27606
27612
27613
27617
27618
27619
27620
27622
27623
27625
27630
27636
27639
27645
27647
27650
27650
27653
27658
27658
27659
27661
27665
27681
27685
27685
27686
27692
27692
27698
27699
27700
27706
27712
27716
27716
27727
27728
27729
27733
27735
27738
27740
27743
27745
27749
27758
27761
27763
27767
27768
27771
27772
27773
27776
27777
27777
27780
27782
27782
27786
27791
27795
27796
27803
27807
27808
27814
27817
27824
27825
27825
27827
27828
27830
27830
27832
27834
27838
27842
27843
27850
27850
27855
27856
27857
27859
27860
27862
27867
27868
27871
27879
27880
27886
27888
27895
27901
27905
27905
27907
27912
27914
27915
27916
27917
27926
27927
27928
27930
27950
27950
27958
27959
27959
27960
27962
27966
27967
27969
27969
27971
27972
27974
27978
27980
27990
27994
27996
27997
28006
28006
28010
28011
28016
28016
28022
28024
28024
28030
28035
28041
28046
28046
28049
28051
28055
28064
28075
28075
28080
28081
28082
28084
28085
28089
28097
28099
28100
28102
28104
28104
28109
28119
28119
28121
28122
28130
28131
28134
28135
28144
28149
28151
28153
28154
28162
28168
28168
28170
28180
28181
28182
28189
28190
28190
28197
28203
28206
28209
28209
28210
28216
28217
28224
28226
28226
28227
28236
28236
28243
28243
28245
28246
28250
28253
28258
28259
28260
28260
28261
28263
28269
28274
28276
28277
28280
28282
28282
28289
28294
28306
28318
28322
28325
28328
28329
28334
28335
28340
28341
28343
28351
28354
28354
28356
28368
28369
28376
28385
28386
28387
28390
28391
28393
28397
28399
28400
28401
28404
28405
28405
28408
28420
28424
28424
28430
28433
28434
28435
28440
28441
28444
28448
28452
28453
28458
28463
28464
28469
28473
28475
28475
28476
28479
28480
28482
28483
28490
28490
28491
28495
28503
28504
28504
28512
28515
28517
28517
28524
28525
28539
28541
28543
28543
28545
28545
28546
28547
28551
28551
28556
28557
28559
28562
28562
28564
28566
28569
28571
28573
28580
28583
28584
28593
28593
28594
28595
28599
28599
28602
28605
28616
28616
28618
28629
28635
28637
28637
28641
28653
28654
28655
28662
28663
28669
28670
28671
28679
28681
28682
28684
28687
28689
28695
28696
28698
28701
28701
28706
28706
28708
28708
28714
28720
28727
28729
28733
28735
28739
28739
28743
28751
28755
28755
28761
28765
28767
28768
28773
28774
28774
28776
28776
28777
28777
28784
28785
28786
28799
28806
28806
28807
28807
28810
28816
28818
28822
28824
28828
28829
28830
28831
28836
28837
28840
28841
28842
28849
28851
28853
28854
28861
28868
28870
28871
28874
28879
28879
28883
28892
28900
28903
28904
28912
28915
28916
28926
28933
28935
28936
28936
28943
28945
28948
28948
28949
28951
28951
28954
28956
28957
28957
28958
28964
28966
28967
28970
28975
28978
28980
28981
28987
28989
28989
28992
28992
28998
29012
29013
29013
29016
29024
29030
29035
29038
29039
29044
29048
29053
29055
29059
29059
29060
29060
29060
29061
29062
29064
29065
29066
29067
29068
29071
29076
29076
29078
29083
29085
29086
29088
29097
29097
29098
29100
29102
29106
29108
29108
29108
29112
29113
29120
29120
29125
29125
29125
29129
29136
29137
29138
29144
29146
29154
29155
29159
29163
29167
29167
29173
29177
29178
29188
29189
29190
29194
29196
29202
29204
29211
29219
29222
29229
29232
29232
29234
29237
29237
29238
29241
29248
29255
29255
29259
29259
29261
29269
29274
29274
29275
29278
29279
29282
29283
29284
29285
29287
29291
29297
29298
29299
29303
29304
29306
29307
29307
29308
29309
29309
29312
29318
29320
29322
29322
29322
29324
29324
29325
29327
29331
29336
29342
29343
29349
29349
29358
29360
29367
29370
29383
29385
29385
29386
29386
29395
29397
29399
29407
29410
29413
29417
29423
29427
29430
29436
29445
29447
29450
29451
29453
29456
29456
29457
29457
29459
29459
29461
29462
29468
29469
29482
29482
29483
29483
29488
29493
29501
29507
29512
29512
29512
29515
29516
29516
29518
29518
29519
29520
29525
29527
29528
29528
29529
29531
29532
29535
29540
29542
29548
29550
29555
29559
29561
29562
29562
29566
29579
29581
29581
29590
29592
29597
29601
29603
29607
29613
29613
29619
29620
29621
29631
29636
29640
29640
29641
29643
29647
29651
29657
29660
29662
29663
29677
29678
29679
29689
29689
29694
29694
29695
29697
29698
29698
29700
29710
29712
29713
29714
29714
29715
29722
29724
29726
29737
29739
29741
29744
29744
29747
29750
29750
29752
29753
29756
29758
29758
29760
29762
29763
29766
29782
29785
29788
29790
29790
29792
29792
29794
29796
29796
29799
29802
29806
29807
29810
29810
29814
29819
29823
29828
29830
29832
29835
29837
29839
29839
29847
29851
29852
29860
29870
29873
29880
29884
29892
29895
29905
29909
29912
29916
29920
29931
29938
29946
29948
29950
29952
29953
29962
29964
29966
29970
29972
29975
29975
29976
29980
29981
29988
29989
29990
29992
29993
29995
30001
30011
30016
30018
30019
30023
30027
30030
30030
30034
30038
30042
30043
30049
30056
30057
30058
30058
30058
30073
30073
30076
30079
30081
30083
30089
30091
30092
30092
30093
30095
30095
30098
30108
30122
30123
30124
30126
30127
30131
30135
30137
30138
30149
30150
30150
30153
30156
30162
30162
30166
30169
30171
30177
30182
30185
30185
30189
30192
30196
30199
30209
30210
30211
30213
30214
30214
30220
30222
30223
30230
30232
30235
30237
30239
30239
30242
30255
30257
30259
30261
30269
30269
30272
30272
30285
30287
30287
30294
30296
30303
30305
30310
30311
30311
30318
30318
30328
30335
30344
30345
30346
30353
30354
30357
30357
30363
30366
30373
30378
30378
30380
30380
30383
30385
30393
30393
30404
30414
30419
30423
30426
30429
30438
30443
30456
30460
30461
30464
30467
30467
30469
30471
30472
30478
30478
30480
30490
30497
30504
30506
30507
30509
30511
30513
30519
30533
30535
30541
30542
30548
30552
30553
30568
30569
30570
30574
30579
30580
30586
30593
30593
30593
30594
30596
30599
30599
30604
30605
30608
30610
30615
30624
30632
30632
30635
30636
30640
30641
30642
30651
30651
30657
30659
30659
30660
30660
30660
30665
30666
30668
30670
30671
30673
30679
30680
30681
30681
30683
30687
30688
30689
30689
30702
30707
30708
30711
30716
30716
30720
30720
30720
30722
30723
30728
30728
30734
30737
30737
30743
30744
30746
30749
30752
30760
30765
30767
30771
30772
30776
30778
30781
30785
30788
30792
30794
30795
30795
30806
30810
30810
30812
30816
30816
30822
30827
30831
30831
30831
30832
30833
30835
30846
30847
30852
30864
30870
30877
30879
30880
30882
30883
30887
30888
30888
30891
30892
30895
30895
30899
30903
30905
30907
30908
30911
30916
30916
30919
30922
30924
30924
30946
30950
30952
30953
30955
30956
30960
30964
30966
30970
30970
30974
30978
30979
30982
30984
30998
30999
31004
31004
31021
31023
31023
31024
31026
31031
31042
31045
31046
31058
31076
31077
31079
31085
31089
31090
31096
31096
31097
31097
31098
31100
31102
31104
31107
31114
31117
31135
31135
31136
31142
31142
31142
31145
31147
31154
31154
31155
31161
31163
31164
31167
31167
31171
31174
31176
31178
31188
31189
31189
31189
31191
31193
31200
31207
31210
31212
31213
31216
31217
31217
31220
31222
31223
31229
31230
31234
31236
31238
31240
31241
31242
31246
31247
31249
31250
31251
31254
31255
31262
31273
31277
31278
31283
31286
31303
31309
31311
31311
31314
31315
31317
31320
31324
31324
31327
31328
31333
31334
31337
31338
31341
31343
31349
31350
31353
31357
31359
31362
31363
31369
31369
31375
31375
31377
31382
31382
31386
31386
31387
31391
31397
31398
31399
31399
31414
31417
31419
31428
31431
31432
31433
31436
31440
31443
31448
31450
31451
31455
31456
31457
31457
31462
31463
31465
31474
31477
31479
31484
31491
31495
31497
31500
31500
31502
31503
31505
31511
31514
31516
31522
31522
31533
31534
31542
31550
31551
31552
31556
31559
31562
31563
31565
31566
31570
31571
31573
31576
31580
31583
31586
31599
31600
31602
31605
31607
31611
31612
31613
31614
31620
31626
31634
31636
31637
31639
31642
31648
31653
31654
31658
31660
31667
31674
31678
31678
31679
31683
31687
31687
31687
31698
31699
31700
31704
31707
31708
31715
31716
31721
31731
31732
31735
31737
31737
31739
31741
31743
31747
31749
31749
31750
31750
31754
31754
31755
31755
31757
31758
31759
31760
31762
31763
31766
31769
31771
31775
31775
31777
31778
31781
31783
31787
31790
31795
31797
31805
31806
31812
31814
31817
31818
31819
31819
31820
31823
31830
31839
31842
31844
31846
31847
31848
31848
31853
31855
31858
31860
31861
31866
31866
31868
31871
31871
31882
31895
31898
31904
31905
31905
31906
31910
31918
31928
31931
31932
31933
31934
31935
31935
31936
31937
31947
31953
31953
31956
31962
31962
31963
31963
31972
31976
31978
31980
31983
31992
31993
31996
31998
32003
32008
32012
32014
32017
32023
32027
32037
32038
32042
32047
32048
32052
32054
32056
32057
32059
32060
32076
32080
32086
32088
32090
32090
32092
32094
32095
32099
32102
32111
32113
32113
32120
32123
32126
32131
32131
32132
32132
32133
32133
32138
32142
32148
32158
32159
32162
32169
32171
32174
32182
32184
32188
32190
32191
32193
32193
32194
32195
32196
32202
32207
32211
32212
32213
32213
32216
32219
32221
32225
32226
32231
32232
32232
32234
32239
32239
32240
32245
32246
32246
32249
32249
32250
32257
32260
32261
32263
32277
32277
32283
32284
32287
32288
32292
32297
32301
32304
32312
32314
32315
32315
32318
32324
32328
32330
32333
32333
32336
32338
32338
32339
32341
32343
32347
32351
32355
32355
32360
32364
32373
32376
32378
32381
32384
32386
32386
32390
32392
32396
32396
32399
32401
32409
32415
32420
32423
32423
32423
32424
32429
32433
32440
32441
32441
32445
32447
32448
32449
32449
32450
32451
32453
32458
32460
32460
32462
32463
32463
32471
32472
32476
32476
32482
32482
32483
32484
32491
32501
32504
32511
32516
32528
32528
32530
32531
32533
32533
32539
32552
32552
32554
32558
32560
32562
32563
32564
32568
32571
32580
32592
32595
32596
32598
32598
32600
32600
32604
32605
32605
32606
32609
32609
32628
32630
32631
32634
32635
32639
32639
32644
32651
32651
32653
32656
32661
32667
32675
32678
32680
32685
32692
32695
32698
32700
32704
32709
32717
32720
32723
32726
32727
32745
32749
32752
32752
32754
32754
32755
32755
32757
32761
