10
21
25
31
32
33
33
39
46
58
64
65
71
75
75
93
97
97
103
103
109
110
115
117
119
120
120
121
122
127
127
133
142
151
157
163
167
171
175
184
184
185
187
189
191
194
194
203
203
208
218
219
225
230
240
241
242
244
244
248
250
254
257
259
260
262
267
269
271
275
283
289
291
296
297
299
310
313
317
319
321
328
329
338
340
342
346
348
358
362
363
364
366
370
371
373
376
380
383
383
393
398
398
400
406
410
414
416
422
426
426
427
428
429
435
438
441
442
446
447
449
453
453
454
458
458
460
473
473
476
479
490
493
497
498
499
511
516
517
519
520
522
522
525
528
528
528
535
538
539
546
548
556
558
558
560
561
566
569
569
569
570
570
578
581
583
584
589
608
612
615
620
623
623
627
629
633
634
640
642
646
648
650
653
655
658
658
665
666
672
672
672
673
682
684
690
691
693
697
699
712
716
719
721
726
730
731
749
751
755
761
761
765
766
777
777
778
778
780
783
786
786
787
790
792
792
792
793
800
810
811
816
817
818
820
823
823
825
825
831
831
837
840
840
844
844
845
849
851
853
856
859
859
865
867
870
875
876
894
897
901
902
902
903
906
906
907
918
920
923
923
924
924
924
930
934
937
938
939
939
943
944
945
945
946
948
949
950
950
954
956
957
957
961
962
966
968
968
969
970
973
979
980
982
983
986
988
989
991
994
998
1000
1027
1027
1031
1032
1034
1035
1040
1043
1049
1053
1054
1058
1061
1074
1075
1076
1079
1083
1086
1087
1091
1094
1099
1100
1107
1107
1110
1112
1114
1120
1120
1123
1123
1124
1126
1130
1134
1134
1136
1137
1140
1141
1142
1143
1145
1145
1150
1153
1157
1165
1173
1178
1178
1179
1186
1187
1187
1195
1204
1206
1217
1219
1223
1224
1227
1232
1233
1236
1237
1246
1256
1256
1269
1273
1273
1274
1274
1279
1284
1289
1290
1298
1298
1299
1306
1307
1309
1310
1313
1315
1316
1332
1339
1342
1343
1344
1348
1348
1350
1353
1353
1358
1362
1362
1365
1368
1378
1381
1385
1391
1391
1397
1398
1398
1403
1414
1417
1421
1423
1424
1425
1427
1428
1429
1432
1433
1437
1437
1437
1442
1447
1449
1450
1450
1452
1452
1452
1461
1464
1468
1478
1479
1481
1488
1488
1489
1490
1490
1491
1492
1500
1506
1508
1510
1516
1517
1517
1519
1521
1525
1533
1536
1536
1541
1544
1544
1555
1557
1558
1560
1561
1565
1565
1569
1570
1572
1573
1576
1579
1582
1585
1595
1595
1599
1608
1610
1613
1614
1616
1619
1624
1629
1632
1632
1641
1642
1642
1646
1648
1651
1652
1656
1659
1664
1667
1677
1680
1685
1693
1701
1701
1705
1715
1717
1718
1727
1727
1728
1729
1737
1752
1753
1753
1762
1770
1770
1775
1775
1776
1780
1782
1785
1785
1789
1793
1795
1797
1806
1807
1820
1821
1840
1840
1848
1848
1854
1858
1860
1865
1868
1869
1869
1871
1871
1872
1878
1880
1881
1881
1883
1885
1885
1891
1894
1894
1895
1896
1897
1898
1900
1900
1901
1905
1908
1909
1923
1923
1924
1925
1933
1937
1941
1945
1947
1949
1950
1955
1956
1958
1961
1963
1968
1969
1969
1980
1992
1996
2011
2015
2017
2018
2022
2022
2023
2024
2024
2024
2028
2030
2033
2048
2048
2049
2051
2057
2058
2058
2058
2059
2059
2061
2063
2063
2065
2067
2073
2073
2076
2076
2076
2077
2079
2083
2088
2089
2094
2094
2097
2098
2099
2106
2107
2107
2112
2113
2114
2116
2116
2119
2120
2122
2124
2133
2135
2143
2152
2160
2162
2164
2165
2165
2166
2166
2169
2173
2176
2181
2189
2199
2201
2207
2211
2213
2215
2216
2242
2247
2250
2256
2259
2272
2275
2276
2280
2281
2285
2293
2294
2296
2297
2299
2299
2299
2300
2301
2302
2303
2304
2306
2306
2308
2309
2330
2330
2336
2348
2349
2351
2356
2356
2357
2357
2361
2364
2379
2379
2381
2383
2389
2391
2393
2398
2399
2400
2401
2409
2412
2413
2414
2426
2435
2437
2443
2446
2448
2450
2450
2452
2453
2457
2462
2464
2469
2472
2473
2482
2483
2486
2487
2489
2491
2497
2501
2501
2508
2508
2514
2516
2516
2521
2524
2525
2526
2530
2531
2543
2552
2554
2555
2559
2565
2566
2567
2571
2573
2575
2576
2579
2579
2580
2580
2581
2584
2586
2587
2594
2595
2596
2599
2600
2606
2609
2613
2623
2625
2628
2629
2637
2648
2649
2650
2652
2654
2656
2658
2658
2663
2667
2668
2668
2675
2679
2684
2689
2701
2702
2702
2703
2704
2710
2711
2713
2717
2719
2724
2725
2730
2733
2740
2740
2741
2741
2743
2744
2744
2746
2746
2748
2752
2767
2768
2768
2770
2782
2783
2791
2796
2798
2799
2802
2805
2806
2807
2808
2812
2816
2827
2829
2829
2830
2835
2836
2836
2837
2841
2841
2845
2845
2854
2854
2856
2864
2866
2875
2878
2878
2888
2897
2897
2898
2899
2902
2906
2917
2917
2925
2925
2926
2929
2929
2930
2935
2939
2943
2951
2962
2972
2972
2977
2980
2981
2986
2992
2993
3001
3004
3015
3016
3019
3021
3028
3030
3033
3036
3038
3039
3039
3043
3044
3047
3051
3051
3052
3054
3061
3063
3068
3069
3069
3079
3083
3084
3085
3085
3086
3088
3089
3090
3091
3093
3094
3103
3103
3104
3106
3112
3121
3121
3121
3121
3127
3133
3141
3145
3154
3154
3155
3162
3164
3166
3168
3170
3171
3171
3172
3173
3176
3179
3187
3187
3189
3191
3192
3196
3202
3205
3205
3214
3217
3218
3221
3228
3230
3231
3237
3240
3243
3244
3245
3247
3255
3259
3259
3260
3260
3260
3265
3268
3288
3288
3289
3292
3293
3293
3293
3301
3302
3303
3305
3311
3312
3313
3319
3321
3322
3327
3327
3328
3329
3330
3330
3333
3338
3349
3353
3358
3364
3366
3366
3366
3371
3372
3373
3378
3389
3403
3405
3410
3410
3414
3414
3417
3419
3419
3423
3423
3424
3428
3433
3442
3444
3445
3446
3447
3453
3456
3456
3458
3460
3462
3463
3464
3468
3469
3476
3481
3488
3490
3491
3494
3495
3497
3498
3506
3507
3508
3510
3520
3524
3527
3529
3532
3535
3536
3536
3543
3546
3546
3549
3552
3552
3555
3555
3559
3560
3562
3575
3576
3582
3586
3590
3593
3602
3606
3610
3615
3615
3616
3625
3631
3632
3639
3639
3645
3646
3648
3654
3654
3654
3654
3654
3665
3667
3669
3672
3674
3676
3676
3677
3678
3680
3686
3694
3701
3702
3707
3708
3711
3712
3730
3730
3734
3735
3738
3744
3746
3755
3756
3762
3764
3765
3791
3798
3800
3802
3802
3806
3816
3821
3830
3833
3833
3836
3837
3842
3843
3845
3853
3857
3857
3859
3862
3872
3874
3877
3878
3883
3887
3894
3895
3898
3899
3904
3906
3908
3909
3909
3909
3911
3917
3920
3928
3934
3937
3945
3949
3953
3954
3958
3960
3961
3963
3970
3970
3977
3979
3986
3986
3990
3990
3995
4001
4002
4004
4012
4012
4018
4025
4025
4027
4030
4035
4042
4048
4050
4052
4056
4057
4062
4063
4068
4069
4070
4070
4070
4071
4075
4079
4083
4086
4088
4088
4094
4100
4109
4113
4114
4116
4117
4122
4128
4134
4138
4141
4150
4151
4151
4153
4155
4156
4159
4160
4160
4166
4167
4171
4182
4185
4187
4196
4204
4206
4206
4208
4208
4210
4212
4213
4215
4215
4216
4217
4217
4218
4221
4225
4226
4238
4239
4240
4241
4241
4241
4254
4257
4260
4260
4264
4267
4270
4274
4275
4284
4287
4287
4288
4289
4294
4297
4298
4299
4302
4307
4308
4310
4313
4318
4322
4323
4326
4327
4327
4335
4341
4343
4346
4353
4357
4362
4363
4364
4369
4370
4371
4374
4375
4377
4389
4393
4393
4394
4396
4397
4398
4398
4406
4408
4410
4416
4420
4421
4426
4427
4429
4433
4434
4437
4440
4443
4447
4449
4451
4452
4462
4462
4464
4479
4481
4490
4493
4502
4506
4510
4516
4523
4533
4539
4541
4543
4544
4546
4547
4548
4549
4551
4551
4553
4553
4554
4556
4569
4572
4572
4574
4577
4579
4580
4583
4588
4589
4591
4592
4592
4593
4595
4598
4600
4602
4603
4603
4604
4605
4607
4611
4612
4615
4616
4617
4626
4626
4644
4650
4652
4658
4659
4662
4665
4665
4673
4676
4679
4681
4687
4692
4694
4694
4697
4701
4702
4703
4705
4705
4710
4711
4713
4717
4718
4724
4725
4726
4726
4727
4736
4736
4743
4744
4745
4746
4754
4757
4758
4761
4764
4767
4769
4770
4772
4777
4779
4782
4786
4787
4791
4795
4799
4801
4804
4804
4805
4806
4807
4809
4810
4812
4812
4817
4830
4831
4834
4834
4836
4836
4837
4842
4846
4856
4861
4861
4869
4871
4872
4873
4873
4881
4884
4884
4886
4901
4901
4908
4912
4912
4919
4920
4924
4927
4927
4935
4940
4941
4942
4949
4953
4956
4957
4966
4967
4968
4970
4974
4974
4980
4987
4988
4989
4995
5002
5004
5005
5006
5011
5011
5016
5018
5018
5021
5022
5024
5027
5030
5032
5039
5041
5050
5054
5056
5058
5064
5068
5070
5075
5081
5081
5088
5090
5095
5095
5096
5096
5102
5103
5107
5108
5109
5114
5115
5118
5125
5127
5129
5142
5145
5146
5152
5155
5164
5165
5166
5167
5168
5174
5177
5189
5192
5195
5196
5197
5202
5203
5205
5209
5212
5216
5219
5220
5220
5221
5221
5221
5221
5226
5227
5231
5231
5236
5238
5239
5246
5247
5255
5259
5261
5262
5262
5262
5263
5263
5265
5268
5269
5270
5284
5288
5301
5301
5307
5310
5333
5333
5335
5336
5337
5337
5337
5341
5343
5346
5348
5357
5369
5374
5375
5376
5384
5385
5385
5386
5390
5391
5393
5411
5418
5421
5425
5428
5429
5430
5430
5431
5434
5437
5439
5445
5445
5446
5446
5451
5452
5464
5469
5473
5477
5477
5478
5492
5501
5502
5504
5505
5508
5512
5513
5516
5518
5520
5522
5523
5527
5530
5535
5535
5539
5549
5549
5550
5552
5554
5554
5555
5556
5562
5564
5564
5566
5576
5577
5591
5594
5603
5604
5604
5607
5607
5611
5612
5615
5620
5621
5621
5630
5631
5642
5645
5646
5651
5651
5652
5654
5659
5664
5664
5664
5664
5676
5678
5684
5689
5689
5689
5691
5694
5702
5702
5703
5703
5705
5708
5724
5726
5734
5734
5736
5737
5740
5743
5745
5746
5746
5746
5750
5751
5754
5763
5763
5772
5775
5776
5776
5779
5779
5781
5782
5787
5788
5795
5801
5802
5804
5806
5822
5825
5835
5838
5843
5849
5850
5851
5851
5852
5853
5854
5855
5855
5863
5865
5865
5868
5868
5869
5871
5872
5873
5874
5875
5876
5879
5883
5888
5899
5905
5906
5919
5922
5922
5925
5927
5928
5930
5932
5935
5939
5944
5953
5953
5954
5956
5957
5957
5959
5961
5965
5967
5968
5975
5977
5980
5982
5994
5995
5995
5997
5998
5999
6003
6003
6003
6003
6007
6008
6015
6016
6018
6022
6025
6026
6027
6034
6035
6037
6041
6041
6044
6045
6045
6046
6048
6049
6051
6058
6069
6071
6072
6075
6075
6086
6086
6088
6090
6093
6095
6103
6105
6108
6113
6117
6118
6122
6124
6125
6127
6131
6132
6137
6143
6144
6155
6157
6160
6163
6163
6163
6164
6167
6167
6167
6173
6173
6173
6175
6176
6188
6190
6191
6191
6197
6198
6202
6203
6207
6207
6213
6216
6217
6217
6218
6219
6220
6220
6224
6229
6229
6233
6239
6252
6253
6255
6256
6258
6262
6265
6266
6269
6273
6275
6282
6290
6292
6295
6299
6301
6305
6307
6310
6323
6329
6331
6333
6336
6343
6349
6350
6357
6359
6365
6365
6370
6372
6376
6377
6382
6389
6401
6405
6407
6417
6423
6426
6431
6436
6439
6441
6446
6447
6447
6448
6451
6466
6468
6471
6473
6475
6476
6476
6478
6483
6489
6489
6500
6500
6507
6512
6513
6521
6523
6524
6530
6533
6540
6541
6545
6548
6548
6551
6552
6553
6554
6557
6559
6560
6560
6562
6563
6563
6566
6571
6573
6573
6576
6583
6586
6586
6589
6591
6595
6609
6613
6614
6620
6625
6625
6626
6630
6632
6634
6637
6638
6647
6647
6650
6658
6663
6671
6675
6678
6687
6690
6699
6706
6707
6709
6712
6713
6715
6722
6723
6734
6736
6737
6750
6755
6757
6758
6762
6769
6770
6771
6775
6778
6780
6782
6793
6796
6798
6816
6816
6820
6820
6823
6825
6827
6830
6831
6832
6832
6833
6834
6844
6848
6851
6854
6861
6866
6867
6871
6871
6872
6873
6875
6876
6880
6885
6893
6897
6900
6906
6907
6909
6914
6915
6923
6925
6925
6926
6939
6948
6950
6950
6954
6966
6974
6976
6977
6978
6979
6980
6986
6989
6990
6994
6994
6997
6999
6999
7002
7006
7006
7012
7018
7018
7031
7033
7033
7035
7040
7054
7062
7063
7063
7064
7070
7073
7083
7087
7090
7104
7113
7122
7128
7133
7140
7145
7146
7147
7148
7159
7172
7173
7173
7176
7183
7184
7187
7190
7194
7194
7199
7203
7206
7208
7209
7219
7219
7221
7222
7225
7226
7233
7235
7237
7241
7241
7243
7249
7253
7254
7256
7257
7264
7264
7264
7266
7267
7282
7286
7292
7294
7296
7297
7297
7298
7298
7310
7311
7311
7314
7317
7317
7319
7319
7327
7331
7334
7338
7340
7354
7363
7364
7366
7366
7373
7381
7382
7386
7393
7393
7394
7395
7398
7400
7400
7402
7407
7410
7411
7412
7415
7415
7422
7423
7424
7428
7432
7432
7433
7436
7436
7437
7439
7441
7444
7445
7447
7448
7450
7456
7458
7462
7465
7475
7477
7478
7481
7484
7485
7486
7488
7488
7490
7492
7497
7499
7501
7501
7503
7504
7505
7507
7507
7510
7514
7518
7519
7522
7528
7528
7533
7538
7538
7540
7540
7546
7553
7555
7557
7558
7559
7565
7566
7583
7585
7585
7589
7590
7595
7598
7599
7600
7602
7608
7613
7616
7618
7623
7627
7638
7642
7643
7646
7647
7650
7651
7654
7656
7666
7666
7666
7672
7676
7679
7687
7688
7692
7692
7694
7694
7698
7701
7702
7702
7708
7718
7724
7724
7733
7734
7743
7744
7752
7758
7761
7761
7766
7770
7771
7774
7774
7777
7781
7782
7782
7783
7793
7803
7811
7812
7815
7821
7822
7822
7835
7835
7844
7847
7850
7858
7865
7866
7867
7868
7870
7873
7882
7886
7888
7889
7890
7890
7892
7898
7900
7911
7912
7915
7917
7918
7920
7921
7928
7929
7938
7945
7946
7947
7949
7950
7954
7955
7959
7961
7964
7972
7981
7982
7999
8007
8010
8012
8016
8016
8017
8018
8018
8024
8026
8027
8043
8045
8050
8052
8053
8057
8065
8071
8075
8077
8079
8083
8085
8091
8094
8103
8106
8107
8107
8110
8112
8115
8116
8120
8121
8123
8124
8126
8126
8127
8127
8129
8130
8132
8138
8142
8142
8144
8147
8153
8158
8159
8164
8168
8168
8184
8193
8195
8199
8200
8207
8211
8212
8221
8226
8227
8228
8236
8238
8262
8269
8269
8271
8278
8283
8288
8293
8293
8298
8300
8303
8304
8309
8311
8312
8318
8324
8326
8327
8328
8329
8329
8333
8333
8333
8335
8340
8348
8351
8352
8354
8355
8362
8365
8366
8367
8370
8371
8372
8372
8373
8374
8376
8381
8381
8389
8390
8395
8405
8412
8416
8418
8426
8437
8437
8440
8447
8454
8454
8459
8461
8462
8462
8465
8466
8470
8473
8473
8474
8475
8478
8479
8485
8487
8498
8500
8506
8507
8513
8513
8516
8518
8522
8523
8526
8528
8529
8537
8550
8552
8559
8560
8560
8562
8567
8568
8577
8580
8581
8591
8592
8593
8597
8609
8609
8611
8612
8613
8614
8616
8617
8625
8632
8635
8635
8636
8640
8645
8649
8655
8659
8659
8666
8676
8683
8689
8694
8698
8700
8710
8713
8714
8719
8722
8726
8728
8728
8730
8732
8734
8741
8744
8750
8751
8752
8754
8765
8766
8776
8777
8777
8785
8787
8788
8790
8790
8796
8797
8807
8807
8812
8814
8818
8819
8822
8823
8828
8833
8835
8838
8839
8840
8842
8845
8847
8848
8850
8856
8864
8865
8867
8869
8870
8871
8873
8876
8878
8879
8881
8883
8885
8885
8886
8886
8889
8893
8894
8903
8904
8906
8914
8914
8914
8917
8922
8931
8932
8936
8939
8940
8944
8949
8950
8951
8960
8962
8965
8970
8973
8973
8974
8978
8980
8983
8990
8996
9011
9013
9016
9016
9026
9031
9033
9033
9035
9038
9038
9041
9050
9050
9051
9051
9058
9060
9065
9065
9067
9081
9083
9086
9087
9094
9097
9097
9101
9108
9110
9111
9115
9120
9120
9128
9130
9133
9145
9146
9148
9149
9149
9151
9152
9154
9158
9159
9162
9166
9169
9173
9178
9178
9180
9183
9184
9186
9187
9191
9193
9196
9215
9217
9218
9224
9224
9228
9238
9238
9239
9241
9245
9245
9250
9253
9263
9270
9279
9282
9289
9290
9290
9292
9293
9297
9300
9303
9304
9306
9306
9310
9316
9321
9326
9329
9338
9339
9340
9355
9357
9357
9368
9369
9378
9379
9382
9386
9387
9391
9391
9394
9395
9397
9399
9399
9401
9402
9407
9408
9412
9414
9414
9415
9419
9436
9436
9438
9438
9441
9445
9452
9459
9460
9465
9467
9469
9470
9479
9481
9484
9487
9487
9493
9496
9496
9499
9500
9501
9503
9504
9504
9506
9508
9508
9511
9521
9523
9525
9526
9530
9532
9533
9534
9541
9546
9549
9552
9552
9552
9553
9555
9557
9563
9563
9565
9568
9569
9569
9570
9570
9577
9584
9586
9589
9590
9595
9597
9599
9599
9601
9604
9609
9613
9626
9628
9630
9635
9638
9639
9640
9642
9644
9645
9652
9654
9669
9672
9676
9677
9680
9683
9686
9690
9693
9697
9720
9731
9739
9740
9744
9744
9747
9748
9750
9750
9752
9752
9759
9760
9760
9782
9783
9786
9787
9791
9791
9805
9805
9812
9812
9816
9816
9818
9821
9822
9825
9830
9831
9839
9841
9841
9842
9842
9845
9855
9863
9866
9888
9889
9893
9895
9900
9901
9907
9909
9912
9915
9921
9929
9931
9932
9934
9935
9936
9936
9936
9938
9939
9940
9942
9948
9951
9962
9975
9977
9977
9981
9981
9982
9983
9985
9985
9986
9987
9994
10000
10004
10005
10005
10010
10010
10012
10012
10014
10020
10026
10027
10030
10032
10033
10036
10043
10047
10055
10065
10066
10066
10070
10073
10078
10090
10091
10103
10105
10106
10108
10118
10124
10125
10126
10132
10136
10138
10139
10139
10140
10140
10144
10146
10148
10150
10155
10161
10162
10167
10174
10176
10180
10180
10181
10182
10184
10185
10188
10190
10193
10193
10200
10200
10202
10203
10204
10207
10208
10221
10229
10237
10241
10249
10250
10250
10251
10251
10263
10265
10276
10277
10280
10281
10281
10284
10289
10290
10299
10304
10304
10304
10306
10308
10308
10308
10313
10316
10316
10324
10325
10328
10335
10339
10343
10346
10350
10351
10352
10353
10356
10358
10362
10363
10372
10377
10382
10384
10393
10395
10404
10409
10409
10413
10413
10415
10415
10416
10417
10417
10420
10424
10429
10429
10432
10432
10435
10436
10437
10439
10440
10444
10444
10451
10454
10457
10460
10461
10463
10467
10470
10471
10475
10478
10479
10481
10482
10489
10490
10490
10493
10495
10497
10498
10499
10501
10503
10503
10505
10506
10508
10511
10511
10517
10522
10524
10524
10525
10525
10529
10530
10534
10537
10538
10542
10549
10552
10554
10559
10563
10576
10576
10583
10588
10593
10603
10604
10607
10610
10614
10617
10618
10651
10653
10655
10658
10660
10664
10670
10671
10680
10680
10680
10683
10692
10701
10704
10705
10710
10710
10716
10726
10731
10732
10735
10737
10740
10743
10744
10750
10750
10751
10758
10759
10760
10765
10768
10778
10782
10783
10786
10788
10789
10793
10794
10796
10808
10808
10810
10811
10819
10821
10835
10835
10837
10838
10839
10839
10846
10853
10853
10858
10860
10866
10868
10874
10875
10875
10877
10881
10887
10888
10894
10896
10901
10903
10905
10911
10914
10916
10923
10925
10926
10927
10935
10935
10938
10939
10941
10943
10945
10954
10958
10959
10966
10970
10971
10974
10974
10978
10992
11000
11004
11007
11007
11015
11020
11022
11023
11025
11028
11032
11033
11034
11036
11050
11059
11059
11061
11064
11065
11067
11069
11072
11072
11080
11080
11087
11087
11092
11094
11094
11095
11096
11098
11099
11101
11102
11104
11106
11107
11113
11117
11119
11125
11125
11129
11135
11136
11142
11155
11156
11156
11162
11163
11177
11179
11180
11182
11187
11192
11193
11196
11196
11203
11208
11212
11215
11220
11223
11223
11226
11228
11232
11233
11237
11241
11241
11245
11257
11258
11258
11263
11278
11278
11282
11283
11284
11285
11285
11294
11303
11305
11311
11316
11317
11320
11329
11338
11339
11343
11347
11348
11350
11352
11355
11358
11361
11367
11371
11371
11374
11376
11382
11389
11390
11392
11413
11413
11415
11416
11417
11419
11419
11425
11429
11431
11432
11432
11433
11436
11444
11445
11445
11445
11446
11447
11463
11464
11466
11466
11467
11469
11473
11474
11475
11477
11478
11482
11487
11488
11489
11489
11490
11490
11490
11496
11497
11505
11505
11505
11506
11509
11509
11514
11518
11521
11521
11524
11524
11529
11530
11539
11551
11552
11555
11555
11556
11556
11558
11561
11562
11562
11565
11567
11570
11575
11578
11586
11586
11591
11591
11592
11597
11609
11616
11616
11621
11621
11622
11624
11625
11626
11629
11629
11631
11634
11635
11635
11635
11638
11638
11640
11640
11642
11642
11648
11654
11664
11668
11668
11669
11688
11693
11695
11698
11708
11721
11723
11728
11734
11735
11736
11738
11744
11746
11747
11751
11755
11758
11763
11765
11769
11771
11778
11782
11783
11785
11785
11787
11788
11793
11793
11795
11801
11804
11805
11815
11815
11823
11824
11830
11833
11837
11846
11849
11851
11860
11863
11863
11867
11873
11874
11874
11875
11882
11888
11890
11893
11912
11915
11917
11919
11920
11925
11926
11927
11930
11931
11932
11936
11945
11949
11954
11956
11958
11960
11964
11966
11966
11970
11975
11987
11987
11993
11993
11995
12003
12004
12004
12010
12012
12013
12017
12019
12023
12026
12026
12029
12030
12032
12043
12047
12064
12064
12073
12075
12078
12078
12081
12084
12086
12092
12093
12096
12098
12108
12111
12111
12115
12116
12126
12126
12126
12126
12130
12133
12135
12137
12138
12141
12142
12154
12179
12181
12182
12192
12195
12197
12197
12197
12201
12202
12205
12212
12213
12215
12220
12222
12225
12225
12227
12229
12232
12235
12241
12242
12248
12250
12252
12254
12255
12255
12260
12263
12265
12268
12270
12275
12279
12284
12293
12298
12299
12306
12307
12311
12313
12314
12316
12317
12321
12327
12328
12330
12333
12335
12340
12350
12354
12360
12360
12365
12367
12371
12373
12375
12377
12385
12391
12393
12397
12397
12406
12425
12429
12429
12431
12432
12436
12437
12438
12438
12441
12441
12442
12446
12452
12452
12460
12462
12463
12464
12472
12481
12482
12484
12486
12496
12498
12503
12506
12506
12514
12515
12516
12519
12525
12526
12528
12531
12535
12535
12537
12544
12544
12549
12550
12553
12554
12556
12558
12560
12561
12562
12563
12564
12568
12571
12571
12572
12573
12575
12578
12579
12584
12587
12589
12594
12595
12598
12604
12615
12619
12621
12623
12625
12627
12631
12634
12637
12642
12643
12643
12646
12646
12650
12652
12655
12657
12660
12662
12665
12672
12684
12686
12686
12687
12689
12691
12691
12695
12698
12699
12701
12701
12702
12702
12712
12712
12712
12717
12717
12725
12725
12725
12727
12731
12732
12736
12740
12744
12745
12755
12761
12762
12762
12762
12762
12766
12774
12780
12786
12787
12787
12788
12797
12798
12801
12804
12806
12806
12806
12808
12810
12811
12814
12815
12815
12816
12816
12818
12818
12819
12820
12821
12823
12824
12825
12833
12841
12841
12842
12846
12846
12848
12849
12858
12865
12883
12884
12887
12888
12894
12902
12903
12907
12908
12908
12915
12927
12931
12935
12937
12939
12941
12945
12945
12946
12953
12956
12956
12959
12960
12966
12970
12983
12983
12984
12994
12994
12995
12998
13000
13006
13008
13013
13015
13018
13023
13023
13024
13034
13036
13043
13044
13048
13048
13049
13049
13050
13052
13055
13061
13067
13068
13068
13075
13078
13082
13086
13091
13093
13093
13094
13107
13112
13113
13116
13116
13121
13122
13132
13133
13143
13145
13149
13150
13152
13158
13159
13159
13160
13161
13161
13167
13167
13169
13170
13170
13170
13171
13173
13173
13183
13184
13187
13188
13194
13196
13204
13206
13212
13212
13214
13217
13219
13220
13226
13230
13230
13231
13232
13233
13239
13241
13243
13251
13254
13259
13264
13266
13266
13268
13271
13272
13273
13283
13291
13293
13301
13301
13303
13304
13307
13310
13313
13328
13341
13349
13351
13355
13361
13364
13371
13372
13379
13383
13386
13388
13392
13395
13397
13401
13408
13409
13413
13416
13418
13431
13434
13435
13438
13438
13438
13445
13446
13447
13450
13452
13456
13458
13459
13461
13465
13465
13470
13479
13482
13484
13493
13495
13505
13512
13523
13525
13529
13532
13539
13545
13548
13555
13558
13561
13564
13564
13574
13584
13586
13590
13591
13593
13593
13605
13610
13610
13613
13623
13625
13631
13632
13635
13636
13642
13643
13645
13645
13649
13651
13660
13667
13667
13671
13673
13678
13678
13690
13692
13701
13701
13705
13705
13711
13712
13714
13723
13725
13726
13734
13740
13740
13741
13748
13748
13755
13755
13756
13762
13763
13764
13766
13767
13769
13777
13782
13782
13785
13786
13786
13788
13792
13792
13793
13797
13798
13799
13802
13812
13823
13831
13833
13833
13834
13836
13838
13839
13840
13840
13841
13841
13850
13854
13857
13868
13868
13869
13873
13876
13876
13878
13880
13883
13883
13884
13886
13886
13887
13890
13896
13898
13904
13904
13905
13911
13912
13917
13929
13931
13931
13938
13954
13958
13958
13962
13964
13967
13979
13980
13985
13989
13990
13991
13991
14003
14004
14013
14013
14020
14022
14034
14037
14043
14043
14044
14048
14051
14053
14061
14064
14069
14070
14072
14075
14080
14081
14085
14086
14086
14090
14096
14098
14102
14103
14106
14112
14113
14114
14116
14117
14118
14118
14127
14129
14130
14131
14138
14141
14144
14156
14170
14171
14175
14181
14187
14187
14187
14188
14191
14192
14199
14205
14212
14215
14218
14221
14221
14223
14225
14225
14228
14229
14230
14235
14236
14239
14243
14246
14248
14250
14254
14254
14256
14257
14273
14273
14273
14278
14283
14283
14284
14294
14298
14299
14299
14300
14301
14305
14307
14308
14317
14319
14321
14328
14331
14331
14341
14342
14343
14344
14349
14357
14362
14364
14367
14368
14368
14368
14369
14378
14378
14379
14380
14381
14381
14382
14392
14392
14393
14397
14397
14399
14402
14404
14410
14410
14412
14413
14415
14417
14421
14423
14439
14439
14450
14450
14460
14464
14466
14487
14493
14496
14503
14504
14515
14518
14522
14536
14537
14539
14541
14542
14548
14548
14550
14552
14557
14570
14570
14572
14577
14577
14578
14590
14590
14591
14592
14605
14607
14608
14608
14611
14612
14618
14618
14622
14625
14626
14629
14632
14633
14634
14634
14638
14639
14639
14641
14641
14645
14648
14651
14652
14655
14659
14663
14671
14673
14676
14677
14678
14686
14693
14693
14702
14713
14715
14717
14719
14722
14723
14723
14731
14736
14739
14742
14755
14756
14763
14765
14772
14774
14779
14788
14790
14793
14794
14795
14796
14797
14797
14807
14808
14809
14814
14822
14829
14835
14842
14846
14846
14850
14853
14853
14855
14858
14864
14866
14867
14869
14869
14871
14876
14876
14877
14882
14889
14892
14897
14903
14908
14908
14909
14912
14914
14916
14924
14926
14929
14930
14934
14936
14939
14942
14943
14944
14945
14947
14951
14955
14957
14957
14959
14963
14964
14966
14972
14972
14975
14981
14989
14991
14994
14996
15010
15011
15012
15013
15013
15015
15017
15023
15029
15034
15039
15039
15041
15045
15045
15064
15067
15070
15078
15080
15080
15087
15091
15095
15099
15099
15103
15104
15105
15106
15108
15110
15113
15113
15115
15115
15116
15118
15118
15121
15121
15125
15126
15129
15130
15135
15135
15138
15156
15157
15157
15160
15162
15171
15177
15177
15179
15181
15187
15187
15192
15193
15195
15197
15201
15202
15203
15207
15210
15211
15216
15216
15222
15224
15225
15227
15227
15229
15232
15237
15237
15245
15250
15251
15263
15263
15267
15268
15275
15277
15280
15285
15298
15303
15309
15309
15318
15325
15330
15332
15334
15335
15337
15341
15355
15356
15357
15360
15369
15370
15371
15373
15375
15381
15381
15384
15386
15397
15400
15406
15418
15419
15419
15424
15425
15426
15428
15430
15431
15433
15441
15450
15465
15466
15470
15473
15474
15476
15479
15479
15481
15485
15497
15498
15499
15503
15508
15510
15513
15516
15517
15518
15518
15521
15527
15532
15536
15537
15541
15541
15547
15548
15551
15566
15567
15570
15579
15584
15585
15590
15594
15605
15606
15607
15609
15611
15616
15623
15624
15626
15630
15636
15638
15641
15641
15642
15643
15644
15649
15663
15664
15665
15669
15676
15677
15678
15679
15685
15691
15692
15701
15711
15713
15725
15733
15743
15743
15745
15748
15753
15758
15758
15762
15764
15764
15767
15770
15773
15776
15779
15782
15782
15785
15786
15786
15789
15791
15796
15809
15811
15813
15815
15815
15817
15818
15821
15826
15827
15834
15834
15843
15848
15850
15852
15853
15861
15861
15867
15871
15871
15874
15876
15878
15879
15880
15881
15884
15886
15890
15903
15908
15909
15912
15920
15921
15922
15924
15924
15926
15927
15929
15932
15939
15939
15941
15942
15947
15951
15952
15954
15964
15968
15973
15976
15979
15988
15989
15997
16003
16010
16010
16014
16020
16025
16033
16036
16038
16046
16062
16068
16068
16075
16076
16079
16079
16081
16084
16088
16088
16090
16092
16092
16098
16098
16103
16110
16113
16114
16119
16125
16127
16131
16134
16135
16136
16137
16145
16155
16159
16159
16162
16172
16181
16181
16188
16188
16190
16195
16199
16200
16215
16217
16220
16221
16224
16225
16228
16234
16239
16240
16242
16242
16243
16245
16248
16250
16250
16252
16257
16263
16263
16272
16273
16275
16277
16292
16293
16297
16307
16307
16308
16310
16318
16321
16326
16329
16333
16335
16345
16346
16348
16350
16358
16371
16371
16383
16384
16397
16399
16403
16403
16413
16424
16426
16427
16431
16433
16436
16437
16445
16445
16446
16446
16447
16447
16450
16453
16454
16455
16470
16480
16480
16481
16482
16484
16485
16486
16489
16489
16494
16496
16498
16498
16501
16502
16503
16508
16512
16513
16514
16517
16520
16520
16522
16523
16525
16527
16530
16534
16534
16534
16539
16539
16541
16542
16544
16546
16551
16560
16561
16562
16566
16568
16569
16574
16578
16582
16584
16585
16593
16594
16600
16606
16608
16614
16616
16618
16618
16620
16621
16638
16641
16643
16646
16652
16654
16664
16667
16672
16676
16678
16682
16685
16688
16692
16692
16694
16699
16699
16700
16707
16709
16718
16720
16728
16730
16732
16740
16744
16748
16749
16751
16768
16770
16771
16772
16772
16772
16775
16777
16779
16779
16783
16786
16786
16790
16792
16795
16797
16797
16798
16799
16800
16801
16805
16819
16826
16828
16829
16836
16839
16839
16840
16842
16845
16846
16851
16860
16862
16866
16867
16867
16870
16871
16882
16882
16883
16894
16899
16900
16902
16904
16907
16910
16910
16915
16918
16934
16939
16940
16941
16943
16949
16949
16951
16952
16958
16963
16970
16973
16973
16975
16977
16983
16984
16990
16991
16994
16995
16997
16997
17003
17004
17007
17011
17017
17017
17017
17021
17021
17024
17024
17027
17029
17034
17040
17040
17046
17047
17048
17051
17053
17055
17056
17062
17066
17067
17072
17081
17083
17090
17093
17098
17118
17121
17122
17124
17125
17126
17126
17127
17131
17133
17133
17137
17137
17137
17140
17145
17156
17159
17166
17168
17173
17173
17175
17177
17181
17183
17184
17185
17187
17187
17192
17194
17196
17196
17200
17202
17202
17204
17204
17208
17209
17211
17211
17214
17225
17228
17229
17230
17233
17234
17235
17237
17240
17240
17244
17249
17249
17251
17253
17256
17256
17259
17264
17265
17265
17267
17268
17271
17272
17275
17277
17280
17293
17302
17312
17312
17313
17314
17318
17320
17323
17324
17324
17329
17330
17336
17337
17337
17342
17344
17345
17347
17352
17354
17355
17357
17360
17361
17362
17364
17364
17365
17372
17386
17388
17389
17390
17394
17399
17403
17405
17405
17405
17406
17407
17407
17408
17409
17413
17414
17416
17416
17423
17425
17427
17432
17434
17436
17440
17442
17445
17455
17456
17462
17463
17477
17483
17484
17485
17488
17492
17494
17497
17499
17502
17503
17505
17505
17507
17515
17517
17519
17523
17526
17527
17534
17536
17545
17546
17548
17548
17551
17553
17553
17555
17557
17559
17571
17573
17573
17575
17593
17597
17598
17600
17602
17603
17608
17611
17612
17612
17614
17618
17622
17632
17636
17636
17646
17646
17651
17651
17654
17657
17658
17659
17660
17668
17668
17671
17676
17678
17678
17678
17680
17680
17683
17685
17685
17688
17691
17700
17704
17710
17711
17711
17711
17713
17714
17718
17723
17726
17727
17727
17728
17731
17733
17742
17742
17743
17747
17749
17750
17750
17750
17754
17755
17759
17759
17770
17774
17781
17782
17786
17789
17791
17793
17799
17800
17800
17802
17807
17821
17822
17824
17826
17830
17837
17845
17848
17853
17855
17860
17861
17867
17868
17870
17871
17873
17874
17874
17876
17878
17888
17891
17895
17895
17899
17904
17907
17909
17910
17916
17923
17925
17926
17927
17929
17929
17930
17935
17938
17939
17951
17955
17957
17959
17961
17963
17970
17971
17972
17972
17978
17979
17992
17998
18000
18002
18004
18005
18005
18012
18014
18018
18027
18031
18035
18043
18047
18053
18058
18059
18070
18087
18095
18103
18104
18104
18115
18117
18119
18122
18125
18127
18129
18138
18140
18143
18147
18150
18152
18155
18158
18167
18173
18182
18187
18187
18188
18190
18196
18205
18207
18211
18212
18212
18213
18216
18235
18235
18237
18238
18245
18246
18246
18246
18252
18253
18260
18265
18269
18271
18275
18277
18277
18278
18285
18286
18289
18296
18301
18309
18310
18317
18319
18319
18320
18321
18324
18324
18329
18329
18336
18339
18342
18342
18348
18350
18354
18359
18359
18360
18361
18364
18364
18365
18376
18378
18393
18395
18403
18408
18416
18423
18429
18436
18443
18444
18444
18448
18450
18450
18450
18450
18453
18455
18459
18461
18461
18465
18466
18474
18480
18483
18486
18489
18489
18490
18493
18493
18495
18497
18500
18501
18503
18507
18510
18526
18530
18533
18543
18550
18551
18562
18562
18563
18564
18567
18567
18579
18579
18584
18586
18594
18601
18602
18606
18608
18608
18616
18636
18641
18642
18643
18643
18644
18648
18653
18654
18654
18665
18674
18677
18690
18690
18692
18695
18698
18699
18708
18709
18709
18713
18716
18716
18716
18716
18717
18724
18729
18735
18738
18741
18748
18752
18753
18756
18761
18762
18767
18771
18773
18777
18778
18789
18790
18792
18794
18795
18795
18799
18804
18809
18811
18817
18826
18828
18829
18839
18839
18841
18843
18844
18849
18849
18854
18855
18858
18860
18861
18865
18882
18885
18890
18891
18892
18899
18900
18904
18908
18910
18915
18917
18918
18926
18927
18929
18934
18935
18947
18951
18954
18956
18957
18957
18958
18960
18960
18960
18966
18971
18971
18975
18987
18988
18990
19000
19008
19009
19009
19009
19010
19011
19013
19014
19015
19018
19021
19025
19027
19028
19029
19035
19036
19036
19036
19039
19041
19042
19045
19049
19056
19060
19068
19072
19078
19079
19081
19081
19082
19089
19090
19093
19099
19104
19106
19109
19109
19114
19114
19119
19119
19119
19119
19122
19122
19130
19142
19144
19153
19157
19158
19161
19162
19162
19165
19169
19170
19172
19173
19175
19178
19185
19186
19189
19191
19192
19193
19195
19199
19208
19212
19213
19218
19222
19225
19233
19240
19245
19247
19251
19251
19252
19257
19265
19268
19268
19269
19276
19276
19279
19281
19283
19288
19289
19294
19299
19299
19307
19311
19313
19313
19314
19315
19317
19330
19336
19338
19339
19340
19345
19346
19356
19358
19361
19368
19372
19375
19378
19384
19386
19386
19395
19397
19404
19411
19414
19417
19418
19420
19421
19426
19431
19433
19434
19436
19441
19443
19446
19447
19448
19451
19452
19452
19452
19454
19455
19459
19460
19461
19462
19465
19467
19469
19472
19476
19478
19481
19482
19485
19490
19493
19494
19498
19500
19509
19510
19516
19521
19527
19528
19529
19542
19543
19546
19548
19551
19559
19560
19561
19563
19564
19564
19565
19565
19576
19577
19577
19578
19590
19594
19597
19602
19603
19604
19608
19614
19616
19621
19623
19627
19630
19633
19636
19640
19642
19646
19647
19650
19651
19653
19661
19661
19669
19672
19676
19682
19688
19689
19689
19693
19694
19702
19704
19707
19713
19714
19723
19723
19728
19729
19732
19732
19752
19752
19753
19754
19755
19758
19766
19768
19777
19787
19789
19800
19801
19808
19816
19816
19817
19822
19828
19831
19840
19840
19842
19845
19859
19861
19861
19862
19865
19868
19872
19876
19879
19882
19886
19892
19892
19894
19894
19896
19906
19907
19908
19909
19913
19913
19917
19928
19929
19929
19934
19937
19942
19945
19955
19956
19963
19964
19968
19970
19971
19975
19981
19982
19986
19991
19994
19997
19998
20001
20002
20006
20007
20007
20016
20018
20018
20018
20022
20022
20023
20026
20028
20031
20031
20038
20040
20042
20049
20051
20052
20057
20060
20060
20067
20068
20069
20072
20073
20074
20074
20083
20086
20087
20087
20087
20092
20092
20098
20104
20107
20110
20111
20117
20121
20122
20125
20129
20129
20137
20139
20140
20141
20147
20150
20155
20168
20179
20179
20181
20181
20184
20186
20187
20190
20190
20190
20197
20198
20198
20199
20203
20203
20216
20229
20230
20235
20236
20237
20237
20241
20243
20252
20252
20253
20254
20256
20262
20278
20279
20280
20280
20288
20290
20291
20293
20296
20296
20316
20318
20319
20322
20326
20330
20333
20333
20334
20337
20353
20354
20356
20358
20361
20361
20367
20381
20383
20385
20389
20392
20394
20401
20406
20407
20407
20410
20415
20417
20418
20428
20429
20434
20448
20448
20456
20457
20459
20459
20460
20467
20476
20478
20481
20485
20487
20487
20489
20498
20500
20504
20511
20513
20519
20520
20521
20522
20524
20525
20528
20529
20530
20537
20538
20539
20540
20540
20541
20549
20549
20552
20553
20559
20560
20561
20561
20562
20565
20566
20568
20571
20571
20573
20573
20575
20577
20577
20579
20581
20582
20591
20594
20595
20595
20596
20599
20601
20602
20603
20619
20621
20622
20627
20628
20629
20634
20635
20637
20637
20638
20639
20643
20643
20644
20644
20649
20654
20656
20660
20662
20663
20666
20671
20671
20682
20688
20695
20696
20700
20701
20704
20708
20710
20720
20734
20737
20737
20747
20749
20760
20762
20765
20775
20776
20778
20779
20782
20783
20785
20786
20788
20789
20793
20797
20804
20804
20805
20807
20810
20811
20818
20819
20820
20826
20828
20831
20838
20843
20843
20843
20844
20847
20848
20848
20857
20858
20862
20866
20867
20868
20871
20871
20874
20874
20887
20888
20892
20898
20901
20901
20906
20907
20913
20916
20921
20929
20930
20935
20943
20947
20948
20953
20954
20954
20958
20960
20968
20970
20972
20975
20978
20978
20980
20986
20986
20987
20996
20999
21002
21011
21012
21013
21022
21024
21026
21028
21028
21030
21031
21061
21062
21064
21076
21077
21077
21084
21086
21100
21101
21102
21104
21107
21108
21110
21112
21112
21119
21122
21122
21122
21123
21132
21133
21140
21155
21158
21163
21166
21167
21168
21169
21176
21179
21179
21194
21197
21198
21201
21202
21204
21206
21208
21213
21213
21216
21219
21219
21222
21227
21227
21227
21231
21232
21234
21239
21242
21246
21247
21247
21269
21270
21277
21278
21278
21292
21294
21296
21298
21299
21301
21302
21303
21305
21308
21311
21311
21311
21311
21314
21315
21323
21323
21335
21342
21349
21350
21350
21353
21360
21362
21362
21370
21372
21373
21380
21380
21380
21390
21394
21402
21409
21416
21418
21418
21423
21426
21428
21428
21429
21430
21430
21430
21433
21449
21453
21459
21459
21460
21460
21461
21461
21474
21474
21476
21476
21484
21486
21489
21490
21490
21492
21493
21496
21507
21509
21509
21514
21523
21526
21528
21530
21530
21534
21535
21538
21541
21546
21546
21548
21551
21554
21562
21563
21564
21582
21585
21586
21586
21591
21605
21608
21610
21612
21615
21618
21619
21623
21625
21625
21625
21625
21627
21628
21634
21638
21639
21641
21645
21645
21651
21653
21655
21655
21658
21661
21662
21665
21665
21669
21672
21673
21675
21675
21684
21689
21694
21696
21701
21703
21704
21705
21706
21706
21712
21720
21728
21728
21730
21735
21736
21737
21739
21740
21740
21748
21748
21750
21752
21758
21758
21769
21771
21775
21779
21786
21787
21791
21793
21797
21797
21801
21802
21806
21816
21817
21817
21818
21818
21818
21819
21825
21826
21830
21830
21832
21852
21859
21859
21873
21873
21876
21879
21884
21885
21885
21895
21909
21911
21912
21915
21915
21918
21919
21919
21924
21927
21927
21928
21936
21938
21941
21942
21944
21967
21967
21970
21970
21970
21970
21971
21972
21973
21974
21974
21975
21975
21978
21979
21983
21988
21990
21996
21997
22002
22007
22008
22014
22016
22019
22036
22037
22038
22040
22042
22043
22043
22046
22049
22049
22060
22063
22064
22065
22068
22070
22077
22083
22089
22100
22104
22110
22112
22112
22116
22120
22124
22124
22133
22133
22137
22137
22138
22140
22140
22140
22142
22148
22151
22151
22153
22154
22175
22179
22182
22184
22185
22186
22189
22193
22206
22209
22210
22213
22213
22214
22215
22219
22225
22229
22231
22236
22236
22240
22250
22253
22259
22259
22260
22277
22277
22281
22281
22287
22288
22288
22299
22299
22305
22305
22313
22318
22319
22319
22320
22321
22323
22327
22330
22344
22344
22350
22350
22356
22357
22362
22371
22374
22375
22377
22377
22379
22381
22381
22382
22385
22393
22400
22400
22411
22414
22418
22419
22421
22421
22424
22430
22430
22431
22434
22437
22437
22441
22442
22443
22449
22451
22451
22452
22454
22455
22457
22462
22463
22474
22475
22479
22479
22483
22483
22485
22502
22505
22506
22506
22508
22510
22523
22524
22526
22527
22529
22530
22533
22534
22535
22542
22556
22556
22556
22556
22562
22578
22591
22593
22597
22607
22609
22610
22613
22613
22616
22618
22619
22621
22621
22624
22625
22627
22627
22627
22648
22654
22655
22661
22672
22673
22673
22673
22680
22680
22681
22682
22683
22683
22684
22686
22689
22689
22691
22694
22695
22714
22715
22717
22722
22727
22729
22731
22743
22743
22758
22759
22760
22761
22765
22765
22770
22775
22776
22776
22778
22778
22778
22782
22783
22786
22788
22792
22799
22804
22804
22807
22812
22813
22815
22818
22822
22825
22828
22829
22829
22831
22833
22843
22850
22851
22853
22854
22859
22865
22873
22879
22880
22884
22892
22895
22898
22903
22905
22909
22912
22913
22915
22916
22918
22923
22927
22928
22931
22934
22935
22937
22941
22941
22942
22948
22949
22951
22952
22959
22963
22965
22966
22977
22977
22977
22983
22984
22989
22996
23002
23007
23010
23011
23011
23011
23012
23025
23027
23032
23049
23051
23054
23054
23056
23058
23059
23062
23063
23066
23067
23075
23077
23077
23081
23081
23083
23093
23097
23097
23099
23099
23101
23105
23107
23109
23112
23113
23120
23121
23127
23130
23131
23132
23133
23133
23134
23136
23149
23150
23153
23154
23157
23158
23165
23165
23165
23173
23173
23186
23187
23187
23187
23189
23194
23194
23196
23200
23202
23205
23207
23213
23214
23214
23217
23228
23231
23237
23241
23244
23250
23254
23257
23263
23263
23265
23268
23271
23274
23276
23282
23287
23288
23290
23298
23300
23304
23308
23311
23312
23317
23317
23321
23326
23326
23330
23330
23332
23335
23338
23339
23340
23350
23352
23353
23361
23364
23365
23365
23366
23370
23373
23373
23373
23382
23394
23399
23399
23403
23403
23406
23407
23408
23417
23419
23420
23420
23424
23429
23431
23432
23433
23434
23438
23438
23442
23446
23447
23450
23450
23450
23456
23460
23462
23463
23467
23468
23470
23471
23476
23476
23479
23482
23489
23506
23514
23514
23519
23525
23525
23526
23526
23529
23536
23538
23539
23546
23552
23558
23559
23560
23561
23563
23565
23565
23566
23567
23569
23571
23571
23572
23577
23578
23579
23582
23585
23587
23588
23591
23594
23595
23602
23604
23605
23605
23612
23613
23619
23626
23627
23627
23629
23632
23633
23633
23646
23650
23652
23666
23671
23677
23678
23680
23685
23696
23697
23704
23704
23705
23711
23714
23719
23721
23721
23723
23728
23730
23731
23732
23735
23741
23741
23749
23756
23756
23760
23760
23762
23768
23769
23769
23776
23784
23793
23794
23797
23798
23802
23808
23808
23813
23814
23816
23823
23828
23829
23837
23837
23837
23840
23843
23848
23849
23853
23856
23858
23863
23865
23867
23867
23868
23868
23874
23875
23883
23885
23887
23887
23888
23891
23891
23892
23892
23893
23893
23895
23901
23904
23910
23919
23919
23923
23925
23927
23929
23931
23931
23932
23932
23934
23937
23941
23943
23944
23945
23945
23955
23957
23961
23961
23962
23963
23966
23970
23974
23975
23980
23982
23984
23990
23994
23999
24003
24006
24008
24008
24015
24016
24017
24023
24029
24038
24038
24039
24041
24045
24054
24054
24055
24056
24061
24065
24068
24074
24084
24085
24092
24095
24095
24096
24106
24117
24123
24124
24124
24126
24127
24129
24132
24139
24142
24153
24154
24159
24169
24174
24174
24176
24177
24180
24183
24187
24188
24190
24193
24195
24207
24207
24213
24213
24215
24215
24217
24223
24224
24225
24226
24234
24236
24238
24241
24241
24244
24244
24245
24248
24249
24249
24253
24255
24264
24264
24265
24267
24271
24280
24281
24289
24293
24297
24299
24305
24312
24313
24314
24316
24317
24317
24318
24322
24332
24337
24339
24339
24343
24349
24358
24358
24362
24366
24371
24374
24377
24377
24380
24383
24396
24397
24403
24410
24413
24415
24420
24420
24421
24426
24427
24431
24435
24449
24450
24451
24452
24455
24456
24457
24464
24472
24473
24476
24476
24478
24481
24485
24495
24496
24496
24500
24507
24508
24509
24512
24512
24517
24518
24521
24527
24528
24530
24535
24538
24545
24545
24551
24555
24557
24565
24573
24573
24576
24577
24579
24580
24583
24585
24585
24594
24595
24595
24599
24607
24611
24614
24615
24621
24623
24627
24634
24637
24639
24645
24645
24647
24648
24653
24658
24658
24662
24664
24670
24688
24690
24690
24690
24690
24693
24694
24705
24716
24716
24716
24734
24734
24737
24738
24739
24742
24743
24743
24744
24745
24749
24758
24761
24763
24780
24781
24782
24783
24787
24789
24790
24801
24802
24803
24804
24804
24804
24804
24810
24815
24817
24818
24821
24823
24831
24833
24833
24835
24835
24837
24838
24849
24855
24855
24864
24865
24866
24866
24868
24869
24871
24875
24876
24880
24880
24880
24890
24892
24893
24897
24906
24909
24910
24912
24917
24918
24922
24925
24927
24927
24931
24939
24942
24945
24945
24950
24959
24966
24972
24984
24986
24988
24988
24992
24995
24998
25001
25009
25027
25033
25034
25043
25052
25056
25065
25065
25067
25068
25070
25072
25073
25077
25077
25078
25081
25082
25085
25086
25089
25095
25103
25104
25105
25109
25118
25121
25127
25132
25136
25139
25139
25140
25141
25143
25145
25147
25149
25152
25160
25162
25173
25175
25176
25178
25189
25196
25196
25197
25203
25204
25210
25210
25215
25216
25216
25232
25233
25235
25237
25240
25242
25243
25246
25248
25248
25250
25250
25253
25259
25265
25269
25271
25277
25281
25299
25302
25302
25302
25303
25305
25311
25311
25312
25316
25322
25324
25332
25348
25354
25357
25357
25364
25366
25370
25371
25372
25372
25377
25379
25381
25384
25389
25389
25391
25395
25401
25401
25405
25410
25411
25412
25419
25421
25425
25425
25428
25433
25433
25435
25440
25443
25443
25449
25451
25452
25452
25464
25469
25470
25471
25474
25478
25478
25479
25479
25480
25483
25485
25488
25493
25499
25500
25507
25507
25513
25514
25515
25516
25518
25523
25527
25534
25537
25540
25543
25544
25547
25551
25555
25556
25562
25563
25563
25565
25566
25567
25568
25571
25580
25580
25583
25586
25591
25594
25594
25599
25601
25609
25610
25611
25611
25611
25620
25621
25623
25626
25627
25629
25632
25633
25637
25645
25647
25650
25653
25653
25658
25658
25660
25661
25664
25665
25670
25671
25673
25675
25677
25678
25682
25682
25683
25684
25685
25686
25690
25692
25693
25694
25699
25701
25702
25705
25707
25708
25713
25716
25718
25722
25723
25724
25724
25725
25728
25730
25738
25739
25739
25741
25742
25743
25748
25751
25756
25757
25762
25767
25768
25776
25781
25782
25787
25789
25796
25797
25798
25799
25799
25802
25802
25803
25803
25809
25810
25810
25813
25819
25822
25824
25827
25830
25831
25831
25834
25836
25838
25843
25844
25849
25849
25857
25858
25862
25862
25863
25866
25869
25876
25876
25876
25877
25885
25891
25891
25897
25898
25899
25901
25902
25904
25904
25913
25914
25918
25919
25920
25927
25928
25931
25931
25937
25939
25950
25950
25950
25951
25955
25956
25959
25960
25968
25969
25970
25974
25979
25984
25985
25985
25986
25986
25992
25993
25995
25997
25999
26001
26002
26007
26007
26008
26009
26009
26010
26012
26014
26014
26015
26017
26020
26021
26021
26023
26028
26039
26045
26057
26063
26075
26075
26077
26092
26093
26093
26095
26099
26101
26109
26134
26137
26138
26140
26144
26150
26160
26165
26172
26185
26191
26195
26195
26199
26200
26200
26204
26206
26208
26209
26211
26238
26246
26246
26247
26247
26248
26250
26252
26256
26259
26259
26262
26263
26271
26280
26289
26292
26294
26295
26304
26304
26307
26310
26311
26316
26318
26324
26330
26333
26345
26345
26356
26360
26362
26363
26364
26367
26367
26367
26374
26380
26384
26385
26386
26388
26391
26395
26410
26415
26420
26421
26428
26428
26435
26437
26441
26441
26448
26450
26451
26453
26453
26455
26455
26455
26457
26458
26464
26468
26469
26476
26479
26484
26488
26491
26493
26495
26497
26518
26522
26522
26525
26530
26531
26532
26537
26539
26539
26544
26555
26559
26565
26567
26574
26580
26580
26584
26589
26592
26599
26604
26606
26611
26615
26616
26617
26618
26638
26639
26643
26647
26652
26660
26660
26662
26663
26664
26665
26666
26670
26673
26673
26675
26676
26680
26681
26682
26686
26686
26691
26701
26702
26702
26705
26713
26715
26715
26717
26718
26719
26722
26722
26722
26725
26726
26728
26729
26731
26738
26739
26742
26753
26753
26753
26755
26756
26758
26765
26771
26772
26778
26778
26779
26780
26782
26788
26789
26793
26795
26801
26802
26815
26823
26824
26828
26832
26842
26842
26844
26850
26850
26860
26862
26864
26866
26869
26871
26873
26878
26879
26881
26883
26884
26884
26889
26891
26891
26893
26897
26898
26906
26906
26909
26910
26916
26919
26924
26925
26930
26930
26939
26940
26941
26950
26951
26951
26954
26955
26964
26966
26978
26981
26983
26988
26989
26992
26994
27000
27004
27005
27008
27011
27013
27013
27014
27021
27023
27023
27023
27025
27027
27028
27029
27031
27037
27042
27042
27047
27058
27061
27061
27064
27066
27069
27073
27075
27076
27078
27079
27081
27081
27082
27087
27089
27119
27121
27122
27124
27128
27129
27130
27131
27132
27135
27136
27140
27141
27141
27144
27149
27152
27155
27160
27162
27163
27163
27169
27171
27178
27180
27185
27186
27188
27193
27195
27204
27208
27210
27213
27214
27214
27219
27220
27224
27227
27230
27231
27235
27245
27251
27256
27262
27264
27278
27278
27292
27293
27294
27299
27302
27306
27308
27312
27313
27314
27314
27320
27321
27322
27328
27330
27339
27353
27354
27365
27367
27371
27372
27374
27374
27377
27378
27380
27381
27382
27385
27386
27387
27392
27397
27399
27409
27412
27421
27422
27428
27430
27440
27443
27453
27454
27456
27456
27463
27464
27466
27472
27474
27475
27476
27482
27488
27491
27492
27501
27507
27509
27509
27515
27516
27523
27524
27526
27527
27528
27529
27532
27534
27536
27536
27541
27546
27553
27557
27558
27569
27571
27572
27572
27578
27588
27589
27590
27595
27597
27601
27601
27603
27612
27612
27614
27615
27617
27619
27620
27622
27625
27626
27629
27633
27635
27636
27641
27643
27648
27649
27658
27669
27670
27674
27685
27687
27691
27697
27699
27704
27705
27706
27708
27709
27709
27712
27716
27716
27717
27730
27736
27738
27739
27747
27749
27752
27753
27765
27767
27767
27772
27772
27777
27778
27784
27788
27788
27790
27792
27797
27797
27799
27800
27803
27803
27803
27805
27808
27808
27812
27812
27816
27816
27819
27821
27822
27825
27831
27832
27835
27843
27846
27847
27855
27860
27861
27867
27868
27870
27871
27871
27874
27875
27880
27887
27891
27892
27892
27898
27900
27905
27909
27909
27910
27916
27918
27923
27925
27925
27926
27933
27944
27947
27951
27953
27963
27965
27967
27972
27973
27973
27981
27983
27987
27987
27987
27987
27989
27989
27992
27993
28003
28005
28007
28009
28012
28012
28018
28024
28025
28026
28027
28029
28033
28034
28036
28040
28042
28051
28065
28066
28074
28080
28090
28096
28100
28100
28106
28106
28107
28110
28110
28112
28112
28113
28113
28115
28115
28119
28123
28130
28144
28147
28147
28148
28149
28151
28151
28154
28157
28162
28163
28164
28164
28169
28173
28174
28178
28183
28197
28199
28199
28208
28208
28213
28215
28217
28217
28221
28222
28223
28226
28229
28231
28231
28237
28243
28243
28244
28258
28259
28265
28265
28266
28271
28275
28276
28278
28278
28283
28286
28287
28288
28296
28296
28297
28304
28311
28311
28320
28325
28329
28331
28332
28338
28339
28343
28349
28350
28352
28369
28370
28373
28374
28375
28378
28379
28379
28380
28380
28382
28383
28388
28390
28396
28399
28403
28404
28414
28418
28425
28430
28431
28433
28434
28438
28443
28445
28454
28454
28455
28458
28459
28459
28466
28467
28468
28468
28478
28479
28479
28481
28482
28486
28486
28487
28488
28491
28492
28493
28496
28502
28503
28504
28506
28509
28516
28521
28530
28530
28532
28546
28549
28550
28559
28561
28561
28564
28566
28568
28574
28580
28588
28588
28596
28611
28611
28611
28618
28620
28623
28623
28627
28627
28633
28634
28634
28636
28647
28647
28654
28655
28655
28660
28666
28669
28673
28675
28676
28678
28681
28682
28682
28690
28691
28693
28695
28695
28697
28697
28698
28711
28713
28713
28714
28716
28718
28724
28740
28741
28756
28756
28757
28765
28778
28779
28780
28780
28786
28791
28794
28794
28801
28804
28809
28811
28811
28811
28816
28816
28825
28838
28838
28840
28841
28842
28843
28846
28851
28852
28854
28854
28856
28856
28857
28863
28864
28866
28869
28874
28885
28889
28894
28896
28897
28900
28901
28904
28909
28916
28920
28923
28936
28940
28941
28942
28944
28945
28947
28953
28955
28956
28960
28974
28974
28978
28979
28981
28988
28994
28995
28999
28999
29001
29001
29003
29009
29013
29015
29018
29021
29024
29027
29029
29031
29039
29041
29042
29043
29045
29045
29046
29047
29049
29053
29056
29057
29060
29060
29061
29065
29066
29066
29070
29079
29079
29085
29094
29096
29100
29117
29120
29134
29136
29140
29141
29143
29144
29148
29150
29150
29153
29157
29161
29171
29173
29182
29187
29187
29188
29192
29192
29195
29198
29199
29207
29207
29211
29212
29212
29216
29217
29219
29220
29228
29229
29230
29239
29246
29256
29258
29263
29263
29264
29266
29268
29270
29273
29278
29280
29281
29283
29284
29285
29286
29291
29296
29300
29301
29303
29303
29305
29305
29306
29306
29310
29316
29323
29324
29325
29326
29332
29333
29340
29345
29349
29354
29356
29359
29360
29361
29382
29385
29388
29395
29395
29397
29402
29422
29422
29423
29431
29432
29434
29434
29439
29439
29440
29441
29447
29456
29460
29465
29472
29473
29476
29479
29479
29485
29496
29497
29498
29508
29508
29508
29514
29523
29525
29528
29529
29532
29533
29534
29535
29537
29550
29556
29557
29559
29562
29562
29562
29567
29570
29571
29574
29575
29578
29579
29580
29584
29589
29595
29595
29596
29598
29599
29605
29606
29609
29610
29613
29616
29624
29624
29625
29627
29630
29631
29632
29633
29633
29636
29637
29638
29639
29643
29646
29650
29655
29656
29656
29667
29667
29670
29683
29697
29699
29700
29702
29706
29712
29716
29716
29716
29717
29719
29721
29721
29723
29726
29726
29741
29743
29745
29751
29754
29755
29758
29758
29758
29762
29764
29770
29771
29775
29779
29784
29789
29790
29799
29801
29804
29806
29807
29808
29813
29815
29815
29820
29825
29831
29833
29835
29836
29841
29843
29846
29847
29847
29849
29853
29856
29858
29859
29859
29860
29867
29868
29875
29878
29881
29882
29884
29886
29890
29896
29900
29908
29914
29918
29918
29920
29923
29923
29923
29925
29925
29927
29929
29930
29931
29932
29940
29940
29942
29944
29949
29961
29961
29964
29965
29969
29970
29971
29976
29977
29987
29990
29992
29994
29995
29998
30000
30008
30016
30023
30029
30031
30032
30032
30032
30035
30040
30049
30050
30051
30055
30055
30056
30056
30065
30066
30068
30069
30075
30083
30085
30085
30087
30087
30093
30094
30096
30102
30102
30103
30103
30104
30106
30109
30109
30122
30125
30126
30129
30133
30140
30141
30141
30149
30150
30150
30151
30152
30153
30154
30154
30157
30157
30161
30163
30170
30175
30175
30180
30181
30184
30184
30190
30192
30195
30197
30200
30200
30200
30202
30202
30207
30208
30221
30223
30232
30233
30235
30236
30240
30246
30246
30250
30253
30254
30256
30257
30263
30268
30272
30277
30278
30283
30289
30292
30292
30293
30299
30299
30301
30302
30305
30311
30313
30316
30319
30326
30327
30328
30332
30336
30336
30339
30348
30350
30370
30387
30388
30391
30392
30396
30409
30413
30420
30421
30428
30442
30443
30444
30453
30454
30458
30460
30467
30478
30479
30479
30483
30483
30494
30495
30500
30503
30507
30510
30510
30510
30512
30516
30522
30526
30528
30532
30532
30533
30536
30545
30546
30557
30559
30564
30567
30569
30577
30579
30583
30586
30593
30596
30599
30604
30609
30615
30616
30619
30619
30619
30619
30627
30631
30636
30637
30638
30638
30642
30647
30653
30658
30664
30675
30692
30692
30692
30693
30706
30709
30711
30712
30715
30719
30722
30727
30736
30740
30741
30747
30749
30749
30751
30755
30766
30766
30772
30778
30780
30780
30784
30785
30786
30786
30787
30787
30788
30799
30805
30815
30817
30825
30827
30832
30834
30835
30841
30844
30858
30859
30860
30862
30864
30866
30868
30877
30878
30879
30887
30892
30902
30905
30907
30907
30909
30910
30914
30915
30921
30932
30933
30935
30935
30939
30942
30947
30947
30953
30954
30955
30956
30959
30959
30961
30962
30963
30964
30965
30966
30969
30976
30979
30982
30991
31005
31020
31027
31036
31038
31038
31039
31045
31046
31048
31055
31067
31073
31085
31087
31088
31088
31090
31093
31099
31101
31126
31130
31133
31134
31138
31143
31149
31150
31155
31157
31162
31163
31167
31170
31174
31179
31189
31199
31200
31206
31209
31214
31215
31217
31218
31220
31222
31223
31225
31226
31227
31229
31231
31233
31236
31246
31246
31248
31252
31261
31262
31263
31269
31271
31272
31273
31274
31276
31276
31280
31283
31285
31297
31298
31303
31305
31306
31309
31312
31312
31313
31314
31315
31319
31322
31331
31334
31337
31341
31342
31350
31354
31356
31357
31357
31360
31361
31362
31364
31368
31370
31374
31382
31384
31391
31398
31401
31407
31410
31420
31421
31425
31425
31429
31434
31434
31440
31440
31441
31443
31449
31453
31455
31457
31458
31464
31467
31472
31472
31473
31476
31476
31477
31477
31484
31484
31484
31488
31510
31511
31512
31521
31521
31524
31529
31531
31532
31533
31534
31536
31542
31542
31543
31544
31544
31551
31556
31563
31564
31579
31579
31581
31582
31594
31595
31601
31604
31617
31621
31626
31627
31629
31630
31630
31630
31631
31632
31633
31643
31644
31644
31646
31649
31652
31657
31663
31670
31673
31674
31677
31687
31687
31687
31687
31691
31692
31697
31697
31703
31704
31704
31707
31712
31715
31716
31718
31723
31724
31727
31729
31732
31736
31736
31737
31738
31738
31748
31749
31749
31752
31755
31761
31766
31767
31770
31770
31770
31773
31776
31779
31779
31781
31790
31793
31794
31795
31795
31796
31806
31807
31810
31829
31829
31833
31836
31838
31840
31843
31843
31850
31851
31851
31852
31853
31854
31859
31862
31864
31864
31865
31868
31869
31870
31873
31874
31878
31879
31883
31890
31908
31913
31914
31916
31917
31919
31926
31929
31931
31933
31940
31940
31945
31946
31947
31950
31950
31951
31953
31963
31966
31974
31974
31975
31977
31979
31982
31982
31983
31984
31987
31992
31997
31999
32007
32009
32010
32014
32016
32025
32025
32027
32029
32032
32037
32039
32045
32046
32050
32051
32059
32063
32070
32081
32081
32081
32089
32092
32097
32100
32101
32103
32104
32106
32106
32113
32116
32120
32122
32123
32135
32141
32143
32144
32145
32146
32149
32150
32153
32156
32164
32169
32171
32171
32174
32193
32194
32195
32198
32199
32206
32206
32206
32211
32211
32213
32217
32220
32221
32222
32222
32224
32226
32226
32233
32233
32237
32237
32238
32240
32243
32247
32247
32247
32258
32264
32266
32266
32267
32272
32279
32281
32286
32286
32287
32287
32288
32289
32291
32302
32304
32316
32318
32319
32331
32331
32331
32334
32337
32340
32346
32348
32350
32354
32356
32356
32359
32360
32367
32370
32372
32377
32377
32380
32382
32382
32384
32386
32391
32400
32400
32401
32403
32403
32412
32415
32416
32420
32423
32426
32428
32432
32434
32444
32455
32457
32465
32468
32470
32471
32475
32479
32481
32482
32488
32494
32497
32499
32501
32502
32503
32504
32505
32508
32512
32514
32515
32518
32520
32524
32525
32528
32529
32530
32536
32542
32543
32546
32546
32547
32548
32551
32552
32557
32558
32561
32562
32564
32567
32568
32574
32575
32580
32581
32590
32592
32596
32596
32597
32600
32601
32603
32608
32609
32610
32612
32614
32615
32616
32618
32638
32638
32640
32643
32646
32654
32654
32656
32660
32660
32670
32671
32671
32672
32673
32675
32675
32680
32682
32682
32691
32692
32700
32700
32701
32701
32702
32707
32711
32713
32718
32723
32724
32725
32725
32731
32731
32733
32737
32737
32738
32744
32749
32751
32756
32759
32760
32763
32764
32765
32765
32766
