32719
32693
32679
32660
32616
32477
32303
32291
32247
32205
32111
32101
32093
32030
32025
32024
32020
31964
31960
31957
31936
31870
31854
31827
31775
31774
31733
31701
31698
31691
31623
31600
31572
31549
31494
31487
31456
31453
31412
31408
31402
31398
31364
31314
31291
31240
31192
31177
31077
31052
31032
30995
30971
30930
30889
30833
30799
30751
30727
30688
30583
30579
30511
30505
30455
30450
30385
30383
30381
30359
30298
30190
30133
30044
30044
30001
29984
29965
29945
29929
29889
29881
29846
29841
29824
29804
29802
29802
29716
29697
29694
29682
29672
29672
29656
29630
29619
29611
29610
29575
29538
29527
29499
29490
29483
29372
29369
29346
29345
29294
29217
29096
29046
29035
29031
29030
28992
28941
28890
28867
28799
28783
28778
28776
28729
28699
28626
28625
28605
28563
28498
28473
28357
28338
28337
28264
28249
28219
28191
28161
28155
28124
28102
28068
28063
28045
28028
28017
27993
27977
27937
27901
27883
27837
27817
27783
27608
27595
27560
27504
27477
27419
27410
27377
27371
27362
27359
27357
27317
27253
27223
27186
27178
27124
27104
27097
27066
27034
26910
26906
26854
26836
26777
26775
26755
26628
26624
26613
26559
26526
26488
26391
26381
26255
26216
26207
26204
26203
26189
26178
26133
26092
26019
25996
25971
25958
25862
25823
25779
25738
25687
25675
25642
25574
25556
25554
25444
25294
25283
25268
25253
25201
25199
25198
25192
25175
25171
25158
25098
25070
25060
25047
25043
25042
25025
25010
24907
24888
24853
24816
24800
24733
24700
24700
24630
24599
24572
24535
24475
24445
24332
24309
24306
24268
24238
24160
24135
24099
24035
23974
23939
23937
23929
23928
23832
23827
23775
23766
23744
23731
23729
23725
23708
23622
23523
23523
23504
23487
23471
23457
23436
23412
23411
23374
23264
23230
23141
23123
23109
22978
22959
22959
22945
22931
22913
22910
22829
22813
22746
22732
22677
22649
22631
22534
22508
22494
22438
22424
22418
22335
22332
22313
22303
22295
22223
22175
22167
22135
22095
22089
22086
22076
22063
22054
22037
22010
21995
21989
21972
21949
21938
21926
21910
21881
21873
21817
21770
21693
21679
21623
21620
21605
21589
21549
21547
21520
21511
21411
21410
21410
21390
21380
21374
21310
21164
21155
21154
21124
21110
21088
21069
21039
20999
20991
20930
20916
20916
20915
20912
20904
20896
20836
20745
20731
20690
20657
20657
20653
20631
20617
20477
20476
20435
20423
20397
20375
20289
20224
20179
20167
20126
20062
20001
19861
19839
19671
19645
19641
19640
19573
19566
19544
19476
19470
19460
19453
19367
19317
19311
19152
19105
19082
19080
19079
19077
19048
19028
18999
18999
18955
18902
18899
18894
18824
18720
18672
18621
18596
18585
18579
18561
18473
18459
18434
18423
18423
18371
18333
18290
18268
18251
18226
18162
18161
18075
18072
17920
17894
17803
17773
17733
17674
17669
17607
17601
17589
17585
17568
17560
17456
17441
17428
17411
17271
17203
17199
17196
17117
16979
16950
16932
16870
16739
16737
16729
16712
16690
16666
16575
16537
16421
16421
16419
16369
16349
16327
16296
16264
16255
16247
16236
16211
16194
16190
16165
16162
16122
16038
15996
15988
15973
15959
15947
15942
15900
15891
15887
15841
15810
15716
15687
15628
15619
15593
15576
15573
15531
15501
15393
15367
15338
15324
15277
15276
15239
15207
15169
15069
15065
15048
15007
14950
14919
14874
14867
14852
14781
14773
14755
14677
14646
14645
14638
14633
14577
14465
14454
14449
14443
14398
14389
14383
14375
14304
14298
14272
14230
14220
14131
13958
13927
13924
13873
13872
13857
13833
13817
13760
13742
13736
13715
13698
13698
13684
13583
13576
13576
13518
13495
13487
13471
13367
13328
13326
13292
13284
13225
13149
13136
13104
13078
13061
13039
13014
12988
12962
12871
12851
12751
12743
12733
12607
12579
12563
12509
12464
12437
12430
12408
12350
12273
12251
12243
12240
12177
11985
11969
11841
11821
11809
11758
11749
11748
11697
11626
11590
11566
11542
11517
11494
11487
11487
11486
11484
11467
11454
11440
11407
11318
11297
11280
11266
11192
11131
10990
10985
10976
10912
10901
10888
10869
10819
10819
10804
10796
10794
10793
10721
10698
10671
10656
10645
10619
10616
10600
10584
10508
10503
10470
10428
10388
10385
10262
10260
10252
10251
10208
10183
10173
10140
10049
10032
9962
9954
9900
9880
9825
9823
9766
9685
9630
9629
9593
9583
9521
9454
9426
9317
9253
9250
9230
9217
9182
9171
9022
8985
8938
8928
8926
8911
8835
8805
8772
8755
8745
8740
8694
8667
8664
8608
8590
8552
8534
8499
8484
8336
8306
8253
8240
8227
8188
8164
8131
8112
8093
7998
7994
7984
7851
7769
7719
7710
7620
7577
7535
7535
7516
7506
7494
7488
7478
7460
7449
7400
7386
7386
7366
7344
7258
7221
7045
7000
6990
6970
6961
6934
6921
6872
6868
6830
6816
6804
6796
6783
6757
6729
6695
6658
6654
6640
6622
6465
6375
6322
6290
6285
6271
6247
6238
6221
6215
6215
6215
6206
6180
6138
6115
6097
6067
6008
6003
5992
5951
5951
5900
5828
5800
5795
5790
5756
5748
5744
5737
5709
5587
5576
5532
5515
5461
5451
5439
5428
5426
5409
5370
5315
5314
5300
5227
5164
5157
5156
5156
5145
5033
4964
4906
4794
4788
4776
4776
4765
4699
4672
4626
4612
4584
4536
4517
4427
4389
4377
4318
4305
4295
4293
4231
4229
4206
4101
4058
4002
3972
3963
3950
3832
3734
3719
3612
3606
3604
3515
3496
3470
3386
3384
3359
3346
3346
3302
3273
3202
3165
3130
3090
3084
3063
3042
3022
2959
2834
2809
2805
2794
2778
2745
2726
2725
2668
2664
2633
2585
2574
2572
2571
2478
2477
2473
2387
2375
2373
2360
2356
2354
2319
2307
2305
2257
2244
2219
2215
2113
2001
1996
1965
1942
1942
1926
1914
1886
1882
1841
1804
1791
1765
1713
1696
1668
1667
1665
1655
1629
1583
1527
1525
1519
1500
1494
1488
1459
1454
1450
1445
1436
1402
1361
1293
1272
1232
1192
1161
1147
1135
1133
1103
1046
1043
1024
1023
996
945
833
793
771
769
721
699
680
660
632
616
577
493
477
460
456
429
403
389
387
332
246
238
212
149
136
92
62
37
