20273
10085
17474
25084
14386
32590
23785
23369
13032
18280
20851
12809
16310
686
17125
19369
20992
8095
23226
7409
23486
2782
16199
9219
1474
20361
25328
1556
8393
24921
6669
19687
6979
27774
9114
14
2018
18232
4257
5600
229
24885
13927
30777
29729
19629
5977
6388
9172
15679
28340
21033
26665
6282
19191
3623
32139
29836
25354
29488
27562
8122
4651
3831
20814
3811
9885
15834
8414
19653
28431
18911
6575
18284
13005
32112
2574
5966
168
9687
9740
7208
166
16760
32524
2966
13418
21968
26637
19829
21090
10545
21176
16889
10163
23610
28969
19853
11492
7960
10365
18030
14668
32384
8224
8198
316
1128
31187
28681
19181
10376
32384
10577
1576
19604
19389
10362
12984
16438
20002
28221
16783
2253
5195
9101
23738
26856
18092
17267
16902
25472
20503
1706
7280
14073
782
27898
2126
3031
18378
85
11838
21312
7944
11699
8402
4406
1430
20397
26872
3729
1185
18139
27946
11965
31419
15343
8027
25913
27055
26510
7581
1739
21765
31730
12690
29315
32084
3136
23193
20086
1098
3498
20148
21560
17788
20036
7739
26902
28654
32167
26178
32280
11362
9032
15819
29626
23649
7830
18860
32100
15882
3285
9023
16559
157
12477
32203
11350
5575
14289
14005
17150
19371
31105
15462
21926
31669
3071
30715
27116
23069
19169
9648
18437
12861
11131
18442
27770
7060
31482
8646
22947
29590
25153
25220
1252
10297
19331
29235
23467
8000
1445
1852
7205
17990
16721
29550
32195
6025
17370
21420
25968
8060
27602
3672
8590
20235
25453
19582
27062
9900
7316
22977
7724
1578
29385
5894
804
11568
3773
27618
29624
14488
26547
25284
18596
10353
32402
23522
28359
15058
11981
740
26970
10081
12531
29523
15341
1954
11029
14272
30758
30721
27355
4020
27449
15774
9573
10331
10022
31962
22755
13295
25526
19621
11251
3045
29491
12934
26301
18906
18154
21351
25040
828
16225
25894
1723
5048
17496
11484
15979
8807
24706
5611
26952
19896
23808
11722
15630
10779
6306
4240
9324
32627
5853
4673
31838
28985
650
12508
19274
32111
8292
6944
19932
32332
27967
22562
30115
6817
25609
23440
13672
20749
10114
4803
14162
2532
3003
13958
22715
23520
15184
28072
2000
28549
29796
3140
24299
11606
6497
31691
6576
8889
4461
6102
16361
18859
13483
2989
8738
7971
16438
31894
1028
13383
3550
3295
4210
9810
2976
939
29541
10560
12007
9596
13704
4414
24453
2436
13714
1749
5744
30635
23399
20944
11324
7008
24814
26354
4956
5920
19632
9305
31256
17607
31286
26800
4174
11929
19487
28952
27880
3343
25603
10708
20257
21859
31755
23990
14199
9434
15948
28749
5231
5333
13800
3787
32523
17301
13795
952
17164
7633
20934
6489
12008
13562
17398
14046
26505
11848
24017
9294
15308
5772
23950
8499
13236
9909
17873
14853
22386
17695
4881
2135
27157
20383
27306
18883
5137
31311
8129
31127
14705
20250
10715
22844
30684
6662
26941
4970
2121
20037
21761
26126
130
12281
28413
32502
12378
20170
6483
30530
5805
7466
10712
6539
10780
12387
22310
24272
29061
30054
23423
20005
10309
26194
26984
11034
27181
3269
19970
7916
9029
23782
23847
18542
16195
13615
840
24245
21705
3835
6409
21126
18530
11219
21657
6784
9019
19320
29907
5642
6561
14000
534
13050
32062
10961
16612
16906
5907
29198
12861
9723
9524
13445
15801
18823
30791
19972
24936
2056
27834
13471
874
29929
15303
15346
16717
11728
24617
16694
22825
9096
2715
3078
2173
1456
25109
28655
31944
15653
3014
31418
12775
8496
14032
15224
23090
21360
10182
28242
11349
28294
32742
6414
13038
29570
15382
25696
31211
8721
10144
15862
13729
10083
16045
3905
16301
20445
15491
5381
1419
10115
20862
9119
17656
13603
15567
25625
12807
15426
17912
22000
25349
12744
20995
8608
7694
20330
4229
2035
25708
29147
31830
31246
22451
11698
11277
9784
21661
18202
11838
1385
24486
30779
28019
13719
16231
12908
22507
11456
24755
17941
18196
4278
24691
7525
25290
16301
22337
30137
31821
21893
17095
17351
7428
14808
10454
11918
17652
707
20549
19710
5375
14453
11152
4711
24796
17785
20780
5538
25818
8131
7595
7937
6996
30332
23444
10487
28147
28813
3328
16263
16039
18413
13044
27245
1123
19883
11906
3599
30619
8891
6046
28450
2686
12672
9665
17692
10483
13341
1600
1885
31829
21372
15465
24861
12015
11034
26466
30740
27446
15769
2498
29163
4809
9732
12012
25701
26921
4575
2608
7245
11832
20470
27552
26398
25715
32738
9906
19317
16111
11867
18074
23607
29461
27201
11365
4738
27165
7785
29397
23124
3659
15400
13312
15869
12268
672
3239
23622
15887
28365
31063
5471
20228
8270
26945
6794
13462
16116
8922
19592
6151
11532
22066
5318
22992
4716
30997
9543
12565
3136
18660
19281
18154
3474
3633
16599
18760
15515
32284
10409
12749
22731
21871
8542
15415
30106
2428
6909
18591
5644
10930
23406
9589
29959
21762
23971
32063
1620
18932
30597
25617
31863
4231
29345
16587
24367
14029
911
3605
32459
4419
19494
12059
20531
5105
21601
21513
32178
8518
9744
10821
14468
27313
30526
21615
5924
16127
3942
26138
3154
25207
21332
24391
17126
19639
9180
25509
27223
26701
31550
10635
16394
12309
30036
23729
24924
18005
11906
28850
12910
24985
9562
8002
26035
11088
2833
3631
28731
27683
11942
22809
30396
8729
28364
31472
32613
23660
24220
21298
29795
31016
2300
17122
17199
8329
32461
7495
9374
6674
7127
26730
22950
22381
11892
10573
26865
20742
28159
14315
10532
4197
27644
22260
9196
1103
27652
2885
7629
31388
20087
28457
20138
23511
31200
32082
5907
1175
28454
3989
15953
22688
29816
3433
1331
27577
758
1565
6551
23627
25376
13020
14007
15294
9215
7266
32313
8339
22805
24700
22004
15937
19206
21313
22148
7889
1795
30738
5772
23096
30970
3667
24270
26488
31871
11750
4844
25461
4216
12140
23291
27032
6539
23611
22989
23077
24393
8733
31739
10845
12311
18126
11188
6739
22496
22324
30025
27791
21884
20060
26740
31588
31455
12345
17003
18449
25602
5147
11433
24474
28817
23280
7287
12644
11353
3390
7997
13203
21104
7388
8074
28964
22305
1651
28388
24009
9374
3768
8273
2952
30309
5991
32674
7698
32622
18430
12674
6116
18201
1599
18498
23839
26842
31331
22882
2088
8866
6942
24543
27647
24076
32087
30527
24672
8268
25507
15197
13212
3288
18823
22772
24116
26324
26218
6894
21562
15678
25692
106
4200
11742
18057
10127
13565
27371
15227
6420
24155
28541
22291
16523
866
3767
28741
7536
32650
18864
7830
30965
8899
6182
4951
11403
25356
4065
19103
17712
3029
5864
20489
3964
1813
3175
4915
22633
7211
5211
2033
28389
16502
29187
3669
12825
21939
7431
24160
14455
29209
32101
29572
23430
3638
31263
13281
13421
13447
18086
20284
21825
3802
6916
4543
19214
28004
17101
9843
13479
9122
11971
1406
31278
22256
30028
2588
29026
6890
28052
27742
31403
30598
20866
6821
25319
13550
4700
11997
5618
2334
19513
31611
28151
834
1066
27700
11130
20685
7463
13954
25121
14425
12219
5592
26181
26177
12399
4000
1852
26368
4344
31481
8804
27464
18464
18481
23280
12770
27764
17412
626
13128
19891
21138
32300
27396
14577
24098
13590
23239
21390
30105
21167
9032
14555
22200
27268
20194
18053
24600
18561
10732
17353
9959
31227
17624
20310
11360
23417
31755
16385
28428
14150
8574
25643
21434
16567
9241
19442
8767
30780
20682
2586
4590
17449
2408
6074
8662
19010
3403
18086
14526
22025
12199
28320
18657
22470
6061
16701
29546
18522
26208
28825
26542
32196
24119
5306
31275
15472
26744
31685
12100
4420
5199
20707
13754
16488
27568
17905
3306
21719
14835
11242
21193
7338
8232
9748
30111
7711
4927
25581
17798
20844
8153
3540
8610
11078
4076
20600
15645
17456
19993
13057
14313
10372
8909
9216
1845
7490
10009
26903
27052
26012
2386
23912
25456
21821
32616
10942
32218
15197
775
27006
18158
29318
13167
21324
19615
8483
30996
29820
4040
30413
18165
2111
10983
29269
5564
27530
10391
31889
29850
21189
17876
25575
19425
11833
7149
1179
11614
26934
28232
10712
20092
28679
6104
29568
2074
10391
21599
19635
30759
18912
24932
16161
8451
15895
13044
12048
8853
31640
14360
19500
26924
147
27417
17170
28183
23924
10614
31643
26115
31252
4002
28649
30999
417
21630
26674
24785
8525
24729
10063
1950
1465
7465
21507
1596
17184
14025
11020
6864
5188
20464
17900
30150
7193
24373
628
30828
5682
13637
22293
16718
8687
26272
8166
8783
5220
5398
12404
23692
32008
21765
13901
15856
18722
10831
14411
31895
12787
22814
16033
27620
24996
1623
28583
26465
31470
25567
11621
3929
28555
25744
32737
13111
20832
13305
22569
1437
2663
28121
30751
30276
10078
20826
2823
19862
8497
27662
15058
26125
20776
30890
20008
8009
31696
28037
6967
26356
7851
30414
23358
29526
27799
22672
10968
2999
9471
29799
17161
31352
12739
28416
14090
1264
14312
12626
17108
1287
1791
16798
30318
149
4951
12327
18935
23160
26338
5041
26227
31095
13543
20924
12117
218
31853
11902
22736
30405
25955
24737
5854
29784
17552
9409
12556
15240
29245
3235
1804
20156
24484
1591
20985
26151
5911
22092
11880
24296
4848
789
15155
32739
5948
27231
22788
12381
31270
32656
22179
31834
1829
27999
5632
694
26853
5973
30208
10501
17910
14087
3335
12588
31799
4368
74
3260
9985
32209
978
2578
23571
16872
20303
14127
19264
29297
5026
5720
11482
24831
15656
109
10973
19288
3783
20746
12507
19188
25019
14431
20139
16436
5662
20175
6609
13667
57
17995
14764
30061
24205
21869
2658
21089
9375
14420
651
22440
9863
25410
18336
25603
28983
17142
7458
26438
23436
9930
6794
16342
7190
12429
21492
29668
28584
26142
24970
16998
7326
16589
29105
18394
24305
22129
20982
12986
2300
30793
6839
17341
25867
25492
27025
5588
9129
24558
22157
27104
25254
26481
4105
29235
6378
13447
18792
22989
29436
20881
26745
851
27730
1593
7592
15310
12630
16023
21223
23849
5692
18439
7514
7273
11911
32709
7621
32682
20820
20301
31670
14301
5741
4724
26481
23107
6158
17222
20128
13736
1397
1950
12215
16224
21035
31880
14377
21507
3605
23383
6476
18408
12857
21637
16397
866
28241
15437
23379
9917
17170
25866
23860
29174
30009
17230
25306
27710
9562
14273
12083
1837
6248
6848
9308
14790
32003
26033
26571
20271
14725
5672
7486
25901
3786
9915
25703
22113
7107
14757
1364
3140
3514
20765
30624
29924
2402
12660
12380
6236
6310
18673
25275
2580
10542
14700
8063
12734
26545
24493
32551
10251
1022
29826
17109
9009
10696
9122
6145
12062
14900
13381
27360
11641
4644
8063
29586
22877
26945
12384
27150
19156
5579
2509
3278
13845
16672
11805
26169
25214
22797
25715
31957
5456
18904
6110
23081
27692
19721
3121
5235
25425
22780
1187
18191
915
32040
14375
9634
29722
14125
12170
5641
27616
3231
26958
32004
16104
30101
24392
10658
831
25584
18939
2924
2484
29547
15795
8017
9814
3687
32097
16213
1202
4980
7994
16632
969
18335
24334
3687
21971
8574
14952
9828
24502
14588
12907
12023
5189
26597
20327
1746
18233
26416
16958
389
13296
29968
16249
14950
13287
20409
28713
10814
24825
4338
5247
27572
8021
13919
13355
23162
19264
25228
30837
31033
1680
8889
3100
19005
25060
17768
7409
1760
23972
3495
23347
25016
32444
20253
4777
16256
29463
16087
14722
4807
477
1232
4332
18010
17261
23106
13174
25202
23833
16559
11558
22686
15524
7598
31066
8814
3965
18294
607
7909
29112
20012
32467
23196
4304
3564
18619
11958
15902
21913
2659
25223
11544
11877
23801
15363
22859
4127
13544
10984
20502
3648
14326
31403
23084
18867
22812
14116
16583
13160
22057
12280
10925
27543
29461
18122
19684
18900
3878
29729
27444
23000
28613
12055
25697
22793
23837
9159
17957
206
27769
25716
9455
10645
5210
378
13150
4769
26203
13301
21884
23188
2757
1843
11195
29888
23026
11482
20912
10030
12130
26585
19601
23914
21151
14863
25967
23573
4561
16574
27444
8488
27167
27566
6236
32008
22988
31521
6259
12367
14350
28794
26962
6740
11950
23980
5145
17536
12641
16227
31211
22096
3816
19957
12397
15913
30697
28935
10748
6879
6027
16895
9648
12804
6613
18733
8981
32496
15300
25016
21924
9877
16686
28746
21507
23552
27737
22651
32513
430
21338
23806
23631
5012
12079
22158
24831
9708
156
28054
26558
1217
9926
17059
20178
16441
17296
12682
31186
12710
2489
7001
13095
17739
20658
25342
10565
5358
2624
2233
938
7970
30166
4163
19347
10065
11696
7612
9345
2699
27055
30037
4207
5394
5111
18882
15312
9377
2890
1373
3402
9088
12067
31258
30005
10313
4498
9262
14546
18039
27355
27518
13643
23476
10956
4042
22127
26079
17378
11158
15657
11743
3099
31196
20933
21290
20377
19059
15843
1043
28923
20797
2615
28376
13179
15380
23558
14183
2759
15218
3680
32244
3233
27106
8990
16956
24629
15914
18330
12182
18237
29749
26929
7614
7383
6338
5498
21089
26145
9167
8771
20328
20634
19907
22863
14853
14904
2910
9170
9854
8009
23649
29096
21692
2570
22781
22617
10642
24584
10748
9678
28878
10554
22449
25295
13314
11483
7072
324
12816
9
8430
12840
17270
25120
24455
8012
14175
723
32273
1233
30053
3598
26260
26211
28711
6543
31206
23605
13455
20542
3543
13249
8672
30545
8737
24637
5762
10529
30734
30428
7565
25033
30951
13001
26903
14723
5920
15588
9534
26819
5701
13114
28660
29201
26018
11335
397
3495
31157
12779
21002
13006
20565
28716
18211
23289
2975
5041
14102
23198
20388
5114
19506
27608
20179
25952
5410
18110
12584
20176
19962
25473
16913
24391
11779
16967
4389
16141
17991
21707
29060
22705
15579
26033
1036
5576
28911
6570
14400
11108
21398
26188
28665
12886
342
6830
12746
1828
26735
21958
5684
11721
2028
1668
23439
13615
4971
20906
19635
22125
1963
31090
26217
19392
31706
8926
26516
6987
15260
5341
14367
20878
30171
19746
21158
26536
3153
1732
7395
20813
20438
3734
23263
28293
13675
324
10453
23850
20482
20274
10212
26143
6931
8724
18813
592
25055
77
25991
13166
20354
18953
1874
11368
29628
27673
7490
1448
18556
25745
30520
30994
1072
29987
16319
25021
17614
7994
23547
31599
24482
17878
24146
7643
25046
4394
30679
28569
3523
28663
5243
19689
24826
21158
3570
24104
28432
31784
8550
6670
7469
1166
5086
12205
2644
26983
12653
5161
12400
18397
4890
12344
2594
7310
22419
26968
18764
9516
14992
723
27229
16339
14088
4724
12379
25645
8215
1287
21938
4680
23722
28306
32190
21298
12784
8788
13082
10074
18560
20097
32422
22602
6075
25434
5715
10047
28752
19150
22673
18112
10038
11909
6618
15304
27335
2557
20502
32216
15164
24951
8048
30886
2283
27014
22774
31876
31297
7002
18163
18834
5501
16841
25356
8611
18994
19234
21021
3312
5754
27570
16849
15743
17402
23827
1027
15697
30874
17976
984
21326
5889
6200
28824
19185
10963
27613
14929
2739
23722
11244
15402
9529
10709
6194
12424
20796
23507
27987
19170
29756
31629
15698
4965
11236
15447
17631
24647
572
6821
18788
2283
14481
10893
19406
11961
21796
20993
7196
14267
24469
27336
6568
22264
30733
2113
11320
16017
13614
23767
16836
22429
29884
31555
23813
7108
2824
28549
194
27805
32032
27552
985
1224
12728
1048
6672
24267
17623
14380
7577
11693
27201
16851
25959
17236
2727
27001
13363
159
1937
22902
3149
11075
20999
11603
29731
17766
16387
14523
30610
17149
19606
16963
29168
14566
11996
11737
27862
25029
29601
21262
8110
5278
1488
31492
23552
2359
20895
16948
29307
1579
28284
23016
23750
21710
31670
25972
14340
5828
7148
28467
23593
22880
15158
12613
7168
702
3093
11786
31224
29855
26395
21597
23986
263
31066
11153
5707
3224
28045
17196
13673
31405
31752
25190
3847
16182
3425
13151
27137
12886
23516
26148
11614
446
16280
1888
5729
23495
4474
1762
17230
12370
20701
10706
7933
9055
30710
25779
31008
3440
11016
22808
22355
9627
11853
29478
19177
12658
20128
25293
22385
22163
10475
27845
13834
27149
31827
20298
363
22905
29476
13976
5809
2517
3710
32038
14055
18463
8381
13218
13655
10166
682
11439
16019
27248
28515
2144
1090
20090
13066
31604
22955
24051
6192
20047
3331
7240
16384
20413
2423
11597
20779
14182
3576
21024
10647
13327
1225
22462
32455
8598
18377
21346
6408
8875
23936
18593
5473
6734
31468
5447
23096
16653
22025
16111
10948
20987
5411
32356
1334
2927
26331
9403
14247
32642
3835
13868
22464
28742
29689
22197
2347
13254
31052
25709
16061
23490
12915
23465
25184
7463
15038
24784
4033
13136
15843
3070
19903
15103
32065
21083
29327
16666
24049
10554
7855
293
19346
16113
31376
3971
31697
25979
8962
27500
24250
2766
28767
13485
18370
23293
1143
291
7056
26638
19263
3573
3727
29593
23096
18580
16437
13861
23200
27508
16144
16450
27228
10887
16789
20838
8096
11134
8104
16520
7012
17855
22763
21118
22151
17957
13254
6679
5567
12922
16699
15864
12360
18612
20839
16439
5448
13811
9431
9145
15364
16694
26256
2892
27333
26081
15068
11907
136
6639
28374
16469
11624
15351
5301
9076
17868
25824
6360
2159
7248
6499
7061
20870
3700
5957
7106
22609
12295
14930
15871
28943
16721
13592
15562
18383
23555
6505
19776
29505
736
27790
1204
22873
39
17227
2801
16809
16071
8599
9551
12667
2626
6680
26232
28081
24925
26976
3832
15966
18317
2282
27270
20512
16672
30162
13844
20291
26158
10072
23192
6295
14399
28947
2200
7181
9913
19701
120
19732
28176
18690
4995
15542
15788
5327
10683
14705
20633
27325
22625
4310
25841
20723
21827
20195
15881
28189
21192
5921
7518
28134
4284
29566
24126
12598
11740
13544
8246
17963
1569
16813
11327
25561
10701
28053
167
26050
14646
14269
12224
788
12629
2610
32076
15781
29966
22353
26276
17583
7997
12513
426
18251
27012
13549
24180
29358
13271
27747
22453
6183
30916
30573
32235
14036
14979
9107
2379
25895
13506
18317
32364
22044
24365
233
29109
30264
3263
12129
5512
23616
13259
18938
32555
2494
10953
27100
20090
14133
26081
9973
9295
10271
313
8780
5037
17067
9215
23077
31151
26424
2101
9178
26675
17295
13119
26484
3909
7651
11054
30988
20813
21386
13514
11236
28153
1913
26209
31556
28648
15490
6994
25878
18716
22348
5209
21057
18972
17430
20632
10437
24556
15403
27497
25499
17582
26404
2789
19530
3860
21472
11060
12873
19597
1348
21139
15384
4651
3763
31270
11805
12374
31820
14211
17215
30003
742
29434
29508
10706
13260
13990
17131
13850
12345
25141
31177
6004
6290
20342
23012
5690
13158
13223
13584
26078
2086
18812
31757
7130
27044
4079
9054
10587
11341
10699
31207
17325
1061
10742
19790
26469
18055
22657
30734
25168
2970
15473
13659
4126
27539
30283
22201
13774
21420
14177
14170
10201
12008
25055
2364
10014
24195
7572
22527
8336
15931
28034
23943
15265
12354
4644
1110
25453
27902
17538
13222
13991
4742
5621
16713
2628
12253
186
9537
27369
18412
30009
19231
18709
2113
28691
7452
15374
12170
25838
9464
1933
24527
2560
24214
20521
22643
20572
6228
10884
21480
5375
32044
28983
1333
22170
9356
3454
28969
31773
17397
7843
8028
30728
24149
11308
24299
21616
3365
20163
6895
29651
16195
31721
31426
4765
2445
24667
18929
21879
25921
30016
25599
28754
30743
15383
8159
12854
16923
19811
30511
459
19788
9747
25910
5796
15095
24499
14748
31567
19152
16213
23276
9245
14293
18237
13514
9905
1763
14160
19955
24139
8981
10298
16889
2258
25568
11616
6844
10403
22767
10636
17832
14108
30655
16978
8368
29671
1786
7749
23310
23814
25493
23004
9655
7075
31656
24353
28576
29077
6928
3103
10675
29618
26055
21513
20112
7383
7166
18218
10756
1464
1023
11664
7242
19816
5573
8312
21764
32424
17496
20088
16887
32239
235
22127
11657
19517
21428
25901
18684
10912
9869
481
7784
27267
7503
13638
9850
30394
6122
30605
32239
24909
14916
4361
30414
520
5591
22941
360
29119
20745
741
10512
28257
26698
22823
8347
29636
25840
9976
6806
5418
9682
10158
26954
25494
5542
13449
8816
27857
27419
6304
17076
7995
20149
14221
3308
7762
620
29400
8469
21508
26372
31268
1809
19124
31531
29211
10531
7182
12372
7707
31270
139
12630
30877
17296
19395
30403
26217
22315
24950
17673
28796
8333
28504
28747
12468
21084
30624
509
23873
11075
30799
7233
7884
3763
15169
14085
7525
27994
6901
4825
28717
14692
18460
32145
23495
25204
23523
17567
2944
5473
17152
28973
12600
15281
19838
10749
14360
30422
28489
22273
30194
4906
32121
25273
1910
11948
29790
13648
17178
3960
4688
17782
28359
26120
21299
23292
9284
30509
6348
24369
4195
27083
3015
22270
30958
13399
388
25283
13647
26130
29349
24560
1537
18434
20056
2148
30394
4533
13925
11141
14165
11701
28663
23844
6017
18890
5418
13838
4396
12018
21336
625
3501
7457
16931
31221
20916
9912
8002
23958
15346
18375
31501
5955
17031
13571
8646
14136
23343
7814
19885
27420
14892
25161
28098
19162
5107
27233
3416
5951
19862
13052
10334
18008
18420
13339
30829
31113
12706
11021
1681
14701
2968
32687
3543
4977
19612
16741
31387
29999
20334
30679
4750
24972
30648
17260
4489
23440
14772
2439
18197
8968
28827
10372
182
7901
12241
28529
19708
4403
31442
21900
25415
28993
4058
11649
15453
1779
12631
20576
10157
9281
6671
31840
26976
6221
2065
25429
11557
14399
2653
9459
22969
6625
32082
12480
4409
23545
25052
19419
27175
6250
31578
13934
11582
23561
24656
11508
9206
16448
27089
16684
17365
613
11690
18136
17020
13528
28494
20542
24173
26079
13190
30300
26781
22593
25301
26857
23230
10660
9900
528
1609
678
27986
23020
10317
11454
16529
5570
28154
10705
23329
28416
13804
10644
10454
11769
6713
30884
7560
5214
3897
17766
3782
29564
8984
22176
31802
27191
10780
4052
29402
1738
25527
24416
30420
18492
25676
29271
8246
15265
20417
18973
22113
12566
12489
4036
22060
17530
30958
16682
28375
13804
30049
5071
8630
19977
17538
10615
4249
18915
6189
29315
26366
2752
20682
23056
10742
1431
15635
6092
6871
11850
2724
17308
6311
23204
13124
1776
11331
22802
29429
2017
11091
14114
4797
27151
7662
29628
5171
317
21260
6435
2504
4521
20399
31401
10203
14892
1232
4661
23163
25622
30732
14710
27641
21703
19211
15076
2101
15630
19892
30331
10406
25153
1811
5686
13606
15649
24837
3662
25987
10859
25257
25904
12230
2365
9606
32575
20289
25391
29052
27214
12378
31277
11116
25819
19738
22550
679
7436
18037
15382
2327
25451
18007
451
8751
19810
30323
24058
29844
885
6090
3448
19080
14145
1789
20791
3355
32056
14676
21646
17936
1562
32394
22792
21648
29746
4958
17407
16529
18518
20699
27137
22788
8860
1122
13279
2241
21212
15484
31124
3635
29930
5729
11996
451
5264
22599
15760
22277
5454
25708
10692
17573
22993
20706
23455
16144
26419
12318
11005
29154
32760
22078
2246
25618
29380
10013
25100
13023
6366
14617
6375
3961
16485
22687
12048
27504
32340
14459
32320
32733
9271
23265
6726
6994
21930
32570
14570
25219
31126
8368
15237
28593
811
20856
13917
31962
20125
32482
4546
1186
3486
27170
8425
1535
32670
25052
19083
22184
29125
2161
7997
12347
17068
13068
31118
25649
26079
11627
995
25218
8979
28270
16401
32535
3367
2401
27839
8692
27869
26633
25722
20001
6997
6512
21141
11101
2125
16752
22982
32386
26650
29953
2178
15543
17765
3908
14100
9559
29351
19275
11135
3748
5986
11950
7961
20780
21797
4303
484
32247
16445
19176
6059
19318
10299
23769
19169
25899
27690
4788
20793
2583
22157
30468
32260
9704
15643
7649
24142
20703
24633
5300
31416
25219
17979
714
23316
775
3675
18076
10178
26492
30581
7129
1229
9399
5768
5687
709
17664
30957
31998
16730
3199
11861
21329
8125
6247
30340
6459
5815
17631
3791
4477
6278
1461
23382
6170
4730
7618
26626
21918
27732
24859
32061
23346
8537
28156
17524
29537
20281
2165
14414
13224
22179
1234
23721
6848
27045
27851
31321
18346
9156
19312
23199
5502
2015
19411
15979
10228
32708
5746
3410
13487
14735
6507
30797
5453
32455
10078
3127
28208
24887
6433
28676
30217
22924
24103
19138
10793
13235
10157
3410
31623
25840
6826
7139
16528
10174
13428
4914
30642
31082
20018
9602
9894
21870
27397
19293
25217
19086
15605
17417
19578
17844
3230
8649
3961
11916
28567
24025
10852
12767
31141
12326
4904
21936
21668
9937
32393
13080
27441
14690
22698
29154
4632
21452
14940
25062
23681
5413
26407
20006
1753
15906
8217
26026
9345
2900
22352
22043
31801
30500
4169
29730
16203
8079
30951
3454
1911
19362
1859
16616
18338
19637
10294
30630
6973
14183
19111
23793
8310
12381
21397
28424
18721
18617
18147
1552
20069
9820
12519
27826
13095
29660
7345
26227
310
21572
8987
16338
11579
22158
24213
17443
19806
9441
20397
13614
3769
27531
32353
8327
5502
13244
25637
11947
13287
11784
27314
18399
9184
10395
2965
10953
12151
11577
23667
20683
29695
765
5149
15395
11271
4045
21591
3011
11262
21920
17512
28913
32163
1903
18529
25247
17966
29180
24878
10888
25408
13382
350
10255
27275
967
25266
25814
30785
30835
10343
22305
30782
7281
23107
28137
22004
15256
1121
17088
16154
11944
1981
3432
25876
7757
26495
13617
26913
31188
7944
7190
24391
7594
19645
32662
5118
26009
15766
2900
159
9922
9573
31086
6794
19802
4071
23709
26906
6693
22156
28689
3658
15282
9990
2314
11812
16219
26259
1590
24813
5627
32267
22733
7186
10350
23209
878
15824
14282
12185
10936
10151
1374
17477
5033
4988
32367
23391
11190
3985
26541
32430
30382
19749
17527
15258
32335
11754
30163
7286
8101
15403
19755
27279
21030
31162
3784
1272
17551
12699
8208
22547
27516
14449
23935
16864
24010
18348
21607
28421
6829
24432
23655
31905
5520
23364
19629
27345
9136
9599
18667
11262
10103
13683
25114
23789
5529
17494
1777
29060
12272
25844
36
25181
4632
27159
29789
9996
27594
18353
12283
2353
1273
23248
11405
7228
26542
17471
5133
26115
19364
16891
15324
1029
8099
13148
21378
22908
19613
13311
17186
4644
3721
31094
30142
1486
32515
24495
2864
18595
11680
20517
11748
29753
25107
28616
2134
30040
25601
16301
5711
27273
25764
7285
19935
24418
26145
18559
23577
28820
15530
27853
29073
9393
1363
15543
23190
1470
11957
10322
24368
18301
28485
18845
9944
1655
17778
30833
7162
27595
23936
12583
2859
16825
31015
14854
31274
17645
13546
13171
29336
16013
18233
32472
15479
13057
5446
10320
17508
12677
14759
16151
10644
4208
22704
18612
12176
8769
24206
15075
4016
12143
804
10308
26201
16621
12197
3014
14326
1919
8694
24274
18871
27583
27073
26167
18956
4846
7000
25048
1248
25724
21584
2839
8086
23637
28122
3584
6340
13809
30944
26934
1970
15386
24547
24734
22417
18812
19095
28365
31355
17902
7995
24882
20526
11395
15802
2819
15496
26191
20612
15080
10690
1529
20265
24426
29292
12293
3770
1562
28460
15326
31711
8577
9270
22950
23224
16843
19083
18622
10357
11314
12529
27412
31412
32043
12469
16687
30877
16723
12835
6908
18879
12568
31938
2390
5801
31528
20304
23639
30536
18841
31616
14945
27396
28125
374
7146
13977
24420
26366
14347
17334
30990
18064
11720
24151
8535
20996
30237
27618
18753
17685
27341
30723
28160
919
28138
13129
2408
24440
32291
16253
7447
17016
17360
26054
17506
14248
25279
4734
30976
4260
7356
13010
30328
8848
4322
20508
26700
22227
9125
1280
20195
2966
23451
10312
18231
32763
16141
18816
8515
18462
32321
23377
28970
1228
30341
10142
1831
23302
23035
26976
31288
26420
2088
10306
12682
10281
25403
12795
6307
7642
11805
19823
27217
6110
16188
901
15958
28581
5143
6598
17872
10872
4490
6842
25194
16180
31959
2051
1093
31686
31096
4662
31396
18021
6055
29309
9050
13970
16297
16877
9459
16849
1502
27304
8101
30757
13194
3762
245
3148
4193
148
26153
9151
14548
10675
14705
10856
3358
31341
30164
9761
1293
16377
15835
17905
29841
31739
12544
10501
3334
6634
11221
6512
10049
7714
24309
13986
8796
10952
26795
19370
25410
30305
23907
19755
16633
4145
27349
15136
27058
3669
491
25167
3218
416
13174
14734
21566
19253
11157
22201
32297
12265
30689
14190
6813
17750
1113
22927
16778
5310
31505
24437
18450
4006
29337
15348
17104
12847
5934
8723
24812
28467
15011
13448
27615
16931
30477
12534
30727
675
20529
4837
4586
21986
32687
27269
29770
22971
22507
25378
4845
25997
27071
13670
1577
31962
22753
338
9009
20386
2838
19451
19746
25725
7700
7428
19149
18555
20536
30687
11586
24764
18412
11459
4897
14798
26070
15724
21664
28873
3521
20885
25691
4652
4684
30518
28895
2678
12116
10877
4853
1156
16163
24974
5294
20910
5717
6139
7475
14239
12942
5634
19785
16376
10206
28553
6311
26020
30959
30426
26615
15353
17908
7966
20398
27540
32337
2715
26508
8433
266
16557
3826
18637
22509
18310
10727
13883
31103
7589
8936
3720
15784
20247
15731
5840
28958
8817
1362
16221
13201
6536
26280
2243
3227
16887
15037
7868
25446
4430
21897
17604
17691
18714
24578
28787
9742
7833
2853
11678
2474
8762
26566
10286
15646
8918
28441
30651
4292
2225
2044
2288
15446
25647
5386
16542
22991
11350
22368
13468
8994
26887
12845
5734
24222
17660
6908
11121
9756
17281
17089
28495
29934
5618
17317
15239
10375
19704
24465
4402
24554
24962
7036
24661
26068
20869
17269
26882
4520
19572
9071
4653
19230
11134
208
21071
7339
12683
8376
1469
176
20212
26385
20165
21858
25860
23131
23437
9084
17715
6197
11692
9126
26652
1706
16261
11939
6211
20033
9064
1086
3209
26819
30823
5362
11883
20682
20728
14940
2046
7694
26447
2657
5547
6767
15224
12575
30634
7106
30520
32148
16191
11867
13218
3345
21431
23647
31864
16733
11042
7622
11591
28072
21197
15667
1088
26166
902
15731
1752
24263
15759
3031
5151
17352
10334
2866
16609
31292
12827
17328
22911
12905
10966
17245
9610
14658
22411
31601
18725
29848
14552
9821
24599
30207
376
662
11955
20609
30855
28196
1128
7429
17268
12009
11302
22909
21445
29618
1656
3795
29838
23039
10586
27025
13231
1171
8671
12626
8912
3770
13188
19180
11294
26717
12625
12634
30402
26310
19637
4460
5926
5684
30239
29741
1767
6174
11100
9240
8344
6727
20403
14586
6973
12935
27074
30373
16770
11091
25367
27225
24766
3345
9614
29427
11180
28702
12909
8147
3299
25499
3904
4750
9499
29947
9333
20313
28958
9293
27064
10288
21391
20810
31757
11977
32350
27934
31150
22844
30727
31991
16298
17775
14477
14670
25914
18243
6714
22008
4322
11648
6675
16107
844
27009
9245
21969
29668
1439
26451
31822
6962
5726
28002
30482
1787
4698
29226
30109
5143
15599
14069
19157
10769
4011
19829
8777
5248
20084
5760
15939
5672
12921
28810
2704
4560
22491
20966
4110
25825
23063
19132
5370
20419
19258
10953
30199
2039
29123
18137
989
20468
31062
6662
29255
12483
550
16046
8923
12633
15136
31541
22871
10168
29400
24192
9313
32708
19252
10284
1803
5094
31706
30866
12072
29538
20315
1148
17489
12921
18204
18596
7093
8254
4616
30960
23716
32313
16888
10096
25051
5565
27613
24339
25485
18185
7859
11820
13878
28193
23845
23721
10783
14698
1536
18957
22447
19976
22362
12082
25720
22008
30847
16321
3325
21484
13982
26477
32581
22762
24632
7922
21025
30627
27460
5329
9532
4500
21027
9672
13799
23006
21318
24851
29857
10726
32673
5221
26473
940
17358
7077
25796
24044
22530
28777
29581
5623
17072
13619
23424
9038
23039
14446
12933
26883
28652
11046
29372
16592
5439
1931
25932
7156
7983
25380
28140
21969
23508
10450
813
5191
8529
30348
24462
20942
9149
6868
14142
27989
15830
28155
32431
23518
6245
794
3551
22486
23663
27852
11365
10805
23584
4524
21054
26970
24184
19602
10581
18852
31154
21644
7124
23504
10361
10398
31533
21781
1482
31546
3047
15617
23463
22910
553
7441
28801
2608
15111
3603
16227
24697
16016
16188
1758
32356
22164
21257
23224
17174
17973
11734
9299
24779
28212
4671
15839
22165
27129
10042
5183
18899
29023
17393
31676
31602
2886
7520
9068
21734
23766
12723
21344
18663
8595
3421
24976
1004
6181
17912
2439
10344
28645
18143
4815
4807
807
19341
29210
24871
27210
9140
20789
15063
13184
7453
10669
5008
19294
12098
24126
26229
25123
17581
32511
9420
22984
15887
9296
21626
2252
2847
3199
6720
23996
30008
26685
11192
12164
30641
451
25869
18040
16892
10947
32381
27170
16254
7441
7568
32713
16688
14862
15894
1478
9465
21720
12001
30598
5834
29491
7751
26206
18295
12598
29270
21266
13657
13237
26838
5155
25252
21874
15104
21724
5513
31491
16639
31003
32267
14721
20778
29152
23969
15349
22271
20119
3216
4995
24031
5925
30983
24148
2955
15028
31735
28997
18018
7999
8121
28753
856
7644
13405
446
30646
30669
19923
2058
10900
4165
1980
3733
8726
30458
11022
21771
10345
3950
4458
9623
25724
24830
25149
25033
17023
23463
1432
29251
26652
7579
26832
1319
12408
1416
28885
18241
27624
7587
13907
1011
24435
11127
26506
22500
16396
28783
27630
25192
9612
26404
9598
8621
12657
2407
27620
26027
25945
27406
7505
1481
25916
13695
24855
17744
8556
20478
30723
4752
9294
16566
13952
3284
32726
4744
1133
32007
5828
19351
32441
11555
15776
16528
5828
19037
28534
20666
19317
15890
4690
22209
22555
10607
1914
23106
29957
28643
878
19990
1504
31814
27040
26462
20947
11462
10227
22867
8540
4502
19957
458
24040
27221
23517
21130
3893
3646
1347
846
21096
11029
25506
22680
9965
1741
21646
2876
11538
12282
32692
7336
12899
18681
16534
9204
10179
23009
28676
24493
23887
21800
18777
6241
8178
15125
26491
8170
5320
2025
5520
31099
28212
22733
28544
30316
22208
29562
3631
21445
11703
7338
15223
9356
29060
26946
27112
5326
29641
30268
27711
20848
13119
13142
10407
8371
30544
11388
17330
30600
2422
32246
32533
6041
10321
24402
18470
531
4235
28943
12823
19253
14188
14606
22512
6810
4924
31161
25166
25670
3420
20464
11485
9842
31267
17336
18326
14360
12921
14242
20409
29757
11062
25341
23690
19969
9784
17083
31691
6503
22854
11556
31228
5349
9896
29756
29269
32683
17282
17141
25215
18611
26612
8469
15894
8845
25843
18917
15840
2024
15334
16799
26314
31967
5120
21909
1190
6409
10592
29473
5287
9791
4586
336
23448
24620
29667
10573
9183
8342
2639
14735
24373
1134
4874
4034
10275
21912
680
13687
24379
17787
6670
7050
24604
17480
14797
8279
2595
267
3906
19612
6385
24179
30574
29484
2209
26721
13206
8025
454
5683
19354
32287
2343
26061
14870
11792
28474
7020
15930
8707
15201
12842
28521
636
3814
18767
28308
14810
15288
6750
20821
5955
2787
17372
8907
13392
28369
29919
5688
2423
7490
17754
18267
23868
19724
18218
9358
31255
5012
7135
24224
22308
7688
6987
31344
8077
16994
22221
24654
17591
9244
1371
1297
1839
26803
9296
2296
8787
14302
22779
26690
1728
907
24291
6539
20351
21406
3804
13805
24047
4457
19147
1746
18544
3817
23096
5531
2004
17862
920
6386
3974
2569
28248
23535
15480
11419
6569
31470
18126
18817
29710
4651
8780
15833
24487
14882
31104
403
12091
28072
12207
24816
26631
13769
5504
20924
21576
14176
15466
24651
12938
32377
5343
28725
3503
9063
17205
19665
2494
9636
22361
17778
12657
6251
21298
20836
4220
32023
11222
30629
9887
26425
12655
30307
32619
18044
2540
26170
31443
29242
10855
21802
4730
21210
31577
5465
10166
17648
4992
15246
9831
4626
13707
2409
2171
7035
31883
16228
1596
4706
25370
4746
32608
23064
4425
16889
26831
28644
7499
2073
19250
29854
10979
25497
7744
13326
5517
29742
3271
17922
4463
26378
28028
9521
28413
12062
31876
22482
28015
1296
8639
1532
18404
27387
20439
6588
26963
12266
18443
17656
29494
12050
20156
2310
757
18129
7348
7180
25107
17258
6457
18454
3354
14718
10454
8184
15687
3145
7396
9705
24822
7074
4059
16348
11980
21937
14939
5533
16294
10349
3320
13489
23365
3805
6856
5610
25525
13834
8366
24780
2946
30150
13669
2211
17050
6432
28236
8032
1537
12962
1267
31288
32311
30801
18793
1019
6249
25442
27971
22836
1626
4028
29549
2566
20751
5937
20656
7617
27197
25724
2311
13383
26739
14842
21921
24865
23047
26665
8118
7264
23234
28641
23562
25909
22603
3156
4930
29264
12628
24775
8938
3065
7046
17933
834
27631
31789
29640
7627
16131
8099
351
150
9332
31614
31422
31303
18185
26489
1233
27372
27633
31011
19902
21888
4954
28233
17637
32317
1747
21028
22168
8613
29026
18755
10138
4175
23909
12343
3161
15218
13353
30976
14315
32307
6988
29498
24266
12206
19411
27399
18768
18886
16138
19131
4593
12461
19743
11082
2874
26418
6525
32627
2445
15309
26858
17832
3225
14956
15711
27844
1180
28411
21419
22380
12120
17590
24262
10816
18646
3630
7414
20682
3038
540
8868
25892
15921
14569
30459
26214
17548
30457
24134
27094
31326
20411
28166
13007
18756
28018
18134
23917
15432
2496
4095
2046
2782
25335
4315
10024
22426
14879
1002
28890
7858
9671
32693
2548
4152
17804
4454
25269
21012
8811
25892
28136
26051
18374
6192
7886
11729
24887
4289
22986
20247
26904
30623
17359
27061
13263
12162
7305
26062
25562
26152
3918
20486
4766
6968
9923
444
14831
14553
20302
4360
10846
6674
5183
17523
6726
6880
958
1657
6549
3609
25970
5311
30299
13571
12278
26388
24084
5299
26877
2602
18358
17703
23615
27153
29305
5667
21802
18551
1384
9676
18250
23201
7084
17669
4468
19240
18835
17805
18358
7028
26211
3541
12287
8442
9954
3746
23949
6709
21664
30311
5913
5989
11786
15968
29637
13066
15152
28014
23233
22047
9041
11445
20929
1047
20268
2551
17951
27289
25606
943
15567
12538
25466
15085
5382
17278
31747
26357
18858
5711
22090
26261
23928
7225
27440
2890
24055
27947
11931
31250
10528
22638
6913
15887
25034
24226
27062
26848
16087
20349
1013
23743
8481
1859
30896
7258
7202
2053
792
15475
23909
27289
28139
21302
7856
25436
24448
349
3822
22186
23187
28934
24031
14618
32721
26191
22142
14202
23587
15799
13365
25230
20410
29748
7875
23175
23007
5396
30953
13893
21880
10644
28120
8780
29273
1601
26970
29576
30544
4626
26306
10689
6383
25410
17045
7644
28951
19951
31477
22487
25417
16500
2769
18562
31148
2439
19406
25342
1758
25617
2804
20983
6267
25809
15385
17569
1646
9647
30734
3955
11002
19169
12683
7334
3975
15807
19674
26732
6701
14695
1606
1265
2050
1296
21315
25107
16419
30767
10842
21728
19333
9292
24027
6867
32121
16545
30017
21710
6401
13175
12643
13783
32469
21825
10080
24978
12339
18805
7752
13954
12906
2350
7050
0
7973
31619
18978
19447
28024
14245
10367
24677
16300
19642
10549
3217
16842
11133
12903
21004
25834
3474
10226
8554
825
30378
27738
9918
14539
11099
1141
25046
32038
14780
18905
1595
18826
28611
22534
24295
22529
23392
8276
12740
18219
12373
20635
24297
11975
12252
30884
14228
28929
28151
6739
18661
21630
4245
4240
5728
13096
25705
30970
32
18873
25482
3147
20700
29705
2507
4489
12187
25112
4824
22514
28983
4571
32277
25509
1427
6599
29750
14608
31900
4126
27294
29469
24320
6908
8313
4123
22193
29984
20888
8558
25368
29563
15119
18935
5402
22395
19856
14145
3788
31252
10630
368
17141
7059
16625
7658
12359
25634
15108
20674
5213
24858
30080
18665
21108
2828
16334
21267
2537
8333
11231
20330
6262
25029
4292
22006
1068
30902
6924
13767
2352
6733
1761
15080
18229
11307
24545
26371
19133
31536
25278
2260
28175
20171
23700
24143
19959
25860
9229
11664
20032
9030
2103
134
27122
2030
20768
28511
19276
10388
11831
9651
26496
18716
11874
3696
6705
22395
7646
21128
31917
22601
26075
5723
29930
4107
18899
8678
14402
30014
7854
24489
15854
14115
22423
24154
23876
25934
1180
16715
5040
1004
7944
19356
11892
6359
16256
29216
21535
32091
6624
8208
10702
198
23251
6770
4134
10162
17204
11847
13325
5137
7464
5495
28459
25085
26359
15997
13347
1341
20399
25298
657
29590
24951
6171
7876
10200
30132
18449
2360
18852
20189
15156
29146
1534
29727
8751
8954
25750
10928
18954
8207
9686
10483
26386
29743
30123
24400
8840
27721
32531
29393
22284
14632
11371
17789
10183
13607
8310
10357
24155
18869
13356
5071
15244
12423
1353
54
9899
3232
24976
15934
26566
5890
6883
26504
22673
23345
4100
17818
14355
16236
30249
19067
3344
21675
12098
30481
17210
10839
14601
19259
28438
8652
205
7086
25775
32143
10239
27024
3326
10319
1401
6102
9748
28573
28562
6750
23053
11883
6882
31436
22709
9030
6613
20260
24567
28243
18674
32300
24330
29451
13289
28031
8282
6582
16222
30065
9783
11432
9080
13990
9791
19774
808
11633
20364
15512
11322
7918
18334
29716
19485
15326
2567
18829
9585
5445
5849
7000
4693
16069
7119
16378
24431
15033
1086
13739
19384
3089
7097
19852
14605
2544
12167
20135
22901
20743
23238
19626
25907
28335
26971
11875
9611
8649
32161
8187
24660
19797
25805
27890
28739
30933
17955
32222
5617
31327
6362
30179
19889
9861
3280
11249
13844
8677
20974
31680
21304
12430
27225
10893
15061
7961
29534
23442
29958
8580
4378
20550
7639
17357
26860
28761
5010
18515
22172
21870
15817
4076
18504
22166
14627
26565
27922
20368
29671
22781
8843
8131
1866
22017
19678
7415
22904
24997
1468
30167
21604
3079
19979
16423
15696
24868
11854
11973
31003
9527
29138
11105
18766
31445
26782
20476
19941
20170
23576
31778
22493
9649
8823
486
22658
10069
31980
9890
31093
971
11408
29547
10623
3659
27148
4438
10777
10707
11274
11630
27063
25466
26719
8304
14040
22164
15349
22093
6095
13963
9594
12637
21326
6776
16074
25955
30135
26244
8477
1604
24355
28418
24560
18055
9774
12616
18100
8587
23433
15953
17721
28044
31293
13075
14041
4436
4288
23201
28772
22976
28345
22017
16591
11002
25491
26059
20635
2416
22979
12678
3079
13974
23258
10434
1013
23905
18506
23029
29084
2687
21752
23318
18675
27734
2949
8187
1497
5827
27996
23155
8196
18063
30331
16419
20912
24753
4610
21025
7427
10566
19326
594
15426
28241
18674
21124
26806
8754
22953
18762
9308
8679
9662
22683
29264
8966
19048
4649
10742
1398
28422
17794
20717
1265
7918
25577
10165
1594
29685
17906
21786
31773
23998
12000
23656
8235
4547
10687
19021
31538
28709
7232
17548
31102
26931
11095
26727
1747
12220
19862
9161
28197
17429
10055
30007
31005
9193
3148
15989
2893
10947
17335
5624
13613
28509
26921
17167
31453
10662
2027
20687
19097
28053
19406
25539
24315
18096
25539
15953
2292
91
29241
8170
7560
9953
10042
27385
845
3396
24644
15753
7073
25540
27112
26804
942
11057
16164
29391
26911
4338
25217
4183
28319
32721
11501
16282
23574
29068
11862
29477
5795
19740
31754
30449
7255
24002
2257
31820
32695
11991
25288
30857
7920
22609
29436
16999
4824
2068
6858
6722
4521
21502
19193
2299
16764
8369
28820
16808
13959
10527
21384
29180
6422
29399
17154
11637
12106
15121
11143
24392
18069
10362
29392
28428
14577
19904
13675
1064
2531
18653
16914
5118
22323
2853
28362
9940
6504
5646
9147
32647
28677
14529
14290
4590
30086
6756
31513
29711
22297
7461
2769
13828
11293
26118
19285
19627
18779
5483
9134
31505
3079
31845
22261
26268
22645
23228
5996
16890
18587
29118
12123
15053
17994
30666
23468
5651
3372
14491
13382
10071
20604
28245
15913
3737
136
8018
846
26878
27624
3241
19516
24632
14460
32130
22378
17587
28711
29468
10840
7812
7500
4507
22636
24850
13069
18835
23437
11650
15678
3669
23169
20452
5163
9468
30983
25375
4110
22581
3507
18332
30799
7378
22926
22709
10873
29454
7529
3292
13568
4254
10501
27787
25013
8060
16356
3056
27653
7538
28653
29524
24309
10345
13763
8783
22238
17263
2786
6573
8936
24714
14718
6175
583
15166
4635
30113
31032
20448
24299
18863
31162
31641
12524
18471
23565
4409
25278
253
25323
28353
27973
28321
18313
24495
27139
32560
2380
22535
24370
1116
32076
21542
12708
13852
22921
26950
22619
13332
14319
21200
11752
12740
19724
2149
31620
14704
20107
10411
6639
12753
17784
17623
17420
4736
18482
22783
30521
29470
22575
32029
32112
24900
24435
6882
32031
10542
2510
13377
10951
32038
30168
1718
30806
10162
31149
5978
24133
13437
30569
29608
6770
15366
32098
13069
187
15882
11816
1329
14686
14002
11325
22792
2323
23164
1429
26775
32486
9451
23244
13703
9174
9711
15913
17003
2096
14866
1623
5329
19112
6502
4317
19466
30012
26930
12386
22713
19401
15447
17059
8478
26730
11908
10800
7712
16788
1566
10217
15644
30194
2284
20540
4720
31233
28550
6172
10437
875
9083
13760
31008
20005
13381
20769
22440
5959
12013
16432
24885
27054
17534
19163
13724
6228
27435
12990
2749
618
26175
31401
25673
32058
24777
10710
31828
32703
1795
1767
10398
27649
19078
1697
18593
4659
15664
27243
2138
18827
11985
19077
984
15075
31128
2056
6021
14612
10560
25249
26935
17166
26874
11788
30198
2999
25625
25426
12427
9097
1408
2499
31949
8170
16843
13235
5035
23626
22592
2804
7160
12543
13940
10519
1018
15328
27325
14177
26545
5795
20827
4751
4071
5879
26725
28234
22011
29792
30325
13416
30830
28630
28691
7144
11306
22813
18402
13228
30358
3555
5516
23796
7259
20123
16239
29087
12531
1308
4868
4640
4854
22776
30740
22337
24868
11677
10905
25498
13361
26158
10101
4304
10580
2847
14293
13455
2446
11666
18274
14661
6586
9333
28974
1699
24409
32600
28505
30164
26139
19215
22919
19835
21037
1035
24066
367
19270
21113
25006
12854
3183
27672
12976
10306
9365
14299
14813
18158
13263
3906
22244
13110
12656
14712
21308
10809
1740
31789
6091
17264
2763
24113
4443
6828
10799
30678
28606
7633
18597
27906
11195
31316
9869
27926
32703
26230
22409
21634
16196
16958
5575
19492
14592
19511
32271
613
4046
26094
139
23059
13917
9258
4698
11004
31131
9961
27603
28750
17887
29983
24473
177
4825
22574
5731
11297
8762
29476
15240
23437
32034
4535
26189
3633
23630
27392
19439
20660
26366
21498
1647
2561
29863
7610
31776
14821
15709
7020
13297
1389
9470
3089
8827
11517
3359
25594
15305
18480
22968
12803
21995
25459
5263
7312
10297
23392
23397
12873
29544
4572
1250
2709
7758
22767
10304
29143
21365
12134
29626
7531
27489
11050
32179
9055
12193
11615
31911
12786
17048
15420
4562
17101
14345
7853
4770
17923
10852
5546
31965
202
22738
20309
402
7159
6658
28630
21185
7739
12209
19447
8138
19999
18172
12670
27798
14273
12645
22862
12167
21068
8871
24380
25120
313
32569
23474
28788
27975
1956
31494
13136
28987
27782
11928
24872
5720
5986
21421
8642
23709
13357
27663
12452
19137
18328
17504
14910
495
24094
9282
24535
20801
8142
25641
3641
1278
21718
1275
4893
28052
9939
9580
7508
23124
10970
28956
5050
1007
70
25965
28378
8884
4159
2086
353
11399
14863
27593
23364
30368
30756
7604
13233
14089
18917
23034
1463
8662
28213
8447
19380
7713
15048
2773
1410
20172
7208
29786
30048
27382
2694
25102
16290
8761
32577
13493
22809
2218
14136
2992
28736
18062
19920
28956
15659
2012
31940
11175
25647
26487
3247
21046
22354
21032
16987
32057
25201
7517
21703
12745
20020
19875
14330
25222
17842
18661
18570
8755
27363
28770
9195
25614
17865
24176
14713
26096
31326
17394
24643
8233
28988
8602
32157
22297
24335
22751
2148
10895
22203
20669
29967
16097
21068
10800
22139
23503
24225
16494
16243
7448
21976
28903
12545
4314
21624
26365
8566
24491
21857
26499
26683
23160
8308
22519
6742
2592
30722
32128
9148
7375
12533
12198
10585
19739
8641
31443
32735
7905
5128
28301
17234
3550
9488
4977
23376
2572
16613
17647
30753
24002
9293
27335
21635
22922
4464
20039
18482
25025
9028
1857
30521
14833
27578
15566
10747
10735
18602
13766
6656
22707
7039
29946
16257
30970
20386
23864
27570
9117
23463
6396
15314
31663
10554
16886
12531
30810
4040
1088
30857
28791
19949
14683
12725
17391
11680
14063
15183
16084
16160
19775
22198
4670
22173
12654
11095
32486
14503
20339
30462
3461
8536
16349
30431
28906
4672
23880
21859
28125
4883
13723
10420
25783
20756
21255
19975
22718
18752
6335
11692
4418
26939
12151
13271
12408
21244
15775
2604
23577
12087
26460
24076
21434
14989
21067
16290
4330
31094
10484
26028
19726
16106
23056
25097
2299
29138
3963
4871
29272
15666
6391
23914
17074
5907
18086
31548
29788
18993
28486
27480
26892
28265
7722
19892
24118
31713
9468
14449
19239
25845
3380
20900
1250
25317
9559
14818
17339
24895
9712
5006
26292
13325
10831
13026
4251
1215
30980
17086
31456
8663
22554
27187
6711
7510
26900
16079
28913
26090
18601
4006
11034
18132
28223
21797
24659
31387
1832
20886
5998
15475
18846
11890
26571
1130
31616
8810
21621
23128
10442
27700
15612
27524
17877
11798
16
20246
14676
30259
11234
9537
2570
32664
22587
32045
11340
30726
1624
11685
11066
22141
8844
3205
10685
3725
917
12513
30528
11356
953
11253
13358
9590
4008
25809
16942
27224
18193
705
31776
1210
2818
4733
29143
20128
5632
21013
9109
3615
31210
20379
31047
496
8078
18062
29061
10934
9224
26633
17480
23823
12255
31152
30056
26716
9181
30549
4829
24145
14258
9070
6834
18235
26184
12856
17608
20244
17380
31655
11344
14152
6657
24596
5382
6469
25836
19365
18478
17861
3870
1147
17743
19675
1630
12191
17074
31423
1683
14506
14746
21849
13930
2102
31296
26255
29100
13576
917
24398
23900
7161
6838
24410
8595
2729
24111
28118
25884
26851
20720
28306
26319
3279
6415
8216
20654
9690
28227
28277
8385
27238
29724
9928
17329
29745
31747
22412
15655
30597
27382
27045
31202
16676
16128
15916
10139
9970
28793
23802
11928
22368
11010
32758
10514
13213
6719
1823
29768
8315
18003
8536
14175
31265
15389
13815
31744
5750
32052
23308
13488
584
29603
25713
19694
25920
25956
22422
7950
14470
9118
20489
27608
15412
29086
8392
12256
22396
24471
15942
29347
20376
5401
15679
27494
373
18259
29244
6095
2590
22281
32229
8256
2537
21075
21002
9719
28260
22043
31600
22246
28415
2900
15451
25427
10358
15355
17376
12592
773
15311
3559
26936
20297
8399
14338
14797
17912
1912
22257
27540
22080
24251
6385
9166
28416
30656
16585
28789
11946
21853
17810
31259
9714
30548
9033
30594
6463
7504
10262
16122
27855
15774
19033
4478
10152
11180
21370
31629
14658
10818
27501
26570
28150
25986
20744
16210
15908
4256
19204
13281
25639
9058
7636
4004
25850
29527
4650
9947
30631
9431
22594
18231
30579
12222
21493
16621
19659
29671
7549
26013
30957
6506
17161
6374
12374
14486
5888
20165
12271
1453
5909
5042
14582
31842
14351
31353
24493
18195
8789
3033
6341
24006
11068
5086
12681
6373
5905
26878
7883
13242
28645
2294
20111
31400
32027
10082
26744
8495
10162
2591
10486
31645
22355
20321
17197
6293
5146
31123
30116
30273
31013
23794
15794
20311
17373
19176
21929
15309
3079
5929
27071
8539
28809
21135
12224
12213
17661
22454
19830
25733
3063
1367
14804
21290
18966
16997
1253
11315
32205
10217
12919
16537
18415
27806
4998
31936
4348
28236
19050
5932
14125
29925
26048
28419
4417
2912
15898
22087
20998
2649
614
17359
6310
12389
7967
10506
14775
25654
27701
26483
3328
31860
19901
8659
19468
10582
13145
25914
19825
23554
8805
26043
10461
18346
14054
19178
4069
22626
18227
18455
26510
15299
5729
31815
28311
22338
16752
22006
31884
18509
21302
30351
9612
18987
11023
20903
20181
7569
8770
1021
20
19971
7218
7731
32111
28913
27977
24393
30286
14989
17572
6877
21741
1133
1150
18212
31395
8677
13662
28327
29935
7714
0
446
30535
16390
23045
17357
9633
28615
20825
20545
31677
23111
8808
29514
23865
28209
1280
21078
6739
3799
23556
8273
30075
6350
13270
22941
30112
5191
15234
17363
4407
12588
9387
11575
32267
26878
5686
10237
12744
25201
7608
15678
24389
29380
19360
21433
31892
22754
26148
17994
7627
3643
24301
26154
12433
18783
30593
25836
25704
3679
16500
25139
19388
26851
24398
6452
431
11275
18235
27119
24738
21511
20597
14892
5507
25973
23154
27192
7129
26237
25805
22877
28305
19886
19188
13858
31110
663
3735
5703
6098
19493
23756
4735
10966
18624
14850
25067
5643
19492
172
12635
11143
16127
7849
12867
21839
23631
15733
7551
1887
26746
16658
9671
18042
15914
18868
5616
20402
19695
9263
5864
11446
26002
21793
22895
16606
28730
10975
8086
6904
26689
544
25080
6096
14804
10604
3259
8577
23885
3906
4166
6014
19536
9996
16831
11103
11431
12483
18252
15981
19678
20322
3077
3052
20126
6668
30651
11307
6858
5116
26219
15436
31579
14128
7040
14035
30459
32213
11468
18673
19044
5745
8517
12430
7031
11986
16255
28441
16924
442
18413
23823
17116
4935
5847
27212
22335
18468
27163
5909
8167
17266
18083
29153
23657
14196
14762
9706
17647
5373
29102
26232
24974
17817
27443
17128
31592
23678
11582
12159
897
27185
20877
20209
2914
24312
21655
18607
11120
10243
26950
14324
29449
29529
19574
32654
15972
18051
21549
3693
3621
21499
13977
24813
15555
15188
17610
19171
11674
8230
5428
22121
20943
17343
23010
17257
7911
3467
24187
29676
21286
11839
27126
20768
9129
18888
29
29995
12355
21495
16067
9650
22807
3049
21188
27431
20986
16951
16577
20694
3974
21987
32152
6575
27133
5117
4774
30161
4580
26136
18876
1243
12892
31600
7394
12529
23871
22744
26062
11920
7422
31589
2338
11538
18493
31197
6505
1024
29483
20701
11727
26908
6819
17868
26788
31529
25860
3203
27023
11648
5328
7097
10130
24660
2311
23600
28353
12736
26433
7841
32194
21398
19342
1128
32515
29158
6670
18159
22974
30288
20047
2524
5806
13322
25705
9210
21646
18608
14299
2792
2134
15823
29732
19844
1333
14127
29473
18709
2125
14820
9514
1338
17457
22547
24298
25238
10271
19845
10498
2105
24317
22765
27997
15309
16917
24057
7761
4229
15248
7195
13179
6341
21683
1556
6231
1681
27613
1605
26786
26296
20028
15285
5743
25277
12627
31713
22027
13704
18476
9543
27538
16081
28764
3761
13902
24904
12987
8002
5587
6020
5088
23362
1243
27570
28767
29097
1506
15866
24770
5741
15744
1456
24904
13707
22154
31039
14687
19159
3048
18646
24291
27268
29749
22480
20756
18035
27417
8420
10073
15420
13414
12561
20407
14333
13555
25926
14608
30693
23868
22229
25883
31870
8630
8854
7719
12734
7411
30427
19599
7373
14202
5143
10236
6805
29028
11341
16478
31499
10678
19770
6824
1343
32642
16705
23886
12324
10428
4891
18559
7200
23261
8251
30242
6483
8505
26114
7570
18087
15649
30119
22298
5532
27576
15076
6959
16080
11670
353
31088
29521
27678
25825
17246
22179
6304
6191
9947
3472
8493
11974
29796
28082
22334
21827
3342
6593
9220
9355
13377
5789
9868
31676
16695
9498
6043
3285
27700
27791
3907
2084
13187
16925
2121
4723
5172
6336
15671
29169
4759
26135
15167
7650
20087
2035
18134
7430
7958
30369
28172
24267
29421
20472
25773
31538
28448
1825
1562
1409
2755
17705
6372
23981
8655
17992
12334
11398
15330
16367
18111
30368
698
7059
28649
29189
9327
4668
14878
2716
7540
29900
8011
16727
9804
11536
7932
21024
16652
17288
24109
19585
8852
30198
26865
2838
29580
10921
29125
13746
9504
19590
10929
14932
21884
23515
5156
26824
6
16356
23949
7453
30046
9497
13241
9418
22295
29757
6383
19103
4914
11815
8909
13677
7006
14415
14817
1396
21490
26136
14087
23697
30374
19167
31365
15652
25877
8391
22759
27587
9971
20547
31131
16288
4110
25696
845
3514
18950
30680
12801
6854
15819
26327
13041
16348
6363
20874
25132
11746
27193
15213
17899
31673
4908
21329
25522
27433
1981
12336
19243
4237
6894
3761
29377
18750
21178
23417
16895
11456
32721
5687
26023
25775
5392
22894
18834
5991
31426
4865
21579
20854
22937
14720
16489
6595
6506
2613
12208
7291
4011
7148
21479
6335
6574
21126
18807
32014
7835
32573
32712
24180
13615
14772
19291
13936
26935
15814
32167
5030
23754
23051
7861
10569
16713
15146
9338
26950
25624
8161
17400
5425
19225
16853
14355
29168
7405
32539
6708
2602
20713
4226
10399
11117
25306
22694
5781
2593
1657
6070
16937
14385
5805
4096
27619
23155
15491
26433
19478
18651
2541
20655
8705
1380
1086
19394
6312
13754
23137
966
7536
2984
17117
7202
1149
18500
15753
30054
5836
17884
13582
14102
26127
13471
15393
10808
588
30219
25214
12447
27956
17178
23971
25846
26436
2348
337
12171
29341
10675
17348
23521
10148
2208
18861
31476
14169
5521
13811
7754
14200
15287
14638
14270
5201
25737
7392
10764
17512
31018
18033
22043
6604
3739
28145
12558
19768
10400
1164
12041
7915
16243
1740
3779
10567
29740
13970
20944
16684
8171
30930
28076
18
10699
21265
391
21480
20358
17568
7378
12464
19688
30614
25230
16343
3573
1422
5455
10581
22489
19493
22546
21129
5268
3378
12229
11986
11618
22212
4495
32237
8171
28381
2531
5137
14895
16111
18503
1996
10543
31514
7140
24987
18012
291
11470
10572
20417
11060
32273
27924
30447
4694
1152
7792
29356
31918
24125
24764
32602
29563
30471
9620
31273
15563
9543
13038
764
13568
3032
28404
20764
17414
19609
3490
9887
27217
22453
31780
3734
8601
25517
9709
20986
3413
23082
28567
20308
14073
17797
893
8494
20974
2834
19482
16188
17237
32304
14368
1610
27004
6161
9304
21221
24348
24650
1852
6857
13913
21018
14934
12558
26487
19066
32087
8465
28508
19176
3830
19491
22985
7411
30606
13812
13143
8839
24950
11197
7988
24310
6943
12849
3227
1226
7921
26145
18453
5197
15586
15345
25713
22229
16858
18879
14212
17104
14538
2125
26273
5267
8582
14002
16087
10210
14695
19653
21741
24126
12705
10308
10526
7666
28516
24776
19092
13788
12726
28265
13991
12796
14603
3888
28626
27838
19625
5953
2169
26887
14783
6085
7517
16641
10302
2201
31707
13735
24958
24760
28648
11023
25746
18793
30156
7546
25703
22568
19361
23325
2975
31573
7818
3758
8752
1438
20404
26285
28859
1069
3342
25975
32173
19346
14792
9740
23
26479
25229
8603
9294
22758
14719
16851
32322
20419
22006
19432
17823
19048
13305
28775
14245
18556
12152
3003
15048
31827
30543
25467
8199
10012
13307
27769
7692
3020
24090
25995
25096
9422
165
21271
21068
2151
25324
10080
24232
10219
22100
9108
31364
21921
9171
15761
7360
15735
21800
5755
24907
15462
21979
19967
10373
17059
10232
15972
20565
11403
10379
27990
25354
15947
8154
15730
22515
11859
6501
11408
16829
27256
16286
10964
1679
1003
14185
22131
32230
28126
14162
10310
4146
31472
22160
23824
13358
17757
20413
10128
26112
28134
13139
30533
29716
23937
17894
24579
15800
30145
1572
28218
16247
23555
5772
29697
2359
19294
1777
6886
31250
6472
14766
18037
24052
22792
24742
5001
18681
18912
19970
85
19588
31734
5290
2352
25119
22534
13440
17957
10261
30154
20063
21815
19409
27940
7126
7540
15861
3601
9892
14016
3130
11086
31731
606
32010
25544
22357
16447
18654
5828
383
11531
3417
28371
24264
29936
22050
12147
26975
1837
22402
12677
4943
5725
14017
14963
19508
20868
31808
6685
9915
8667
2902
15240
23003
31067
15339
5190
6613
32267
29142
7843
1260
7690
19960
19092
8164
22620
21781
4448
7741
18037
10358
6156
29228
12934
11327
3207
24670
18057
14224
10650
4972
8206
10846
3470
27420
21699
1296
20378
861
13254
24025
19
12033
20395
20440
32594
25144
7500
16369
22372
18640
13139
4969
1140
1071
30344
13380
22521
19724
16091
32606
25247
29936
16689
30795
4343
880
18927
24304
26333
27431
5191
734
1453
4725
19013
28786
26917
11259
31128
21421
1816
6866
2337
11476
15832
24206
31549
12999
15713
17141
2259
32546
22342
20351
24860
24597
24924
12941
6709
27651
5927
9322
7782
13021
9736
32258
8752
10557
20516
32612
28440
10562
21012
505
3894
9518
30542
4738
9597
26560
2390
11987
32455
32338
1444
9041
10152
10419
18004
17452
4847
27330
2448
32349
7419
7119
958
31839
30660
4017
26728
23213
19365
13735
5615
10238
6378
18671
20463
11587
9758
28456
13425
14684
1809
24681
22484
27806
2219
29981
13176
16390
3444
13733
21296
17465
9951
18347
28004
21571
30554
21831
21001
14348
10518
18900
23618
29338
1430
145
21203
14345
31225
16631
25418
18250
5128
9436
9196
9118
17407
17484
18528
27089
28444
17186
29982
15671
7913
7274
23957
2152
22856
18295
6431
3514
27971
4803
23205
899
16529
20617
30482
14347
27111
12580
26232
31059
9220
26405
11269
15497
25979
28983
20644
16710
10559
9652
23666
11405
13296
23555
31463
22404
25064
20408
13761
19952
18948
6505
29359
14450
16690
22865
8131
11907
2751
28583
14997
11313
16734
24252
7734
10134
17655
13015
17371
541
14646
3024
25158
20852
24782
9327
6131
15440
24977
29570
3080
26340
15665
17088
12794
11039
2771
22368
7166
6312
15705
2169
2102
30874
620
24344
5272
20735
1612
7203
17822
9230
10327
16368
19376
26405
27739
28581
13137
28036
13467
21582
27659
17103
4259
20415
21019
12610
11468
9007
9949
28594
11918
25489
9206
13127
2440
22449
5443
8443
6481
7188
9605
23249
3068
10380
18889
9430
26989
5021
30616
24025
17247
12179
4579
18409
23088
23903
14509
23699
17011
12597
26486
10456
22324
17640
3691
27888
1289
21504
4687
31681
14813
32161
24359
5662
1404
18459
31144
15808
14046
16976
15201
15365
563
24265
9640
22634
