2
5
6
13
17
18
23
24
28
33
38
39
39
40
42
43
43
46
50
52
54
56
63
64
65
65
66
66
70
75
86
87
100
108
108
109
109
111
113
117
119
122
129
130
133
144
153
154
167
168
171
176
178
181
196
198
207
211
213
221
224
225
230
240
241
242
245
256
261
281
284
285
286
290
295
298
301
306
307
312
319
324
328
331
332
333
336
336
338
347
352
358
363
364
365
368
369
374
378
379
381
381
381
396
398
399
401
407
408
416
416
417
418
421
426
427
433
437
438
442
444
444
445
446
450
455
455
459
465
474
483
483
492
493
498
501
509
514
523
524
530
530
535
537
544
547
555
563
564
565
566
566
567
567
571
575
576
583
586
594
598
602
604
605
606
607
610
610
614
618
621
624
626
626
633
635
636
639
645
651
651
651
652
661
664
667
670
670
672
674
677
686
691
695
698
703
705
706
708
714
716
721
722
725
731
731
738
739
741
742
746
746
754
759
762
780
782
785
788
789
789
797
801
802
804
804
807
810
815
817
820
821
822
822
826
833
833
837
843
844
845
845
845
846
849
851
859
860
870
872
873
881
881
888
889
892
896
899
900
901
903
903
904
909
910
913
930
932
932
932
944
947
952
955
959
963
971
974
975
976
977
994
996
997
999
1000
1005
1020
1031
1032
1033
1038
1047
1051
1053
1054
1063
1069
1076
1078
1078
1078
1081
1087
1090
1091
1092
1095
1095
1098
1107
1108
1110
1111
1115
1118
1122
1128
1131
1132
1134
1139
1140
1141
1145
1148
1156
1161
1162
1162
1165
1168
1168
1181
1182
1185
1191
1196
1204
1213
1217
1240
1242
1245
1246
1251
1251
1254
1261
1268
1276
1276
1276
1277
1278
1279
1283
1285
1290
1296
1306
1309
1315
1320
1324
1327
1330
1338
1343
1344
1347
1350
1351
1354
1356
1357
1357
1366
1370
1383
1387
1388
1392
1394
1394
1399
1399
1401
1405
1407
1409
1411
1412
1420
1422
1423
1426
1429
1433
1433
1435
1435
1436
1443
1445
1449
1452
1453
1459
1463
1466
1467
1482
1484
1484
1485
1494
1498
1498
1502
1502
1505
1506
1508
1509
1511
1513
1513
1516
1517
1520
1524
1528
1528
1537
1537
1540
1541
1542
1544
1547
1550
1567
1568
1569
1570
1573
1578
1582
1584
1584
1585
1585
1586
1596
1601
1604
1608
1612
1613
1631
1641
1643
1654
1656
1660
1668
1668
1670
1671
1675
1683
1686
1686
1686
1687
1692
1696
1698
1703
1710
1711
1715
1717
1721
1723
1730
1734
1734
1734
1736
1738
1739
1740
1749
1749
1750
1755
1755
1756
1762
1766
1772
1778
1779
1780
1796
1796
1797
1798
1798
1801
1806
1812
1812
1826
1827
1830
1831
1837
1838
1838
1838
1841
1841
1844
1844
1847
1848
1848
1849
1849
1849
1853
1859
1862
1866
1868
1868
1871
1872
1879
1879
1881
1883
1883
1887
1887
1897
1898
1899
1901
1904
1907
1914
1917
1918
1918
1919
1925
1938
1945
1947
1952
1954
1955
1955
1956
1959
1963
1967
1971
1973
1976
1978
1980
1981
1985
1986
1995
1996
1999
2000
2005
2006
2011
2014
2015
2023
2023
2027
2032
2034
2039
2042
2045
2047
2049
2050
2050
2050
2052
2053
2059
2065
2067
2068
2068
2083
2090
2092
2092
2093
2096
2099
2110
2110
2113
2116
2118
2130
2134
2134
2136
2137
2137
2144
2148
2155
2159
2162
2169
2169
2175
2178
2179
2180
2182
2187
2193
2194
2197
2197
2199
2201
2205
2211
2212
2213
2214
2217
2223
2225
2225
2229
2229
2230
2232
2233
2236
2237
2237
2237
2239
2241
2242
2243
2248
2248
2248
2256
2258
2268
2282
2283
2286
2288
2289
2291
2293
2297
2301
2302
2305
2308
2310
2313
2313
2314
2317
2317
2319
2321
2321
2324
2334
2335
2336
2338
2348
2352
2352
2355
2356
2361
2365
2365
2368
2370
2375
2377
2378
2378
2379
2389
2405
2407
2410
2422
2422
2426
2428
2431
2435
2435
2442
2444
2449
2456
2457
2457
2458
2458
2459
2462
2462
2469
2471
2476
2480
2481
2482
2485
2487
2491
2499
2504
2507
2507
2512
2513
2514
2525
2527
2530
2536
2537
2549
2551
2555
2555
2562
2563
2569
2575
2578
2587
2587
2591
2592
2592
2596
2607
2607
2609
2610
2613
2616
2619
2622
2624
2625
2633
2634
2637
2638
2639
2643
2644
2644
2647
2648
2653
2662
2665
2666
2668
2669
2670
2671
2676
2678
2683
2685
2698
2705
2706
2709
2711
2715
2717
2722
2722
2726
2728
2730
2739
2739
2743
2744
2745
2749
2750
2759
2761
2763
2764
2764
2765
2771
2778
2796
2799
2801
2801
2816
2820
2823
2825
2826
2826
2828
2830
2832
2833
2844
2845
2847
2849
2852
2853
2855
2856
2856
2860
2860
2862
2865
2867
2870
2871
2871
2873
2885
2898
2905
2910
2913
2914
2916
2918
2922
2925
2930
2934
2939
2940
2947
2950
2951
2953
2953
2954
2955
2956
2957
2959
2960
2963
2965
2970
2977
2980
2982
2986
2987
2994
3003
3003
3003
3004
3007
3007
3011
3012
3013
3020
3023
3025
3028
3031
3034
3034
3039
3040
3045
3049
3049
3050
3051
3054
3056
3057
3063
3064
3068
3068
3075
3081
3082
3089
3091
3096
3098
3100
3100
3102
3105
3107
3107
3114
3118
3124
3136
3140
3144
3145
3145
3154
3156
3160
3163
3169
3171
3183
3190
3191
3193
3195
3195
3201
3203
3207
3210
3213
3213
3219
3221
3222
3226
3230
3231
3233
3234
3235
3235
3240
3240
3244
3246
3247
3259
3264
3265
3272
3273
3277
3292
3296
3296
3296
3300
3301
3303
3303
3305
3309
3310
3312
3315
3316
3320
3322
3327
3327
3330
3331
3332
3333
3333
3334
3337
3340
3344
3346
3347
3353
3354
3355
3358
3360
3362
3364
3365
3379
3379
3391
3397
3401
3402
3404
3408
3409
3412
3413
3414
3414
3415
3417
3426
3426
3430
3432
3434
3437
3442
3449
3455
3455
3456
3457
3457
3457
3460
3467
3467
3468
3469
3471
3471
3475
3478
3484
3485
3486
3488
3490
3492
3497
3498
3498
3504
3506
3509
3510
3517
3529
3533
3537
3540
3545
3546
3546
3551
3552
3552
3553
3557
3558
3563
3570
3570
3570
3571
3580
3586
3586
3593
3594
3595
3597
3597
3603
3611
3617
3617
3626
3631
3637
3637
3638
3652
3654
3659
3662
3664
3669
3675
3686
3687
3688
3694
3696
3696
3701
3704
3706
3708
3711
3717
3724
3725
3728
3729
3731
3733
3735
3739
3739
3739
3740
3742
3743
3743
3744
3750
3759
3762
3764
3765
3767
3768
3771
3773
3775
3775
3777
3778
3781
3783
3784
3788
3790
3794
3795
3797
3800
3808
3808
3812
3816
3817
3818
3823
3832
3838
3843
3854
3857
3858
3860
3861
3867
3868
3871
3872
3872
3877
3879
3881
3881
3888
3889
3892
3894
3898
3899
3909
3915
3916
3918
3927
3927
3928
3935
3942
3950
3956
3958
3959
3963
3967
3970
3974
3979
3979
3980
3987
3987
3987
3993
3994
3998
3998
3998
3999
4001
4003
4008
4010
4012
4012
4016
4021
4023
4024
4027
4027
4029
4030
4032
4033
4033
4040
4040
4042
4042
4043
4046
4055
4057
4059
4066
4068
4069
4070
4074
4074
4074
4081
4081
4082
4085
4085
4092
4099
4107
4109
4110
4112
4117
4118
4122
4122
4124
4127
4127
4127
4128
4131
4131
4133
4137
4139
4149
4153
4155
4156
4161
4162
4165
4166
4169
4172
4174
4183
4183
4183
4186
4190
4192
4199
4210
4220
4221
4224
4228
4229
4234
4237
4239
4240
4240
4245
4249
4252
4269
4271
4272
4273
4273
4279
4281
4282
4284
4292
4295
4296
4297
4297
4298
4303
4303
4304
4306
4321
4327
4327
4329
4332
4337
4344
4346
4351
4354
4360
4365
4365
4371
4373
4374
4374
4376
4377
4383
4398
4398
4402
4409
4413
4417
4419
4419
4419
4422
4433
4436
4436
4439
4440
4443
4446
4448
4448
4450
4452
4453
4458
4459
4460
4462
4464
4470
4476
4478
4480
4486
4487
4487
4492
4493
4493
4495
4500
4501
4512
4513
4514
4516
4529
4534
4535
4538
4540
4542
4545
4546
4546
4547
4548
4550
4551
4556
4557
4558
4560
4561
4565
4566
4569
4569
4570
4575
4577
4578
4579
4583
4585
4589
4592
4596
4597
4599
4600
4600
4615
4624
4626
4629
4642
4643
4644
4650
4654
4657
4660
4664
4683
4685
4687
4689
4690
4692
4694
4697
4699
4704
4705
4706
4707
4712
4724
4730
4731
4734
4735
4737
4738
4746
4747
4755
4757
4760
4765
4772
4774
4775
4780
4782
4783
4784
4787
4788
4791
4795
4799
4799
4802
4805
4808
4814
4817
4818
4819
4823
4825
4826
4826
4829
4838
4838
4840
4843
4849
4849
4855
4856
4857
4861
4861
4863
4864
4866
4869
4871
4872
4872
4875
4876
4877
4878
4878
4880
4887
4897
4901
4906
4911
4913
4916
4918
4926
4933
4936
4940
4943
4943
4943
4944
4948
4949
4949
4954
4954
4954
4955
4973
4975
4977
4978
4981
4984
4985
4990
4993
4993
4997
4998
5001
5010
5011
5014
5026
5026
5035
5043
5046
5047
5051
5059
5062
5065
5066
5071
5072
5075
5077
5083
5085
5085
5088
5090
5098
5106
5117
5128
5128
5130
5132
5133
5134
5141
5144
5144
5147
5148
5149
5151
5164
5165
5172
5175
5175
5186
5191
5191
5192
5197
5200
5200
5205
5207
5209
5211
5214
5217
5227
5231
5237
5237
5240
5245
5245
5246
5253
5258
5259
5264
5269
5271
5271
5277
5279
5280
5289
5290
5295
5296
5299
5300
5303
5306
5310
5316
5317
5318
5320
5325
5327
5330
5343
5343
5344
5352
5354
5356
5356
5359
5361
5365
5367
5367
5368
5368
5368
5369
5372
5373
5373
5376
5382
5385
5387
5388
5392
5398
5400
5404
5405
5407
5413
5415
5416
5417
5417
5418
5422
5426
5427
5428
5433
5433
5433
5433
5438
5438
5443
5445
5447
5454
5466
5467
5471
5471
5471
5474
5476
5479
5486
5493
5496
5498
5499
5503
5503
5512
5512
5513
5518
5518
5522
5523
5526
5528
5529
5533
5539
5539
5540
5541
5546
5552
5555
5556
5557
5568
5573
5575
5582
5583
5587
5589
5592
5596
5598
5601
5604
5611
5614
5621
5625
5629
5629
5630
5638
5639
5640
5644
5645
5650
5653
5657
5659
5662
5667
5669
5669
5672
5674
5680
5681
5681
5682
5682
5686
5687
5689
5690
5690
5693
5697
5703
5705
5709
5729
5732
5733
5733
5734
5751
5755
5756
5759
5762
5778
5781
5786
5789
5797
5800
5811
5814
5815
5822
5831
5832
5833
5834
5836
5844
5850
5853
5854
5857
5859
5860
5864
5866
5867
5873
5873
5875
5876
5879
5883
5885
5896
5898
5899
5902
5908
5914
5915
5918
5919
5923
5925
5926
5926
5932
5939
5943
5954
5962
5966
5969
5970
5976
5985
5988
6002
6005
6007
6010
6011
6014
6016
6017
6018
6019
6029
6034
6037
6040
6041
6042
6050
6060
6062
6069
6073
6073
6076
6081
6083
6087
6088
6091
6099
6102
6103
6104
6106
6107
6112
6121
6124
6126
6127
6129
6133
6134
6136
6140
6142
6145
6145
6146
6148
6151
6152
6152
6156
6156
6164
6165
6167
6169
6171
6181
6182
6194
6197
6207
6209
6213
6215
6217
6217
6221
6228
6229
6230
6230
6231
6232
6237
6239
6239
6241
6243
6245
6248
6249
6251
6264
6266
6267
6268
6270
6271
6274
6276
6284
6284
6285
6289
6291
6291
6291
6296
6297
6303
6308
6311
6312
6315
6318
6320
6322
6328
6328
6331
6332
6335
6340
6343
6348
6349
6351
6356
6356
6365
6365
6368
6372
6373
6375
6377
6384
6389
6392
6393
6403
6408
6411
6414
6414
6414
6423
6425
6428
6428
6430
6435
6444
6444
6445
6447
6448
6448
6450
6457
6467
6468
6469
6469
6480
6480
6482
6483
6484
6486
6489
6492
6493
6493
6494
6502
6510
6515
6519
6520
6524
6529
6532
6532
6532
6532
6533
6535
6550
6555
6559
6565
6565
6570
6579
6587
6588
6591
6599
6599
6601
6602
6603
6608
6618
6620
6626
6628
6628
6629
6630
6630
6635
6638
6639
6645
6651
6654
6654
6656
6660
6660
6665
6667
6670
6670
6674
6676
6684
6691
6692
6698
6701
6709
6710
6712
6712
6712
6715
6717
6719
6721
6721
6721
6729
6729
6731
6731
6738
6742
6744
6745
6745
6752
6753
6754
6760
6760
6760
6765
6773
6775
6780
6783
6785
6785
6788
6791
6793
6794
6795
6796
6805
6806
6809
6814
6816
6818
6820
6820
6821
6825
6826
6826
6828
6830
6830
6830
6832
6832
6836
6837
6845
6848
6851
6860
6860
6863
6865
6869
6870
6876
6877
6878
6885
6888
6889
6892
6898
6899
6900
6902
6907
6907
6908
6912
6919
6919
6922
6925
6925
6925
6928
6937
6940
6946
6946
6946
6949
6950
6954
6954
6956
6956
6957
6970
6975
6976
6978
6979
6982
6987
6995
7007
7009
7014
7027
7032
7032
7033
7034
7035
7035
7039
7042
7044
7044
7047
7049
7053
7055
7059
7064
7066
7070
7072
7075
7076
7077
7079
7095
7104
7108
7114
7120
7122
7123
7124
7124
7125
7125
7125
7126
7134
7137
7140
7140
7145
7147
7147
7147
7152
7161
7165
7170
7171
7180
7184
7189
7191
7192
7194
7195
7198
7200
7202
7204
7206
7210
7210
7212
7215
7217
7217
7217
7221
7221
7228
7230
7231
7236
7239
7248
7255
7256
7258
7262
7264
7272
7274
7276
7278
7283
7284
7287
7289
7289
7292
7293
7294
7294
7296
7299
7299
7302
7308
7315
7316
7317
7318
7318
7320
7335
7335
7341
7343
7348
7351
7352
7357
7357
7361
7361
7362
7373
7376
7390
7391
7393
7399
7408
7416
7418
7419
7419
7421
7422
7422
7428
7429
7431
7433
7437
7442
7443
7444
7451
7451
7455
7455
7455
7459
7461
7462
7464
7465
7467
7470
7471
7483
7489
7499
7507
7507
7513
7518
7522
7527
7532
7545
7552
7556
7558
7568
7571
7574
7580
7582
7582
7588
7588
7588
7595
7596
7597
7599
7600
7602
7609
7609
7613
7618
7619
7619
7619
7622
7625
7625
7626
7628
7630
7635
7637
7641
7645
7645
7649
7649
7650
7651
7652
7654
7655
7666
7669
7669
7673
7675
7675
7678
7685
7689
7691
7692
7692
7694
7696
7700
7701
7703
7706
7707
7708
7709
7711
7713
7716
7719
7720
7721
7724
7725
7725
7727
7727
7732
7736
7738
7738
7741
7748
7749
7752
7752
7753
7757
7758
7758
7759
7768
7768
7769
7779
7779
7779
7781
7789
7792
7795
7795
7796
7797
7816
7820
7822
7824
7825
7826
7831
7836
7844
7845
7847
7847
7848
7854
7859
7863
7863
7865
7869
7869
7871
7872
7874
7878
7881
7889
7894
7897
7900
7901
7905
7909
7910
7910
7911
7912
7916
7916
7919
7919
7920
7923
7931
7936
7940
7943
7949
7949
7950
7952
7954
7963
7968
7969
7974
7982
7985
7985
7987
7988
7989
7990
7994
7996
8000
8002
8003
8003
8004
8004
8005
8005
8008
8010
8011
8022
8023
8025
8025
8026
8026
8027
8032
8033
8035
8051
8054
8057
8058
8060
8061
8062
8063
8063
8066
8070
8070
8073
8074
8077
8078
8081
8085
8087
8089
8090
8095
8098
8100
8101
8102
8112
8119
8119
8123
8123
8130
8131
8131
8132
8140
8140
8145
8157
8159
8161
8162
8164
8170
8172
8175
8175
8177
8178
8179
8183
8188
8193
8194
8200
8202
8204
8206
8215
8216
8219
8220
8226
8250
8257
8257
8261
8262
8264
8264
8265
8268
8281
8285
8288
8292
8297
8298
8307
8307
8309
8316
8317
8328
8329
8330
8331
8334
8335
8335
8336
8339
8340
8340
8346
8347
8348
8350
8353
8356
8358
8365
8366
8376
8380
8383
8384
8385
8391
8392
8398
8401
8406
8406
8412
8413
8414
8415
8418
8423
8426
8427
8431
8431
8432
8432
8435
8441
8449
8451
8451
8452
8453
8453
8458
8463
8465
8468
8469
8469
8472
8473
8475
8479
8487
8488
8492
8506
8513
8516
8524
8525
8528
8530
8536
8540
8551
8553
8557
8561
8561
8561
8562
8563
8573
8577
8587
8597
8602
8605
8606
8615
8616
8619
8623
8626
8633
8633
8637
8637
8638
8638
8642
8643
8655
8659
8665
8674
8677
8677
8679
8683
8688
8690
8691
8697
8698
8707
8708
8710
8712
8715
8716
8718
8718
8718
8722
8730
8732
8732
8734
8734
8734
8741
8742
8743
8753
8754
8755
8759
8762
8762
8765
8767
8771
8772
8775
8776
8777
8781
8783
8784
8788
8795
8797
8815
8815
8815
8816
8817
8818
8818
8826
8827
8834
8835
8846
8850
8853
8855
8857
8858
8859
8860
8874
8880
8884
8886
8897
8903
8905
8907
8911
8917
8919
8923
8926
8929
8930
8931
8937
8938
8938
8941
8950
8952
8954
8966
8967
8969
8973
8983
8984
8985
8987
8989
8997
8998
9003
9005
9007
9007
9007
9012
9014
9016
9019
9025
9031
9033
9034
9034
9035
9035
9035
9038
9038
9039
9039
9044
9053
9053
9054
9055
9058
9063
9068
9070
9072
9073
9075
9075
9084
9088
9093
9095
9096
9097
9098
9100
9102
9103
9110
9113
9114
9115
9116
9120
9123
9126
9130
9142
9151
9151
9152
9155
9163
9164
9168
9169
9172
9173
9176
9182
9184
9186
9191
9196
9197
9198
9199
9199
9205
9206
9206
9215
9217
9240
9240
9244
9248
9252
9256
9256
9259
9261
9264
9264
9266
9269
9276
9281
9281
9282
9283
9286
9296
9301
9305
9305
9306
9306
9315
9317
9319
9334
9347
9349
9351
9352
9355
9357
9359
9360
9361
9363
9364
9368
9368
9373
9375
9386
9390
9392
9392
9394
9399
9409
9411
9411
9414
9416
9421
9424
9427
9442
9444
9445
9445
9450
9453
9461
9471
9471
9478
9485
9486
9498
9502
9507
9517
9519
9519
9538
9538
9542
9542
9544
9547
9549
9550
9553
9554
9554
9554
9555
9556
9557
9563
9563
9570
9572
9576
9578
9591
9592
9592
9594
9594
9598
9600
9601
9602
9610
9620
9623
9625
9625
9627
9629
9635
9637
9638
9638
9640
9640
9641
9642
9645
9648
9653
9659
9660
9663
9664
9667
9678
9680
9685
9685
9687
9688
9689
9691
9693
9701
9705
9705
9705
9706
9710
9712
9713
9714
9715
9717
9725
9725
9726
9730
9736
9739
9740
9748
9751
9752
9755
9755
9757
9769
9771
9771
9775
9781
9784
9788
9789
9790
9791
9800
9802
9806
9807
9808
9816
9818
9819
9822
9826
9829
9835
9836
9839
9842
9848
9852
9853
9856
9859
9862
9875
9879
9880
9880
9883
9919
9920
9925
9930
9932
9935
9935
9936
9937
9938
9940
9940
9943
9946
9955
9955
9956
9961
9967
9968
9973
9974
9976
9980
9980
9981
9985
9994
9998
9999
10005
10006
10011
10012
10012
10017
10018
10019
10024
10024
10026
10029
10051
10054
10055
10061
10066
10067
10068
10071
10072
10075
10080
10083
10085
10086
10086
10091
10093
10108
10109
10111
10113
10113
10117
10121
10126
10132
10133
10133
10134
10138
10139
10139
10140
10145
10148
10150
10156
10156
10158
10159
10161
10164
10164
10166
10171
10177
10178
10179
10182
10188
10190
10190
10190
10194
10194
10194
10196
10197
10198
10217
10225
10226
10227
10229
10231
10231
10235
10240
10241
10245
10246
10249
10250
10255
10255
10258
10258
10264
10265
10270
10271
10271
10280
10282
10289
10300
10311
10315
10316
10317
10319
10329
10335
10343
10344
10345
10347
10349
10352
10367
10370
10372
10372
10374
10377
10380
10385
10388
10390
10391
10392
10394
10395
10400
10401
10403
10419
10423
10428
10432
10434
10436
10437
10440
10445
10449
10450
10458
10463
10471
10474
10475
10477
10478
10479
10480
10481
10483
10490
10491
10494
10495
10498
10498
10498
10500
10505
10506
10508
10509
10509
10514
10515
10519
10521
10523
10523
10525
10528
10536
10541
10541
10546
10546
10549
10553
10554
10555
10576
10579
10582
10583
10596
10598
10599
10600
10606
10612
10621
10630
10632
10633
10637
10638
10640
10648
10649
10649
10651
10652
10655
10657
10659
10660
10663
10674
10674
10674
10676
10678
10679
10684
10691
10696
10696
10699
10703
10704
10705
10707
10711
10713
10717
10721
10724
10725
10729
10733
10736
10748
10750
10751
10755
10757
10762
10763
10768
10771
10777
10785
10786
10789
10791
10793
10794
10798
10802
10807
10815
10816
10820
10826
10840
10841
10844
10853
10856
10856
10862
10863
10867
10870
10871
10879
10884
10884
10884
10893
10900
10901
10901
10903
10904
10905
10913
10917
10925
10930
10931
10931
10935
10944
10949
10950
10950
10957
10962
10962
10977
10982
10989
10990
10991
10993
10995
10996
11002
11005
11014
11019
11022
11024
11026
11026
11029
11032
11035
11040
11040
11041
11043
11044
11045
11051
11052
11060
11062
11070
11071
11074
11081
11081
11087
11088
11092
11094
11095
11097
11097
11102
11103
11106
11106
11121
11128
11129
11131
11136
11144
11149
11151
11151
11151
11152
11159
11160
11162
11163
11169
11170
11171
11171
11175
11178
11184
11185
11186
11186
11191
11192
11195
11200
11200
11205
11208
11210
11213
11214
11216
11218
11233
11234
11235
11235
11238
11243
11244
11245
11252
11253
11258
11262
11267
11268
11269
11270
11274
11288
11290
11290
11295
11298
11302
11304
11308
11308
11310
11311
11321
11322
11326
11327
11332
11334
11336
11344
11347
11347
11348
11349
11350
11352
11353
11359
11364
11365
11367
11372
11373
11373
11376
11387
11387
11388
11395
11395
11397
11402
11412
11413
11413
11414
11414
11420
11425
11427
11431
11432
11435
11444
11446
11452
11458
11460
11477
11492
11494
11495
11496
11499
11502
11504
11505
11506
11509
11516
11520
11520
11522
11523
11523
11526
11539
11541
11543
11543
11545
11545
11548
11555
11563
11563
11572
11573
11575
11575
11593
11594
11599
11599
11607
11608
11610
11614
11617
11623
11625
11626
11629
11630
11637
11640
11640
11641
11643
11645
11647
11649
11650
11650
11650
11651
11663
11669
11673
11686
11687
11688
11692
11694
11695
11698
11700
11700
11700
11713
11713
11715
11717
11726
11731
11735
11742
11747
11749
11750
11750
11753
11754
11775
11776
11779
11782
11788
11794
11797
11798
11804
11807
11808
11810
11812
11818
11825
11827
11827
11833
11835
11839
11841
11843
11846
11847
11848
11848
11856
11861
11863
11869
11871
11872
11875
11876
11881
11881
11885
11890
11892
11892
11899
11905
11906
11910
11913
11914
11920
11924
11930
11933
11935
11939
11940
11945
11945
11947
11953
11957
11957
11962
11969
11974
11980
11988
11990
11995
11998
12009
12013
12017
12018
12019
12020
12024
12026
12027
12028
12030
12036
12048
12051
12054
12055
12055
12057
12060
12068
12073
12074
12079
12081
12086
12087
12087
12087
12091
12093
12100
12101
12103
12104
12104
12107
12109
12111
12112
12120
12121
12127
12134
12134
12143
12144
12147
12153
12153
12156
12158
12161
12162
12164
12168
12173
12175
12175
12187
12192
12194
12197
12201
12201
12202
12202
12202
12203
12213
12219
12220
12227
12231
12232
12239
12241
12242
12246
12246
12246
12253
12260
12267
12268
12271
12272
12274
12276
12277
12277
12278
12280
12280
12281
12290
12292
12292
12298
12300
12304
12304
12305
12307
12323
12323
12326
12330
12332
12334
12338
12340
12340
12341
12344
12348
12353
12354
12355
12365
12371
12382
12388
12389
12396
12398
12406
12406
12417
12426
12431
12431
12432
12433
12438
12443
12447
12452
12457
12470
12473
12474
12474
12477
12479
12480
12482
12488
12488
12490
12490
12493
12498
12509
12509
12514
12518
12530
12531
12537
12544
12544
12549
12550
12550
12553
12559
12561
12561
12564
12566
12570
12580
12593
12598
12601
12603
12605
12605
12606
12608
12614
12616
12624
12624
12627
12633
12641
12642
12646
12656
12658
12663
12664
12664
12665
12679
12682
12684
12687
12689
12689
12691
12700
12704
12706
12728
12728
12732
12736
12737
12742
12743
12743
12745
12753
12759
12765
12766
12767
12780
12780
12782
12784
12788
12791
12792
12798
12802
12804
12807
12807
12808
12812
12827
12829
12832
12837
12839
12840
12841
12845
12851
12853
12857
12860
12861
12863
12864
12864
12868
12872
12873
12876
12876
12877
12882
12886
12896
12904
12904
12907
12914
12914
12916
12916
12917
12922
12924
12925
12927
12927
12930
12930
12931
12934
12934
12936
12938
12939
12941
12942
12942
12951
12954
12959
12975
12976
12981
12983
12985
12993
12994
13000
13002
13005
13011
13019
13021
13022
13025
13029
13030
13030
13031
13042
13042
13043
13044
13044
13048
13056
13063
13064
13065
13069
13072
13073
13074
13075
13081
13083
13085
13085
13088
13095
13099
13100
13101
13115
13121
13121
13123
13126
13126
13126
13129
13130
13134
13134
13138
13139
13141
13149
13155
13159
13159
13161
13161
13175
13176
13178
13180
13193
13197
13204
13207
13208
13212
13214
13214
13217
13221
13224
13228
13240
13249
13255
13264
13268
13273
13273
13283
13286
13286
13289
13293
13303
13304
13305
13305
13307
13310
13317
13318
13319
13322
13325
13330
13334
13335
13335
13335
13337
13338
13339
13360
13365
13370
13373
13375
13380
13380
13389
13391
13395
13397
13400
13404
13407
13407
13409
13412
13415
13418
13420
13421
13428
13429
13433
13435
13437
13445
13447
13447
13448
13451
13453
13453
13456
13457
13458
13464
13471
13475
13481
13482
13483
13487
13493
13494
13496
13498
13498
13502
13502
13502
13503
13505
13506
13507
13508
13515
13515
13515
13519
13521
13524
13525
13526
13528
13539
13541
13542
13556
13559
13561
13561
13562
13567
13568
13569
13571
13571
13576
13581
13583
13584
13584
13585
13589
13589
13591
13596
13597
13599
13599
13604
13607
13611
13612
13612
13613
13622
13622
13625
13628
13630
13643
13646
13649
13651
13652
13652
13655
13659
13665
13668
13674
13676
13677
13678
13681
13687
13697
13699
13699
13702
13711
13712
13714
13714
13717
13721
13725
13729
13733
13733
13733
13733
13734
13734
13735
13739
13742
13743
13746
13747
13751
13760
13760
13760
13761
13772
13781
13785
13786
13787
13796
13797
13798
13798
13800
13805
13807
13815
13817
13819
13821
13827
13830
13830
13832
13839
13847
13849
13851
13856
13858
13860
13861
13864
13864
13870
13873
13875
13877
13879
13880
13889
13894
13894
13895
13897
13898
13903
13907
13908
13909
13914
13915
13916
13917
13924
13928
13929
13930
13930
13931
13933
13934
13938
13941
13942
13952
13955
13956
13957
13958
13958
13963
13968
13971
13972
13978
13989
13991
13992
13993
13999
14000
14007
14021
14021
14023
14027
14028
14036
14041
14053
14062
14062
14064
14070
14073
14074
14074
14075
14077
14079
14083
14084
14087
14089
14089
14090
14094
14094
14100
14102
14106
14108
14110
14115
14125
14126
14131
14132
14139
14142
14143
14144
14145
14146
14148
14153
14154
14163
14163
14172
14174
14176
14185
14189
14203
14206
14207
14210
14216
14216
14217
14228
14252
14257
14257
14265
14278
14284
14286
14291
14297
14298
14303
14325
14334
14338
14340
14343
14345
14346
14350
14351
14355
14358
14363
14365
14366
14367
14371
14376
14380
14381
14384
14386
14390
14399
14400
14402
14403
14404
14408
14409
14410
14412
14414
14418
14423
14426
14429
14430
14437
14452
14453
14453
14455
14458
14459
14461
14462
14463
14468
14470
14472
14475
14475
14478
14479
14479
14481
14481
14484
14493
14496
14497
14499
14504
14513
14521
14522
14528
14528
14532
14538
14539
14539
14540
14542
14555
14561
14562
14562
14572
14575
14578
14579
14585
14586
14587
14597
14597
14598
14598
14601
14606
14614
14616
14618
14620
14622
14624
14627
14633
14638
14646
14650
14657
14665
14669
14671
14675
14681
14682
14686
14690
14690
14690
14699
14703
14705
14712
14712
14714
14715
14716
14720
14723
14730
14730
14732
14733
14736
14739
14747
14755
14757
14763
14769
14770
14771
14773
14773
14775
14777
14782
14785
14792
14793
14803
14809
14810
14812
14813
14814
14817
14823
14826
14828
14832
14835
14838
14840
14842
14844
14846
14847
14849
14859
14859
14864
14864
14868
14869
14884
14885
14889
14890
14890
14892
14902
14906
14907
14907
14909
14913
14917
14934
14934
14944
14945
14949
14949
14953
14966
14969
14969
14972
14976
14977
14978
14980
14983
14985
14986
14987
14987
14987
14989
14997
14999
15002
15002
15002
15002
15002
15007
15008
15010
15012
15014
15019
15020
15026
15028
15036
15037
15046
15048
15055
15056
15061
15061
15062
15067
15069
15069
15070
15072
15080
15083
15083
15085
15088
15090
15090
15093
15097
15097
15098
15099
15101
15105
15106
15110
15118
15129
15130
15134
15135
15135
15138
15146
15147
15154
15156
15161
15161
15161
15161
15162
15163
15164
15164
15167
15170
15170
15180
15188
15189
15190
15192
15199
15203
15206
15209
15210
15214
15218
15218
15224
15226
15226
15228
15230
15233
15240
15241
15243
15250
15251
15257
15257
15258
15258
15258
15260
15262
15262
15265
15269
15270
15284
15285
15289
15292
15293
15294
15298
15298
15298
15299
15300
15306
15306
15308
15314
15314
15322
15325
15329
15334
15334
15335
15335
15336
15345
15346
15349
15350
15352
15357
15360
15376
15377
15386
15388
15390
15392
15393
15395
15400
15417
15423
15426
15436
15437
15442
15443
15445
15451
15461
15467
15473
15483
15489
15497
15504
15509
15509
15513
15515
15520
15522
15524
15527
15529
15532
15534
15541
15545
15546
15548
15549
15551
15555
15568
15571
15572
15575
15577
15585
15585
15586
15589
15590
15590
15590
15593
15598
15599
15600
15601
15603
15605
15607
15609
15626
15626
15629
15635
15637
15644
15653
15659
15665
15669
15671
15674
15676
15682
15685
15688
15688
15693
15695
15696
15709
15714
15714
15715
15716
15717
15718
15718
15720
15720
15723
15727
15732
15733
15734
15738
15739
15740
15743
15743
15746
15748
15753
15754
15756
15762
15763
15764
15766
15768
15769
15776
15777
15777
15784
15789
15791
15792
15794
15798
15804
15805
15806
15809
15810
15812
15814
15816
15817
15822
15823
15828
15831
15832
15836
15839
15839
15843
15847
15850
15851
15870
15874
15879
15879
15882
15884
15891
15893
15894
15894
15894
15895
15896
15897
15902
15902
15904
15904
15906
15907
15911
15913
15913
15915
15919
15922
15929
15929
15929
15934
15941
15943
15949
15951
15953
15960
15964
15967
15970
15972
15974
15978
15986
15988
15992
15993
15996
16002
16003
16004
16010
16012
16015
16018
16019
16022
16022
16023
16024
16024
16033
16035
16037
16041
16042
16048
16059
16062
16062
16063
16065
16065
16066
16071
16073
16084
16087
16092
16094
16100
16107
16108
16112
16113
16126
16128
16134
16141
16144
16144
16149
16150
16154
16157
16160
16161
16165
16168
16179
16180
16182
16185
16195
16209
16212
16216
16217
16224
16229
16234
16236
16246
16247
16249
16250
16254
16255
16260
16265
16265
16268
16268
16273
16277
16278
16282
16283
16285
16293
16295
16298
16302
16303
16304
16305
16308
16309
16310
16319
16322
16331
16332
16334
16334
16337
16348
16354
16366
16368
16371
16378
16381
16384
16386
16388
16394
16394
16403
16406
16409
16412
16414
16418
16425
16427
16430
16432
16435
16436
16437
16437
16441
16441
16445
16446
16452
16452
16454
16463
16473
16476
16478
16481
16482
16482
16486
16494
16500
16504
16510
16514
16515
16517
16519
16519
16519
16524
16535
16537
16538
16541
16544
16550
16557
16560
16562
16562
16565
16572
16574
16575
16576
16593
16594
16598
16602
16603
16603
16603
16607
16607
16617
16618
16623
16630
16630
16639
16644
16645
16648
16656
16659
16662
16675
16680
16681
16684
16685
16687
16690
16693
16694
16695
16697
16705
16706
16715
16716
16716
16717
16724
16730
16732
16735
16735
16736
16737
16743
16753
16755
16756
16762
16775
16775
16776
16783
16784
16793
16796
16796
16796
16799
16800
16802
16805
16805
16805
16806
16808
16811
16813
16817
16821
16824
16831
16833
16834
16835
16835
16841
16846
16848
16852
16853
16853
16858
16858
16864
16868
16871
16872
16874
16880
16881
16881
16882
16882
16888
16892
16892
16893
16895
16897
16904
16915
16918
16918
16924
16925
16930
16933
16938
16941
16944
16951
16951
16959
16960
16964
16965
16968
16969
16970
16971
16975
16976
16982
16986
16989
16992
16996
16997
17001
17003
17005
17008
17008
17011
17011
17015
17019
17019
17025
17025
17028
17029
17031
17033
17040
17040
17052
17052
17053
17057
17063
17065
17070
17076
17076
17077
17079
17080
17087
17087
17088
17090
17091
17092
17092
17093
17096
17104
17110
17114
17116
17117
17117
17119
17123
17142
17146
17150
17154
17169
17180
17186
17186
17190
17195
17195
17195
17198
17200
17202
17204
17207
17208
17210
17210
17213
17215
17217
17222
17224
17225
17228
17234
17234
17237
17245
17246
17249
17257
17261
17264
17266
17266
17267
17270
17273
17276
17285
17291
17296
17297
17304
17308
17310
17312
17312
17319
17321
17331
17332
17337
17349
17351
17353
17357
17359
17360
17364
17365
17366
17366
17368
17369
17371
17373
17374
17379
17381
17385
17386
17387
17389
17390
17390
17393
17397
17399
17402
17402
17404
17404
17406
17411
17411
17412
17417
17423
17429
17430
17431
17438
17441
17452
17461
17468
17471
17477
17481
17487
17493
17501
17505
17516
17517
17519
17530
17531
17531
17532
17535
17542
17548
17554
17558
17561
17574
17578
17581
17583
17588
17593
17597
17600
17604
17605
17605
17609
17610
17612
17621
17621
17621
17624
17628
17629
17630
17633
17639
17645
17651
17653
17653
17659
17660
17661
17663
17665
17671
17673
17675
17680
17689
17690
17695
17696
17698
17703
17704
17705
17705
17707
17713
17713
17716
17717
17720
17728
17732
17733
17734
17735
17736
17743
17743
17747
17750
17751
17752
17759
17760
17765
17772
17772
17784
17786
17787
17793
17795
17795
17799
17799
17819
17823
17826
17826
17829
17833
17838
17839
17840
17841
17851
17863
17867
17867
17867
17868
17868
17871
17872
17877
17877
17879
17879
17880
17885
17891
17893
17899
17904
17907
17909
17913
17914
17914
17930
17937
17941
17943
17954
17954
17956
17956
17956
17961
17962
17965
17967
17968
17972
17979
17986
17986
17990
17998
18000
18003
18007
18007
18015
18017
18018
18029
18036
18038
18039
18043
18059
18061
18063
18067
18071
18076
18079
18082
18083
18086
18090
18092
18095
18095
18103
18103
18106
18107
18110
18111
18111
18113
18117
18118
18127
18140
18142
18143
18153
18157
18157
18158
18160
18162
18164
18166
18175
18175
18179
18180
18187
18190
18194
18194
18198
18200
18202
18202
18203
18210
18213
18214
18214
18214
18223
18226
18226
18227
18232
18232
18234
18241
18246
18247
18250
18251
18253
18255
18263
18268
18286
18291
18296
18297
18298
18303
18304
18306
18308
18313
18314
18325
18325
18328
18329
18335
18336
18337
18337
18342
18352
18353
18355
18356
18357
18359
18361
18361
18364
18365
18365
18374
18401
18407
18419
18421
18422
18429
18436
18436
18439
18447
18456
18458
18465
18467
18467
18471
18475
18478
18479
18484
18490
18499
18501
18505
18505
18510
18515
18517
18518
18521
18528
18529
18530
18530
18530
18531
18533
18533
18546
18550
18552
18554
18556
18560
18564
18564
18567
18567
18569
18573
18578
18578
18585
18585
18594
18594
18596
18596
18597
18602
18604
18605
18606
18613
18613
18631
18633
18636
18643
18645
18648
18651
18652
18653
18653
18654
18659
18660
18660
18666
18668
18668
18670
18672
18676
18678
18679
18679
18683
18683
18693
18693
18695
18698
18709
18709
18716
18718
18718
18719
18726
18727
18727
18731
18731
18733
18737
18738
18743
18757
18766
18766
18771
18774
18777
18785
18791
18794
18796
18797
18804
18809
18810
18813
18813
18817
18825
18827
18830
18832
18839
18855
18858
18862
18863
18866
18876
18885
18886
18887
18890
18890
18895
18898
18901
18903
18905
18911
18913
18918
18919
18919
18919
18923
18926
18929
18933
18934
18935
18935
18936
18940
18948
18952
18963
18964
18965
18980
18987
18989
18992
18993
18997
19002
19003
19007
19023
19028
19031
19031
19032
19040
19044
19047
19056
19056
19080
19087
19087
19096
19098
19103
19103
19103
19105
19114
19114
19116
19116
19125
19126
19127
19128
19134
19138
19139
19139
19139
19140
19140
19143
19143
19148
19148
19151
19156
19158
19170
19170
19170
19173
19177
19182
19182
19186
19189
19189
19191
19196
19204
19205
19205
19209
19209
19216
19221
19224
19228
19231
19233
19233
19238
19242
19243
19246
19256
19259
19259
19260
19260
19268
19270
19272
19276
19304
19305
19305
19311
19311
19315
19319
19325
19325
19326
19327
19332
19335
19336
19338
19343
19344
19347
19347
19358
19361
19361
19362
19365
19366
19367
19371
19376
19379
19381
19381
19391
19391
19401
19401
19404
19404
19408
19413
19415
19416
19419
19420
19422
19423
19429
19430
19432
19434
19436
19437
19437
19438
19439
19442
19447
19460
19464
19464
19467
19468
19472
19474
19474
19478
19484
19496
19498
19499
19499
19503
19505
19505
19506
19506
19506
19516
19517
19521
19530
19533
19536
19538
19539
19539
19543
19551
19555
19559
19562
19562
19563
19565
19569
19571
19574
19576
19578
19579
19579
19580
19583
19584
19585
19586
19590
19592
19595
19597
19598
19598
19599
19606
19607
19610
19613
19619
19631
19635
19637
19640
19650
19651
19653
19653
19653
19655
19656
19658
19675
19676
19678
19682
19683
19686
19687
19690
19693
19697
19702
19712
19715
19717
19718
19719
19729
19743
19751
19759
19762
19763
19765
19767
19771
19772
19774
19778
19780
19785
19785
19788
19792
19797
19798
19805
19806
19810
19811
19812
19815
19815
19817
19819
19825
19828
19829
19829
19832
19832
19835
19836
19839
19848
19850
19852
19858
19863
19868
19870
19872
19875
19876
19880
19880
19881
19884
19886
19887
19888
19894
19895
19898
19899
19900
19902
19903
19911
19911
19914
19916
19916
19916
19920
19920
19923
19926
19928
19937
19954
19959
19959
19962
19963
19964
19971
19975
19979
19979
19980
19986
19991
19999
20000
20003
20004
20008
20009
20009
20009
20010
20011
20015
20016
20017
20017
20020
20021
20027
20029
20030
20037
20038
20039
20041
20042
20043
20045
20047
20049
20051
20063
20067
20070
20071
20072
20075
20075
20077
20077
20078
20081
20082
20087
20089
20093
20096
20099
20107
20108
20115
20118
20120
20122
20122
20126
20129
20134
20145
20149
20162
20167
20170
20170
20170
20171
20173
20175
20177
20178
20182
20185
20186
20191
20194
20194
20200
20202
20203
20207
20209
20219
20231
20233
20233
20235
20237
20245
20245
20249
20253
20253
20254
20264
20268
20268
20273
20274
20278
20284
20284
20292
20300
20301
20301
20304
20312
20314
20314
20319
20326
20326
20331
20331
20345
20352
20352
20366
20369
20372
20372
20373
20376
20382
20383
20385
20388
20393
20394
20395
20395
20396
20397
20398
20402
20402
20404
20416
20418
20423
20425
20426
20427
20433
20434
20441
20442
20443
20446
20448
20449
20451
20462
20462
20465
20465
20466
20469
20469
20473
20478
20481
20481
20483
20490
20492
20494
20494
20495
20499
20499
20499
20500
20500
20506
20522
20525
20526
20528
20542
20547
20549
20550
20556
20560
20562
20563
20564
20574
20577
20578
20581
20583
20583
20585
20586
20591
20595
20595
20596
20605
20609
20618
20619
20624
20625
20625
20628
20639
20641
20642
20643
20643
20652
20654
20655
20655
20661
20661
20661
20673
20677
20679
20682
20699
20700
20706
20709
20712
20726
20728
20734
20736
20736
20736
20740
20740
20740
20741
20742
20745
20746
20747
20747
20749
20750
20754
20763
20763
20765
20766
20771
20775
20775
20776
20780
20784
20785
20786
20787
20791
20796
20804
20807
20811
20811
20815
20817
20820
20824
20825
20828
20828
20828
20832
20833
20849
20852
20860
20862
20863
20864
20864
20872
20872
20877
20881
20883
20884
20885
20886
20888
20891
20901
20904
20905
20907
20910
20913
20916
20917
20927
20932
20943
20943
20946
20950
20953
20954
20958
20960
20970
20971
20973
20973
20974
20975
20977
20985
20986
20990
21000
21000
21001
21002
21002
21006
21009
21010
21013
21015
21017
21026
21027
21031
21031
21039
21042
21043
21047
21048
21051
21053
21054
21056
21060
21061
21061
21063
21081
21083
21093
21100
21102
21107
21111
21122
21128
21131
21131
21132
21136
21141
21141
21142
21144
21149
21149
21152
21152
21154
21155
21158
21160
21161
21162
21167
21171
21174
21175
21178
21179
21181
21186
21191
21195
21199
21201
21204
21211
21221
21221
21231
21241
21242
21245
21245
21249
21256
21257
21259
21262
21266
21267
21268
21278
21282
21286
21287
21287
21288
21288
21289
21289
21290
21298
21299
21304
21306
21308
21309
21311
21318
21322
21323
21324
21325
21328
21338
21344
21344
21346
21350
21354
21355
21357
21368
21369
21373
21377
21379
21384
21389
21390
21392
21392
21395
21400
21401
21402
21404
21406
21408
21409
21415
21418
21419
21435
21439
21441
21456
21461
21465
21466
21469
21470
21470
21471
21478
21481
21484
21485
21486
21489
21495
21501
21503
21504
21507
21515
21524
21524
21528
21531
21540
21544
21552
21567
21570
21570
21572
21576
21578
21579
21592
21593
21597
21598
21613
21621
21624
21625
21627
21628
21631
21635
21635
21636
21638
21646
21657
21664
21666
21667
21670
21673
21674
21677
21677
21685
21688
21696
21697
21698
21703
21703
21704
21705
21711
21711
21732
21739
21740
21740
21743
21743
21762
21762
21767
21781
21784
21784
21788
21789
21790
21794
21795
21796
21797
21797
21798
21808
21812
21820
21826
21832
21834
21840
21844
21846
21849
21850
21851
21853
21853
21855
21856
21860
21861
21862
21865
21865
21865
21866
21870
21871
21878
21894
21901
21903
21911
21914
21917
21917
21919
21923
21923
21925
21930
21933
21938
21938
21940
21942
21942
21943
21947
21950
21955
21957
21959
21959
21972
21976
21977
21979
21989
21990
21994
21997
22002
22011
22011
22013
22015
22019
22037
22048
22048
22050
22054
22059
22062
22063
22066
22076
22078
22079
22088
22091
22093
22098
22099
22104
22105
22116
22120
22127
22131
22132
22133
22138
22158
22162
22167
22173
22179
22187
22192
22198
22200
22201
22203
22213
22214
22219
22221
22229
22233
22234
22235
22235
22238
22238
22245
22245
22245
22245
22248
22249
22256
22258
22263
22266
22270
22271
22275
22276
22278
22280
22284
22285
22287
22287
22303
22305
22313
22315
22316
22324
22330
22336
22340
22342
22343
22345
22350
22353
22356
22356
22362
22366
22366
22370
22370
22373
22375
22375
22377
22377
22384
22385
22388
22388
22395
22399
22403
22407
22409
22411
22415
22420
22429
22432
22432
22433
22437
22438
22441
22442
22444
22450
22454
22457
22458
22460
22466
22468
22468
22475
22478
22478
22480
22480
22490
22494
22499
22500
22501
22503
22507
22508
22510
22513
22516
22517
22519
22531
22534
22536
22542
22544
22544
22547
22548
22556
22556
22558
22560
22560
22561
22564
22565
22571
22572
22576
22581
22581
22583
22593
22594
22594
22613
22615
22616
22620
22622
22624
22625
22636
22652
22657
22657
22659
22659
22659
22662
22664
22665
22665
22669
22678
22689
22689
22698
22705
22708
22714
22719
22719
22720
22722
22724
22726
22731
22737
22742
22744
22745
22746
22746
22748
22752
22757
22757
22772
22775
22777
22782
22786
22799
22805
22808
22810
22817
22817
22821
22822
22824
22826
22831
22831
22834
22838
22845
22846
22850
22851
22851
22858
22860
22864
22866
22870
22873
22877
22882
22883
22890
22902
22903
22906
22910
22910
22911
22915
22919
22923
22924
22930
22932
22933
22950
22956
22961
22963
22964
22967
22970
22973
22988
22989
22991
22992
22992
22994
23000
23002
23011
23025
23027
23036
23038
23044
23047
23053
23058
23064
23065
23070
23071
23074
23074
23079
23081
23081
23085
23088
23091
23095
23100
23104
23105
23106
23112
23115
23123
23126
23129
23134
23134
23143
23152
23155
23156
23157
23160
23161
23161
23163
23164
23164
23166
23167
23168
23171
23171
23174
23176
23184
23191
23195
23199
23201
23203
23205
23208
23216
23217
23218
23219
23220
23222
23227
23242
23242
23242
23250
23251
23260
23261
23261
23262
23267
23284
23290
23298
23298
23303
23304
23304
23307
23308
23312
23315
23315
23316
23316
23322
23327
23334
23337
23346
23354
23356
23369
23370
23373
23375
23375
23376
23378
23381
23388
23389
23391
23394
23394
23399
23403
23404
23404
23405
23406
23415
23416
23417
23418
23418
23424
23434
23437
23440
23443
23446
23448
23455
23460
23463
23464
23465
23469
23471
23473
23474
23474
23475
23475
23479
23480
23483
23487
23490
23493
23496
23496
23497
23510
23511
23522
23525
23528
23531
23532
23537
23537
23538
23539
23544
23545
23550
23553
23553
23553
23563
23564
23579
23593
23599
23605
23606
23611
23613
23621
23625
23627
23629
23632
23638
23640
23640
23640
23640
23641
23643
23645
23649
23652
23658
23660
23663
23664
23670
23670
23674
23676
23676
23677
23677
23678
23680
23685
23699
23700
23701
23701
23702
23704
23713
23715
23719
23726
23727
23727
23727
23727
23734
23734
23735
23736
23737
23739
23741
23747
23751
23753
23753
23755
23758
23758
23759
23760
23761
23763
23766
23767
23768
23769
23773
23773
23779
23779
23780
23790
23791
23793
23800
23802
23802
23804
23810
23812
23812
23814
23815
23818
23818
23824
23830
23838
23839
23845
23848
23853
23855
23857
23859
23865
23868
23869
23870
23870
23874
23874
23878
23880
23886
23889
23894
23897
23898
23898
23899
23904
23905
23907
23909
23911
23912
23915
23916
23917
23920
23920
23921
23922
23929
23929
23934
23936
23938
23942
23943
23945
23945
23953
23954
23955
23955
23957
23958
23963
23963
23965
23967
23972
23975
23977
23992
23997
23997
23997
23998
23998
23998
24007
24009
24014
24015
24016
24019
24022
24022
24023
24024
24027
24030
24032
24034
24035
24037
24046
24049
24052
24055
24055
24059
24059
24060
24063
24072
24076
24082
24083
24087
24096
24097
24099
24100
24106
24107
24110
24114
24115
24120
24123
24129
24137
24138
24144
24145
24145
24146
24146
24155
24156
24158
24163
24165
24169
24172
24176
24182
24183
24185
24186
24187
24195
24196
24201
24201
24204
24206
24208
24213
24214
24221
24226
24233
24237
24241
24247
24247
24257
24258
24260
24260
24273
24277
24281
24283
24284
24288
24289
24290
24295
24296
24296
24299
24303
24304
24307
24310
24310
24310
24323
24323
24327
24328
24334
24354
24355
24356
24358
24361
24361
24362
24368
24370
24371
24375
24382
24387
24389
24395
24396
24396
24399
24401
24401
24404
24404
24410
24413
24418
24420
24422
24427
24428
24434
24436
24437
24441
24441
24445
24447
24450
24451
24452
24453
24459
24460
24462
24463
24466
24467
24468
24469
24471
24478
24482
24482
24485
24489
24494
24504
24505
24508
24520
24526
24531
24531
24532
24532
24537
24537
24545
24549
24554
24555
24556
24556
24560
24560
24562
24563
24571
24571
24572
24573
24574
24574
24580
24581
24581
24586
24589
24591
24591
24594
24597
24607
24609
24612
24617
24619
24628
24629
24630
24631
24631
24631
24632
24635
24641
24655
24661
24664
24665
24666
24667
24670
24673
24674
24677
24680
24681
24683
24684
24687
24690
24693
24697
24706
24709
24710
24712
24712
24722
24723
24723
24726
24736
24737
24746
24750
24762
24763
24764
24779
24779
24784
24796
24797
24801
24802
24811
24821
24823
24830
24831
24838
24839
24839
24842
24844
24850
24854
24854
24856
24863
24867
24870
24885
24891
24892
24901
24902
24904
24904
24905
24905
24906
24918
24919
24923
24927
24938
24950
24953
24954
24955
24955
24957
24960
24972
24976
24979
24980
24981
24983
24987
24992
24993
24996
24999
25005
25008
25015
25015
25015
25016
25016
25023
25023
25027
25028
25030
25032
25033
25036
25045
25045
25045
25047
25049
25058
25060
25067
25067
25071
25081
25092
25093
25096
25100
25101
25110
25113
25115
25116
25122
25123
25131
25131
25133
25139
25145
25148
25149
25154
25169
25172
25181
25183
25188
25190
25194
25198
25200
25208
25213
25215
25222
25234
25236
25236
25237
25238
25240
25244
25247
25248
25250
25260
25260
25263
25263
25265
25269
25272
25273
25276
25277
25283
25283
25287
25287
25290
25296
25297
25302
25306
25319
25323
25328
25332
25335
25345
25345
25346
25347
25352
25361
25364
25366
25371
25373
25377
25378
25379
25384
25384
25385
25385
25386
25390
25393
25398
25405
25406
25407
25410
25422
25436
25439
25439
25449
25449
25450
25458
25461
25464
25465
25469
25473
25474
25477
25486
25507
25507
25510
25526
25527
25528
25529
25530
25531
25533
25535
25552
25556
25568
25570
25571
25575
25576
25576
25584
25589
25593
25596
25597
25601
25607
25614
25615
25617
25619
25622
25622
25632
25634
25635
25646
25647
25655
25657
25659
25660
25664
25664
25667
25667
25668
25668
25676
25677
25678
25678
25683
25688
25689
25693
25694
25695
25695
25696
25700
25700
25705
25707
25717
25721
25724
25728
25729
25738
25742
25752
25756
25758
25759
25759
25759
25762
25771
25772
25772
25774
25775
25780
25783
25785
25786
25787
25787
25788
25790
25791
25796
25797
25797
25802
25803
25804
25808
25812
25817
25822
25825
25830
25832
25833
25833
25837
25842
25845
25847
25848
25853
25861
25864
25865
25865
25867
25869
25871
25871
25873
25887
25888
25894
25895
25896
25901
25902
25914
25914
25915
25916
25926
25933
25939
25939
25942
25945
25953
25955
25958
25960
25962
25963
25978
25978
25979
25980
25981
25982
25983
25989
25989
25991
25992
25997
26004
26004
26004
26008
26019
26026
26026
26028
26033
26035
26035
26035
26038
26043
26043
26047
26051
26051
26056
26056
26062
26063
26063
26064
26066
26068
26071
26080
26089
26095
26122
26130
26132
26148
26148
26151
26151
26157
26161
26161
26165
26166
26167
26169
26171
26172
26178
26178
26179
26190
26194
26195
26205
26208
26213
26217
26238
26242
26243
26246
26247
26248
26250
26254
26255
26261
26265
26274
26285
26288
26288
26292
26293
26295
26298
26306
26308
26309
26310
26311
26313
26323
26329
26331
26332
26337
26342
26342
26346
26347
26349
26354
26354
26359
26360
26363
26365
26365
26365
26367
26368
26384
26385
26389
26390
26394
26394
26396
26397
26398
26404
26405
26406
26406
26407
26417
26423
26426
26431
26432
26435
26436
26436
26437
26439
26441
26442
26443
26445
26446
26447
26447
26450
26453
26457
26458
26467
26467
26472
26477
26484
26490
26493
26499
26506
26508
26510
26517
26518
26521
26526
26527
26534
26534
26536
26542
26555
26558
26566
26571
26576
26576
26587
26597
26597
26599
26601
26601
26602
26612
26614
26619
26623
26627
26629
26634
26635
26637
26641
26643
26646
26652
26653
26654
26657
26658
26658
26659
26662
26665
26665
26669
26669
26671
26678
26680
26682
26684
26691
26693
26698
26701
26705
26708
26710
26711
26714
26717
26720
26722
26722
26723
26731
26734
26734
26735
26736
26741
26746
26746
26748
26748
26751
26755
26759
26763
26768
26768
26768
26774
26776
26779
26780
26782
26784
26784
26786
26793
26795
26798
26805
26807
26814
26818
26822
26829
26831
26832
26835
26840
26841
26841
26844
26850
26850
26853
26854
26859
26860
26870
26873
26874
26876
26879
26879
26879
26887
26889
26896
26899
26900
26903
26904
26915
26917
26918
26926
26927
26928
26929
26931
26937
26942
26944
26947
26948
26957
26964
26971
26971
26981
26984
26984
26992
26993
26996
27001
27002
27006
27012
27014
27018
27020
27023
27030
27048
27053
27053
27060
27062
27064
27065
27073
27074
27077
27078
27078
27078
27083
27086
27088
27089
27093
27099
27100
27101
27103
27107
27116
27118
27119
27120
27124
27133
27137
27149
27153
27154
27160
27161
27166
27167
27172
27177
27177
27177
27180
27180
27182
27194
27199
27206
27206
27210
27211
27227
27230
27241
27250
27252
27253
27254
27254
27254
27259
27261
27265
27266
27272
27273
27275
27275
27279
27280
27282
27283
27285
27288
27289
27292
27305
27308
27316
27316
27320
27320
27327
27334
27337
27339
27349
27355
27358
27358
27359
27359
27360
27365
27370
27370
27374
27374
27374
27375
27381
27383
27384
27385
27389
27389
27392
27395
27401
27404
27405
27407
27411
27412
27415
27416
27418
27420
27427
27428
27429
27436
27437
27441
27443
27447
27448
27448
27450
27450
27454
27455
27459
27462
27465
27469
27473
27474
27478
27479
27479
27479
27482
27483
27491
27496
27506
27512
27512
27513
27515
27515
27517
27517
27521
27541
27543
27544
27545
27547
27548
27549
27550
27552
27563
27566
27572
27574
27586
27589
27589
27589
27590
27590
27613
27615
27615
27623
27623
27630
27632
27635
27638
27638
27644
27649
27652
27655
27659
27661
27663
27666
27668
27669
27672
27674
27677
27685
27687
27688
27688
27699
27704
27706
27708
27710
27714
27716
27719
27722
27727
27731
27735
27751
27752
27770
27773
27776
27776
27779
27781
27784
27784
27788
27789
27790
27792
27794
27795
27796
27803
27815
27822
27823
27824
27825
27828
27829
27830
27831
27837
27838
27848
27850
27853
27857
27862
27867
27868
27869
27870
27871
27886
27888
27901
27903
27906
27910
27910
27911
27912
27917
27920
27921
27922
27929
27931
27932
27935
27941
27943
27943
27944
27944
27944
27951
27955
27958
27959
27961
27965
27968
27969
27971
27971
27977
27977
27977
27979
27986
27987
27988
27990
27991
27991
27998
27998
28003
28005
28007
28015
28017
28017
28024
28025
28026
28028
28030
28047
28052
28060
28061
28061
28062
28064
28066
28071
28071
28073
28075
28082
28086
28098
28099
28099
28103
28107
28113
28114
28115
28116
28118
28118
28125
28127
28128
28129
28130
28133
28134
28135
28137
28139
28140
28140
28141
28141
28142
28143
28144
28148
28150
28156
28159
28165
28172
28173
28173
28174
28181
28181
28190
28197
28197
28197
28207
28211
28211
28212
28213
28214
28219
28219
28226
28234
28235
28239
28239
28240
28241
28243
28246
28251
28260
28266
28268
28271
28273
28280
28284
28286
28289
28297
28299
28310
28313
28313
28314
28316
28317
28324
28326
28329
28330
28336
28340
28340
28341
28342
28343
28345
28347
28349
28357
28357
28360
28362
28363
28371
28371
28372
28373
28375
28379
28381
28386
28387
28393
28394
28396
28398
28398
28410
28420
28420
28428
28435
28438
28441
28443
28445
28452
28455
28456
28461
28464
28466
28466
28471
28475
28476
28476
28480
28482
28484
28486
28487
28487
28490
28493
28497
28499
28500
28501
28503
28506
28507
28511
28534
28534
28536
28536
28536
28538
28541
28541
28545
28557
28557
28557
28566
28568
28568
28573
28577
28584
28585
28587
28588
28593
28595
28596
28597
28616
28619
28625
28628
28628
28630
28632
28632
28633
28633
28635
28638
28644
28648
28650
28650
28656
28662
28664
28670
28675
28683
28687
28690
28693
28698
28702
28704
28705
28706
28706
28706
28713
28718
28723
28726
28726
28727
28731
28737
28739
28742
28745
28750
28755
28774
28779
28779
28787
28788
28792
28802
28803
28817
28819
28820
28820
28843
28848
28854
28854
28856
28857
28857
28859
28874
28874
28877
28883
28888
28890
28891
28894
28895
28912
28917
28924
28928
28932
28940
28942
28943
28953
28956
28956
28963
28967
28971
28972
28978
28981
28988
28992
28993
29005
29006
29008
29013
29016
29017
29021
29021
29023
29026
29027
29027
29032
29037
29041
29043
29049
29049
29053
29059
29060
29068
29070
29072
29078
29080
29081
29086
29093
29113
29113
29115
29116
29120
29123
29125
29127
29131
29131
29133
29134
29135
29136
29137
29138
29146
29147
29148
29149
29154
29154
29158
29160
29161
29162
29164
29165
29166
29167
29168
29169
29169
29177
29181
29185
29188
29190
29193
29195
29199
29201
29207
29208
29210
29225
29225
29226
29234
29235
29236
29240
29240
29244
29251
29252
29252
29254
29254
29255
29256
29260
29260
29266
29269
29271
29273
29273
29273
29278
29280
29283
29286
29296
29298
29300
29300
29301
29303
29304
29305
29306
29311
29311
29312
29314
29316
29317
29328
29331
29339
29341
29342
29345
29351
29354
29354
29358
29364
29382
29384
29391
29395
29401
29401
29403
29408
29409
29411
29412
29416
29416
29417
29419
29419
29431
29435
29437
29437
29438
29440
29440
29445
29446
29452
29453
29456
29458
29459
29463
29471
29471
29471
29478
29484
29486
29491
29491
29495
29498
29501
29504
29504
29517
29518
29525
29526
29528
29530
29536
29536
29543
29544
29564
29564
29575
29575
29576
29576
29578
29579
29587
29589
29591
29599
29602
29602
29602
29605
29615
29619
29635
29636
29646
29649
29651
29656
29657
29673
29682
29685
29691
29694
29694
29697
29698
29700
29700
29707
29716
29721
29726
29727
29731
29733
29746
29747
29752
29753
29754
29770
29777
29779
29780
29781
29784
29784
29785
29785
29795
29796
29797
29800
29809
29814
29814
29815
29816
29820
29825
29829
29835
29836
29840
29840
29850
29853
29854
29862
29863
29868
29880
29881
29891
29894
29901
29905
29910
29910
29913
29916
29917
29918
29919
29920
29922
29922
29924
29927
29933
29934
29941
29944
29948
29953
29954
29960
29961
29963
29974
29975
29975
29976
29979
29981
29984
29988
29991
29992
29995
30002
30003
30005
30008
30008
30012
30012
30014
30015
30016
30018
30018
30024
30027
30043
30045
30049
30062
30063
30069
30069
30070
30071
30072
30077
30078
30085
30086
30086
30087
30087
30097
30099
30102
30102
30105
30106
30106
30107
30109
30114
30115
30122
30130
30135
30137
30139
30140
30145
30147
30147
30150
30156
30158
30161
30161
30168
30172
30184
30185
30193
30194
30197
30201
30205
30206
30211
30221
30229
30231
30236
30237
30237
30241
30242
30243
30243
30245
30246
30250
30253
30254
30258
30261
30265
30270
30272
30282
30283
30295
30303
30308
30310
30314
30316
30324
30325
30325
30331
30333
30337
30338
30343
30358
30359
30375
30378
30382
30386
30388
30389
30395
30398
30400
30402
30403
30413
30418
30428
30429
30436
30437
30438
30442
30443
30443
30443
30444
30447
30450
30451
30454
30454
30455
30455
30457
30470
30474
30478
30479
30479
30482
30483
30484
30485
30486
30488
30490
30495
30501
30504
30505
30508
30508
30509
30513
30514
30517
30522
30522
30524
30526
30526
30531
30534
30535
30536
30537
30541
30543
30543
30544
30546
30550
30550
30556
30556
30560
30562
30564
30568
30574
30581
30581
30593
30601
30604
30604
30608
30610
30614
30616
30616
30618
30623
30623
30623
30637
30637
30645
30646
30647
30647
30648
30648
30649
30651
30653
30654
30661
30661
30664
30664
30668
30668
30671
30672
30678
30679
30692
30695
30695
30695
30695
30702
30703
30706
30707
30709
30714
30717
30719
30726
30727
30739
30740
30740
30749
30752
30757
30763
30763
30766
30766
30768
30772
30772
30783
30783
30802
30815
30816
30819
30820
30828
30829
30833
30839
30841
30848
30854
30859
30859
30865
30865
30866
30866
30870
30873
30873
30874
30874
30874
30874
30876
30877
30880
30886
30888
30888
30889
30892
30893
30894
30894
30897
30901
30903
30906
30924
30927
30930
30930
30930
30931
30932
30933
30934
30936
30946
30947
30955
30961
30965
30967
30970
30971
30971
30976
30977
30982
30987
30987
30990
30993
30994
30998
30999
31000
31000
31001
31001
31009
31011
31015
31016
31016
31020
31024
31031
31037
31039
31047
31051
31051
31057
31058
31064
31067
31076
31079
31081
31084
31086
31094
31095
31096
31102
31103
31107
31114
31122
31125
31127
31129
31130
31138
31139
31141
31147
31148
31148
31151
31154
31157
31157
31158
31171
31181
31181
31186
31186
31192
31194
31196
31201
31203
31206
31208
31210
31212
31221
31225
31225
31231
31235
31236
31245
31247
31248
31249
31249
31251
31252
31252
31256
31257
31261
31264
31266
31266
31266
31271
31272
31275
31276
31281
31284
31294
31295
31295
31296
31299
31302
31305
31314
31315
31322
31323
31323
31329
31330
31337
31341
31345
31347
31347
31349
31352
31355
31357
31358
31359
31360
31364
31367
31371
31376
31377
31386
31388
31392
31392
31401
31414
31414
31418
31419
31419
31422
31422
31425
31425
31426
31427
31428
31429
31429
31436
31442
31447
31448
31450
31460
31460
31462
31468
31476
31477
31479
31479
31481
31481
31486
31489
31489
31494
31495
31500
31501
31506
31508
31509
31509
31519
31523
31526
31527
31527
31532
31535
31539
31540
31541
31541
31550
31555
31556
31558
31559
31563
31568
31569
31575
31576
31580
31580
31581
31588
31588
31588
31594
31596
31598
31602
31604
31605
31608
31609
31613
31614
31616
31621
31626
31626
31630
31631
31632
31642
31643
31646
31651
31653
31655
31658
31670
31672
31677
31685
31686
31697
31697
31698
31698
31701
31701
31710
31712
31714
31714
31730
31737
31740
31744
31745
31752
31755
31762
31762
31763
31763
31766
31766
31773
31777
31777
31779
31781
31782
31786
31786
31791
31792
31793
31795
31797
31804
31805
31808
31810
31811
31813
31831
31837
31841
31841
31843
31849
31853
31853
31854
31857
31858
31870
31871
31872
31875
31881
31882
31888
31889
31891
31903
31903
31907
31911
31911
31911
31913
31913
31915
31918
31920
31923
31924
31928
31928
31928
31929
31929
31931
31934
31934
31934
31934
31946
31949
31952
31971
31975
31978
31981
31982
31985
31992
31993
31995
31997
32001
32001
32002
32004
32008
32011
32011
32013
32018
32019
32024
32028
32029
32032
32033
32034
32045
32048
32048
32052
32052
32068
32071
32075
32079
32093
32097
32099
32102
32103
32107
32108
32109
32115
32121
32135
32143
32147
32148
32149
32149
32151
32153
32153
32158
32158
32160
32160
32164
32171
32172
32172
32187
32194
32194
32206
32208
32225
32227
32227
32227
32229
32230
32233
32240
32240
32248
32251
32253
32256
32257
32258
32262
32262
32271
32276
32279
32281
32287
32297
32304
32308
32309
32310
32312
32315
32320
32322
32323
32327
32331
32333
32334
32341
32342
32349
32352
32352
32363
32367
32370
32376
32378
32378
32379
32382
32385
32387
32392
32395
32396
32397
32398
32403
32413
32413
32420
32420
32424
32426
32426
32428
32432
32446
32447
32447
32452
32455
32456
32458
32462
32464
32479
32482
32489
32490
32491
32495
32496
32497
32505
32505
32511
32517
32518
32520
32521
32530
32532
32533
32537
32543
32547
32551
32555
32556
32557
32558
32558
32559
32567
32570
32573
32573
32574
32576
32577
32578
32587
32589
32591
32591
32593
32597
32600
32603
32609
32610
32614
32615
32617
32618
32622
32622
32623
32626
32627
32639
32639
32650
32654
32655
32670
32671
32672
32673
32680
32683
32687
32691
32693
32694
32694
32700
32702
32703
32704
32707
32717
32720
32722
32724
32733
32734
32736
32738
32744
32751
32752
32757
32759
32761
