27406
31589
2336
8784
2345
12383
24204
32276
27584
27183
7677
15835
22315
8267
598
15171
8911
31401
10186
10300
15895
14602
12094
9518
2355
17161
15196
3562
32147
11495
9079
10579
25122
15635
30754
10185
1859
15996
13710
7256
18060
11159
16295
23717
16965
32303
1006
29588
8350
12272
23828
4794
16052
14257
5212
11910
5954
3973
7342
12590
22823
3968
25466
28763
27036
10569
21330
20883
20017
20580
25670
18794
14988
6972
22014
8552
15841
26867
28570
12473
19504
6122
24906
29591
8002
6415
9132
11640
11105
27625
28905
503
9178
20325
13197
12419
19251
13150
1834
24265
2861
14062
9901
7650
4216
16247
25723
5692
26169
29807
2131
1610
19772
11247
12003
32747
19193
5115
1831
4251
11336
9359
2437
16476
30692
9838
1194
4962
3233
23210
7202
31361
26477
3826
5305
24151
19720
10910
2709
12601
21379
124
27920
13278
1914
29016
23639
22734
10513
11085
17604
29320
15535
4558
21499
6262
27517
6772
9158
28305
28573
10885
14001
15316
2090
16712
8805
31586
12532
31499
965
21622
6648
14576
6346
9486
6817
31100
7199
2903
7361
11742
15995
6615
15182
6143
22978
8797
4317
32077
14811
17320
29150
14919
5967
9690
3741
713
8103
4507
14580
23317
10114
19980
18897
5541
25208
29042
25195
25011
15538
4255
1347
13956
12870
31008
17117
10104
16467
25128
30267
27859
19424
16447
19742
11593
6773
10154
6140
21579
14455
27033
7616
276
26948
22547
28484
23154
32019
23714
30350
21333
10377
19902
15822
11289
14874
12026
10771
15507
18725
18416
9681
21213
15054
15853
30483
13026
14491
7261
15744
680
29902
30709
21519
12128
22660
6306
4746
5935
30610
22069
10948
954
26139
5067
7577
16756
19441
1534
938
24487
20913
12237
9686
25923
17309
16971
8567
1641
1591
19211
5217
9911
14499
23879
3227
13394
8378
8658
14299
10164
15597
31172
3779
13371
6112
8159
30686
30061
14786
29891
7769
9484
21358
25046
30849
9694
32579
32497
14848
28473
13252
26315
11735
9552
17390
26150
13339
27200
2397
29115
24431
13274
5149
3814
28229
12846
31825
6930
7123
4828
12678
7650
1239
11546
25557
4644
7180
25220
25274
20854
27239
16551
3511
3766
5914
12107
12968
2859
29510
14212
30181
29301
1406
12151
8218
2357
20736
22253
28133
6779
21682
12441
15668
20467
32222
9257
13405
24783
2733
13583
16122
17267
6245
23052
31882
19940
22882
16769
31945
28910
11989
3701
26059
31255
8768
23141
24538
2118
31405
1999
25365
7987
27057
12669
17093
1422
3108
17042
4734
23023
15005
854
16634
2688
26032
9921
1205
7020
31207
9417
30280
26630
1921
28011
29830
19130
10733
16507
11864
22452
27396
13868
28248
5714
7690
17503
1072
25930
28259
19628
26545
30107
7701
32561
29106
2101
12289
7709
18095
23143
31201
28155
20253
27916
23040
24255
22926
4725
3260
14738
17033
28437
23997
24413
15911
22767
12531
25623
8046
16832
8017
4815
14701
6124
9035
9848
13851
18985
4368
17272
32496
23021
22151
32239
4929
10392
16139
30919
26716
27489
14055
27008
12136
29186
19088
3257
7417
11299
23973
22397
3702
6536
21927
29011
10539
4345
13432
17156
20269
2549
24213
9770
1521
21781
2323
381
10923
28482
2907
24029
4200
23446
4261
16415
25578
12307
25909
21399
28999
16646
23384
12650
10048
5945
1053
20624
29794
7387
14292
27307
23006
11568
10824
24971
20521
29433
1724
29054
22868
16801
20390
15448
23849
21804
32301
31045
11017
9439
7524
21841
15752
13488
23876
20660
7109
4460
22891
9439
29835
25514
3991
32583
20265
17779
16865
7412
28177
18094
16569
4808
16179
19534
22693
20112
30231
13882
24505
7372
11196
30719
7893
16191
8244
4152
4769
24629
31228
2745
16457
28311
7965
31102
6649
11951
1027
4182
12055
3004
3104
20303
9284
30261
22592
26592
12048
23261
7851
18649
4479
32396
26876
32011
20800
19127
21444
18615
9895
22212
11230
12727
24431
14864
1424
24174
12594
29372
10598
30577
14244
27963
29391
30706
6803
30876
31860
6384
6047
13208
13916
17185
27577
15963
16833
13210
22620
15634
11951
16196
16526
30521
30562
24831
6549
8098
21853
32403
11130
4420
19530
4187
23871
3273
1685
6064
2271
17109
24518
4118
4874
14104
14498
18217
17053
18450
28929
18246
5091
26537
9070
16632
910
20588
32385
7977
3443
17317
22523
12805
23305
7201
21926
7341
23967
16830
18410
29089
20577
18873
4655
10730
24073
20405
15606
25354
26212
21386
3511
4004
8075
10195
16504
1771
3807
15670
16178
7884
5569
22129
29411
15579
3606
28970
2674
2559
12926
28531
21319
13532
20047
19998
32679
28419
29011
29639
30416
4316
9030
25754
2776
4175
21262
26344
12358
13877
32184
25710
4973
16002
18743
5215
10124
20270
3803
14903
2983
29160
4498
1343
24867
31866
23522
23774
28708
5114
418
9638
13735
14006
16764
19226
14174
30941
16930
6721
14671
24557
26451
14571
12587
2272
31372
17862
4975
1302
9103
27936
22076
6657
27797
32377
17911
20370
20050
20176
1952
31079
32685
29610
25843
9905
1340
8930
15937
9447
15489
17204
15883
300
24294
31112
10851
13441
14458
16126
28675
26282
3689
19389
17194
29666
28989
25212
29242
8510
30423
18636
17939
11233
6187
30764
3117
7909
11967
21451
9848
7172
19937
28443
15603
778
29611
12570
27918
9211
19896
24671
4801
26628
3491
25575
1896
7458
2372
17565
29285
20628
8873
15275
1908
25601
13270
22915
20172
18793
31293
4524
21243
4558
15867
14157
20607
15006
12504
13946
17187
26087
16637
5698
27936
26937
23411
3956
13295
24410
23136
17461
28399
10413
6912
25667
955
1631
30564
18951
27721
15446
8173
23644
707
26074
4232
16674
12069
26881
7591
11393
21147
13533
21762
22781
3224
13924
11794
29758
13750
12322
17994
3229
11345
24736
9492
19310
20193
9106
17295
2064
16411
31172
21513
32693
20679
9155
1342
15858
11104
15179
15694
518
7533
30580
2176
11498
6818
1947
14265
1053
21941
12561
27322
21804
2818
7046
540
17923
22750
30772
13581
24054
16827
28619
18120
5007
13312
799
6102
27413
13221
19092
3846
29153
402
16453
5677
8800
23733
247
9886
31975
14565
12224
8552
24890
1914
26743
28498
29914
28072
