37
62
92
136
149
212
238
246
332
387
389
403
429
456
460
477
493
577
616
632
660
680
699
721
769
771
793
833
945
996
1023
1024
1043
1046
1103
1133
1135
1147
1161
1192
1232
1272
1293
1361
1402
1436
1445
1450
1454
1459
1488
1494
1500
1519
1525
1527
1583
1629
1655
1665
1667
1668
1696
1713
1765
1791
1804
1841
1882
1886
1914
1926
1942
1942
1965
1996
2001
2113
2215
2219
2244
2257
2305
2307
2319
2354
2356
2360
2373
2375
2387
2473
2477
2478
2571
2572
2574
2585
2633
2664
2668
2725
2726
2745
2778
2794
2805
2809
2834
2959
3022
3042
3063
3084
3090
3130
3165
3202
3273
3302
3346
3346
3359
3384
3386
3470
3496
3515
3604
3606
3612
3719
3734
3832
3950
3963
3972
4002
4058
4101
4206
4229
4231
4293
4295
4305
4318
4377
4389
4427
4517
4536
4584
4612
4626
4672
4699
4765
4776
4776
4788
4794
4906
4964
5033
5145
5156
5156
5157
5164
5227
5300
5314
5315
5370
5409
5426
5428
5439
5451
5461
5515
5532
5576
5587
5709
5737
5744
5748
5756
5790
5795
5800
5828
5900
5951
5951
5992
6003
6008
6067
6097
6115
6138
6180
6206
6215
6215
6215
6221
6238
6247
6271
6285
6290
6322
6375
6465
6622
6640
6654
6658
6695
6729
6757
6783
6796
6804
6816
6830
6868
6872
6921
6934
6961
6970
6990
7000
7045
7221
7258
7344
7366
7386
7386
7400
7449
7460
7478
7488
7494
7506
7516
7535
7535
7577
7620
7710
7719
7769
7851
7984
7994
7998
8093
8112
8131
8164
8188
8227
8240
8253
8306
8336
8484
8499
8534
8552
8590
8608
8664
8667
8694
8740
8745
8755
8772
8805
8835
8911
8926
8928
8938
8985
9022
9171
9182
9217
9230
9250
9253
9317
9426
9454
9521
9583
9593
9629
9630
9685
9766
9823
9825
9880
9900
9954
9962
10032
10049
10140
10173
10183
10208
10251
10252
10260
10262
10385
10388
10428
10470
10503
10508
10584
10600
10616
10619
10645
10656
10671
10698
10721
10793
10794
10796
10804
10819
10819
10869
10888
10901
10912
10976
10985
10990
11131
11192
11266
11280
11297
11318
11407
11440
11454
11467
11484
11486
11487
11487
11494
11517
11542
11566
11590
11626
11697
11748
11749
11758
11809
11821
11841
11969
11985
12177
12240
12243
12251
12273
12350
12408
12430
12437
12464
12509
12563
12579
12607
12733
12743
12751
12851
12871
12962
12988
13014
13039
13061
13078
13104
13136
13149
13225
13284
13292
13326
13328
13367
13471
13487
13495
13518
13576
13576
13583
13684
13698
13698
13715
13736
13742
13760
13817
13833
13857
13872
13873
13924
13927
13958
14131
14220
14230
14272
14298
14304
14375
14383
14389
14398
14443
14449
14454
14465
14577
14633
14638
14645
14646
14677
14755
14773
14781
14852
14867
14874
14919
14950
15007
15048
15065
15069
15169
15207
15239
15276
15277
15324
15338
15367
15393
15501
15531
15573
15576
15593
15619
15628
15687
15716
15810
15841
15887
15891
15900
15942
15947
15959
15973
15988
15996
16038
16122
16162
16165
16190
16194
16211
16236
16247
16255
16264
16296
16327
16349
16369
16419
16421
16421
16537
16575
16666
16690
16712
16729
16737
16739
16870
16932
16950
16979
17117
17196
17199
17203
17271
17411
17428
17441
17456
17560
17568
17585
17589
17601
17607
17669
17674
17733
17773
17803
17894
17920
18072
18075
18161
18162
18226
18251
18268
18290
18333
18371
18423
18423
18434
18459
18473
18561
18579
18585
18596
18621
18672
18720
18824
18894
18899
18902
18955
18999
18999
19028
19048
19077
19079
19080
19082
19105
19152
19311
19317
19367
19453
19460
19470
19476
19544
19566
19573
19640
19641
19645
19671
19839
19861
20001
20062
20126
20167
20179
20224
20289
20375
20397
20423
20435
20476
20477
20617
20631
20653
20657
20657
20690
20731
20745
20836
20896
20904
20912
20915
20916
20916
20930
20991
20999
21039
21069
21088
21110
21124
21154
21155
21164
21310
21374
21380
21390
21410
21410
21411
21511
21520
21547
21549
21589
21605
21620
21623
21679
21693
21770
21817
21873
21881
21910
21926
21938
21949
21972
21989
21995
22010
22037
22054
22063
22076
22086
22089
22095
22135
22167
22175
22223
22295
22303
22313
22332
22335
22418
22424
22438
22494
22508
22534
22631
22649
22677
22732
22746
22813
22829
22910
22913
22931
22945
22959
22959
22978
23109
23123
23141
23230
23264
23374
23411
23412
23436
23457
23471
23487
23504
23523
23523
23622
23708
23725
23729
23731
23744
23766
23775
23827
23832
23928
23929
23937
23939
23974
24035
24099
24135
24160
24238
24268
24306
24309
24332
24445
24475
24535
24572
24599
24630
24700
24700
24733
24800
24816
24853
24888
24907
25010
25025
25042
25043
25047
25060
25070
25098
25158
25171
25175
25192
25198
25199
25201
25253
25268
25283
25294
25444
25554
25556
25574
25642
25675
25687
25738
25779
25823
25862
25958
25971
25996
26019
26092
26133
26178
26189
26203
26204
26207
26216
26255
26381
26391
26488
26526
26559
26613
26624
26628
26755
26775
26777
26836
26854
26906
26910
27034
27066
27097
27104
27124
27178
27186
27223
27253
27317
27357
27359
27362
27371
27377
27410
27419
27477
27504
27560
27595
27608
27783
27817
27837
27883
27901
27937
27977
27993
28017
28028
28045
28063
28068
28102
28124
28155
28161
28191
28219
28249
28264
28337
28338
28357
28473
28498
28563
28605
28625
28626
28699
28729
28776
28778
28783
28799
28867
28890
28941
28992
29030
29031
29035
29046
29096
29217
29294
29345
29346
29369
29372
29483
29490
29499
29527
29538
29575
29610
29611
29619
29630
29656
29672
29672
29682
29694
29697
29716
29802
29802
29804
29824
29841
29846
29881
29889
29929
29945
29965
29984
30001
30044
30044
30133
30190
30298
30359
30381
30383
30385
30450
30455
30505
30511
30579
30583
30688
30727
30751
30799
30833
30889
30930
30971
30995
31032
31052
31077
31177
31192
31240
31291
31314
31364
31398
31402
31408
31412
31453
31456
31487
31494
31549
31572
31600
31623
31691
31698
31701
31733
31774
31775
31827
31854
31870
31936
31957
31960
31964
32020
32024
32025
32030
32093
32101
32111
32205
32247
32291
32303
32477
32616
32660
32679
32693
32719
