26
55
80
97
109
143
153
159
163
217
220
243
386
413
454
504
521
526
615
629
750
785
795
825
831
838
873
904
923
935
948
962
985
1019
1025
1045
1090
1092
1303
1307
1375
1463
1473
1508
1541
1649
1698
1703
1760
1911
1914
1965
1968
1983
2001
2016
2041
2060
2068
2087
2088
2118
2139
2164
2243
2265
2289
2320
2338
2342
2393
2457
2521
2534
2542
2553
2568
2701
2743
2754
2760
2788
2802
2828
2830
2841
2875
2894
2929
2982
3010
3021
3027
3038
3038
3056
3113
3132
3143
3147
3177
3232
3238
3287
3290
3321
3368
3368
3415
3431
3460
3481
3495
3599
3701
3727
3766
3813
3861
3938
4062
4074
4075
4116
4169
4204
4211
4236
4286
4291
4380
4426
4433
4435
4510
4549
4552
4599
4627
4634
4643
4650
4684
4704
4801
4918
4958
4978
4982
4984
5060
5108
5113
5120
5126
5134
5155
5188
5224
5273
5279
5298
5334
5434
5478
5508
5554
5559
5570
5576
5596
5666
5684
5697
5701
5725
5727
5758
5814
5825
5841
5881
5915
5918
5953
5978
6067
6106
6203
6234
6271
6280
6331
6340
6346
6361
6392
6429
6446
6515
6536
6558
6579
6598
6655
6674
6719
6734
6779
6895
6907
6936
6941
6999
7015
7046
7047
7095
7096
7140
7169
7182
7192
7221
7228
7229
7253
7269
7318
7342
7375
7444
7446
7453
7463
7477
7598
7616
7669
7886
7889
7898
7910
7933
7974
7980
8059
8079
8099
8133
8142
8157
8168
8213
8233
8283
8290
8302
8307
8307
8318
8319
8329
8369
8369
8416
8444
8551
8689
8718
8747
8791
8791
8883
8890
8901
8913
8955
9003
9176
9207
9246
9357
9373
9411
9454
9566
9583
9590
9625
9663
9721
9767
9787
9840
9870
9881
9973
10007
10064
10107
10287
10312
10340
10451
10474
10510
10517
10518
10527
10540
10549
10627
10628
10635
10665
10679
10720
10732
10829
10876
10901
10947
11032
11038
11057
11091
11107
11145
11174
11207
11236
11244
11346
11428
11457
11466
11475
11476
11491
11495
11498
11522
11580
11589
11598
11608
11625
11664
11687
11715
11715
11724
11770
11818
11831
11836
11869
11902
11937
11943
11943
11973
11987
11999
12024
12050
12104
12127
12150
12172
12236
12237
12274
12302
12304
12327
12361
12365
12365
12380
12435
12440
12460
12472
12477
12484
12509
12528
12535
12587
12599
12621
12640
12703
12724
12738
12881
12883
12887
12907
13009
13009
13021
13045
13106
13119
13193
13259
13313
13332
13335
13341
13355
13369
13391
13392
13438
13457
13467
13526
13543
13550
13585
13601
13637
13690
13692
13718
13762
13773
13785
13797
13797
13918
13959
13997
14002
14014
14063
14108
14155
14166
14171
14218
14219
14272
14300
14310
14349
14396
14424
14438
14524
14533
14565
14597
14604
14618
14625
14649
14657
14660
14874
14980
15013
15109
15165
15176
15181
15209
15314
15402
15425
15439
15459
15498
15510
15530
15550
15554
15588
15631
15634
15678
15711
15712
15768
15805
15843
15941
16000
16002
16012
16021
16039
16050
16246
16339
16356
16369
16378
16413
16430
16474
16507
16509
16511
16530
16675
16688
16703
16717
16734
16750
16817
16836
16866
16902
16960
16990
17007
17051
17214
17278
17331
17351
17368
17393
17458
17552
17569
17585
17596
17629
17629
17660
17719
17725
17761
17772
17802
17812
17826
17895
17896
18066
18097
18135
18230
18238
18247
18258
18355
18367
18370
18424
18430
18439
18470
18480
18485
18525
18535
18566
18573
18586
18607
18621
18631
18664
18689
18696
18710
18714
18753
18777
18895
18904
18967
19000
19020
19044
19054
19054
19134
19149
19156
19175
19204
19306
19316
19325
19338
19343
19370
19387
19412
19429
19461
19472
19498
19522
19545
19547
19602
19610
19640
19651
19878
20056
20061
20099
20104
20108
20121
20123
20343
20344
20359
20389
20464
20466
20484
20498
20508
20522
20545
20547
20766
20792
20818
20848
20867
20900
20920
21039
21076
21160
21171
21180
21226
21252
21257
21263
21277
21305
21336
21347
21362
21384
21411
21414
21436
21443
21496
21537
21640
21677
21711
21749
21777
21818
21820
21855
21887
21895
21902
21911
21926
21992
22013
22017
22044
22064
22073
22092
22099
22110
22134
22136
22143
22165
22190
22205
22242
22259
22260
22268
22282
22318
22323
22326
22343
22407
22417
22436
22459
22562
22646
22647
22671
22678
22697
22716
22760
22762
22804
22824
22826
22838
22847
22856
22859
22926
22954
23014
23015
23020
23034
23039
23082
23085
23115
23211
23275
23314
23331
23357
23387
23497
23513
23537
23563
23579
23589
23709
23729
23764
23768
23799
23802
23894
23919
23952
24018
24020
24181
24192
24315
24342
24383
24433
24496
24541
24554
24628
24664
24738
24790
24794
24829
24852
24857
24902
24915
24955
24965
24975
24990
25020
25025
25031
25050
25062
25142
25146
25153
25156
25192
25197
25219
25270
25276
25283
25287
25287
25330
25333
25440
25459
25467
25480
25515
25546
25627
25649
25741
25754
25790
25941
25956
25982
26025
26065
26090
26170
26183
26228
26288
26306
26360
26401
26473
26510
26643
26659
26716
26745
26768
26888
26898
26899
26964
27011
27061
27116
27121
27127
27146
27160
27219
27275
27284
27284
27294
27315
27422
27429
27451
27568
27584
27624
27641
27659
27672
27738
27748
27760
27780
27781
27792
27901
27916
27922
27980
28023
28088
28093
28148
28181
28220
28247
28339
28351
28429
28476
28539
28602
28610
28623
28634
28671
28706
28708
28779
28780
28817
28818
28837
28857
28892
28974
29000
29072
29075
29099
29108
29160
29200
29202
29244
29258
29263
29267
29268
29304
29331
29413
29428
29432
29550
29555
29590
29612
29638
29646
29693
29765
29820
29850
29851
29895
29914
29925
29951
29991
30018
30089
30103
30116
30171
30180
30185
30213
30214
30260
30265
30267
30270
30312
30318
30322
30327
30359
30377
30377
30414
30436
30463
30488
30532
30534
30742
30829
30902
30924
30945
30953
30965
30971
31106
31167
31186
31186
31215
31221
31263
31265
31344
31489
31491
31544
31575
31652
31677
31682
31793
31889
31890
31937
31990
32066
32068
32110
32129
32136
32233
32256
32261
32313
32349
32381
32385
32387
32395
32438
32492
32499
32529
32557
32562
32576
32605
32614
32616
32657
32693
32750
