17411
16748
32338
11714
18765
31599
2039
8451
3139
23999
20333
2420
12513
23154
17704
1856
5203
11417
21216
232
4620
19757
3084
4117
32422
19127
27168
28448
29820
28609
4229
13149
19977
25599
21596
24619
27135
13373
1011
7868
5415
27912
10755
9893
13819
13340
18608
8997
5637
3217
18494
8501
25846
12740
5523
21075
20869
13574
11376
12302
21517
18951
2414
19538
1765
28160
16315
23153
10366
21924
11922
15605
9024
19908
4732
9256
14113
31428
28232
2400
8457
8898
1995
4875
23529
28288
29784
11646
22421
19733
28926
25725
16742
26200
644
18825
14992
18439
6437
29421
6211
14779
13323
24455
2437
25484
16526
19287
16074
13187
12585
16585
28504
11716
2112
29378
22622
4984
21140
11116
4557
3196
19842
23490
21757
16331
13567
6106
4353
1708
30035
3061
26822
9883
15512
13896
30446
15864
10225
29065
29551
20337
2187
7224
5866
6192
31829
26802
22476
7365
22143
8695
23846
6354
5044
28982
17229
15737
22038
28702
3633
27270
9469
5091
25982
20059
27760
15634
30324
6303
30815
30742
6023
11174
26534
14982
2486
30879
21186
10548
29611
29311
8785
13046
29335
17329
20812
3122
23755
12922
5891
22315
4631
24622
13531
1295
30179
20244
25546
15292
28431
23322
7567
19542
2442
4409
15794
1674
5556
4518
13887
29855
24948
26814
21570
19521
26393
2734
20481
8205
3570
24038
9468
7643
22700
59
28069
26063
7534
13022
16096
17950
9141
6401
16185
26529
17393
13635
30183
14107
25821
20960
3460
5963
29343
16281
1674
10160
11171
5988
5517
11294
24375
27348
10555
24837
31206
3910
21523
18556
31638
28625
5608
15377
13153
4587
16661
20304
23859
14555
30589
20244
32040
21475
31561
27024
5283
9001
20321
19227
3374
16233
25511
15296
29972
28765
18678
2434
27072
32231
10461
19311
19412
26628
32027
18795
6409
12657
17114
5305
1993
10523
9644
7498
16525
24135
24134
20422
20728
11142
16639
2139
13489
1110
14342
26184
4097
29080
9574
19496
30768
26806
26811
6399
26015
27024
1202
26118
11173
3883
8258
21814
4650
32537
24492
15510
27909
25510
20787
14917
19735
23751
27035
32071
10020
5059
19556
20240
3189
23967
23491
10705
20782
6218
19557
26500
15471
11917
14563
21945
7725
28337
28931
14878
26319
8173
180
5073
7304
662
10952
9574
19063
9989
21359
5047
17792
18247
5751
9582
25320
3975
1350
28499
31923
316
18579
31062
24509
23826
8679
10332
32666
16282
2263
30922
3119
23728
24574
21970
17677
1456
32188
6528
9873
26200
1202
387
19644
9339
18425
9404
10195
20075
14117
13704
24246
17444
3580
7374
31489
1849
17398
14791
15076
7551
30580
21136
9410
29306
20673
369
14476
25483
6345
10987
23260
25303
32667
18563
21969
23799
20128
5201
2989
19809
665
24904
14127
11673
2394
11330
21937
11031
8008
12755
5890
20471
2195
5322
28417
2659
8756
24966
9470
16065
1702
31231
31952
20635
16996
13968
21942
20050
21541
18309
23278
11138
29914
9065
8727
13876
25443
3596
21320
12999
12309
1110
14060
19099
17389
6351
17764
14723
8080
3306
5210
26087
3594
13077
15846
20412
18243
25985
7523
549
15937
7601
32272
29670
5920
30916
5990
653
209
13443
29499
29791
28309
28970
6555
11523
27960
17399
7777
241
4110
26228
27801
21400
12719
3715
27542
27730
1137
15150
22994
11784
11946
556
31112
7589
28322
10802
27411
25403
602
7679
20740
12792
20224
1062
6662
17095
1069
1946
3187
19909
14052
7419
28594
11882
12363
20643
28503
7796
27687
26991
5112
13202
793
27725
28112
3030
31898
19594
19734
21720
17592
21721
9243
6569
16781
5410
28454
894
17540
24849
15887
31001
21323
11097
15262
18678
1175
18892
20129
19003
27803
28188
12495
8285
21830
24430
5983
3473
15935
16548
18792
32761
24737
28519
16375
17803
12918
18423
11250
4801
9717
22962
32175
18435
8316
22630
19028
8660
25931
22102
10989
16318
28678
4878
29006
11774
31465
27367
20142
24048
11465
13145
18432
14649
10958
4099
5136
15286
2546
3196
16227
16424
23608
1751
12747
27548
21933
14072
29132
25499
17696
24218
16818
15126
23712
28187
29294
16912
1466
10766
2100
9225
15727
7551
3287
302
13303
25860
11231
28226
11320
7816
29808
1866
22277
2519
23770
251
9751
9705
25599
25828
21196
22254
27752
25691
5281
24861
11558
28201
17265
17469
21610
29429
24939
17392
14308
1137
18644
10434
11996
15174
31106
1525
29201
4032
16916
4106
7508
4409
16626
20495
12004
10311
30984
16300
8328
20389
30273
6635
30319
28642
15813
27850
24519
18891
1523
14211
17695
7065
29213
8598
24701
27867
19974
5786
15167
11554
1308
21193
11698
4462
20854
11332
15476
23643
24204
9515
28554
32011
23480
4702
32576
12499
14960
25359
29380
5029
5185
21776
3201
19264
29834
8662
8253
14617
510
28752
12017
24327
17367
5994
25707
25266
32475
32095
21158
23481
26128
8131
1765
22694
6974
4172
21649
18067
15145
29284
29144
10137
29067
17775
16897
17404
20691
2012
27025
16919
27040
32493
2080
20744
24060
12103
13304
21020
27736
21049
4979
11513
11852
21452
12305
14990
1803
9615
24411
29371
32167
29215
23931
18623
32522
32120
30104
25189
17328
15871
21491
5614
21797
31307
24003
23229
28482
30647
10960
6341
14631
1448
31954
691
4599
29087
20615
26330
27991
12285
25750
8930
31652
17817
21030
9776
6646
15876
4926
12053
17881
14999
4827
11958
4293
26177
8915
32702
20323
23058
29548
23493
127
16006
26811
15230
10187
13714
27070
3491
6233
22896
1337
28834
27350
23595
2129
23300
7048
5098
25321
24226
3077
32764
30144
29318
25785
4775
9799
28578
4629
19376
21571
11315
22935
28586
3367
25075
17023
26623
6447
19201
20043
6080
15932
8593
15607
12588
21618
28243
22774
22530
2195
20900
1774
7302
26650
13175
5431
6997
4887
1538
1810
19946
12238
1832
22441
22508
31757
11433
28874
23869
6225
9995
20835
11459
26776
10055
8125
19444
9988
21300
9081
12068
1076
5301
25419
10894
29026
12193
25208
26660
28732
19061
14864
28182
1155
21948
2539
548
9062
32313
32102
30116
15516
5595
24539
9811
14660
8030
31969
16347
3196
26816
18505
2600
12739
24683
2515
20587
13583
4379
2228
