32758
32711
32694
32563
32507
32502
32472
32465
32465
32418
32409
32376
32372
32353
32335
32327
32253
32245
32202
32194
32081
32070
32068
32064
32011
31987
31944
31936
31930
31885
31881
31876
31813
31796
31735
31723
31709
31704
31641
31640
31628
31555
31541
31500
31469
31440
31435
31407
31400
31343
31296
31287
31274
31119
31100
31062
31040
31017
31012
31007
30990
30885
30880
30849
30844
30770
30732
30659
30659
30566
30555
30546
30490
30459
30369
30348
30347
30330
30303
30271
30246
30192
30151
30143
29969
29965
29914
29894
29843
29837
29825
29806
29631
29597
29567
29554
29524
29505
29497
29413
29369
29351
29322
29304
29284
29283
29173
29131
29074
29058
28978
28839
28829
28784
28781
28717
28712
28649
28579
28551
28546
28519
28508
28496
28433
28418
28309
28308
28293
28279
28272
28227
28226
28206
28205
28196
28101
28035
28016
27995
27990
27900
27892
27890
27809
27806
27788
27773
27745
27720
27707
27684
27679
27641
27638
27594
27589
27586
27488
27449
27384
27375
27350
27328
27282
27241
27234
27218
27178
27177
27174
27149
27136
27120
27074
27005
26966
26963
26961
26921
26914
26877
26815
26780
26759
26741
26737
26692
26691
26653
26634
26622
26591
26555
26525
26517
26512
26511
26493
26483
26474
26425
26411
26385
26356
26321
26286
26286
26276
26217
26166
26098
26081
26063
26037
26020
25987
25983
25930
25902
25888
25882
25874
25859
25820
25754
25670
25664
25624
25607
25527
25523
25508
25470
25200
25186
25184
25167
25105
25027
25010
24989
24889
24862
24759
24696
24666
24628
24525
24485
24438
24423
24385
24359
24349
24266
24183
24132
24116
24099
23996
23865
23855
23854
23786
23783
23769
23739
23670
23644
23612
23479
23453
23371
23366
23353
23309
23201
23193
23042
22973
22969
22960
22953
22928
22887
22886
22820
22814
22799
22759
22721
22673
22654
22623
22615
22584
22582
22576
22574
22544
22513
22483
22420
22383
22357
22338
22334
22285
22228
22203
22085
22076
22021
22005
21959
21951
21935
21907
21847
21837
21829
21755
21751
21735
21669
21653
21556
21538
21522
21479
21425
21408
21368
21364
21353
21332
21328
21305
21227
21211
21204
21192
21169
21109
21098
21043
21020
21012
20835
20831
20824
20804
20770
20747
20739
20731
20708
20640
20613
20548
20495
20483
20468
20454
20449
20449
20438
20390
20363
20350
20270
20230
20154
20135
20125
20112
20110
20109
20021
19945
19943
19922
19871
19842
19817
19796
19651
19629
19573
19569
19553
19535
19516
19470
19461
19447
19436
19423
19359
19355
19349
19338
19335
19334
19320
19307
19284
19267
19244
19185
19170
19124
19111
19094
19068
19052
18980
18963
18922
18919
18783
18742
18714
18694
18656
18629
18603
18591
18570
18510
18491
18453
18452
18439
18296
18281
18233
18149
18097
18050
18013
17980
17960
17953
17935
17918
17899
17834
17788
17694
17655
17633
17579
17528
17512
17503
17501
17478
17470
17374
17347
17311
17305
17246
17183
17165
17164
17163
17163
17134
17128
17120
17111
17096
17045
17004
16980
16952
16944
16908
16866
16837
16779
16764
16749
16748
16670
16657
16587
16585
16557
16554
16524
16384
16334
16332
16312
16265
16232
16175
16168
16122
16044
16027
15975
15941
15923
15922
15881
15777
15768
15700
15665
15664
15593
15587
15580
15576
15570
15522
15517
15424
15391
15304
15291
15268
15213
15197
15133
15113
15093
15038
15037
14986
14921
14895
14892
14872
14843
14843
14820
14813
14804
14787
14757
14752
14726
14665
14654
14614
14592
14509
14497
14414
14373
14372
14361
14355
14345
14324
14280
14254
14235
14177
14046
14024
14013
13984
13881
13866
13851
13847
13833
13769
13709
13672
13644
13639
13637
13571
13563
13556
13492
13382
13379
13266
13263
13226
13206
13174
13147
13114
13111
13045
13028
13014
13011
12967
12911
12901
12892
12867
12855
12772
12664
12572
12554
12526
12517
12504
12446
12409
12348
12317
12304
12296
12272
12272
12209
12177
12136
12125
12113
12099
12092
12063
12034
12031
11939
11893
11880
11866
11864
11820
11748
11727
11657
11626
11549
11507
11479
11414
11404
11368
11315
11285
11241
11194
11165
11085
11042
10965
10947
10881
10866
10837
10811
10788
10783
10779
10776
10775
10762
10728
10699
10675
10605
10604
10546
10481
10448
10419
10350
10293
10265
10219
10202
10124
10099
10089
10083
10042
10014
9963
9818
9714
9703
9689
9685
9650
9630
9611
9563
9549
9541
9458
9457
9434
9405
9366
9352
9296
9289
9213
9187
9126
9029
9020
8973
8957
8912
8873
8740
8731
8716
8676
8658
8654
8593
8583
8573
8540
8424
8422
8396
8387
8359
8339
8327
8300
8297
8293
8272
8270
8223
8217
8194
8186
8185
8169
8132
8125
8081
7991
7984
7983
7929
7838
7838
7790
7723
7715
7696
7640
7615
7411
7400
7390
7385
7376
7291
7274
7248
7241
7239
7237
7137
7106
7045
7031
7015
7005
6980
6978
6968
6958
6947
6942
6910
6860
6851
6836
6832
6829
6755
6716
6694
6591
6576
6559
6520
6481
6315
6268
6258
6253
6239
6187
6184
6172
6069
5993
5991
5982
5965
5949
5903
5896
5867
5842
5772
5643
5534
5532
5411
5344
5245
5226
5192
5145
5129
5115
5103
5061
5058
5019
5016
4940
4872
4859
4839
4786
4775
4698
4546
4532
4492
4490
4479
4479
4468
4454
4452
4448
4436
4383
4340
4316
4254
4209
4192
4190
4177
4177
4163
4144
4136
4134
4097
4080
4032
3971
3949
3873
3864
3797
3796
3794
3787
3769
3665
3626
3623
3586
3570
3544
3532
3524
3520
3517
3517
3505
3471
3407
3354
3311
3311
3287
3280
3256
3254
3188
3171
3162
3150
3034
3006
2979
2958
2943
2938
2938
2930
2906
2858
2850
2838
2775
2773
2722
2699
2532
2509
2461
2427
2421
2386
2364
2355
2349
2324
2229
2188
2176
2168
2166
2126
2126
2056
2046
2023
1982
1970
1926
1813
1739
1736
1700
1538
1534
1525
1503
1487
1483
1455
1414
1359
1287
1281
1264
1226
1173
1114
1109
1052
1014
990
963
812
810
783
736
715
714
692
691
687
681
639
613
592
586
576
456
448
403
400
394
361
321
281
277
273
272
263
244
242
221
120
108
101
94
80
27
22
22
17
15
