32714
32654
32642
32557
32519
32487
32478
32431
32406
32383
32374
32355
32266
32252
32252
32249
32209
32200
32168
32108
32051
32040
32033
32027
32022
31917
31902
31870
31841
31837
31830
31782
31762
31745
31726
31725
31678
31671
31659
31646
31556
31520
31425
31398
31396
31378
31351
31331
31308
31220
31214
31185
31127
31102
31000
30976
30971
30964
30958
30948
30924
30923
30849
30822
30821
30788
30737
30687
30665
30635
30558
30487
30468
30450
30439
30437
30384
30378
30356
30329
30329
30286
30286
30281
30249
30245
30244
30235
30212
30201
30153
29978
29932
29899
29876
29828
29812
29806
29768
29732
29716
29715
29644
29629
29612
29571
29550
29507
29351
29327
29253
29148
29130
29120
29111
29102
29093
29057
29023
29015
28967
28967
28956
28954
28905
28827
28820
28812
28789
28785
28778
28756
28702
28632
28593
28583
28499
28482
28310
28280
28231
28199
28186
28158
27992
27945
27927
27924
27897
27848
27784
27778
27768
27759
27756
27740
27733
27728
27713
27675
27671
27655
27505
27503
27422
27393
27390
27380
27329
27326
27271
27231
27159
27143
27133
27113
27077
27069
27063
27054
27013
27008
26930
26907
26891
26866
26853
26779
26774
26697
26690
26687
26660
26577
26560
26546
26527
26520
26519
26426
26416
26312
26225
26131
26125
26122
26039
25943
25937
25932
25883
25864
25843
25806
25806
25788
25702
25681
25664
25637
25615
25615
25514
25455
25367
25341
25306
25245
25245
25244
25231
25180
25155
25146
25143
25121
25113
25099
25096
25066
25011
25001
24985
24970
24943
24914
24904
24847
24825
24809
24774
24764
24729
24724
24622
24603
24575
24547
24544
24482
24482
24480
24376
24270
24217
24209
24199
24189
24184
24179
24173
24015
23846
23812
23809
23800
23797
23625
23541
23509
23408
23406
23369
23356
23335
23242
23239
23187
23147
23146
23105
23083
23056
23039
22998
22964
22876
22875
22858
22813
22790
22715
22647
22625
22615
22599
22581
22552
22415
22407
22400
22398
22375
22305
22297
22296
22226
22181
22158
22153
22109
22032
22011
21987
21922
21856
21800
21793
21719
21639
21581
21571
21537
21505
21491
21437
21429
21427
21416
21405
21329
21318
21111
21104
21092
21040
20998
20995
20962
20958
20958
20935
20892
20850
20842
20796
20722
20627
20624
20575
20565
20560
20547
20542
20507
20505
20496
20449
20422
20418
20346
20345
20344
20231
20221
20192
20165
20127
20124
20076
20066
20055
20022
19954
19952
19947
19922
19921
19907
19889
19872
19849
19815
19793
19743
19694
19670
19635
19607
19565
19549
19466
19418
19413
19363
19351
19347
19295
19268
19244
19227
19052
19029
19014
18905
18843
18813
18795
18748
18618
18588
18423
18411
18371
18346
18344
18302
18293
18262
18151
18142
18131
18089
18038
18037
18018
18008
17878
17854
17837
17777
17720
17676
17673
17658
17602
17593
17582
17569
17566
17545
17542
17518
17422
17391
17317
17309
17293
17280
17261
17235
17214
17209
17199
17191
17176
17173
17157
17155
17086
17048
16955
16946
16937
16919
16910
16905
16877
16855
16805
16767
16764
16760
16731
16730
16708
16689
16637
16631
16616
16565
16495
16483
16478
16457
16377
16341
16306
16290
16271
16141
16127
16065
16016
15989
15953
15940
15940
15873
15860
15807
15799
15780
15730
15729
15622
15585
15524
15448
15424
15420
15336
15318
15295
15243
15242
15225
15089
15062
15032
15029
14970
14905
14830
14742
14735
14708
14669
14642
14601
14547
14506
14454
14453
14451
14440
14426
14417
14346
14332
14322
14312
14299
14198
14167
14166
14147
14133
14124
14064
14052
14006
13985
13944
13939
13897
13882
13875
13820
13726
13698
13691
13615
13608
13608
13558
13548
13540
13508
13502
13501
13441
13433
13431
13406
13389
13374
13372
13311
13310
13277
13271
13265
13233
13144
13139
13114
13094
13084
13072
13057
13020
12994
12889
12770
12747
12692
12666
12651
12643
12630
12602
12596
12544
12530
12529
12518
12469
12406
12384
12364
12348
12335
12301
12296
12239
12232
12189
12152
12091
12068
12057
12057
12047
11990
11956
11905
11853
11845
11768
11706
11677
11651
11609
11577
11557
11448
11410
11384
11318
11311
11288
11240
11179
11139
11073
11035
11009
10944
10886
10861
10859
10852
10807
10791
10787
10765
10723
10704
10687
10677
10460
10377
10359
10301
10288
10251
10243
10216
10197
10153
10147
10122
10042
9961
9912
9902
9887
9852
9832
9829
9826
9796
9758
9753
9752
9743
9673
9634
9632
9590
9573
9545
9533
9512
9508
9495
9415
9323
9302
9301
9190
9147
9125
9090
9063
9060
9015
9009
9004
8963
8938
8876
8862
8850
8826
8755
8708
8626
8622
8607
8605
8565
8561
8485
8420
8409
8379
8359
8339
8311
8250
8241
8154
8093
8089
8060
7995
7905
7862
7861
7815
7803
7771
7711
7702
7689
7624
7536
7517
7495
7453
7445
7404
7393
7370
7365
7321
7302
7281
7275
7245
7228
7222
7204
7195
7191
7127
7073
6978
6952
6952
6942
6913
6870
6860
6764
6707
6667
6618
6613
6600
6599
6594
6575
6559
6549
6483
6456
6452
6428
6418
6372
6354
6310
6282
6211
6197
6154
6106
6093
6052
5983
5969
5948
5847
5817
5802
5774
5773
5747
5709
5705
5677
5662
5596
5592
5551
5549
5544
5532
5488
5482
5466
5434
5421
5400
5340
5290
5229
5216
5136
5130
5070
5025
5008
5001
4975
4940
4921
4910
4855
4830
4824
4802
4783
4776
4752
4752
4696
4638
4610
4576
4548
4492
4469
4449
4433
4422
4405
4387
4276
4273
4263
4254
4246
4201
4162
4157
4069
4032
4012
3996
3991
3983
3950
3898
3890
3879
3741
3741
3733
3701
3589
3585
3572
3555
3527
3508
3508
3443
3432
3418
3412
3382
3359
3324
3197
3156
3053
3013
3012
3004
2928
2921
2875
2874
2749
2655
2624
2606
2597
2579
2489
2482
2373
2309
2292
2276
2243
2186
2180
2173
2165
2120
2035
1976
1884
1879
1851
1848
1840
1823
1820
1787
1776
1765
1758
1748
1739
1732
1726
1718
1717
1709
1694
1501
1432
1355
1251
1223
1206
1112
1112
1082
1075
1075
1036
988
971
960
946
927
856
829
733
701
688
637
630
622
575
558
555
516
475
420
402
212
205
169
168
139
135
126
126
112
47
30
