28430
1331
17250
6838
21939
11302
18168
12547
3852
18547
14894
12662
27563
9029
24626
18595
26683
27530
9885
1917
14613
12127
16498
10404
29603
58
29911
24177
29045
11737
7569
30147
18725
17390
4417
22920
30955
13959
30048
17162
7935
26943
13307
8959
23474
32039
4399
3919
14667
4465
7268
16803
13730
25314
31049
29362
18814
30198
15507
7754
2480
14288
22645
31777
15852
16872
21726
14681
2410
11379
20341
16085
321
7057
32597
4158
19582
29497
14472
4051
10759
24036
11077
13045
30770
4604
23273
29550
6692
515
2231
2437
22251
25476
3664
15042
3675
14522
25585
18817
24489
18689
20078
20793
7625
13312
28914
7050
11655
2964
15988
14856
10599
8315
1784
28873
26430
28101
7307
15792
15245
20219
19451
2168
5793
27916
9562
18304
22379
3579
20530
9560
28703
13130
26501
29455
14479
13093
6539
29499
2630
14415
1834
18885
612
21709
7989
7289
1341
4949
29029
12369
24496
13172
13592
3964
8775
31873
32715
1074
4627
21316
26456
29751
19269
32358
3057
26928
29069
17816
17880
20905
2610
22403
29412
18146
23542
8819
8116
25437
28839
3011
2224
30248
5253
12806
11972
7914
28503
9722
31707
7856
4940
17965
13085
26997
7570
10605
10473
17523
17592
17393
32401
32044
28868
13128
24024
1335
14612
23813
28716
32459
25589
19496
3492
1549
17413
31051
24504
17177
3913
27025
29634
4306
3085
20558
31032
17514
12159
8054
10150
25008
2570
12999
2158
18460
7539
438
8256
9372
30902
1051
13399
13340
13726
13723
10104
8920
13351
25561
10924
5217
12180
13148
15800
8304
2382
1854
15201
20590
25987
14234
28001
27071
30074
17075
25639
4306
3000
25828
3666
4330
21973
17228
19436
21673
22555
5429
31078
23393
1763
30793
11863
14106
6576
23411
11253
24419
29704
11414
14159
25817
16406
13553
23376
20857
5889
20557
20084
16805
21258
27371
30791
503
26472
29232
21154
15817
23011
9230
8869
2689
14898
26930
17779
23453
13078
9712
3248
11138
4403
11758
26300
25860
23473
18066
20140
22964
23190
25644
16397
20717
9954
3555
10839
31645
8296
5217
8243
22740
25967
1854
15981
22286
10252
5421
1719
15937
32061
17129
10787
11941
454
9437
32606
16454
28875
1942
8365
3914
2098
13033
28073
16642
22199
13283
27835
19891
20428
22901
18517
6947
16694
20444
25589
13282
1640
1746
17627
10077
5534
20086
19077
24228
17081
22268
29423
29174
21469
32532
9867
19218
17356
7452
18434
8253
19969
12037
937
5138
8332
7429
6850
1548
20400
31489
9847
24532
26430
29881
3734
27468
13744
20657
12301
32087
11525
13795
28453
367
30046
8230
12670
12772
3421
12124
31695
2293
5177
15710
12122
13968
6561
26280
9008
9961
3926
29125
5417
26045
14471
16761
11938
27235
13035
15792
6389
6295
30113
24361
23993
518
25031
18914
3774
13465
16604
8770
29127
8577
19670
2313
11270
26887
7682
27128
10584
5905
6816
2367
15173
7283
17466
31659
11189
4347
32456
30092
16243
2619
11653
7271
25699
4884
16783
18272
1923
4103
5697
23142
20132
7227
14161
10268
12772
11086
27816
1675
12530
31708
10244
648
8193
9936
12368
24038
18569
22381
9919
17500
22976
30747
16810
25397
25820
24562
22831
20410
24837
19720
8581
26719
29468
14203
12065
7344
29998
18749
8330
18425
31158
1698
2557
2744
18070
29611
32448
20163
980
16912
21574
25145
6677
21519
31496
21802
31962
8183
2334
1542
23676
16499
21151
2246
31720
15767
11198
21724
9755
23212
12449
26075
32605
29883
12032
15079
11837
15836
3459
24794
6223
24892
19672
29499
11944
23535
32406
16352
1558
5755
19924
31069
14112
2848
30088
9267
16833
1257
16545
10937
28899
17267
28644
17353
31133
3968
8584
6188
21036
3131
5776
21187
31923
20809
29162
1914
16818
6548
19788
7404
5704
4822
16330
9430
10792
6631
12855
20286
22877
28615
7490
25695
32189
13163
3404
29019
23598
11336
2058
5023
10652
12704
12255
3861
25526
14991
16631
6925
31083
25300
17443
4585
32552
28768
4983
28554
27342
9633
3237
19070
4981
27787
3352
13286
28899
9835
5072
10792
22218
11371
9472
2650
10181
19684
19305
11369
15377
20839
21364
5645
30731
22921
7186
28781
20077
5746
6484
11409
10824
13092
25801
652
31937
30092
30619
14181
27275
25675
27240
21961
21800
32065
22241
17779
15327
18654
14117
27991
12412
22055
24283
19602
23498
27530
27154
13841
19921
30819
15832
6915
5584
4938
30364
4095
24057
4387
24644
30965
1775
227
21517
2006
32512
6178
6182
31235
20770
23654
7436
16503
10159
5417
13476
32435
16096
21168
7962
3180
779
5515
2428
26103
22172
25322
23061
14192
15317
20902
26250
28334
24133
23563
28598
32743
14346
615
32583
18722
20166
2644
789
16480
17506
26308
16966
22665
14213
5329
2082
18712
12243
31042
8375
9350
4582
2781
812
26999
22285
21871
17894
31399
1223
8604
14428
10643
8189
19815
16058
16359
6147
8576
19257
13226
25933
12113
4409
29227
22513
967
20003
28075
20960
15072
17409
22983
26852
16377
16858
17068
11353
18133
21967
27385
2731
18796
1270
7282
4755
5754
9466
22379
3088
15555
13167
3311
9512
24358
18166
20403
11868
15720
30229
10173
8940
32190
20435
29908
30927
792
16918
2982
29808
23600
2493
31164
31786
5973
2173
7198
10114
1784
7292
29893
1575
17139
21935
27333
23210
29341
9460
24887
17661
11150
24814
20712
6317
28979
15524
20675
23263
8464
3033
14590
9228
22488
28969
19719
24956
6959
20968
6189
12932
21561
11194
26895
23935
26346
10226
6085
6285
29197
2220
720
8718
1041
19369
28354
25821
20630
7917
13484
9292
12987
794
27468
27620
2086
14218
30451
16089
12496
19503
11320
17231
16278
29996
29023
25935
10111
31791
2694
11656
29134
27541
31893
18373
18631
20283
13027
30002
25410
10021
21417
26190
7409
26577
28455
14511
18288
9305
30104
5241
17
15947
8151
9628
5733
14153
14029
27857
20362
95
26018
9298
4664
25383
671
13404
18314
24735
31461
29541
31884
8645
19664
11805
4232
22007
15656
13095
31760
6925
13069
24212
31947
19252
26273
24868
12800
19593
20083
16187
30180
15993
30638
17317
32675
8411
13574
25097
6704
20682
20574
17711
31693
30532
11065
1265
