9891
15504
31283
4334
12500
23783
28911
13536
17025
7408
23159
11179
8840
26443
3455
14803
29871
26238
5646
3735
808
32144
6120
5102
5350
11879
27582
16964
23714
2530
25368
29681
19628
1462
24318
29822
23410
21513
9578
18326
1233
6352
8557
25550
5151
6377
31267
23828
757
16120
11352
15097
30909
4609
4855
30367
14079
31178
2614
23679
32362
27886
6531
19939
14501
25793
20525
7711
29395
13031
16595
1934
29928
5299
18317
29776
431
8257
1756
5829
2967
26450
18258
3528
27201
27626
9729
4268
23754
17067
15780
24311
25816
32496
13967
28641
18022
17577
26968
7562
14416
7161
67
18431
4509
25233
17263
11243
32656
30410
31681
26909
4205
30853
6292
29885
7948
15298
1053
29518
27423
18691
21151
13923
27202
1886
14420
23073
7624
27749
29207
15992
31040
19894
3282
22560
9673
12384
14250
5461
11802
12796
3307
21075
24400
26504
32181
6545
27254
19970
19556
11197
4822
10441
16833
2938
29954
27059
2282
2267
12961
32493
24065
2207
3834
8854
31639
810
18498
2075
29399
30536
14758
848
23154
19617
4631
1363
78
25082
11224
2849
2542
17201
20680
23029
12191
17142
30575
9572
32360
29769
17611
31546
19631
16312
24280
4370
19883
4182
23522
20407
28557
21626
23178
14398
28782
20029
3738
32479
22007
28593
20104
30616
13266
16097
28107
12416
27860
32141
28642
21996
23271
4258
24605
15427
2488
25467
23090
11169
28710
17114
3968
18734
21606
27557
21792
14909
18166
18784
1713
23844
24647
8302
18912
13278
11561
8199
32441
23649
30198
6136
26801
12992
19582
19998
23663
30977
3254
12192
32350
8380
15391
23023
24052
4728
29687
14207
31167
3781
16931
11330
30772
1305
11479
3561
8503
31851
17675
25562
25706
27025
29598
10992
30773
3930
27974
6389
23962
17515
31039
7135
21686
15066
30383
4302
3606
9612
19675
28353
9407
22351
12812
24860
11515
14262
30015
3546
25573
10680
13967
914
19380
16391
14947
2859
16583
23346
17239
22878
21364
3449
7915
23536
29329
24692
20718
7853
12990
22626
2472
1059
15993
20818
21194
20004
15071
4596
7959
12793
11587
12348
10446
29798
11632
9148
19166
18786
28862
8638
16585
29587
31191
7972
31060
24459
31047
5121
26612
14021
10949
23795
247
9821
15171
22086
19573
21907
951
3274
15350
18430
9383
8304
12000
10128
20087
13479
20903
12877
17010
2681
17331
18378
22682
8292
12304
21096
5680
29689
17624
2126
8450
16694
13664
16424
7031
23460
13093
21921
13659
32049
2421
22945
32107
9931
18397
2630
16288
28352
10070
20132
31804
22744
5678
12861
17301
5168
5815
7231
676
15061
23731
16000
3149
28452
21883
30778
27500
29412
1777
10374
18851
5152
28971
11417
30438
3014
24284
1474
24003
10752
20610
25375
28786
27734
28242
2850
23201
22912
11491
24775
1020
16140
4252
147
12158
11444
15327
12619
17274
18813
13298
9337
1640
24207
2225
17056
23664
13272
19190
32570
20920
6751
32196
28790
32110
16488
28214
9907
2452
11085
7722
32698
27534
29463
11692
29118
6509
7135
28452
2581
18425
10471
4672
7092
32128
17783
4511
22893
1377
8057
20291
22503
4184
20436
2995
13153
3463
27784
9203
21798
2120
8334
16933
5327
5812
25965
27899
12603
9459
15004
8676
23887
10562
30363
26098
23662
3269
3536
31117
27319
21778
27426
6874
27905
23161
13911
745
9367
5909
9262
2465
25268
23188
11324
7275
30653
28357
16519
29601
23105
30950
25315
12981
16817
9131
13328
24353
12511
24078
22673
23058
11320
15066
20298
18644
6080
15605
5601
6140
30930
7280
14033
1367
6037
20560
7502
23701
15422
26906
19164
21173
1031
2080
19117
11312
2547
32654
32447
6629
24382
26419
8882
30919
4006
12817
8298
24648
11613
4259
4713
11140
8393
11249
4073
26926
14337
1364
7868
24123
12808
1801
26340
1872
16839
4472
1010
17644
17612
4418
4127
7765
10693
27149
17707
18244
17082
16911
20217
21584
32526
31323
11239
18971
18739
24558
14063
29502
1072
24953
14207
10485
25812
21996
4888
31370
8887
8135
31912
24451
15606
14623
15784
24714
20138
29810
29942
25376
12077
32300
26480
1026
23052
27382
15956
11351
23242
24257
20314
19870
14426
6293
19086
28762
7258
28442
27119
378
12817
2531
32458
2698
31015
25470
30931
16540
2087
24636
17160
5620
31413
1472
4678
14967
1934
8010
424
14033
31300
23233
6307
3687
3255
10882
5858
5123
23635
30699
8674
23865
30475
29350
12365
156
15385
2229
20248
2723
3186
21314
7259
21848
1803
1060
5107
11974
19662
8241
2522
31264
2139
4678
28225
14257
13695
25367
14194
8071
25717
8631
3432
15071
29919
18663
4907
10319
1154
11550
27118
30390
3524
16220
18919
17124
29159
12463
19696
1032
27395
17026
18146
13021
8645
20393
18349
14228
25322
23084
9015
19072
12409
10711
6906
13188
10947
18302
1372
5180
3355
24848
3789
10478
14934
25187
28835
11311
5377
20153
14773
18773
8037
10005
1209
18848
7995
26944
14430
26663
16687
29594
11560
30852
30743
22945
21775
19519
5104
30019
16599
763
19612
16611
7982
12642
15454
17965
4487
2770
1553
11674
29369
31172
9003
15042
27478
21248
5494
16741
28620
3971
30856
24375
1086
14635
12039
1647
25120
30248
10142
9486
23444
24355
30142
29936
6280
3116
14869
16532
2444
1124
5839
10411
11380
31854
11151
13922
32434
3991
21804
18031
14704
24511
11564
6365
13168
18447
1281
4504
1188
3673
22789
30136
18316
16205
30519
12685
5203
8545
21939
29551
4521
27262
21747
10050
14175
9323
27080
7883
7876
27642
27414
29366
31937
30453
32594
26723
8630
3270
26045
26740
6931
24040
5981
21015
21175
26129
31680
14100
18440
17692
11632
19606
16087
15032
2613
7353
32753
12499
2829
17623
1924
196
8172
19602
15672
24379
2867
24993
4617
6889
30962
1116
8166
6638
19934
28933
9995
16902
27153
20956
1311
14195
23428
1505
525
7850
15436
2151
3746
19645
14487
17757
20715
4747
30822
26204
6732
3753
26888
25712
9056
12815
8794
27302
10644
25475
25536
21850
19074
28101
25826
23101
14607
9343
30247
9512
10307
27627
11506
30116
2027
3906
6047
2357
28400
4584
13628
24171
20342
26457
11527
7334
20660
15825
428
11436
27286
18366
