43
44
53
54
76
109
141
199
234
256
292
294
302
413
481
492
527
549
592
600
604
660
782
806
872
916
922
1004
1032
1068
1075
1122
1182
1194
1207
1242
1267
1317
1317
1395
1453
1468
1486
1504
1511
1551
1605
1631
1669
1681
1704
1731
1749
1756
1759
1760
1788
1821
1823
1829
1831
1832
1844
1876
1885
1942
1979
1985
2013
2024
2078
2109
2158
2206
2230
2273
2284
2290
2295
2320
2353
2409
2478
2499
2500
2547
2558
2566
2623
2652
2683
2701
2703
2735
2747
2755
2779
2838
2868
2924
2964
2967
2996
3079
3094
3108
3186
3218
3250
3297
3350
3386
3402
3472
3557
3577
3601
3602
3642
3730
3782
3783
3784
3784
3786
3826
3942
3950
4020
4051
4071
4079
4099
4099
4109
4118
4119
4151
4182
4185
4189
4204
4204
4208
4214
4236
4262
4266
4267
4348
4358
4390
4401
4427
4440
4441
4446
4463
4476
4496
4562
4658
4658
4677
4741
4751
4780
4791
4912
4956
4967
4992
5038
5054
5060
5096
5318
5337
5349
5441
5447
5466
5486
5533
5551
5553
5582
5599
5602
5668
5717
5761
5881
5954
5963
5973
5981
6026
6032
6044
6122
6127
6138
6229
6308
6370
6373
6383
6459
6525
6546
6562
6674
6680
6685
6749
6773
6793
6851
6853
6868
6897
6978
7037
7059
7067
7082
7083
7097
7152
7183
7203
7213
7234
7240
7250
7287
7309
7358
7363
7436
7496
7594
7614
7669
7681
7686
7775
7926
7936
7962
7983
7998
8078
8132
8141
8154
8168
8294
8322
8361
8431
8447
8471
8479
8514
8550
8596
8653
8664
8680
8700
8716
8762
8809
8832
8841
8885
8901
8938
8978
9012
9043
9116
9179
9198
9207
9300
9316
9328
9355
9378
9491
9531
9542
9603
9650
9658
9683
9705
9778
9821
9856
9908
9964
10015
10071
10159
10164
10165
10285
10286
10362
10420
10456
10482
10518
10521
10559
10607
10626
10637
10718
10737
10758
10780
10841
10859
10943
10943
10989
11020
11021
11043
11056
11081
11083
11105
11109
11135
11165
11194
11278
11279
11287
11348
11359
11371
11414
11421
11443
11460
11497
11549
11552
11564
11580
11583
11652
11753
11758
11760
11961
11993
12023
12044
12071
12131
12139
12181
12225
12263
12266
12317
12324
12353
12387
12413
12492
12526
12622
12633
12682
12690
12693
12698
12705
12776
12835
12908
12925
12956
12958
12990
13111
13134
13142
13206
13224
13280
13383
13539
13547
13564
13592
13676
13693
13715
13720
13757
13822
13886
13904
13936
13941
13969
13987
14012
14049
14074
14123
14179
14206
14234
14256
14258
14275
14282
14309
14343
14373
14404
14439
14445
14461
14470
14471
14483
14511
14529
14565
14582
14598
14614
14650
14704
14704
14760
14842
14854
14857
14895
14956
15005
15008
15081
15114
15126
15147
15156
15200
15259
15301
15303
15307
15310
15371
15406
15477
15493
15514
15600
15605
15616
15622
15644
15740
15771
15807
15809
15866
15875
15898
15933
15934
16005
16050
16067
16125
16148
16176
16193
16206
16226
16240
16265
16285
16299
16362
16363
16404
16423
16447
16449
16474
16514
16521
16584
16589
16658
16699
16757
16786
16787
16837
16917
16976
17006
17011
17012
17117
17121
17160
17173
17203
17205
17234
17294
17346
17400
17418
17431
17481
17503
17514
17614
17647
17684
17719
17783
17900
17947
17951
17963
17967
18011
18063
18083
18149
18186
18244
18287
18315
18357
18374
18385
18467
18575
18589
18681
18718
18764
18767
18800
18823
18873
18883
18887
18895
18977
18985
18987
19001
19023
19058
19118
19191
19297
19301
19308
19317
19326
19338
19340
19415
19539
19601
19614
19642
19656
19695
19699
19748
19797
19826
19831
19843
19877
19931
19950
19968
19982
20049
20056
20087
20095
20107
20163
20191
20197
20225
20240
20258
20294
20321
20361
20381
20439
20490
20565
20572
20652
20660
20716
20756
20771
20828
20837
20843
20892
20910
20914
20939
21128
21159
21219
21230
21240
21258
21318
21362
21418
21425
21427
21458
21496
21504
21509
21513
21534
21550
21554
21569
21598
21601
21658
21664
21691
21802
21831
21845
21866
21869
21880
21894
21896
22006
22039
22062
22091
22194
22195
22202
22220
22226
22267
22371
22411
22476
22591
22597
22684
22691
22728
22786
22800
22856
22877
22937
22953
22964
22965
22980
23026
23028
23103
23145
23150
23168
23205
23210
23247
23309
23376
23380
23409
23431
23456
23477
23487
23489
23540
23598
23601
23648
23668
23697
23699
23703
23721
23738
23756
23774
23799
23831
23839
23881
23906
23921
23929
24048
24104
24115
24133
24167
24285
24289
24327
24333
24390
24406
24438
24455
24493
24499
24541
24542
24646
24680
24738
24742
24742
24752
24764
24766
24779
24841
24846
24852
24907
24933
24998
25008
25058
25192
25204
25208
25221
25231
25247
25255
25270
25288
25309
25378
25392
25414
25441
25468
25470
25472
25528
25584
25620
25729
25733
25752
25767
25829
25886
25892
25927
25984
26008
26023
26070
26081
26099
26320
26407
26451
26491
26519
26547
26597
26604
26645
26662
26675
26701
26711
26745
26762
26803
26905
26909
26916
26929
26940
27044
27098
27116
27137
27148
27168
27223
27254
27280
27313
27346
27426
27427
27428
27463
27511
27529
27595
27646
27651
27657
27738
27792
27806
27810
27828
27849
27869
27910
28021
28088
28117
28140
28143
28150
28160
28192
28196
28234
28282
28294
28313
28341
28383
28400
28444
28496
28530
28532
28549
28557
28562
28624
28653
28704
28743
28755
28778
28792
28810
28864
28895
28911
28933
28946
28949
29025
29043
29082
29095
29136
29165
29167
29191
29227
29229
29238
29242
29248
29254
29273
29301
29360
29362
29400
29476
29492
29512
29599
29668
29691
29763
29773
29777
29788
29801
29803
29818
29823
29825
29927
29929
29947
30050
30105
30111
30115
30131
30155
30212
30241
30260
30314
30381
30387
30400
30500
30532
30549
30615
30648
30649
30687
30707
30728
30732
30760
30762
30784
30786
30797
30808
30809
30839
30864
30879
30927
30944
30962
31007
31007
31008
31059
31208
31228
31241
31246
31267
31287
31313
31346
31386
31492
31533
31654
31668
31685
31686
31706
31732
31744
31779
31932
32053
32070
32092
32092
32222
32302
32313
32322
32359
32361
32372
32439
32448
32520
32574
32695
32724
