32743
32735
32703
32669
32660
32591
32546
32540
32532
32524
32329
32289
32280
32272
32262
32260
32230
32198
32193
32171
32151
32113
32059
32014
31963
31948
31931
31921
31914
31882
31876
31834
31767
31766
31727
31700
31694
31686
31645
31586
31452
31444
31437
31426
31424
31423
31346
31308
31282
31264
31255
31208
31188
31178
31154
31110
30999
30961
30916
30883
30849
30834
30834
30812
30799
30613
30557
30551
30544
30526
30361
30313
30308
30297
30294
30281
30221
30218
30179
30128
30047
30032
29853
29827
29826
29825
29793
29792
29708
29661
29625
29619
29615
29600
29591
29586
29582
29580
29533
29508
29497
29485
29484
29418
29399
29319
29318
29297
29251
29204
29177
29167
29112
29112
29108
29095
29083
29023
28988
28971
28954
28840
28779
28744
28730
28683
28671
28614
28599
28598
28547
28481
28437
28422
28374
28292
28291
28052
28049
27967
27949
27941
27924
27912
27859
27854
27800
27752
27746
27703
27678
27675
27665
27650
27626
27620
27559
27532
27520
27478
27475
27472
27452
27442
27434
27430
27405
27352
27280
27230
27182
27174
27112
27095
27084
27081
27069
27028
26916
26886
26866
26857
26789
26761
26734
26722
26700
26696
26665
26645
26576
26457
26419
26397
26363
26343
26293
26270
26240
26217
26211
26178
26141
26057
26031
26003
25916
25889
25882
25864
25815
25777
25750
25693
25674
25625
25611
25588
25548
25534
25444
25435
25413
25382
25367
25360
25357
25327
25279
25188
25173
25157
25129
25122
25104
25098
25038
25013
24941
24935
24839
24802
24728
24718
24707
24692
24606
24576
24571
24531
24520
24497
24422
24388
24360
24324
24312
24309
24303
24303
24297
24295
24295
24286
24252
24220
24193
24183
24078
24046
24034
23998
23992
23941
23934
23934
23892
23870
23858
23855
23842
23801
23757
23733
23640
23580
23549
23502
23491
23478
23394
23359
23335
23256
23238
23237
23192
23111
23095
23070
23050
23010
22983
22915
22914
22911
22905
22897
22892
22831
22805
22768
22766
22752
22749
22707
22703
22695
22693
22671
22647
22646
22619
22536
22476
22434
22316
22287
22250
22235
22190
22160
22066
22018
21983
21966
21933
21900
21866
21809
21807
21710
21677
21669
21604
21482
21458
21410
21386
21369
21323
21284
21263
21194
21178
21177
21166
21164
21092
21061
21016
20998
20945
20893
20813
20796
20773
20733
20676
20672
20632
20629
20600
20552
20433
20392
20391
20374
20326
20293
20286
20248
20225
20191
20181
20166
20103
20071
20066
20057
20044
20033
20022
19997
19965
19899
19879
19826
19806
19736
19688
19675
19644
19576
19438
19387
19386
19371
19345
19340
19274
19232
19194
19168
19167
19162
19160
19140
19090
19034
19030
18995
18972
18928
18906
18872
18864
18859
18854
18783
18752
18704
18694
18659
18654
18641
18627
18620
18555
18478
18424
18410
18407
18399
18355
18340
18278
18275
18220
18215
18175
18173
18169
18118
18055
18053
18003
17951
17945
17933
17922
17896
17857
17814
17800
17759
17716
17716
17646
17614
17551
17529
17509
17482
17432
17412
17293
17291
17269
17265
17248
17225
17215
17188
17146
17112
17104
17085
16942
16920
16879
16856
16808
16790
16752
16742
16726
16700
16697
16670
16646
16595
16532
16521
16407
16300
16247
16206
16143
16007
15990
15914
15876
15813
15649
15630
15617
15610
15568
15550
15435
15406
15352
15350
15339
15300
15273
15257
15242
15233
15227
15172
15151
15096
15043
15042
15041
15014
14900
14888
14836
14754
14652
14613
14596
14589
14582
14544
14501
14492
14456
14452
14434
14379
14333
14309
14290
14242
14240
14240
14230
14214
14170
14164
14162
14144
14125
14112
14101
14073
14046
13996
13953
13825
13817
13817
13807
13801
13734
13716
13664
13650
13632
13599
13543
13501
13489
13425
13365
13359
13291
13278
13273
13258
13213
13194
13169
13148
13131
13128
13076
13061
13031
13014
12992
12960
12958
12955
12929
12902
12896
12893
12856
12827
12803
12797
12787
12784
12784
12603
12577
12539
12525
12518
12485
12473
12453
12413
12362
12348
12267
12141
12104
12091
12088
12052
12052
11995
11974
11973
11911
11846
11840
11789
11771
11715
11667
11561
11521
11486
11430
11425
11417
11381
11317
11278
11274
11213
11177
11170
11161
11140
11083
11075
11058
10982
10967
10927
10924
10852
10846
10845
10835
10777
10742
10722
10705
10689
10612
10602
10558
10550
10518
10484
10481
10441
10427
10411
10369
10369
10338
10317
10278
10261
10246
10197
10180
10165
10149
10124
10111
10090
10089
10018
9993
9954
9901
9886
9885
9878
9868
9865
9851
9813
9716
9691
9591
9586
9529
9478
9403
9393
9373
9311
9292
9228
9208
9207
9199
9160
9119
9118
9090
9057
9026
8977
8960
8948
8808
8713
8700
8653
8576
8521
8511
8361
8336
8284
8283
8256
8251
8091
8080
8061
8042
8029
8013
8007
7926
7813
7811
7803
7792
7703
7677
7642
7606
7511
7440
7437
7393
7346
7293
7291
7169
7154
7112
7082
7073
7045
6999
6939
6935
6931
6908
6844
6835
6823
6812
6793
6760
6751
6725
6667
6611
6602
6590
6514
6486
6397
6343
6311
6310
6268
6250
6155
6126
6122
6079
6067
6041
6026
6020
6017
5956
5878
5819
5783
5757
5721
5669
5625
5625
5556
5553
5518
5446
5426
5412
5387
5379
5377
5374
5337
5320
5310
5253
5252
5232
5207
5193
5188
5135
5102
5088
5083
5016
4971
4970
4964
4912
4883
4847
4838
4777
4759
4744
4726
4659
4647
4609
4579
4567
4552
4542
4536
4479
4475
4445
4401
4227
4222
4211
4201
4171
4151
4140
4128
4087
4069
4032
3986
3966
3930
3919
3829
3829
3787
3745
3733
3732
3707
3668
3636
3635
3619
3606
3597
3541
3529
3527
3469
3456
3288
3192
3083
2961
2875
2856
2847
2841
2815
2800
2796
2760
2698
2667
2633
2602
2598
2542
2440
2416
2414
2387
2369
2362
2342
2276
2265
2236
2166
2159
2115
2074
2065
2044
2018
2016
2015
2012
1940
1913
1901
1895
1890
1887
1886
1871
1698
1482
1427
1286
1281
1250
1242
1234
1214
1192
1144
1132
1100
1085
1023
983
869
863
839
820
762
757
712
698
662
604
525
487
477
476
451
420
374
322
275
260
236
227
226
204
134
111
109
88
59
52
47
34
18
12
