40
67
94
100
113
124
194
224
241
260
262
266
275
355
400
451
497
510
532
582
631
639
752
763
785
802
805
817
819
826
846
896
1115
1122
1216
1262
1318
1334
1349
1350
1354
1383
1387
1418
1469
1522
1554
1555
1568
1739
1745
1754
1758
1772
1821
1871
1876
1897
1902
1919
1935
1944
1948
2028
2055
2070
2072
2082
2095
2095
2277
2399
2399
2400
2411
2473
2482
2501
2529
2586
2605
2608
2662
2711
2863
2885
2903
2940
2958
3033
3059
3073
3094
3107
3222
3242
3265
3274
3362
3398
3428
3436
3440
3516
3533
3575
3624
3646
3718
3726
3778
3792
3811
3815
3877
3922
3938
3938
3982
4007
4083
4087
4097
4112
4211
4213
4223
4225
4328
4343
4345
4364
4429
4429
4444
4454
4518
4528
4536
4628
4664
4680
4712
4759
4796
4799
4845
4862
4907
4919
4969
5009
5028
5097
5148
5149
5165
5182
5239
5260
5302
5381
5389
5401
5523
5585
5675
5733
5824
5877
5997
6107
6124
6147
6159
6162
6182
6215
6220
6235
6313
6345
6477
6530
6564
6594
6612
6633
6649
6719
6722
6726
6730
6749
6775
6816
6837
6863
6874
6885
6888
6917
6988
6994
7064
7117
7130
7175
7184
7191
7196
7196
7265
7293
7298
7322
7334
7383
7385
7387
7400
7431
7482
7522
7525
7527
7536
7564
7704
7745
7831
7846
7851
7860
7877
7945
7974
7990
8034
8057
8061
8070
8089
8122
8143
8143
8163
8192
8201
8276
8356
8383
8436
8452
8460
8501
8577
8630
8641
8654
8676
8681
8697
8710
8719
8793
8806
8821
8844
8846
8850
8887
8933
8962
8983
9055
9072
9072
9091
9126
9131
9174
9211
9264
9312
9360
9502
9516
9565
9586
9615
9735
9786
9794
9796
9822
9840
9847
9912
9940
10005
10006
10030
10068
10125
10160
10163
10327
10372
10389
10435
10436
10455
10489
10490
10497
10531
10533
10581
10589
10664
10692
10745
10807
10867
10889
11003
11019
11084
11178
11229
11267
11271
11301
11310
11315
11352
11378
11382
11382
11410
11412
11420
11421
11475
11521
11524
11566
11576
11690
11704
11728
11807
11809
11816
11861
11868
11869
11890
11980
12028
12029
12106
12119
12142
12215
12231
12234
12236
12256
12274
12307
12346
12377
12389
12396
12443
12478
12533
12580
12591
12607
12617
12619
12620
12635
12716
12718
12777
12833
12838
12885
12917
12925
12953
12959
13024
13025
13119
13122
13124
13127
13162
13175
13208
13237
13261
13263
13275
13294
13310
13314
13328
13335
13340
13346
13351
13373
13421
13422
13455
13573
13573
13596
13599
13601
13639
13644
13678
13719
13744
13753
13762
13774
13782
13784
13784
13785
13921
13979
14005
14021
14078
14130
14134
14144
14167
14176
14215
14219
14325
14394
14402
14610
14655
14670
14673
14688
14697
14745
14771
14829
14943
15090
15120
15140
15150
15173
15216
15223
15249
15250
15261
15345
15349
15387
15408
15429
15456
15504
15505
15512
15537
15597
15647
15682
15719
15924
15930
16009
16025
16050
16071
16088
16092
16118
16248
16266
16277
16291
16309
16328
16333
16364
16364
16376
16400
16410
16415
16424
16500
16534
16535
16553
16559
16618
16618
16667
16668
16676
16712
16717
16739
16742
16745
16746
16769
16815
16919
16928
16936
16948
16952
16972
16989
16995
17047
17048
17109
17228
17244
17273
17285
17505
17539
17565
17567
17569
17600
17632
17689
17698
17738
17843
17887
17924
17993
18059
18090
18141
18142
18205
18209
18218
18234
18381
18381
18553
18572
18572
18657
18678
18679
18731
18737
18752
18761
18810
18820
18825
18877
18902
18928
18947
19055
19070
19144
19162
19182
19185
19192
19250
19290
19336
19355
19459
19490
19523
19534
19604
19682
19782
19783
19807
19812
19824
19871
19873
19894
19915
19929
19941
19945
20044
20046
20066
20072
20082
20099
20171
20240
20283
20287
20316
20330
20350
20357
20361
20488
20537
20542
20571
20653
20659
20662
20773
20807
20812
20847
20908
20993
20998
21020
21035
21049
21061
21072
21154
21154
21159
21190
21204
21216
21224
21229
21269
21340
21565
21669
21670
21703
21746
21749
21781
21820
21866
21890
21913
21925
22037
22039
22098
22114
22147
22197
22198
22358
22458
22488
22541
22580
22584
22592
22628
22639
22717
22727
22760
22780
22793
22858
22884
22924
22961
23033
23049
23062
23150
23198
23226
23228
23238
23261
23265
23278
23287
23295
23362
23395
23397
23407
23464
23470
23518
23537
23541
23555
23569
23590
23594
23661
23740
23759
23759
23808
23829
23832
23839
23867
23876
23888
23899
23907
23938
23952
23962
23984
24071
24084
24112
24122
24169
24236
24272
24283
24362
24388
24395
24408
24434
24442
24444
24470
24529
24540
24632
24674
24675
24782
24816
24846
24867
24876
24921
24966
24984
24985
25040
25054
25091
25109
25244
25247
25249
25263
25285
25309
25338
25388
25409
25444
25463
25529
25578
25607
25613
25666
25719
25725
25828
25832
25856
25858
25883
25895
25955
25993
26053
26132
26145
26173
26243
26245
26269
26275
26295
26300
26317
26471
26555
26579
26616
26671
26687
26747
26840
26882
26904
26910
26922
26950
26996
26999
27015
27020
27021
27026
27028
27045
27126
27169
27170
27287
27295
27358
27471
27515
27545
27609
27635
27660
27678
27699
27723
27791
27852
27860
27889
27898
27962
27965
27980
27992
27994
27999
28010
28036
28082
28107
28161
28168
28181
28223
28258
28284
28290
28312
28327
28344
28346
28361
28396
28412
28427
28458
28474
28531
28540
28601
28614
28659
28689
28696
28708
28746
28760
28776
28801
28832
28853
28910
28929
28967
28979
28990
29005
29021
29053
29054
29082
29083
29114
29123
29148
29168
29177
29184
29190
29217
29410
29441
29516
29552
29648
29656
29657
29659
29671
29672
29699
29765
29778
29785
29822
29854
29878
29896
29911
29919
29948
29993
30096
30097
30113
30238
30263
30293
30336
30457
30466
30470
30473
30488
30512
30522
30531
30537
30589
30619
30625
30696
30699
30700
30703
30704
30714
30865
30872
31163
31171
31186
31303
31339
31488
31505
31558
31586
31631
31651
31674
31677
31764
31849
31853
31866
31867
31881
31898
31974
32038
32050
32057
32201
32275
32330
32394
32413
32455
32481
32569
32582
32583
32588
32661
32667
32708
32726
32747
32756
