6759
23776
28364
6545
4242
32650
24234
4732
22258
16928
4772
7999
10280
26080
12416
27256
9540
1968
242
8213
11763
4826
4520
5227
3941
9095
27667
16663
13823
5373
27895
13205
19909
14232
2225
18850
32133
27273
2123
22353
10436
5458
2882
4847
25706
15613
23058
25240
2604
12575
21893
26518
5821
3216
3776
25469
16052
1511
21514
21255
26172
19384
15963
23216
26493
26765
2985
24849
21454
27301
20978
29437
7063
19310
22280
19805
18695
21188
6431
10443
14715
29159
21527
8945
425
21054
3978
24992
26768
5070
405
19375
9504
30585
21095
29594
19113
28918
3211
4054
4100
23700
17909
7413
23939
21678
19918
1406
19865
25325
27391
27530
3145
2369
30591
28702
16719
24221
25693
5196
28945
15221
29325
4104
68
12792
11378
15051
18014
19981
27695
25066
23231
22799
31406
10419
2207
7497
4972
20044
5558
25904
22795
30028
18349
12899
1686
18710
21575
26723
27025
7418
10319
26386
28872
24842
12608
20717
23508
2236
5559
30985
22381
16196
2201
13519
4723
1455
8964
3447
6075
5823
28918
3397
30874
11402
7359
9350
5170
977
25896
25161
1919
14625
19041
31966
4640
23467
7596
26128
31718
20964
24522
26401
18206
27612
6696
138
15262
16223
7881
2415
5778
10702
23283
19172
27396
5051
10393
4834
32557
21062
19083
31495
12925
16953
32608
24337
14444
30950
22303
16153
13310
9916
14256
2447
25
1964
15365
2297
12422
32062
23047
29035
6089
11889
31555
18885
23969
18775
29777
11439
29277
17005
1800
7509
27365
11707
23395
27619
4484
3504
6962
26047
14198
13243
7296
19849
4918
3753
18120
22228
14212
705
7894
8609
28472
10145
9598
29087
2505
2007
29952
7461
25756
15935
18742
28651
15630
3359
24196
32140
5952
19203
21372
8124
17829
16730
31059
7241
23885
22733
16136
11987
8942
12131
9038
29258
15543
29782
22846
26156
13525
9650
3006
2940
6337
2995
27567
21889
16720
3548
29913
27204
3960
15831
5526
28359
10723
13328
9537
23301
1846
6671
21854
4526
20766
32409
2438
14239
27679
20358
16921
1827
12316
5473
1442
6892
7589
19649
29960
27855
7171
31082
30330
1091
3077
20259
8984
4247
15241
3157
25442
27382
1481
25192
26209
15388
11371
2013
24471
16854
13638
20523
14248
28731
22774
25947
7109
27308
19998
32610
6108
4237
32128
13634
10113
6592
27326
17375
27034
32486
24045
26274
25293
10581
6623
7631
31403
9943
11053
32423
8089
23848
7174
26941
15746
31022
6331
16409
29502
5622
20742
32142
12993
22387
8733
17115
14340
29941
21883
15620
691
28522
105
31598
16027
28504
20559
5181
18130
1686
20412
12910
12195
20941
28726
27059
832
13746
25795
27666
7463
13313
6452
32060
20560
5176
21044
16302
17435
23577
16916
14217
13308
21469
7764
7986
32228
4664
497
27049
11118
19473
10353
3754
25038
25597
19887
31878
25722
30081
15974
19390
5782
22532
25984
4196
10016
21910
25116
25906
21472
4451
29281
3175
28429
23029
16134
16997
5055
25389
21405
7692
13593
9215
20386
6868
29746
21488
7239
10413
26824
17489
13053
23958
18595
4409
16578
9471
6602
26179
12846
2271
23401
21261
29755
28821
20861
27499
30167
29056
24389
12143
13867
3421
7273
30490
27561
31331
4327
24030
4056
20768
17345
27099
23519
15377
2152
27350
467
1284
14054
19705
11968
7214
15055
23373
8569
29964
9445
11768
25120
21754
11150
16438
26228
28564
17910
27160
11997
27856
19972
14847
10297
13528
21758
27095
24164
7592
5883
27669
19337
22124
14604
19566
20524
11415
15913
24668
8179
1731
24285
850
12087
12619
12209
23226
27982
22698
16986
23987
22422
19858
11682
7307
12610
28364
10262
1022
27620
21714
8565
6188
3262
6958
1747
25436
6856
25489
7568
5235
24961
28338
8445
2354
5238
26348
3783
16434
8083
14486
20011
28321
12333
5154
7640
13754
17099
30197
29859
13318
16824
20488
16621
28244
73
12611
13012
19577
7918
1684
32028
9672
9211
20946
14556
6480
21812
29269
22504
11736
7707
23377
20994
30107
3832
21495
30911
12740
16556
7498
7739
12712
10550
6593
31356
27077
11522
21154
31655
32382
30966
30489
27877
16020
28986
12570
8211
18788
16585
27645
1580
23779
21948
26834
25206
1881
22097
15497
1135
14560
23230
5059
13430
28828
30648
22646
16186
439
26050
5443
19427
11299
20790
12951
26882
1295
7956
27011
31801
27430
12942
2140
170
650
32591
25874
16416
29844
29839
6481
29440
28488
3288
25689
29422
8345
3733
20126
27710
10594
18783
27423
14881
17441
23559
21126
22924
7025
20323
13316
7911
3150
4569
6123
6779
20487
8109
12296
22424
18946
25610
20934
25225
30002
7890
30212
16697
11609
23333
23217
19106
20478
17075
8749
2297
28974
22978
3167
4762
8178
28670
9622
1461
30355
20996
1825
4790
29328
1965
1453
16758
20572
11035
26977
23843
26328
9348
3003
13039
16019
22209
30504
3963
24771
2197
25702
9986
6659
5822
12698
21574
11466
15038
12080
23099
12207
29286
24182
5236
4959
21543
32248
16977
3162
23576
32665
22758
23664
32198
17526
1962
14335
1727
14970
23524
17129
7645
14273
11989
24920
27475
12206
19110
22577
13689
7627
29200
31065
32343
16995
14029
22442
28147
3297
19138
16051
5467
20455
14313
27187
22129
6958
11008
14676
31865
22304
15603
22952
20836
32311
26378
9700
15322
4115
3538
13407
12809
6750
20173
20808
3376
29536
31961
24746
2538
609
30561
25633
315
12738
18501
8282
9820
26330
13450
7756
21830
7057
11201
1080
15872
30143
16953
609
30889
30786
8676
20363
20037
10721
7689
28982
16967
19940
21935
19352
10466
2671
4293
13659
22032
6306
17426
2843
12638
23154
26591
32413
14974
29254
3430
7633
19083
14417
24313
19846
7706
10674
30450
13295
29701
11597
14686
20185
19702
19047
7272
12714
6069
11524
2951
10009
22066
5120
20839
12975
1874
1263
13464
11777
24953
25014
13049
32170
10716
15334
2019
6667
13444
476
26901
26562
22817
24985
9826
7147
26772
32098
6172
10265
28474
19991
2111
27154
20473
20308
605
6990
1037
20809
13901
15406
2960
3161
22931
30461
23243
21109
13198
13991
20543
31287
16484
27963
32625
24510
5805
17954
23673
5964
31714
16413
5193
11680
21380
27392
7614
4628
21772
17712
20328
1655
13462
29918
1562
12456
10828
22784
10288
10743
1171
11796
4515
10299
12536
17044
13518
7347
26585
30519
31741
25758
26323
1774
14267
26520
26095
21146
9688
16315
13195
11405
23868
18289
8970
24519
10862
10523
14907
28397
10468
19555
18826
18184
9480
15713
23273
25091
4878
26993
9084
5347
9849
19919
25607
1476
22118
29687
25624
1431
23199
22462
29683
18845
28000
4912
8514
16546
24039
27688
2681
32762
16317
8114
32011
1085
17095
1825
19022
16834
11
29423
32559
16604
18243
22359
27285
16855
14628
9908
7830
9392
14955
30104
22620
4248
2988
17579
31445
5927
4570
3146
2078
20320
7061
26075
17837
9321
12087
28402
30528
21511
11676
16933
23689
22747
21941
8623
23958
15454
29900
12231
4610
3230
20372
20670
3806
29110
4088
4827
10077
7950
17312
14326
3137
7256
14147
15575
30217
8773
15024
31308
17879
1803
6554
15372
18723
30360
21798
26959
3106
29331
27190
6953
26356
22039
12403
15530
12688
22830
7709
4279
19056
20495
31890
14759
23547
8728
22943
7837
3255
13450
16778
19112
1579
17670
3547
8603
32405
28619
21742
1709
12625
23981
17978
20689
29188
21972
32607
10452
18059
12090
9713
11576
13222
24034
20999
30674
10340
6105
5506
24869
13390
19950
11293
7549
29779
29744
8249
4043
25207
22060
28774
28228
29754
29411
433
5304
13257
7309
27312
8370
16358
22544
25422
13141
24217
14399
25943
29937
3732
12499
18882
13928
17255
7466
28354
19523
14440
30401
12939
32659
1632
30579
20196
12425
26614
9071
24945
1749
22748
30458
11454
19391
31675
13290
24075
18950
29407
2782
25562
20347
6050
7230
8505
11357
15514
3318
2511
19571
26242
10993
29353
17900
10217
23895
9154
31222
2972
23687
30292
8992
14804
28115
3041
28016
17440
7934
27136
29764
17424
15735
1768
16873
14503
1362
4798
11517
20094
17418
2462
12165
32440
27384
23147
5069
12457
19858
11863
4867
19013
1893
7473
16786
23370
17872
23154
25920
20269
29062
9989
4358
20934
29633
5082
8883
21178
4935
24873
32319
21420
9502
1670
8944
27939
3342
12202
30255
13881
18907
14843
24615
31497
2367
32480
5667
28118
32681
30407
11940
16124
32696
243
23365
18327
3446
23558
25679
13045
26965
6994
16924
21180
20202
9440
28716
2523
25451
1084
22025
31281
4073
7687
25051
24832
17230
4154
12489
19984
22550
19258
24854
8611
6605
12193
27128
32028
9804
15558
5432
4718
9907
7186
30347
32325
7205
5378
31922
6391
15431
13819
30803
27177
6518
15825
13461
11073
4810
4630
32127
1167
18383
20002
12302
28986
3070
14055
12312
30188
5629
8050
24547
5693
26267
2624
30084
13536
9097
4934
18937
19088
25049
28350
32262
8120
7224
2227
4304
29925
20716
4427
17466
17900
908
472
27395
5083
7809
26269
31900
24992
28735
31072
2762
20347
16452
22708
29952
293
14285
26627
30074
15038
6747
9309
25625
24695
2537
31236
19201
17668
21226
26291
10484
29375
31748
29874
32109
23452
5519
23195
31356
7120
1228
19433
30821
15168
18149
17990
1782
6572
26537
26513
14508
29080
10243
6321
901
7678
4159
6428
21411
3765
27133
14117
11173
6047
24049
16650
28357
1686
12640
31417
12465
11284
24410
9318
10027
17060
2488
24014
6495
24844
32212
29256
26887
25399
18699
22928
4417
30180
6388
31059
14123
12561
25437
29562
10308
27941
4617
3383
25218
16096
11820
31440
563
17923
18338
7214
12692
15039
5107
30244
30258
26078
264
29824
30724
28595
14249
16596
7749
12738
18878
14850
7699
30512
2114
22664
22218
22505
15622
2961
6173
6803
17451
23223
11768
18742
16733
22681
19993
25768
27855
12833
17256
25273
13307
26258
29467
25379
10775
29780
6027
18224
1110
1663
19667
6185
7651
28457
19245
26754
16286
31344
27405
7111
10132
26182
20219
16708
3137
2815
20273
28023
6021
156
760
15927
5478
19669
963
30113
21131
26088
17928
22470
26228
5668
9186
14101
25978
3124
30056
23434
13962
9260
21195
12435
2209
13653
23601
26055
9223
28857
9045
28230
4939
7277
4827
2798
24578
14241
28532
19266
24382
21352
20150
12571
18896
11336
8120
25356
7230
20609
8560
6550
31363
24350
25294
13073
5001
11197
10388
6741
16487
21277
21756
27691
23386
3180
11528
1910
2693
17230
6055
29729
31336
18093
12940
19656
17442
6211
22734
5925
31591
10472
30528
14145
8255
3485
19086
26967
28804
31060
25372
28294
21785
1925
2718
22591
26346
9073
26487
7785
18344
6196
31187
27732
19010
5518
20099
20580
10018
13678
923
14970
14380
20034
31437
29985
30839
7680
21892
1405
17353
6644
5824
7668
4565
28488
1716
3993
10547
85
13345
26205
1571
27308
12144
7156
28930
25058
23442
3464
136
27423
28824
8224
967
17766
3089
16335
4067
2722
27431
9628
11666
21876
10872
4149
25170
30654
10166
23378
4461
3567
24829
8682
28846
31501
28151
22297
3297
6532
28338
460
6668
11440
3132
1842
2926
24364
26372
12258
12091
23000
3824
21452
18965
16300
24893
22753
28234
6720
26651
28802
2768
791
6148
16298
28161
5551
1760
24026
14358
30281
30938
22216
31077
31096
24320
6854
30811
14444
9117
2548
23351
7675
24662
1573
12684
14452
23047
14226
6516
23588
24155
28737
31892
25253
24365
23091
8404
4842
26530
23632
2267
32266
18178
25107
24653
23759
3419
29173
28612
14846
13780
16027
21647
30052
6866
7870
30765
27557
4044
6110
903
20164
15599
26534
18929
31601
6257
14366
26591
22294
6581
27283
4455
672
547
9542
19579
28174
22469
4055
4834
6330
28066
27247
6139
2666
5595
27568
11825
20758
22919
4446
2109
3959
21070
20426
21023
26708
455
19458
24026
21131
17042
3258
24562
8674
12085
19961
30630
20619
6839
25475
32493
21881
30462
22025
24115
4965
17641
10003
24528
11423
27181
26537
16205
18325
2288
3525
28757
4132
13607
13432
22909
418
9136
13022
32435
17832
12079
13763
22408
13216
20136
18450
19742
15634
23009
30209
7150
21165
14197
30462
5442
3608
20664
2648
31854
11382
26446
29358
31693
9659
10378
15384
28031
27826
6792
14615
29668
9162
16137
25149
7639
21156
2065
1180
4779
26717
31298
27375
486
5787
6391
28042
21184
20825
30752
5379
20313
32627
4064
15262
18366
10224
11752
22906
26778
10259
8337
26492
16828
15904
30652
1279
14412
29935
30569
19512
24781
15410
6170
362
31954
14725
12517
2255
6272
7739
10076
20290
967
3555
16669
4525
9055
24988
29495
12085
21892
21533
19267
29222
26226
25219
20031
31648
20640
28121
26921
15871
17596
26985
20320
12812
13673
8645
25274
13029
25274
26772
356
11436
8558
12573
21885
2546
23017
27029
626
3042
31479
7465
19479
31021
23616
10954
5002
20409
19593
7355
17864
25865
18352
27867
6156
8554
4197
16818
11755
16867
10664
28734
1329
19674
27655
20091
17273
9606
12949
8885
16782
27160
23465
15245
28805
2217
6492
31949
29846
14050
19904
27883
4543
14445
28384
3934
17943
8223
11900
6053
11763
30690
24961
16656
3514
31587
25418
22357
7560
20865
28825
15315
29317
28785
13908
29603
8708
6321
4095
2660
31323
4786
12797
21955
28037
6980
15238
26060
2424
10945
27751
11764
6727
761
31357
13026
20984
12257
17135
18689
4643
26362
21294
12231
13135
29058
1454
5570
26124
3422
11873
20839
2512
28866
4856
23194
5522
23718
10969
20733
28200
27113
25311
6904
18017
32065
24788
27021
25826
3562
686
11481
27585
11018
5517
17769
32227
27622
112
32322
24086
14023
24251
7086
25581
2730
18025
2760
25183
14250
13841
32199
23582
12846
26266
266
8633
27858
31933
21735
13680
25878
22079
6196
4315
20169
28396
3985
10297
2611
6482
5500
18329
20741
1859
32530
9643
17922
24072
422
18531
21353
21093
25859
5971
1065
2129
3713
14277
17348
12914
12490
3739
12543
11610
11370
1000
28495
4740
27928
25674
8962
32524
20422
31757
1072
2610
23914
18433
13409
10125
26250
22551
17147
28943
19338
16318
3186
5308
32181
12288
24622
25129
1293
5979
6459
13239
5843
25440
5555
12173
2261
16397
14571
7255
11642
28907
25696
17856
25742
8168
4960
11440
27854
15858
1400
32581
16947
20823
9121
5267
5375
19935
3113
26652
9608
21159
29026
20750
4295
27068
14094
28991
22944
9595
31366
6121
15087
14251
29100
5157
3670
24151
19606
13096
21449
17005
1527
26177
9686
9239
20045
19598
9909
28893
32205
7297
12820
8055
14606
10518
24479
28019
13431
32466
8785
23179
17002
21626
4221
32196
6189
19352
8347
4166
30108
15535
26323
18943
7057
2873
8011
27638
15631
15717
4401
5231
22321
21394
5767
14532
7125
7049
21681
24830
23303
31613
29120
310
5935
28868
21116
3246
12283
15955
11571
7854
20490
1788
32068
21792
2398
20326
9067
14571
19582
9168
16074
20495
9838
23941
2747
13701
29008
17438
19799
21204
25558
1658
8902
6003
11119
18302
12613
18914
32045
14989
4600
20103
18808
3014
31349
73
32373
4096
29452
30446
1332
30854
9688
22325
26012
1683
4743
2227
15638
31372
13032
28014
29692
15104
23609
30522
24000
28512
26926
14039
12252
2686
30913
16584
31613
199
19901
1009
5615
9791
6920
28152
7111
28737
18611
31064
31442
5876
32195
325
11968
21133
31421
30531
7312
12358
4339
22148
14523
15138
17041
28934
25632
29789
22374
29289
11186
22453
29300
13457
22243
26460
29750
16896
28879
31672
13748
8688
14377
21216
26695
18995
8678
7127
9772
21195
23211
31110
32715
18249
29431
14715
4549
12774
8720
14948
28608
15458
19375
15945
28658
672
13419
9357
9070
29438
4326
18338
1841
22646
23481
31375
14828
27254
7712
25123
17039
32383
5989
9718
13210
14207
28430
13605
14114
20207
24005
6857
20389
21421
30987
7740
22927
31383
3485
11019
6537
23787
13474
15545
25476
16481
3993
19001
9864
17669
22277
27945
26941
5334
10197
16592
822
28961
15253
13526
7937
14746
30551
20422
20719
18751
32095
7492
20131
17645
11666
17421
4957
14271
16540
32691
32004
6442
27106
31254
11765
6361
11310
16546
16270
19529
19732
20810
4473
6692
4903
31560
16824
32607
15070
3985
6517
2578
20035
7450
31367
9754
19297
13517
6596
6001
17771
29002
4617
15944
27820
15966
7178
233
10546
7236
30426
30543
13370
23198
19770
13442
23642
1841
9121
18869
24689
3171
6927
24350
3407
15222
5266
32407
2595
16002
405
27641
32680
11828
27884
10036
1551
18249
2207
29742
1451
31688
19578
1121
30303
23554
29009
7731
10695
4938
21779
24084
3113
29813
5014
27994
2074
21008
24604
19164
30960
7780
27560
336
22507
3882
25603
26469
4130
16654
22413
17823
9519
5862
2500
32246
6298
20655
1174
4398
14854
5707
29286
7669
19997
29181
3296
13758
14397
30368
11389
9056
4831
3498
17621
32621
25291
10469
22952
11859
20734
21479
14506
9269
5974
24918
1042
2695
3075
12253
23009
9067
30638
17133
9203
1743
8807
11060
23751
5443
17231
31454
21774
15515
16137
16782
17909
27209
24802
19483
15410
18295
31418
9227
10192
6887
6074
2768
7355
27787
11700
27844
4107
18147
31064
2022
7696
12826
28956
16978
9506
17632
31465
27778
16677
26374
20614
27463
29662
8667
16069
1413
1529
6728
11120
20913
27862
4269
3569
32524
16663
634
18115
30364
4586
18830
412
4079
8471
21839
3671
21903
21449
22926
23715
5444
25628
3864
1646
14348
8042
25115
5391
7643
15701
10815
27958
30994
7060
18560
3476
26049
27263
18125
3145
14493
5720
21858
32529
16832
31071
16870
14894
32547
8852
17476
4629
31451
15690
15689
3032
20758
25968
17154
10326
6613
29855
5843
13860
12903
5091
24919
22074
8873
7753
20475
8030
6655
8237
28761
3152
16401
32576
25942
8378
21830
5979
20986
28886
24321
22535
5650
30685
23454
11976
14471
26931
14891
18990
7037
26708
4582
409
22059
21372
21883
28111
20605
3353
32250
32319
31851
28657
27034
5906
18711
23059
27183
1015
11177
31359
16237
19371
23019
19860
30938
12363
4771
29758
31637
26713
4020
20956
10184
23696
32243
7410
23022
30312
5834
20115
17350
19303
14223
7308
22802
12590
4770
27216
19480
1599
22089
23720
21974
15247
25931
31767
17923
27344
32078
4622
5834
1403
26352
11476
70
26783
2984
30259
18364
24940
3419
18659
18074
28286
15294
12472
25907
18923
878
16778
1336
2059
13008
28904
6134
22282
12458
24188
23633
11054
126
14140
132
25577
12458
8022
9110
13726
3649
20184
29339
25651
15015
19747
23984
6747
32494
30478
8372
27040
30964
15321
7110
16179
32313
15576
14211
22900
20609
15323
20733
2623
45
1120
27002
20988
6234
15224
5617
8037
28854
17017
27204
16406
16678
6249
23614
19926
21274
26149
23116
9383
27819
8533
4604
11663
20857
29200
8758
2597
30023
18254
13629
27866
15443
17937
15971
10765
25974
32594
22415
19917
31232
6318
31344
17003
24401
21453
4478
21447
26168
8342
7349
7000
29707
9749
26128
8440
8587
28199
456
15477
27509
8171
5706
984
20711
29928
10233
21107
31609
21758
25768
13484
19735
17678
10965
17548
28576
5225
18598
17159
16960
29945
11941
31241
16525
27185
4668
13125
16228
15030
15343
20412
7042
20682
32091
19471
13793
13693
2802
15750
23000
4754
13684
5084
26866
26418
16172
11216
26761
23379
18672
32365
19755
24038
4822
30996
8105
31171
3254
19022
22526
3413
29284
12115
2534
20741
28586
3673
16186
22631
2056
27038
7182
31271
15915
30516
10377
19122
14125
27024
23687
5540
21906
13520
18672
500
2046
23759
31446
19681
18360
6123
29777
18331
735
21137
22298
946
28270
24461
7402
23103
31729
24851
31120
14804
28420
13964
17108
26405
20112
31522
31247
7283
11717
24842
21383
13244
2263
30100
22412
18340
12664
6644
31059
30497
1816
15566
16277
14314
30431
8323
23271
25501
32614
14910
17880
27571
13369
30141
19149
24612
32013
27104
2971
13529
3265
18931
26345
29142
19479
8123
22340
14883
13359
6722
10239
21887
21703
32098
7120
10436
564
32275
24876
18713
26399
6006
28766
5593
30209
9373
12137
1350
30300
19232
30627
4078
10687
609
22798
26329
17527
17306
14197
24696
13845
11947
7499
18509
32164
12198
24643
32089
1447
28950
29614
2890
17365
10003
1176
10849
6291
32518
15266
21029
10805
16444
16542
19145
14325
26926
23532
26974
8367
21899
20887
25273
6498
14601
21039
24866
20327
31472
7524
18625
29295
15971
12903
22217
25150
9069
10753
1889
31785
3279
5744
28247
17488
30348
1284
28292
26268
10544
32126
31741
19319
21988
6947
21758
15438
26419
7075
23959
21448
4762
32685
2580
13763
30418
6479
1069
19219
21212
9230
30450
31993
8656
17097
11637
11365
10086
32590
28724
24812
14657
10169
19789
27527
20735
9617
14176
30993
13058
10913
10051
20606
13819
20374
11369
14556
30523
93
6159
17164
1977
21050
12076
29501
24034
8104
3862
1580
6180
1524
12532
19996
23608
8344
14311
25495
24371
7768
30199
9699
25164
3102
21440
18243
12395
29078
1753
24819
26742
7049
17159
19168
8282
12282
21030
13099
11483
26626
16083
12636
6684
2924
32218
20838
8430
2576
16995
21087
9433
20208
26843
5372
1771
10516
9379
30158
22850
26149
23675
3902
16219
31436
25005
8009
1817
21704
28153
3324
18069
13010
5188
18863
2728
7728
4095
2561
25145
25115
8024
4759
21063
7378
21539
5267
32437
18042
1927
21974
5081
18876
23657
8438
15555
2589
31896
14590
12877
29724
31933
19688
12007
29453
4864
9947
21279
26808
3195
4901
18163
689
11616
15094
9175
2421
26601
28386
29572
1353
5634
7445
20359
21715
8633
28499
28037
4469
18529
19639
9295
23917
25737
15143
13737
30637
27296
23706
26842
12667
1125
1033
16883
8649
30480
7734
25056
12882
16450
27168
23344
25209
5549
15681
1956
23520
13187
20365
10873
13515
9632
19243
27509
31795
30582
7154
30387
27562
30396
15010
19759
23282
29910
28647
4625
20827
13059
19214
24762
20704
25929
18564
30607
14080
30752
25619
17288
20318
1249
4828
6263
29720
8428
24852
8729
22503
29596
12159
23006
22011
16108
19628
3448
25492
18150
26101
16933
32608
17359
3125
189
14999
19220
18504
22139
14296
23282
31556
5771
15298
29929
1656
10327
11091
29406
30505
28305
5120
787
12807
4864
6552
30407
23153
17164
26073
20396
29037
10504
30159
14349
26725
11841
24816
20924
9122
20938
30201
1981
10378
8197
18822
20147
29593
5874
4724
14
12833
823
28663
15346
23489
8691
30074
32230
26535
4931
6202
20545
6533
27024
23201
19029
8788
24991
20835
17752
4299
3926
24154
29718
19870
2895
15650
18777
8055
27934
15732
22803
29365
7779
18243
8274
24807
21134
1176
24545
13319
12149
19758
30141
24950
29335
12237
24894
14524
7982
13671
24065
16892
246
14835
16792
2104
4032
30477
2033
19274
32693
7242
14983
21918
2667
4445
7754
29104
15530
15851
21583
15177
21755
29486
22839
18553
32500
21323
3937
26195
30534
21108
16335
25963
25731
11709
15833
12816
28848
29631
6548
13386
28559
31471
3327
13202
7593
25020
4083
14932
17437
29802
16073
13605
19755
5297
32712
18884
5503
32532
4949
8658
1599
2563
31450
9553
17363
15024
25202
24798
32119
19377
31065
5038
10626
346
25878
8522
14963
26584
15205
25354
6337
22286
12006
5459
27999
22575
23176
23696
2321
18720
22452
7665
29809
22923
2873
10214
29888
15810
21754
26202
4462
13146
3673
7856
26215
13188
866
28542
20259
28458
21176
4108
13932
28877
24640
2955
5870
33
18063
29717
30848
9061
29460
18792
30261
23172
22789
3938
6433
28654
26378
20540
5099
31539
11180
1670
11031
29028
21628
10982
22032
24361
29699
24976
25848
10402
14957
901
14128
27391
3316
32651
20134
23518
10253
20207
19425
16999
14421
31229
7886
26153
5690
26684
30792
4019
4202
30826
18537
30450
28923
7226
21907
15182
10591
29648
14396
16771
20742
9464
18301
4928
25296
27178
16986
7297
25913
5438
16847
25260
26947
495
16287
4461
3106
13329
15836
31059
26538
7570
23349
23591
7545
18482
24578
8976
26852
24322
4113
23144
25506
21406
19758
3932
26938
6954
22132
27462
17710
16141
12375
10442
6117
15728
365
16050
7769
30069
28671
23690
18565
6968
19539
5371
19084
28550
5047
20968
5289
14176
6221
28234
24026
12078
22938
4556
11596
30147
22989
10789
3717
11028
31695
7737
23635
16056
13838
5871
20088
10783
9737
31184
13842
4754
20636
29028
5324
3822
6921
8013
31431
3360
18634
21536
22342
4959
2585
26887
10268
22828
26427
5911
13269
29707
5264
26738
15015
5119
31580
7964
18967
3014
851
11678
8043
8409
26854
7517
17619
24354
11344
32439
21846
27771
25951
16099
4989
6123
2051
32645
16066
8351
26008
19476
21431
28842
30451
18668
8951
18300
15150
14386
27341
4132
14132
28779
24485
24389
25099
8411
20279
21722
2532
32671
19053
23977
32228
15754
536
4232
2224
23487
16983
9043
1979
16147
14531
13224
11087
7456
29019
24425
11100
7976
13875
26863
32004
22192
15835
25358
21730
24537
21648
8397
542
19837
27685
25826
28209
15117
16047
3312
19833
8237
28659
13439
19580
16908
22929
3007
17916
24197
28141
24060
19903
27895
24033
992
7195
4324
27939
15724
9795
6732
8568
12213
28500
12231
14486
606
24095
32357
4314
22745
9140
2886
28846
9053
32435
760
22712
934
26450
8851
19651
16751
28717
5782
16238
2736
26577
27520
3222
31639
1799
27694
11909
10824
14304
2552
6615
12885
16773
10889
27696
31740
25787
30594
22944
15139
13625
3022
1233
25108
15273
6851
11766
1016
11392
27902
25715
25365
16254
20219
10060
9927
29700
19831
8271
30016
19993
23429
26113
27903
22586
15986
28746
14865
30181
23386
11232
17163
21220
17031
22643
10690
31578
5261
7581
7121
26767
7462
648
11976
3707
16334
13405
17460
13844
4637
18288
12627
12375
16360
24364
9876
11800
5400
26816
4816
18571
18757
21638
32331
1678
26906
31288
6505
27324
31080
5073
31536
22066
12294
31556
19329
19487
24176
5856
21782
25102
27163
8318
15163
26867
28313
13168
20300
6903
25969
19753
16882
23043
28604
11436
11292
19214
7551
15542
11199
23079
20172
29866
4174
29505
2711
23616
21240
31682
26457
7661
22181
22730
24935
21522
11182
3651
15119
31972
21342
17069
17015
16670
16173
13223
6454
31080
1974
26428
22959
7813
6013
9715
13874
4160
17763
2453
28113
24340
6885
11452
13058
1182
16920
18208
24569
14019
22373
17057
5314
16801
6916
5396
6946
5174
15929
27341
11308
27603
18513
28145
29602
19007
20316
13944
27921
8874
167
12037
30378
26968
13568
31333
13794
29193
3241
9705
10697
18730
20248
13412
1835
29630
2677
19970
14953
16907
11984
8399
11028
8452
8485
15875
7503
5754
530
15
19681
21505
9298
17768
7709
3235
28417
3094
114
31047
10126
14843
24272
14303
24447
7652
14786
29013
488
30033
18244
29235
15529
773
13417
8724
16746
588
25774
1486
6744
783
19227
14428
3740
31384
14623
1678
21152
5414
16169
6511
1
5168
31494
23418
4434
17785
28669
1148
23959
24281
17580
30791
20348
19141
673
25627
21592
12707
13240
18133
16102
19408
31031
20437
6589
18541
30890
16560
9621
21741
14975
15771
32568
4447
22114
14482
10569
32124
2391
25419
30136
10864
4504
21470
2817
15721
27700
18481
295
3808
20580
13349
21108
29354
1196
1666
7149
29885
27062
20643
27031
5827
22254
15585
2669
23136
9436
32704
10268
9284
325
12252
7812
17391
26881
12433
20207
11335
25499
7021
27407
10459
23722
21590
29626
7157
14066
13435
26468
4450
30010
30717
23648
12800
5355
23129
726
25612
30317
3484
19075
9257
28481
30789
10291
25391
25054
26104
14080
29881
30541
5864
12616
23149
22147
23042
32111
30729
30082
7642
19034
31795
24622
9302
30630
2557
4336
17692
17836
28474
14092
27325
2358
29571
1731
13982
24318
3079
28456
30634
6890
22
20931
24506
28426
19053
6119
9151
1613
17215
16851
29365
3846
24328
19339
28487
28963
3601
884
6210
11303
2241
11954
19388
6380
5290
5954
20737
2843
3663
24534
5440
3687
17335
14708
1786
15244
27571
22221
15398
24843
17902
14686
20261
31650
12217
13384
7784
14989
14739
16624
23267
2943
2427
342
4400
27231
5622
3126
6532
28867
1503
24289
6738
24877
16626
4312
2497
10760
32023
9517
22990
7264
21614
5530
15169
21093
12318
29534
9041
414
5086
14811
22
13548
5695
12017
18355
10822
4544
27928
20031
20526
23184
29503
3704
7925
1313
22120
20775
18868
2417
28928
24401
774
20247
11263
11042
20870
28176
15812
7066
12300
12359
31406
26356
30118
8166
4986
10203
16728
11871
23903
6476
26004
16441
32747
9545
3960
10651
9371
12867
9674
26521
1085
23365
7091
8770
28166
32480
13118
17254
9331
20698
27536
11815
11232
23189
5861
25414
26345
5697
21583
7723
7300
4289
26925
14001
17371
15966
13932
21432
12778
28206
17792
14952
1245
2114
10529
17989
26919
658
11718
22007
5218
14505
5602
14551
4585
4625
24033
26937
15671
9084
17377
8060
1534
14007
3889
2514
23047
25935
21386
13520
20684
12800
11279
28853
29911
19681
10758
16250
18137
28242
29524
6046
22153
29857
19642
1966
3394
12415
3026
1686
1627
3109
11463
31914
4422
31045
2007
20852
14696
20915
25226
2619
28602
5840
22704
17752
12835
15290
22811
7736
19604
26165
12833
17968
4065
21080
27088
24068
6755
17655
24048
23605
3662
14548
26554
3086
20947
12933
32601
29037
13557
26403
6948
7506
6443
8631
18073
16169
30394
4965
11545
32471
23505
31318
5221
27526
16737
19303
732
2865
20931
19091
3442
22254
32007
15904
2416
12287
30493
10380
7662
6551
31654
13623
28944
17260
29592
17357
27907
12544
22676
15993
22710
2480
29191
9931
16473
23929
18434
1381
27030
27277
26586
10345
20370
12186
22143
23715
25250
22229
19613
3445
1997
17865
6260
30598
5126
24033
16760
23082
16166
14774
18856
21391
19115
29465
10414
21421
22579
15840
23739
20971
11190
25457
11553
12690
21894
27408
31405
242
8
31464
14794
32598
23856
15834
29271
5545
28606
23049
24899
11749
11322
17442
6126
5439
11696
31596
13631
21780
31276
31379
5253
11921
4852
26932
3599
9509
19592
23080
9610
17320
10842
8848
16925
2120
14925
5541
19526
9016
11247
12604
19826
29719
8055
1820
27999
29216
26749
28416
26930
27415
16508
19818
24663
17647
9480
31534
4892
11836
24014
6586
28429
26971
26192
24614
1293
7779
14174
11519
17721
24522
11347
26835
7292
19927
21
1404
20466
1227
7626
9773
12798
16847
16730
15422
3370
27292
9129
9399
24769
25580
11921
4766
19246
25252
29858
20992
15891
9150
26777
12226
22569
14072
4257
4645
218
18494
12620
3610
8608
5080
11343
1355
6427
29012
3840
6373
17397
8497
3217
32039
14198
18768
24586
31148
2534
19483
21000
8824
17574
26226
24119
5572
23565
16474
13456
19082
18691
23652
4691
15311
8288
4575
11972
31923
17410
32189
14245
313
2480
5702
6518
10199
29618
19838
3951
20413
22316
28247
14137
2021
3134
8343
9328
8927
989
16263
12250
15194
24432
28513
32356
30065
26154
7543
31712
2235
29738
22307
17793
24337
16212
9074
16402
21534
3565
19343
22009
25000
15097
15857
6383
17568
9300
30788
17277
26346
24210
9241
22069
6637
19096
21068
19638
28122
26871
313
9821
12733
1804
22942
16075
26693
8664
20046
12827
15699
6816
2715
18656
18501
6468
23425
10209
9983
14432
32658
16276
15806
22308
2469
14171
10140
11507
16958
20608
9185
31422
13244
31986
3088
30239
19781
9661
7854
18997
18546
23883
10961
19010
15801
31068
26732
12805
5022
20678
2396
4056
13465
6382
20273
13450
14278
7938
12733
17658
26703
22780
25183
18808
22425
2646
14349
22235
26161
30861
20514
11618
28533
27480
28653
26956
1026
29861
29429
8501
24289
15448
21006
3639
369
19395
3869
6588
8722
5347
4522
27941
22934
12640
16426
24348
15208
5443
25098
23225
17530
12661
5755
7256
19696
16891
27648
24629
26766
17395
25785
24268
25058
20301
29549
13042
15409
20554
15705
1459
26658
23734
11450
7146
5932
8421
8220
8611
22977
8303
16993
20273
29751
18091
22416
17422
5755
748
2659
13173
25204
27774
1678
16065
27960
10847
27601
6531
9969
6845
26045
21350
21902
30260
29765
25540
3625
27332
12556
21252
22843
27283
7528
7610
28034
10856
17721
11644
11693
3043
17005
901
21709
28542
27982
28940
32124
10820
17810
31074
28619
6995
24609
14798
25069
7443
26020
29480
6053
20019
28114
4408
3183
28264
17273
19404
5233
19172
23886
15771
8223
30360
6006
3292
3761
18986
31185
422
15174
26549
5897
9734
12501
15940
20573
19426
12504
18700
2606
5264
30903
1643
7494
22070
29173
25252
4331
31456
14620
4696
27048
13666
10089
6339
6358
10227
19256
30140
22765
22662
31534
14187
653
3815
28712
27591
9802
30875
4583
11735
30522
11892
25207
19108
21056
30710
13412
14848
28183
26733
6044
26362
30
12746
10531
1052
25061
18754
12665
26475
891
14757
15819
10780
13941
16254
8156
2070
7615
2800
177
15147
20002
17227
29183
19990
27545
10353
10837
9012
20307
28139
22537
11011
648
11210
14052
1627
6652
319
21645
4206
15956
17658
12214
3201
27932
24387
7688
29543
16020
10713
9423
7362
15421
29069
12389
16377
5160
30110
22112
2296
13561
211
3707
15531
7870
30811
3653
10552
29810
31844
13195
24063
6735
30333
10630
26450
27863
12716
13509
2548
23713
22607
20953
14931
31460
29619
4802
19333
17093
18806
26396
4612
11104
12957
15113
30250
20120
18548
6365
12907
12447
809
14732
14676
29764
9767
12245
32583
2047
5684
6698
9203
6078
30025
1894
14230
20333
8245
31278
6130
14920
27120
14114
8464
19168
12480
18892
11704
22510
10510
27718
9131
6619
31237
15784
1958
29963
2032
29496
21784
7405
2128
28753
5534
23492
15296
28943
29762
2866
27017
13248
18552
2441
30981
19722
21716
14289
17588
4828
13708
19609
799
18966
15026
1918
24944
759
10798
4477
11214
20554
9597
5624
8058
17744
12075
24713
17067
26220
3089
2954
24105
30865
31823
2913
29868
23403
2056
8844
21490
23120
23520
2672
7074
8165
28982
23777
21987
14480
32290
2672
32188
20385
26925
27000
3882
4928
15571
10727
32003
27412
22201
14797
10381
28088
20142
26278
14045
16607
20836
18280
24561
20545
27371
15179
5005
1868
31985
2394
4054
31116
23739
27838
17839
9686
21730
6597
9943
16440
1742
1973
14783
11937
26612
2900
3884
9295
22223
3634
30097
2043
927
28348
1578
4295
10468
21762
26584
17891
20377
2115
25535
19715
6961
4414
10145
13185
22867
13624
20985
7761
20820
5580
9175
3240
3960
373
29823
6508
10217
16604
17087
26458
11635
27874
20
9209
22533
6509
29052
19778
5864
24819
16921
9740
2748
7368
9098
1337
9015
22055
6153
27555
23709
15362
16964
3268
22783
10634
22269
13863
20787
2429
3168
16786
6550
8754
8999
32240
13956
5733
25968
15105
15508
9923
14169
25536
30868
53
5473
21399
6984
8940
7294
21061
25825
11825
30718
25227
3135
7402
20766
20378
24038
16107
7275
9532
20162
31490
24796
32452
32411
9665
21676
22711
26198
30985
27641
20791
11761
30811
13598
819
26172
19934
7889
26704
8792
27696
1019
28054
11505
237
6491
9947
21819
1024
6361
19696
4013
28588
18091
29325
26240
27993
11305
7164
30182
799
9329
9608
28683
3604
5818
9381
25805
5461
31353
12252
18746
16855
310
14717
31437
1771
555
26883
14952
18323
929
8005
23313
1159
32267
4450
8300
24325
13535
9834
2300
31836
16696
972
26
5687
10797
29828
13233
17322
9967
5889
2495
18174
26276
32215
29067
27708
31239
12073
3238
17532
15036
11988
27556
18923
19572
32604
23192
14493
5061
17815
31056
10264
16070
31515
6997
12700
15213
23400
11169
12083
14250
30678
4126
24445
1855
7741
18659
31289
2918
32358
18222
403
30753
14901
14367
23600
4959
19602
16186
1018
18899
29468
23706
21931
13716
1677
31478
19739
29301
28139
24917
14922
23586
6260
1169
15149
4607
10823
29837
1593
23744
18386
24886
20912
20936
11263
29498
25518
20547
29981
29835
5874
13314
21648
1170
24685
23065
3385
21556
8589
21306
27811
9606
21318
24528
10994
2895
21989
4571
23948
9281
29076
12430
26756
19959
21420
14762
6859
2990
5310
7320
24853
7363
4959
2889
15244
32496
12215
31950
25144
22598
13256
15798
17449
1258
29823
10795
19818
17551
30589
28107
8101
17335
10658
25928
10646
31913
29277
32190
18737
11313
12214
11735
25746
22042
26392
25761
9640
5484
14048
2602
17569
13414
21670
28129
3349
18490
9294
16044
2546
19595
13261
26824
1066
31399
10171
30053
16413
22660
25757
18429
9672
15228
240
21880
16299
15048
19445
12545
15484
19902
30016
2726
24461
4554
8446
31666
3070
29742
29961
15562
22178
15225
27309
8650
19122
11464
28984
30557
19764
18624
11588
7774
19241
23623
24771
242
7801
24837
18383
15713
21919
27037
30255
8889
18964
5547
424
23329
12669
18814
1290
24574
5523
9618
18422
5063
24278
31188
6000
7593
24049
12436
6952
25306
32748
27977
13192
14781
6420
23305
11389
12986
29354
26307
20741
4827
1870
24898
11133
23591
6697
17633
32424
32703
5341
6927
17278
5561
22574
15745
14267
14016
27501
28474
18722
21352
13992
2364
27029
9554
13203
14091
6102
5636
16693
32486
10523
14213
1618
4549
8020
10939
3740
7953
6203
3973
3736
10278
8479
23192
31313
3977
31601
11546
23232
24553
7691
2560
3574
1751
32580
1320
24079
32581
29620
18486
6871
10176
11719
2350
8761
16493
10756
20182
876
19653
5147
7881
10460
21776
28848
29019
13529
17314
6122
1840
32001
23000
19642
31899
20590
30930
31980
14008
29856
14830
30191
1608
1321
4871
6755
7247
8731
626
25703
11375
6449
32436
16545
22787
30144
9733
3594
17659
9051
27014
20095
26490
3913
12353
21511
32049
29864
11748
30437
13177
16221
26941
8285
26931
12739
11893
13894
8543
14607
26892
13141
895
7301
8600
30755
1449
29532
6973
8451
7279
3442
19691
27782
3183
15024
12890
32458
14776
7483
12487
3463
4323
29280
2924
16600
26094
32316
9152
21705
25815
1582
371
18340
28669
1534
24104
8443
2102
3018
12528
7541
6831
26292
30090
19289
20615
5197
11101
25564
15403
6336
18481
27946
111
11710
6833
28982
19825
29741
22689
21826
20270
5264
21727
7725
27105
31284
6427
11648
24607
5408
24406
17207
16052
20154
10012
20559
10811
7481
25216
26132
27263
25038
30428
20007
20373
32146
3397
5969
19637
18734
28368
8971
25821
23372
26760
32713
17700
18881
29482
7178
10462
20855
6823
7713
25461
4380
24919
27840
11266
17036
6909
13385
1710
7935
31614
29909
26572
23026
21857
25856
27826
24278
17413
13691
18011
15739
15782
335
12733
28987
18702
30450
6635
28390
21274
1547
16363
9585
24564
7685
1109
23901
5130
18773
11952
8937
20688
12684
20108
9975
24891
22556
4703
17086
29177
4074
12320
2613
20848
919
15269
6459
13181
21646
1725
1926
29929
7885
26381
12114
6827
28020
32171
12997
2272
27664
23676
27684
11659
24740
9550
13496
6924
14971
32436
11902
20065
16816
31397
31890
7456
13178
19155
5720
1840
22328
24268
8559
26699
22592
18387
32343
17716
28775
32380
29660
12471
12112
26122
9546
1125
27253
10633
16207
26892
8695
20138
1966
27384
26149
6753
15273
5613
2510
9024
26923
21727
11591
11665
11961
4471
28219
11574
3607
20295
18485
2369
15802
16071
29167
32083
9457
1047
17240
13493
28369
11635
28775
31544
24549
5493
9378
8141
23187
11534
19309
25827
15948
26946
4371
6788
3451
20647
26774
15918
1579
25755
8758
15474
6518
25160
24259
12366
28081
5977
27556
15435
22361
18041
21411
22871
29884
22416
12414
14176
22631
20413
2350
2996
28243
19729
18676
26907
1998
529
6953
32178
14891
27882
14275
21126
31785
18034
27814
26868
11812
25827
28592
20931
30973
3670
17795
6654
12234
30465
18705
10642
8254
26416
8169
28588
32215
17668
10051
30929
21450
32239
9676
19130
10670
3051
20018
8693
18154
4733
24175
27964
16608
20333
26583
8852
16342
23362
3040
18981
9897
30079
14771
23260
2352
22688
14454
17603
7537
20947
2647
17691
4998
6263
29784
24639
77
8533
14045
7480
18131
27041
17143
24351
11390
30127
30830
30774
1020
32629
14480
21189
6895
4292
22972
19382
22101
1350
18349
6896
10681
12342
23687
25971
21787
8674
16036
21816
5536
18658
20251
21190
13562
27414
29972
15508
9109
12897
20942
14370
2438
18726
10605
30934
31284
17031
3205
6295
14020
19032
3687
24107
11078
22757
5166
3409
4769
26216
2183
7325
27966
23113
68
27928
13943
12819
7072
24467
1214
7226
12368
25551
141
655
2126
23886
24082
16511
16740
31223
17814
271
6523
22125
22193
152
13217
3116
12847
11842
8668
1384
14017
26945
16304
12965
23651
21970
10610
32277
23185
1524
23627
6326
1321
29159
19211
32040
3103
31845
29619
17487
2531
32419
16833
10157
3218
6150
18745
19836
1502
15782
9848
14990
19902
17795
3768
1509
9174
27017
23906
10770
23462
32326
10775
4174
8050
22885
13181
12633
30195
9202
10953
26646
30402
5196
11281
20963
22912
19433
28495
22714
19398
21709
32308
17161
14800
31432
31411
25937
30184
31858
16968
20864
27284
20455
31244
8207
17279
30531
20346
11996
14632
8412
31231
29125
27468
3906
18755
12552
30228
1271
19514
20829
11774
12271
23785
464
11917
20678
7417
27488
10161
6595
12029
15962
5620
401
14467
14706
20840
1463
30940
1702
8020
6364
171
2515
12953
14525
22064
32020
18150
26602
4690
30430
17056
1859
17006
13788
2958
19254
6882
20107
31304
18614
18007
5781
6237
22010
24018
27119
5447
15099
21882
9649
7695
28074
27175
29880
960
22005
23470
18942
23693
21880
32751
9396
3009
3843
31387
31268
23659
10704
9670
24905
6853
3201
30512
23595
22632
19419
28243
23293
18226
18757
22316
21749
22259
15615
28106
4845
474
10274
11927
1982
29602
27227
24425
21080
30588
30566
7496
17825
22715
26700
31485
4627
8770
25693
31839
27924
26797
7661
31325
21012
2882
24270
15306
14697
6038
24721
20204
24810
15359
27771
28611
589
29885
32585
1817
4929
24551
27812
3661
27466
25623
15970
25568
27488
5589
19330
23740
839
1988
17126
7752
12461
29070
9678
3373
21509
22929
28185
23781
30502
11590
23610
3080
24994
29814
10491
22870
5863
2843
5876
32131
6680
3607
8138
13766
5033
26263
14633
27424
13500
8260
28031
620
29759
30256
17533
8491
450
17019
14158
29453
2585
15561
11413
15423
10677
13156
14377
17528
10435
11056
6800
26305
23810
4690
15420
20999
19813
29087
8328
18017
29548
18630
3184
23330
13890
318
23827
6558
31639
9197
18922
30909
27195
15773
3782
1345
14976
7712
14731
17111
12364
24125
6062
4575
6912
22625
32624
9723
30476
6
28888
22873
3406
17378
19057
26817
11311
26320
3528
25693
22141
31615
28580
24908
1030
28381
12291
14309
20472
19777
30169
23243
12539
11867
10888
4789
5899
29660
4382
11002
2839
18148
5457
23263
11355
48
3642
30625
10110
26368
28884
15169
875
29385
11828
11282
24559
31647
14726
28931
535
1376
29131
7853
19015
4513
27476
18715
28698
9306
21757
26205
8189
26449
29994
19915
22154
6215
31363
24602
5542
11748
7279
9248
20313
24418
18257
25703
8816
31484
20613
6515
17620
14101
28185
11475
14249
27177
28236
24810
8486
21876
27335
27003
26679
28260
29597
246
28116
21183
28164
1668
31
21396
8913
28884
25408
17123
14517
8611
3073
28684
5689
26126
26664
32504
26491
12183
20632
1545
17318
20985
294
7874
11827
20907
12860
21814
28641
3894
12336
8754
885
23352
3170
23594
4658
16180
17431
19172
15383
1823
31001
18918
10203
22442
6154
9632
5801
23888
2188
8025
30619
24608
17171
17371
14072
18504
26757
223
17710
24421
14230
9526
4494
23180
31718
14268
29897
31000
21207
20732
18222
17457
25136
25507
7841
15137
23667
8102
28762
30806
28414
23603
4707
6967
30180
13401
22736
679
4489
17014
19131
9306
31231
9828
11014
3290
11300
16994
20688
21592
19576
23236
2995
5171
23487
1115
4036
10570
6490
3490
9544
20226
12134
20141
6198
24342
1169
3025
9073
16929
20416
22292
21442
23789
18787
7251
7831
1657
5779
17462
10365
21196
18928
6612
30559
15996
5693
24357
3196
1789
3768
15403
8746
15275
4410
29920
2380
21397
13843
4574
25236
21519
24995
26577
12153
21494
21433
10653
30455
26561
20651
29006
31242
16973
16441
27587
13288
5733
24098
4890
8705
1299
22660
9178
4023
9384
30709
14563
25053
27789
11618
14870
7665
4552
8618
2500
10522
8270
8953
7383
31456
23819
3045
27075
16301
15537
75
23082
9991
31556
7144
11090
22923
8290
28342
26951
21161
31827
25356
28879
6689
27093
26996
9234
6465
24740
1611
15878
2011
9419
7451
28828
11528
7853
5561
14764
28576
10194
14109
6817
29300
22643
21508
7908
14418
8644
9543
23817
2998
16644
28153
24252
9808
22341
17732
7018
21562
12795
8705
29103
3829
4167
1049
19330
19497
28929
22430
22818
31769
13704
28072
3775
29672
9545
9968
20713
16269
7696
11311
31674
6039
32017
20532
12482
30370
3253
30663
6069
2709
806
9025
32214
32161
23961
30184
34
21241
9310
22284
11325
21329
25513
2274
17438
17689
25886
20771
4217
27766
30238
3940
28143
3845
18132
23860
248
30542
11774
5112
15500
13322
23931
21637
10132
3861
21401
27778
3348
30769
5404
13692
789
24448
31758
18886
29779
15296
10058
11030
6315
14404
22214
14048
2115
18102
16547
1137
21879
4238
10998
2252
22919
1105
22100
7237
8193
31370
1312
15838
7407
11913
11156
12389
6593
1758
5264
19786
1273
27028
1829
10561
4248
6190
14561
26267
19276
20323
6360
20836
8278
9881
16247
8509
27197
27426
3848
31992
1077
29496
20740
7157
1612
9402
23580
8511
6234
11172
3846
3174
1958
7247
11272
23578
2904
32110
24901
16012
25507
30148
2506
27525
16303
6566
29528
1090
5703
5172
13551
5398
23879
10327
25119
5311
19395
17786
9998
32131
4855
11272
6472
23570
14835
23976
18762
28699
2051
21818
24780
15020
10719
17041
22994
5706
32151
17903
6769
13524
12605
26433
354
7960
8272
17695
12104
4658
7147
14210
6337
22185
2482
25154
11566
27975
1399
29527
7747
11708
29104
2252
5197
13042
8858
31362
23366
12590
4137
938
21658
4587
15030
2048
14775
29046
11879
28872
31575
23112
20829
23945
18829
23080
26785
9356
4241
19709
32716
24340
30283
31092
8056
32090
9377
23382
32362
7759
27776
14246
6523
10000
3500
22141
24139
22057
12104
32422
21669
20106
21796
3833
29361
22089
24010
20856
2012
17693
21831
25643
27272
24214
10426
21435
21619
5149
1694
17361
6631
27312
30679
16684
10150
90
32126
6533
29588
28019
16236
21794
19490
32156
6024
11836
12927
31865
1489
8722
11133
4653
22826
30665
13123
27543
6377
22794
16312
10830
31518
22618
32170
22621
29603
312
13506
23486
10216
19960
32296
9624
21371
8034
14838
6456
26970
4618
28510
26321
32248
19821
922
22003
17937
10448
29591
15309
13870
16857
31840
6435
3831
24810
24139
7181
25148
18241
9958
373
23746
17104
11681
4686
24781
9181
12088
14485
15730
28762
13287
26633
3737
28930
11339
22185
4564
29751
28954
16626
31715
25246
4482
13781
6915
376
7266
9850
20987
32447
20524
13751
14308
8965
23956
846
26811
17676
10497
28394
21160
23332
14001
3800
3083
17992
11690
22150
32332
13047
7524
10428
29023
11220
29240
20892
17434
14844
17542
9306
23862
12075
28329
14524
8486
30094
5532
1105
30876
357
4201
19313
13268
16481
23125
9720
22183
8887
31693
5057
6479
6663
5647
23780
10747
10736
32152
14768
31506
26223
3921
32359
10823
31740
11384
18108
19553
7523
2383
23821
10695
29539
14983
22880
14286
27144
11627
13343
23235
30664
30413
18580
15543
14944
9393
802
17677
1388
32442
14153
31940
16073
24920
22871
27525
9387
8111
6127
14700
22909
6214
4411
8599
20860
26740
8177
367
32274
27275
31751
4281
21235
27329
11061
3675
249
16098
32047
28143
704
11448
3999
21001
22273
19254
5604
24392
1199
19047
24717
13343
17619
19993
24723
4449
28200
18248
8794
32654
32374
30796
31846
31967
23983
4034
28125
19
14026
1596
26817
23544
611
10920
1001
20408
7951
2433
20676
20457
4992
6839
20685
21586
22110
25183
18125
13950
14304
28699
24532
27907
18732
26951
28661
12175
23924
2536
16068
20407
204
18517
8081
21120
205
1955
20833
5801
25324
1234
25264
5054
25751
27320
5353
32222
24853
14513
31649
23111
14619
26628
21399
20646
6189
31764
19821
17697
13243
26955
18467
1824
24567
32454
14167
8415
5751
16064
12606
5045
19087
20928
24673
3361
10092
130
21784
24729
5104
24743
29383
21011
6225
8219
29915
32079
369
6986
18308
26091
24059
10754
12336
31781
12609
20262
459
8813
30680
14104
22711
32690
23025
12516
6797
10857
10102
3629
13713
30813
31208
5592
23543
32570
6139
30074
14040
4567
30446
23938
19699
17990
30124
13350
6436
20637
11685
2831
3236
16003
30057
17347
30982
24442
28937
3798
7661
26094
19501
12752
22158
3329
31221
16349
8937
20244
5777
12599
2246
30997
18079
1364
2162
9867
12359
23503
8503
29283
27160
12310
8604
26744
31649
9177
16225
996
19407
1070
13113
17928
6410
30084
21573
12893
22286
29262
28501
15097
3721
2155
21981
27105
6777
343
24761
21265
24388
24852
25249
6988
22420
26582
18026
8100
4857
625
21762
2504
572
21891
24361
23824
11652
20321
18160
18506
12331
27842
9458
18498
5726
7214
1365
26387
30839
27684
30848
9264
28698
28686
29593
20785
17169
2021
15558
28511
24552
30372
24351
23038
2120
29550
25205
18781
17684
8574
17093
31390
69
6866
25466
2117
24709
31127
31334
16259
17038
3155
11903
32320
27713
8404
26201
26091
21894
4572
615
28417
8934
905
32497
10590
11753
31366
14805
13639
14129
14836
22525
16691
7763
5142
1700
6236
15225
6591
5192
3594
14008
21627
7533
20890
31026
30592
18712
30545
5099
13139
20743
16867
14444
6202
20913
30913
7962
13157
7680
22310
30547
21211
4816
24544
15694
7205
9767
8671
4527
25021
11827
14719
28397
25398
7172
6805
22628
25640
9742
28475
24377
17889
7772
5979
6385
4045
28821
5374
25552
4769
944
29010
5363
4682
31607
26237
27693
8857
5565
23076
27041
8875
8030
29881
24868
793
15611
24968
26448
17125
882
897
29799
20255
7200
10947
22766
12634
28886
5869
24582
14546
7068
21027
15241
2650
5672
12514
5608
17159
25884
644
26055
6559
15107
16018
24405
10943
20233
15054
8045
23502
25470
13819
27758
165
14345
17266
10458
12283
25516
25446
21425
29330
21115
21490
12939
14627
25372
26344
376
17674
24573
26712
17560
28593
20568
25058
6009
31934
23784
18108
5683
25340
17512
21634
15429
14346
7120
13505
21806
10950
22095
11073
23243
14455
20743
23830
23924
2236
24203
31845
20948
7224
3609
25847
24716
14843
10903
30079
4999
18351
11599
12715
32027
30855
8298
30957
13541
32487
11565
24070
18017
11475
20983
27479
27980
12058
31734
24551
15289
20287
173
12595
1525
26666
13094
23993
12316
31123
4342
23619
14712
1578
17141
13300
8605
10374
28090
2324
837
2772
3545
10907
236
11580
23516
27775
24362
10002
29698
23229
26836
20161
15801
4393
30930
29816
20189
17398
17855
7058
18094
17669
19267
24262
23699
4590
27952
27411
7825
14031
12381
15720
7050
4567
9542
3863
30005
17296
24672
7416
5601
22512
7229
13661
1513
29727
24932
14521
7414
5383
20462
30991
2808
10909
26336
9244
29922
7153
25932
9283
8488
32758
8486
9277
28665
5906
28647
8573
6972
20837
31971
14692
31308
28121
10603
7465
17780
32238
21154
22662
5417
23106
6432
22307
6410
21475
1608
21699
17048
11861
11114
9265
24501
11874
5783
30952
24798
18852
14664
8069
18216
17107
7342
20717
30203
16079
32726
3134
25745
7788
15237
9079
27438
10497
1997
26342
10269
21423
32627
6997
14446
12658
32001
9971
16497
22505
11689
8452
32753
17637
30176
12360
28208
4275
950
25645
6567
31018
10999
29876
18298
4467
26372
5411
3773
8859
7790
17775
27497
2266
1112
20072
1308
6561
13193
21666
9620
24165
24403
11815
6889
12334
13864
26334
398
32734
20981
8121
12806
22338
21062
13474
20070
24282
31767
21795
11150
29800
31611
31704
4646
7739
8943
28820
4954
26424
17531
16726
27990
28589
142
24042
15232
16086
9879
16991
28280
8491
867
23596
18385
8047
14649
5665
21900
23161
32183
14095
10584
22465
22891
32566
18316
2730
17713
12403
2528
9873
16719
27942
29167
1433
16977
6629
10093
12341
4005
11746
7720
20850
28663
7708
8128
9226
16203
20296
13605
9257
19163
14974
11221
4604
3766
12452
13011
4351
12565
26779
19302
28675
22396
17451
2455
26114
12693
30639
24680
20387
21963
128
30164
14731
19369
5666
14987
17257
24561
561
16746
10176
7804
2825
4796
29811
3541
23864
30515
16402
2195
8101
30372
26599
20602
7805
1669
8894
14161
14561
9256
29816
31105
32080
22197
20047
9842
8406
21737
26598
12965
15602
19089
7448
3985
72
31172
23677
25919
15883
13283
29372
18852
2088
26194
16019
4546
16435
14067
6567
6269
19218
27751
525
5950
21356
7683
20628
27721
18127
26516
2008
27359
31139
7379
2056
4371
7635
14503
13170
16237
30773
1053
20435
20032
189
12583
12385
7371
22886
25880
29844
30226
18396
28379
26552
26490
7658
9463
19764
25895
15526
10051
9624
22550
7774
104
14440
29177
4929
25371
28330
25302
7373
32536
18993
19550
5116
10717
1448
3854
1582
22315
10589
19719
29909
7486
8403
16046
25570
16583
7430
13571
25331
1197
20348
26050
32057
14728
18960
23867
15403
18650
3966
12786
10476
14347
8365
22006
30845
24363
4800
8706
20130
20326
31195
30293
17301
9542
13493
3409
6254
17068
25826
23510
17997
11404
8158
7004
21581
2155
9433
22994
8232
30106
9028
11066
1450
15920
24096
22785
4311
7112
14337
11039
9947
3071
29668
9971
20918
28844
14007
24540
6820
30686
5537
13719
8013
1943
15637
7259
19889
10569
31897
19126
29393
12564
17238
26917
2078
7357
22880
8054
27555
26222
25027
7134
28401
18224
29010
28634
26830
9512
17967
24262
13724
10645
27673
31294
21131
14981
22905
10296
32638
21594
20778
28382
5054
32512
5387
8748
29025
23275
13639
20302
17272
467
2143
439
29436
14127
6140
15873
32374
9331
3703
20103
8304
7432
28964
15812
28830
9743
13154
6762
27596
15830
28259
24898
3719
7958
18876
10438
28299
31731
24748
27264
32496
27825
12332
1569
27411
3638
22970
23136
13381
3139
18149
3992
32310
4977
31129
28704
13855
26350
5416
27241
179
5621
27676
6363
6851
3343
7871
27500
6323
32523
5735
20228
12449
25022
27010
28308
31567
31355
29797
27120
22484
13905
13012
7793
24071
18951
9808
23883
2982
21976
21796
11182
6218
2286
11822
26784
7179
161
23918
29845
29938
24428
23888
14035
5923
22451
20665
7305
13255
9783
29139
28072
25275
14421
8601
5000
15098
31234
25633
11580
1483
1926
21932
3505
30890
16123
25711
32649
8695
28036
23328
27322
29792
5198
2111
14309
7439
328
3625
3447
4244
14242
10206
17025
31377
25607
28301
9048
31784
22681
27621
25580
25893
19632
1306
23529
21482
23635
2745
26767
26654
882
31021
4178
29717
4329
13837
17457
22782
19765
22059
23254
31182
20724
14429
8562
28912
18207
265
7766
29865
5894
17010
24914
5709
12814
24006
32206
18467
301
26851
2730
22041
11810
9453
17365
15656
17525
20881
10671
3461
26162
26902
14879
17293
4197
4392
8052
17261
11092
19556
28925
25493
25215
14498
24935
12762
88
26118
30425
24429
18883
4805
10448
32640
5452
22456
32700
1202
6698
4514
4696
10559
13047
4930
31946
11752
4141
27671
11646
7075
5728
20469
9154
29699
25662
27468
31777
31845
15430
12339
26241
4064
20043
26680
25084
9194
7336
5863
23166
27594
31040
31003
1059
18114
22076
11527
4174
25848
26244
20226
6281
20264
18938
5911
23327
15628
16761
17225
9595
26246
9872
23206
2111
15251
8958
5394
12580
12016
25581
29648
1684
32650
17647
22225
24840
11430
11961
6845
32291
213
9634
3010
2444
24469
17369
14623
22412
16839
7017
30063
11627
3285
15342
4022
13194
12447
22549
4397
27968
14378
18133
3021
21109
14600
23663
17821
26368
19845
22310
19644
27586
1430
23486
16430
1407
31362
15799
22887
30080
29006
3910
664
16361
14313
13592
1467
23514
10524
31174
8288
18760
816
23830
2101
10394
32092
6903
11352
12291
18421
9787
16221
6818
25428
4882
22046
27995
31110
11594
10053
11635
9910
13897
14234
25838
23643
1734
32525
4264
19233
4170
21123
21557
32665
31338
7777
3962
7583
22465
15833
12808
26255
11951
31479
26684
30247
20949
874
32279
25146
17484
24083
5086
10522
9640
11599
113
6851
25007
18949
32108
10440
8153
878
30975
18686
11911
4007
10637
22249
26116
30968
16135
8170
16188
5090
19975
1574
6718
18922
20652
26166
28787
17704
22840
11152
28316
18575
21098
16312
12941
16633
27036
16422
10411
23290
32413
9974
17702
10593
13644
21074
5367
10381
1273
5792
25241
10870
24955
18282
27271
30583
23057
25361
23416
12252
18937
19761
7773
14896
30418
17363
8726
19011
14515
31574
9976
19709
2055
3354
17920
17638
3375
9458
12243
25457
3541
6470
24445
27404
21521
23051
15590
9704
27454
25188
27412
32136
20123
6421
15907
32523
26017
19372
5380
22586
27174
12398
4856
6481
5174
6914
29899
18318
10156
20448
32209
3195
16276
8823
14498
3578
29505
18977
1940
15125
12589
6599
16637
6531
27539
1620
21285
24569
29390
10202
11277
26934
6511
8583
24803
19405
32289
7238
20800
8881
5950
16436
16935
21122
23597
22729
11454
22426
10370
4035
15562
26838
13523
27345
15084
31524
16731
30725
24221
29137
20049
21751
17387
1936
32262
31928
240
15433
31937
2173
5911
21416
2650
20232
15374
12384
409
3797
13962
6211
31052
3850
19134
11523
23338
25372
29337
9669
3178
15680
24002
5483
1059
31640
30036
18846
27490
23578
24409
3742
8973
832
15880
25545
19322
16754
9919
27885
10703
17203
3262
11341
1816
6157
7081
20853
25897
15421
15804
10430
9529
4383
18892
30624
31803
28760
5377
20922
20731
17861
25685
12963
24574
23591
31179
26734
16662
18571
14704
6911
10951
8314
8723
31761
3933
26341
5571
27650
28617
23503
11789
8037
63
6840
6130
4422
31378
13261
13226
20027
14922
11217
29723
25647
32395
3785
14872
750
28069
362
10074
6512
13946
32067
9535
31717
27539
9130
6980
24196
29697
21352
4420
12564
11765
27940
14702
10039
7967
29328
7687
31097
20167
27733
28389
11036
9644
17087
10919
24737
28575
29992
8117
4886
23263
23590
251
11299
4403
25204
2660
22226
18122
24737
28952
4385
23250
1914
7030
19018
26074
1336
23760
6605
20968
20842
12521
23361
22618
19361
13103
15072
381
6365
19897
32459
495
27578
23551
6434
4533
9050
15707
20165
6427
27922
4931
32486
20303
21716
10052
22359
9916
28767
13501
397
9000
4392
4705
5239
30092
10502
30570
22273
31158
19873
22686
8038
29089
1688
6403
23354
6800
21109
2657
3123
30700
3666
31100
17851
28643
11336
16910
30518
5564
25755
9862
3859
15868
19878
26499
17044
14395
1671
22287
1630
19139
24715
25499
960
19438
13144
22207
5827
30012
18397
17326
8438
19510
1530
24954
15606
15622
20718
19725
7871
17107
16004
28387
11446
14814
5373
136
7538
14174
15292
28117
9806
795
2740
3562
1711
3789
9362
28650
31766
1842
18345
14202
27364
23281
16801
17655
18416
21297
29151
9593
3787
6649
1716
1676
20686
19014
24901
10664
10472
26094
19517
4982
8233
19767
28980
29378
20237
5174
14557
31550
18313
20969
498
12284
5079
17684
23265
22953
22018
27356
10803
9355
21553
25380
29121
8760
32179
16043
6293
11036
13518
4834
26529
23464
26951
28558
9506
10586
20401
4642
31442
19314
16758
29402
4816
29550
4519
1943
5968
4426
25219
22653
258
8057
18377
16974
24643
12961
16829
645
3334
18714
23804
26930
27009
5669
769
19609
9111
17644
18291
6792
8456
28477
15924
9084
602
17414
9770
31603
26758
6544
29899
3215
26979
26492
3691
14191
24276
25726
14149
7501
31920
17371
2379
28631
22900
20131
31405
25294
21931
21678
16683
7009
3608
12633
7707
14663
17578
24574
24378
21919
27677
23604
8242
4999
17007
18892
6383
7806
9738
8326
1186
12922
4522
22423
28049
2505
27411
19675
27045
19624
4213
25562
5042
24228
20634
6268
19844
9652
14805
396
5805
10003
27563
32495
1041
5599
22334
4000
9262
12147
6781
2931
23596
389
25102
15494
2472
30206
32246
5253
30016
16541
5390
31142
25054
2634
8998
26464
17605
30267
11766
24298
29277
23752
23753
25463
19391
22543
24295
32306
14591
32327
19655
1531
31803
26085
28657
9951
10599
20337
7605
25946
20183
4389
4238
6476
6793
8266
27731
7355
2104
21587
22819
10830
25633
16310
24846
10117
11923
14990
31876
22201
11321
31474
31102
11479
12072
22290
10606
18140
25767
3351
487
15120
13248
11449
7180
16898
30858
32413
16058
29511
10292
1396
24437
4593
10706
29908
17939
9425
28647
14804
16170
22125
7863
29034
2363
22720
19273
26757
26779
18612
7998
490
3621
19808
27989
7632
15521
28417
697
24378
22771
25018
16657
27415
20739
16395
19782
32026
1392
28947
24339
28250
8692
13957
32078
2474
4245
7788
13048
18870
29585
21662
2310
23778
20999
4098
20716
2786
25445
6017
3055
22553
9621
6861
31528
691
10727
23252
9303
13697
17596
24067
22381
3223
3064
11323
215
18343
20517
20116
21644
17948
31847
3796
7637
10486
2340
12973
16351
13928
28016
11962
13058
23347
15161
3384
2767
26048
21047
1156
20700
22272
21905
31065
16463
25860
20559
26822
11819
2907
13443
30192
10845
17711
8503
6029
9605
19742
6933
8475
10118
32474
9177
9188
25292
13951
23671
25523
12384
18871
7691
23379
16557
30352
13701
3276
3343
25624
11792
6493
22049
4286
22087
23864
15043
19048
27671
2816
13294
3155
7026
771
311
