32767
32766
32759
32756
32756
32756
32756
32754
32753
32752
32752
32751
32750
32746
32746
32737
32737
32736
32735
32733
32724
32716
32708
32705
32703
32700
32698
32696
32695
32695
32692
32689
32689
32678
32673
32664
32657
32656
32650
32645
32645
32644
32635
32628
32626
32619
32615
32601
32599
32598
32595
32595
32595
32594
32592
32589
32588
32587
32587
32583
32583
32573
32573
32571
32570
32568
32567
32567
32564
32552
32550
32547
32546
32543
32542
32539
32538
32537
32537
32529
32515
32512
32508
32508
32503
32494
32493
32490
32482
32478
32477
32476
32476
32474
32474
32474
32467
32455
32446
32440
32438
32427
32423
32420
32418
32418
32415
32413
32412
32411
32411
32407
32405
32399
32397
32394
32391
32388
32381
32379
32379
32379
32378
32376
32372
32371
32370
32366
32365
32355
32347
32345
32342
32329
32329
32324
32321
32319
32319
32318
32315
32313
32312
32309
32308
32307
32305
32303
32300
32297
32294
32290
32289
32284
32283
32279
32276
32276
32275
32270
32269
32269
32267
32264
32259
32258
32256
32251
32248
32247
32247
32242
32240
32223
32223
32220
32213
32210
32208
32206
32199
32198
32187
32185
32184
32179
32178
32169
32167
32159
32154
32146
32146
32144
32138
32137
32136
32129
32128
32115
32113
32111
32101
32095
32094
32094
32094
32092
32091
32081
32080
32080
32077
32076
32076
32070
32066
32065
32064
32062
32057
32055
32034
32032
32026
32025
32023
32020
32013
32013
32009
32007
31999
31995
31985
31983
31976
31974
31971
31967
31964
31963
31959
31956
31954
31952
31952
31945
31942
31940
31940
31936
31928
31924
31924
31917
31907
31900
31898
31897
31894
31891
31889
31887
31884
31879
31878
31877
31876
31874
31874
31873
31873
31873
31872
31871
31866
31864
31858
31856
31854
31852
31850
31829
31828
31824
31821
31821
31814
31813
31806
31804
31803
31801
31801
31798
31798
31797
31794
31794
31793
31789
31786
31778
31774
31771
31771
31761
31759
31757
31757
31744
31738
31737
31736
31720
31713
31710
31702
31699
31699
31697
31697
31692
31686
31686
31683
31682
31681
31678
31678
31675
31657
31651
31649
31645
31643
31640
31639
31637
31636
31636
31633
31632
31631
31630
31629
31629
31627
31619
31619
31617
31607
31598
31596
31592
31592
31585
31585
31581
31581
31580
31574
31571
31567
31559
31554
31540
31537
31535
31531
31530
31529
31527
31525
31518
31517
31516
31515
31505
31504
31496
31490
31489
31489
31489
31482
31482
31471
31467
31462
31462
31459
31457
31456
31454
31451
31445
31445
31441
31430
31427
31426
31423
31419
31418
31417
31408
31408
31406
31403
31399
31397
31395
31395
31394
31385
31380
31374
31363
31362
31361
31358
31355
31351
31351
31349
31348
31343
31342
31342
31341
31336
31333
31330
31317
31314
31313
31309
31305
31303
31303
31303
31302
31302
31301
31292
31290
31288
31275
31274
31268
31250
31241
31239
31230
31229
31226
31221
31220
31220
31217
31207
31205
31204
31198
31197
31195
31193
31193
31190
31181
31179
31178
31176
31169
31169
31168
31165
31162
31161
31159
31157
31156
31154
31153
31153
31151
31150
31150
31148
31148
31130
31127
31127
31124
31123
31122
31117
31114
31111
31109
31107
31106
31106
31102
31099
31095
31094
31094
31094
31080
31078
31078
31077
31076
31072
31070
31070
31069
31067
31066
31061
31060
31060
31060
31057
31051
31048
31047
31047
31038
31034
31033
31029
31025
31021
31017
31012
31002
31000
30999
30997
30996
30988
30988
30985
30984
30981
30969
30964
30956
30955
30953
30953
30949
30945
30945
30944
30940
30940
30939
30926
30911
30909
30909
30907
30906
30902
30902
30895
30894
30891
30889
30888
30885
30882
30880
30875
30873
30873
30873
30872
30870
30869
30868
30866
30864
30857
30857
30853
30848
30848
30840
30835
30834
30832
30830
30828
30826
30825
30825
30824
30824
30823
30821
30820
30820
30819
30819
30812
30804
30800
30798
30796
30791
30786
30784
30782
30782
30781
30776
30776
30776
30775
30774
30768
30765
30765
30760
30751
30750
30750
30748
30748
30741
30737
30732
30730
30725
30715
30713
30713
30710
30704
30703
30700
30699
30699
30693
30692
30691
30691
30689
30685
30676
30671
30668
30667
30666
30663
30659
30659
30657
30655
30649
30647
30642
30634
30624
30619
30612
30612
30610
30608
30607
30605
30603
30595
30593
30592
30589
30586
30586
30584
30583
30580
30577
30571
30569
30567
30566
30563
30563
30563
30559
30556
30554
30554
30553
30546
30546
30540
30537
30535
30533
30530
30529
30527
30519
30519
30511
30505
30505
30498
30497
30493
30489
30488
30485
30482
30476
30476
30475
30475
30473
30470
30464
30463
30461
30456
30456
30454
30454
30446
30439
30438
30436
30433
30418
30417
30415
30415
30414
30414
30401
30381
30378
30376
30372
30370
30370
30369
30368
30364
30363
30361
30360
30359
30359
30355
30353
30350
30346
30341
30338
30337
30332
30331
30326
30326
30322
30320
30317
30316
30311
30309
30309
30306
30300
30299
30296
30294
30285
30277
30266
30266
30258
30255
30254
30253
30251
30249
30247
30247
30246
30243
30233
30224
30215
30213
30209
30198
30197
30195
30193
30191
30186
30183
30179
30178
30174
30171
30169
30163
30159
30153
30151
30145
30145
30143
30143
30141
30135
30131
30131
30126
30124
30117
30117
30110
30108
30106
30103
30101
30099
30093
30093
30091
30089
30086
30085
30084
30084
30077
30074
30072
30070
30070
30069
30068
30066
30065
30061
30061
30056
30050
30047
30046
30046
30044
30038
30035
30030
30024
30022
30020
30014
30009
30008
30005
29999
29994
29993
29993
29992
29991
29985
29970
29966
29964
29962
29961
29960
29956
29956
29952
29951
29950
29950
29943
29942
29939
29939
29938
29928
29926
29921
29920
29917
29916
29913
29913
29906
29903
29900
29896
29889
29888
29887
29876
29870
29870
29868
29866
29862
29862
29859
29855
29852
29850
29849
29846
29844
29839
29838
29835
29835
29831
29829
29826
29819
29817
29813
29813
29812
29811
29808
29796
29793
29784
29783
29776
29768
29765
29760
29758
29740
29740
29739
29738
29728
29725
29722
29720
29718
29703
29701
29697
29695
29694
29693
29693
29684
29682
29679
29678
29667
29667
29666
29665
29665
29664
29663
29663
29663
29662
29661
29658
29657
29656
29654
29654
29653
29650
29649
29647
29646
29631
29631
29631
29627
29625
29623
29623
29608
29604
29602
29601
29600
29599
29595
29595
29592
29589
29574
29573
29570
29564
29559
29555
29552
29549
29548
29548
29546
29545
29545
29540
29537
29536
29536
29535
29531
29522
29517
29516
29513
29502
29497
29495
29484
29482
29482
29481
29477
29476
29466
29462
29461
29460
29458
29458
29457
29453
29448
29448
29446
29440
29431
29431
29430
29426
29425
29421
29419
29414
29404
29394
29394
29392
29392
29390
29382
29377
29375
29373
29370
29369
29359
29359
29356
29356
29353
29340
29338
29335
29329
29329
29329
29325
29323
29319
29319
29314
29313
29311
29307
29299
29299
29296
29287
29282
29270
29268
29267
29263
29262
29262
29261
29261
29260
29259
29254
29251
29249
29246
29243
29241
29240
29239
29236
29230
29229
29222
29220
29219
29213
29212
29212
29210
29210
29205
29205
29205
29204
29204
29198
29197
29192
29191
29191
29187
29179
29173
29172
29171
29169
29164
29164
29163
29163
29162
29162
29161
29158
29158
29158
29153
29152
29142
29138
29134
29131
29129
29120
29111
29109
29103
29103
29098
29096
29093
29092
29090
29085
29078
29074
29070
29067
29065
29064
29062
29059
29057
29057
29055
29054
29052
29047
29041
29036
29030
29026
29025
29017
29016
29013
29002
28998
28993
28992
28990
28987
28985
28981
28980
28969
28966
28959
28955
28955
28952
28949
28949
28947
28946
28936
28928
28923
28919
28915
28913
28909
28908
28902
28901
28901
28898
28897
28894
28893
28892
28887
28886
28881
28879
28875
28874
28871
28861
28860
28860
28859
28854
28852
28851
28850
28845
28840
28837
28834
28830
28827
28821
28818
28817
28816
28812
28808
28803
28799
28799
28798
28794
28786
28784
28781
28781
28779
28778
28776
28774
28774
28772
28770
28768
28763
28761
28759
28758
28753
28753
28753
28750
28748
28747
28745
28745
28742
28740
28740
28723
28715
28712
28710
28706
28705
28702
28697
28697
28692
28688
28684
28683
28682
28682
28678
28675
28664
28662
28662
28660
28652
28651
28649
28648
28646
28646
28644
28641
28636
28635
28626
28619
28619
28615
28615
28612
28612
28607
28600
28596
28594
28592
28589
28587
28583
28572
28569
28567
28547
28545
28542
28538
28536
28532
28528
28526
28524
28523
28516
28515
28511
28511
28506
28505
28498
28494
28491
28485
28485
28483
28467
28465
28452
28451
28449
28448
28444
28441
28437
28431
28426
28424
28424
28422
28410
28410
28408
28407
28407
28404
28401
28392
28391
28391
28389
28386
28386
28385
28384
28383
28376
28375
28373
28372
28369
28368
28368
28367
28365
28364
28363
28358
28354
28350
28342
28342
28341
28338
28336
28330
28330
28328
28325
28325
28323
28320
28310
28304
28297
28297
28295
28293
28291
28286
28285
28284
28280
28279
28277
28267
28267
28265
28263
28260
28259
28257
28244
28241
28241
28236
28235
28233
28231
28228
28228
28223
28221
28219
28212
28212
28208
28206
28203
28202
28201
28200
28185
28182
28182
28179
28179
28177
28170
28153
28153
28151
28149
28148
28140
28133
28130
28125
28124
28119
28112
28111
28109
28107
28107
28105
28105
28103
28097
28094
28092
28087
28084
28082
28081
28081
28081
28079
28075
28067
28067
28060
28046
28040
28039
28032
28032
28029
28024
28023
28023
28018
28016
28012
28003
27997
27993
27993
27990
27987
27984
27983
27982
27982
27980
27978
27977
27970
27965
27964
27963
27962
27949
27946
27939
27937
27936
27932
27925
27922
27916
27912
27909
27909
27903
27896
27891
27889
27883
27882
27880
27880
27877
27873
27872
27866
27865
27863
27857
27856
27856
27848
27847
27845
27844
27842
27838
27836
27833
27828
27827
27824
27821
27818
27814
27814
27812
27810
27808
27807
27802
27801
27800
27799
27794
27793
27792
27791
27790
27790
27789
27784
27781
27780
27774
27773
27769
27766
27751
27750
27745
27745
27744
27732
27727
27724
27720
27719
27718
27715
27713
27710
27708
27707
27703
27699
27690
27688
27687
27683
27683
27683
27680
27677
27676
27675
27674
27671
27665
27665
27661
27657
27654
27650
27645
27632
27630
27626
27625
27623
27623
27622
27622
27620
27616
27614
27612
27609
27608
27602
27598
27594
27589
27588
27580
27578
27578
27571
27564
27557
27555
27552
27551
27549
27549
27548
27548
27547
27543
27536
27535
27531
27530
27521
27518
27516
27515
27510
27506
27504
27503
27502
27499
27498
27497
27496
27491
27490
27489
27488
27485
27482
27477
27468
27461
27458
27456
27454
27446
27439
27433
27431
27429
27428
27421
27419
27417
27416
27415
27415
27410
27405
27401
27393
27389
27389
27388
27383
27379
27377
27375
27371
27371
27370
27368
27368
27367
27364
27363
27362
27362
27360
27360
27359
27357
27357
27348
27346
27342
27340
27335
27330
27329
27329
27328
27322
27320
27311
27308
27307
27303
27292
27291
27289
27287
27269
27269
27262
27252
27249
27248
27244
27239
27236
27227
27226
27223
27217
27213
27202
27195
27193
27193
27193
27190
27189
27188
27171
27171
27169
27169
27168
27158
27152
27152
27149
27146
27143
27141
27139
27137
27134
27132
27120
27119
27116
27116
27113
27104
27101
27098
27088
27086
27082
27078
27078
27074
27062
27058
27057
27055
27053
27052
27049
27045
27038
27036
27036
27020
27015
27014
27009
27007
27006
27006
26998
26991
26990
26988
26986
26984
26983
26981
26981
26979
26976
26966
26966
26964
26964
26962
26962
26957
26956
26954
26953
26953
26946
26946
26942
26941
26927
26923
26922
26922
26920
26916
26915
26909
26903
26901
26893
26892
26891
26889
26883
26881
26874
26871
26870
26866
26864
26863
26859
26858
26857
26854
26853
26850
26849
26842
26841
26840
26840
26839
26835
26834
26833
26830
26826
26825
26824
26824
26819
26812
26807
26807
26799
26796
26796
26796
26793
26791
26781
26780
26774
26773
26773
26772
26764
26759
26756
26754
26750
26744
26743
26743
26736
26735
26731
26726
26723
26722
26719
26716
26716
26709
26709
26707
26704
26701
26700
26699
26696
26696
26692
26691
26688
26686
26685
26682
26680
26679
26677
26676
26669
26669
26666
26664
26658
26654
26650
26650
26644
26641
26640
26638
26636
26636
26635
26629
26628
26627
26624
26620
26614
26614
26613
26613
26612
26608
26608
26608
26596
26595
26594
26591
26588
26582
26573
26568
26566
26557
26555
26550
26547
26546
26540
26539
26524
26516
26513
26513
26512
26511
26510
26498
26498
26497
26491
26484
26483
26479
26474
26467
26466
26465
26460
26452
26451
26450
26449
26431
26422
26420
26417
26416
26416
26409
26405
26389
26389
26388
26387
26386
26378
26377
26377
26376
26376
26370
26370
26368
26361
26360
26358
26357
26356
26354
26350
26350
26339
26331
26330
26330
26326
26322
26318
26312
26295
26284
26277
26274
26259
26258
26253
26249
26248
26248
26247
26246
26244
26237
26237
26234
26232
26230
26228
26221
26221
26219
26218
26217
26214
26210
26208
26205
26188
26187
26185
26177
26175
26173
26165
26164
26161
26161
26158
26157
26149
26144
26140
26137
26137
26136
26135
26131
26122
26117
26114
26113
26112
26108
26108
26103
26098
26092
26089
26080
26079
26077
26073
26073
26062
26062
26059
26058
26053
26053
26050
26047
26042
26039
26039
26038
26037
26030
26029
26021
26020
26015
26011
26009
26008
26001
25997
25997
25991
25991
25988
25987
25986
25984
25981
25980
25977
25976
25974
25966
25963
25960
25958
25958
25951
25947
25939
25934
25932
25931
25931
25926
25921
25918
25918
25915
25915
25914
25914
25914
25913
25910
25908
25905
25903
25903
25900
25896
25893
25877
25877
25874
25870
25865
25856
25855
25855
25852
25850
25849
25847
25845
25845
25845
25842
25838
25836
25836
25832
25824
25816
25815
25814
25814
25811
25808
25806
25801
25800
25797
25795
25791
25788
25785
25783
25782
25779
25776
25776
25775
25772
25765
25763
25760
25758
25755
25752
25749
25745
25736
25728
25718
25713
25712
25703
25700
25687
25682
25681
25676
25675
25667
25667
25654
25652
25652
25647
25644
25644
25641
25641
25640
25634
25630
25629
25628
25626
25620
25619
25617
25616
25612
25611
25607
25604
25604
25602
25600
25600
25597
25595
25595
25591
25588
25580
25574
25567
25566
25564
25563
25560
25558
25556
25550
25548
25548
25537
25537
25537
25536
25535
25534
25527
25524
25522
25519
25518
25518
25506
25493
25491
25490
25485
25484
25479
25478
25475
25472
25469
25465
25464
25461
25460
25459
25458
25457
25452
25444
25432
25423
25419
25417
25415
25408
25407
25403
25377
25373
25358
25354
25346
25343
25341
25340
25340
25337
25326
25323
25319
25306
25305
25303
25296
25295
25289
25288
25284
25277
25276
25273
25265
25255
25248
25247
25246
25245
25241
25240
25237
25237
25235
25235
25233
25232
25231
25230
25224
25222
25221
25215
25213
25209
25209
25209
25205
25198
25189
25179
25176
25166
25162
25157
25154
25149
25146
25143
25143
25139
25135
25135
25133
25131
25131
25125
25119
25116
25106
25104
25101
25099
25099
25096
25095
25093
25092
25091
25090
25085
25081
25080
25078
25072
25065
25064
25064
25062
25058
25056
25049
25048
25047
25041
25039
25036
25026
25025
25014
25010
25008
25008
25006
25004
25003
25003
24999
24991
24987
24981
24980
24975
24975
24973
24964
24963
24959
24956
24954
24953
24944
24943
24936
24935
24935
24933
24930
24925
24925
24923
24921
24916
24916
24913
24912
24909
24904
24902
24893
24893
24892
24890
24882
24882
24879
24879
24877
24877
24876
24872
24871
24871
24870
24868
24867
24867
24867
24864
24861
24860
24852
24850
24843
24841
24840
24839
24838
24837
24836
24826
24823
24813
24804
24802
24802
24794
24792
24791
24788
24787
24786
24784
24777
24776
24775
24774
24774
24770
24763
24760
24758
24757
24755
24754
24749
24748
24747
24745
24745
24743
24741
24723
24723
24717
24714
24713
24713
24707
24706
24704
24702
24701
24693
24693
24691
24688
24682
24682
24674
24672
24671
24669
24669
24664
24661
24659
24656
24655
24648
24648
24646
24640
24638
24628
24625
24619
24619
24617
24614
24611
24611
24611
24601
24600
24590
24589
24585
24583
24578
24577
24574
24573
24563
24561
24555
24552
24550
24547
24541
24541
24539
24538
24525
24523
24520
24517
24516
24515
24513
24508
24506
24503
24499
24498
24498
24495
24489
24485
24485
24480
24479
24476
24474
24468
24463
24457
24453
24452
24444
24443
24432
24429
24429
24429
24427
24420
24416
24410
24409
24397
24391
24387
24373
24364
24355
24354
24344
24342
24341
24341
24337
24336
24335
24333
24332
24331
24330
24329
24325
24311
24307
24307
24299
24298
24296
24284
24282
24281
24279
24274
24269
24269
24266
24265
24262
24259
24257
24249
24245
24241
24237
24237
24232
24229
24229
24217
24212
24211
24208
24204
24197
24196
24195
24194
24190
24186
24185
24182
24181
24180
24176
24173
24171
24171
24170
24170
24160
24159
24159
24155
24153
24150
24137
24135
24134
24131
24126
24124
24117
24112
24111
24103
24100
24098
24090
24090
24089
24086
24085
24085
24082
24081
24080
24078
24071
24070
24070
24069
24065
24059
24054
24053
24052
24051
24044
24043
24041
24041
24039
24031
24031
24020
24020
24018
24016
24013
24010
24010
24009
24007
24006
24004
23998
23987
23984
23981
23979
23978
23976
23976
23973
23973
23972
23971
23969
23968
23967
23966
23963
23962
23961
23956
23954
23952
23950
23945
23943
23940
23933
23923
23923
23917
23916
23916
23909
23900
23899
23899
23898
23896
23895
23893
23891
23889
23884
23881
23879
23877
23877
23872
23870
23869
23868
23867
23860
23860
23858
23857
23855
23852
23850
23841
23839
23834
23834
23827
23825
23825
23824
23822
23820
23812
23811
23807
23807
23804
23804
23803
23800
23800
23792
23790
23788
23787
23786
23782
23778
23777
23777
23777
23776
23775
23774
23770
23768
23766
23766
23764
23763
23754
23753
23748
23744
23740
23739
23738
23735
23731
23723
23721
23721
23718
23715
23706
23705
23701
23699
23697
23691
23681
23679
23672
23671
23671
23661
23660
23658
23657
23656
23656
23653
23652
23649
23647
23645
23641
23639
23635
23629
23628
23621
23621
23618
23615
23602
23599
23595
23592
23591
23587
23580
23571
23561
23559
23556
23552
23546
23544
23542
23540
23539
23538
23530
23530
23523
23522
23520
23519
23519
23519
23507
23506
23497
23496
23496
23494
23491
23491
23487
23482
23482
23479
23472
23469
23462
23456
23455
23453
23452
23451
23450
23450
23447
23441
23439
23438
23436
23435
23425
23423
23422
23419
23414
23410
23410
23407
23406
23403
23403
23400
23398
23398
23398
23393
23383
23381
23380
23378
23378
23372
23369
23358
23357
23351
23346
23344
23340
23339
23338
23334
23328
23327
23324
23321
23320
23310
23306
23303
23302
23302
23296
23291
23287
23287
23284
23282
23282
23282
23281
23279
23271
23271
23266
23265
23265
23262
23261
23260
23256
23254
23252
23248
23248
23240
23239
23238
23237
23236
23235
23232
23224
23219
23211
23210
23208
23205
23203
23200
23198
23197
23195
23195
23194
23181
23180
23178
23177
23171
23168
23166
23166
23165
23163
23158
23156
23154
23153
23152
23151
23145
23143
23125
23123
23117
23113
23111
23111
23110
23109
23108
23107
23103
23103
23101
23100
23098
23096
23095
23089
23088
23088
23072
23068
23065
23062
23058
23058
23057
23052
23050
23049
23046
23045
23043
23039
23031
23023
23023
23016
23013
23008
23008
23007
23003
22992
22992
22990
22988
22986
22983
22980
22979
22977
22974
22972
22971
22970
22970
22968
22966
22966
22965
22962
22955
22953
22951
22946
22940
22938
22936
22931
22926
22920
22919
22914
22913
22911
22902
22899
22888
22885
22882
22875
22868
22867
22865
22865
22863
22863
22863
22854
22847
22843
22843
22838
22837
22833
22826
22824
22820
22818
22811
22807
22806
22806
22803
22802
22801
22798
22797
22796
22793
22790
22790
22790
22789
22785
22784
22768
22767
22767
22762
22760
22756
22756
22754
22752
22752
22748
22736
22729
22724
22718
22711
22708
22706
22705
22703
22703
22694
22686
22683
22683
22680
22678
22672
22670
22668
22667
22665
22664
22664
22662
22662
22658
22657
22657
22656
22649
22649
22645
22644
22643
22640
22639
22637
22635
22629
22620
22618
22615
22611
22611
22608
22606
22597
22595
22581
22577
22575
22573
22571
22566
22560
22558
22555
22554
22554
22549
22547
22541
22536
22535
22534
22531
22529
22521
22520
22516
22515
22515
22513
22511
22510
22502
22500
22491
22486
22485
22470
22463
22460
22457
22454
22454
22453
22453
22450
22437
22436
22434
22431
22429
22426
22425
22420
22415
22414
22412
22412
22412
22411
22408
22406
22406
22405
22404
22402
22400
22393
22386
22377
22373
22371
22368
22341
22336
22327
22326
22325
22321
22321
22320
22318
22316
22314
22313
22311
22307
22307
22305
22303
22295
22291
22289
22279
22279
22278
22277
22272
22268
22264
22259
22258
22254
22251
22251
22243
22241
22240
22237
22232
22232
22230
22230
22229
22226
22220
22216
22214
22213
22212
22212
22210
22202
22200
22198
22196
22196
22195
22194
22188
22185
22184
22177
22174
22172
22169
22169
22168
22168
22164
22161
22154
22146
22138
22134
22124
22123
22122
22119
22111
22110
22110
22104
22092
22090
22090
22090
22086
22085
22082
22076
22076
22076
22068
22068
22059
22055
22043
22043
22040
22038
22035
22035
22017
22016
22013
22012
22009
22008
22006
22006
22005
21996
21994
21993
21985
21985
21984
21978
21977
21973
21968
21967
21963
21963
21958
21954
21954
21954
21954
21952
21945
21945
21924
21923
21922
21920
21915
21915
21914
21914
21913
21912
21908
21908
21907
21904
21899
21891
21891
21886
21880
21876
21874
21873
21869
21861
21860
21860
21859
21858
21855
21851
21845
21843
21839
21833
21819
21819
21817
21815
21795
21790
21787
21775
21773
21771
21770
21763
21759
21759
21759
21756
21754
21753
21748
21745
21742
21742
21734
21733
21727
21723
21714
21710
21708
21698
21698
21694
21691
21690
21679
21678
21674
21672
21670
21669
21667
21660
21659
21659
21658
21657
21649
21647
21645
21642
21634
21630
21627
21626
21623
21623
21622
21615
21614
21610
21594
21591
21591
21590
21587
21586
21585
21584
21582
21581
21567
21567
21566
21565
21564
21563
21562
21562
21561
21560
21559
21559
21558
21547
21545
21543
21539
21533
21524
21522
21522
21519
21510
21504
21500
21498
21494
21491
21486
21485
21483
21483
21479
21478
21471
21469
21459
21455
21442
21441
21441
21433
21433
21432
21428
21428
21428
21418
21416
21408
21404
21403
21393
21390
21389
21387
21386
21384
21381
21379
21371
21368
21365
21358
21354
21353
21350
21348
21347
21346
21345
21343
21334
21330
21328
21323
21315
21304
21304
21304
21302
21302
21294
21291
21286
21286
21284
21279
21275
21274
21271
21265
21262
21251
21250
21250
21248
21247
21245
21240
21240
21240
21239
21232
21228
21225
21225
21225
21224
21222
21218
21216
21214
21213
21207
21205
21202
21200
21200
21194
21194
21185
21185
21183
21182
21178
21172
21168
21165
21165
21160
21157
21148
21147
21142
21134
21127
21125
21121
21116
21113
21111
21111
21109
21103
21102
21102
21098
21097
21094
21090
21088
21087
21086
21086
21085
21083
21080
21075
21074
21074
21069
21067
21063
21059
21058
21056
21055
21048
21046
21043
21043
21041
21036
21034
21031
21030
21029
21026
21024
21022
21013
21012
21010
21010
21002
20989
20987
20984
20977
20969
20969
20964
20963
20957
20955
20954
20953
20945
20944
20944
20943
20940
20933
20931
20928
20926
20924
20914
20906
20901
20899
20899
20899
20896
20895
20891
20886
20885
20878
20877
20875
20871
20864
20858
20857
20850
20849
20844
20844
20843
20838
20832
20831
20823
20822
20821
20819
20819
20808
20806
20803
20802
20796
20796
20795
20793
20793
20789
20789
20786
20781
20780
20779
20779
20775
20774
20771
20763
20762
20759
20758
20755
20752
20751
20749
20748
20748
20747
20745
20745
20744
20733
20732
20729
20727
20726
20724
20721
20718
20715
20707
20705
20694
20688
20682
20679
20676
20672
20667
20666
20665
20662
20648
20646
20637
20635
20634
20631
20631
20626
20612
20610
20598
20596
20591
20591
20585
20583
20581
20579
20573
20573
20572
20570
20566
20560
20553
20551
20545
20544
20539
20535
20532
20530
20528
20525
20520
20516
20514
20513
20509
20504
20504
20501
20501
20499
20498
20488
20486
20479
20477
20467
20463
20459
20454
20452
20449
20445
20445
20441
20439
20434
20433
20428
20427
20426
20423
20418
20416
20412
20412
20410
20406
20401
20400
20399
20398
20389
20386
20383
20381
20377
20367
20362
20359
20359
20358
20354
20350
20345
20343
20338
20328
20325
20315
20314
20314
20310
20306
20306
20305
20299
20285
20284
20284
20280
20277
20274
20265
20265
20264
20261
20250
20250
20244
20243
20241
20231
20226
20223
20222
20221
20218
20217
20215
20210
20209
20206
20201
20199
20198
20197
20192
20190
20182
20177
20176
20169
20161
20154
20150
20147
20142
20139
20139
20138
20138
20130
20130
20129
20128
20125
20122
20122
20120
20114
20112
20111
20092
20088
20087
20086
20084
20082
20082
20081
20077
20074
20065
20061
20037
20034
20021
20012
20011
20010
20006
20001
20001
19999
19997
19992
19991
19987
19980
19978
19978
19971
19970
19963
19961
19959
19956
19955
19955
19953
19950
19948
19944
19939
19937
19933
19924
19912
19909
19902
19900
19898
19896
19894
19894
19893
19893
19893
19890
19890
19884
19883
19879
19866
19862
19860
19850
19850
19843
19840
19837
19834
19833
19831
19829
19818
19812
19801
19799
19799
19794
19794
19791
19788
19786
19783
19781
19781
19780
19777
19773
19773
19772
19771
19767
19758
19756
19741
19740
19740
19739
19731
19726
19726
19714
19710
19707
19706
19704
19703
19699
19697
19697
19690
19685
19680
19678
19675
19674
19672
19663
19660
19652
19648
19647
19646
19640
19631
19629
19623
19618
19618
19614
19612
19604
19595
19595
19589
19589
19577
19576
19574
19572
19571
19569
19568
19553
19552
19551
19548
19545
19544
19542
19542
19541
19541
19540
19536
19535
19533
19529
19528
19527
19524
19521
19515
19515
19508
19507
19496
19494
19493
19491
19488
19485
19473
19472
19467
19463
19456
19455
19453
19453
19449
19448
19448
19446
19438
19437
19432
19428
19427
19423
19420
19419
19414
19413
19411
19408
19401
19400
19394
19389
19389
19380
19378
19367
19365
19357
19354
19354
19351
19349
19346
19344
19342
19340
19332
19331
19330
19328
19324
19315
19312
19310
19306
19304
19303
19302
19299
19299
19296
19295
19290
19284
19279
19269
19268
19265
19263
19258
19257
19252
19249
19249
19247
19246
19245
19244
19241
19241
19240
19236
19235
19232
19230
19226
19220
19220
19218
19218
19215
19209
19208
19208
19198
19198
19195
19186
19181
19174
19174
19174
19174
19173
19171
19171
19165
19162
19157
19157
19156
19155
19148
19145
19140
19133
19129
19129
19128
19125
19122
19121
19120
19118
19111
19110
19108
19075
19074
19073
19073
19063
19062
19062
19056
19056
19054
19049
19041
19039
19034
19029
19029
19028
19026
19024
19020
19017
19016
19015
19015
19011
19009
19003
19002
19001
18998
18995
18995
18989
18984
18983
18983
18981
18979
18975
18972
18957
18956
18949
18948
18946
18941
18939
18938
18933
18930
18925
18921
18913
18905
18903
18902
18898
18895
18893
18888
18879
18876
18872
18871
18866
18865
18862
18859
18851
18850
18846
18839
18836
18834
18827
18822
18820
18815
18815
18810
18810
18805
18804
18801
18800
18793
18790
18789
18777
18767
18763
18756
18754
18747
18743
18739
18736
18733
18732
18731
18729
18725
18722
18720
18708
18704
18679
18678
18676
18676
18672
18665
18664
18662
18659
18655
18647
18644
18643
18635
18634
18632
18630
18622
18619
18613
18608
18607
18605
18603
18599
18597
18597
18595
18594
18594
18592
18580
18567
18567
18565
18565
18564
18562
18557
18557
18556
18551
18545
18545
18537
18531
18530
18528
18522
18521
18520
18518
18512
18510
18506
18504
18502
18500
18498
18498
18483
18479
18474
18465
18464
18464
18455
18450
18447
18441
18441
18430
18423
18419
18417
18414
18412
18410
18403
18402
18402
18394
18393
18392
18389
18385
18383
18376
18376
18372
18371
18370
18365
18362
18358
18357
18355
18355
18352
18352
18346
18343
18342
18338
18338
18334
18331
18329
18321
18310
18299
18299
18299
18298
18294
18291
18290
18287
18285
18284
18283
18283
18282
18281
18278
18269
18269
18267
18258
18252
18250
18249
18248
18243
18240
18237
18233
18232
18209
18206
18206
18203
18201
18201
18201
18198
18197
18196
18186
18185
18181
18179
18178
18164
18159
18153
18151
18149
18147
18147
18142
18140
18139
18137
18133
18132
18125
18125
18116
18103
18103
18102
18102
18100
18092
18085
18085
18080
18077
18074
18068
18065
18063
18063
18062
18055
18053
18052
18052
18048
18042
18039
18035
18030
18028
18022
18018
18018
18017
18014
18010
18009
18008
18006
18005
18004
18002
18002
17995
17994
17994
17992
17991
17987
17987
17984
17984
17982
17981
17977
17976
17968
17967
17965
17963
17960
17956
17947
17947
17944
17943
17942
17941
17938
17937
17935
17934
17924
17920
17918
17918
17916
17911
17908
17902
17902
17902
17893
17890
17889
17883
17875
17875
17871
17867
17864
17864
17862
17861
17860
17856
17834
17833
17831
17830
17829
17828
17825
17819
17817
17816
17812
17810
17810
17809
17806
17805
17793
17789
17782
17782
17781
17780
17778
17770
17768
17768
17765
17762
17760
17760
17756
17755
17751
17745
17740
17739
17739
17738
17728
17723
17718
17711
17703
17703
17702
17701
17700
17699
17699
17696
17691
17691
17691
17691
17690
17689
17686
17684
17679
17678
17678
17676
17674
17671
17671
17666
17649
17643
17640
17640
17636
17634
17629
17629
17628
17618
17615
17612
17606
17603
17602
17601
17598
17598
17598
17592
17592
17583
17581
17579
17576
17574
17571
17570
17569
17564
17563
17561
17555
17554
17551
17545
17537
17534
17529
17527
17525
17522
17520
17518
17515
17513
17510
17506
17505
17503
17493
17493
17489
17488
17486
17486
17483
17481
17480
17480
17475
17475
17473
17470
17470
17466
17460
17455
17455
17453
17451
17447
17437
17427
17419
17418
17417
17411
17406
17403
17398
17396
17395
17385
17385
17383
17378
17377
17376
17376
17374
17373
17371
17365
17361
17355
17351
17351
17351
17350
17347
17342
17342
17338
17337
17337
17331
17328
17327
17320
17318
17314
17304
17303
17302
17301
17300
17287
17284
17276
17273
17272
17269
17266
17266
17264
17261
17258
17258
17258
17256
17254
17252
17251
17250
17248
17247
17245
17236
17235
17234
17227
17224
17217
17206
17205
17204
17199
17196
17191
17190
17183
17180
17180
17172
17159
17156
17137
17137
17135
17133
17131
17117
17114
17112
17110
17108
17099
17099
17094
17093
17092
17091
17089
17088
17085
17081
17071
17069
17067
17064
17063
17061
17061
17061
17060
17060
17055
17046
17045
17038
17032
17030
17028
17026
17026
17024
17023
17022
17007
17007
17004
17002
17001
17000
16994
16986
16982
16976
16976
16973
16967
16958
16956
16950
16942
16941
16929
16924
16923
16923
16918
16918
16916
16915
16914
16912
16912
16908
16903
16898
16890
16889
16887
16885
16879
16877
16876
16875
16870
16867
16866
16859
16851
16851
16850
16849
16847
16845
16840
16838
16835
16835
16824
16823
16820
16819
16817
16817
16816
16816
16813
16799
16799
16796
16795
16794
16793
16791
16789
16786
16780
16774
16774
16766
16763
16759
16755
16748
16737
16735
16732
16728
16727
16725
16721
16721
16714
16712
16711
16710
16702
16696
16693
16687
16675
16670
16661
16661
16657
16645
16644
16638
16637
16614
16611
16604
16603
16593
16590
16590
16584
16579
16572
16570
16570
16563
16560
16559
16557
16555
16553
16553
16550
16541
16540
16536
16525
16525
16524
16522
16519
16513
16513
16511
16509
16504
16494
16491
16490
16489
16486
16478
16474
16472
16467
16466
16460
16458
16457
16454
16451
16445
16444
16442
16441
16439
16437
16437
16423
16423
16416
16413
16404
16397
16393
16391
16383
16383
16381
16379
16375
16374
16373
16370
16369
16368
16367
16365
16356
16352
16351
16351
16350
16347
16347
16342
16341
16332
16331
16328
16327
16318
16317
16313
16313
16312
16307
16306
16304
16302
16299
16294
16290
16289
16287
16285
16285
16284
16279
16272
16271
16267
16265
16259
16258
16255
16252
16252
16245
16238
16235
16225
16223
16222
16221
16216
16215
16213
16212
16211
16208
16197
16196
16190
16190
16189
16180
16172
16171
16170
16166
16163
16162
16158
16157
16154
16142
16141
16132
16130
16126
16125
16120
16117
16109
16107
16098
16097
16097
16096
16096
16095
16093
16092
16089
16087
16078
16076
16060
16052
16049
16048
16045
16044
16040
16038
16034
16030
16026
16022
16021
16016
16014
16013
16011
16007
16004
16002
15995
15995
15995
15993
15991
15988
15988
15987
15987
15986
15975
15973
15971
15968
15966
15964
15955
15953
15953
15952
15946
15938
15926
15923
15918
15918
15917
15911
15904
15902
15893
15889
15878
15875
15871
15870
15861
15861
15858
15856
15853
15848
15846
15846
15845
15840
15838
15833
15831
15829
15825
15817
15811
15810
15806
15805
15803
15798
15796
15795
15795
15781
15777
15775
15773
15760
15756
15755
15750
15749
15746
15745
15745
15743
15734
15732
15728
15728
15723
15721
15720
15719
15715
15714
15713
15706
15698
15697
15693
15691
15680
15680
15678
15673
15672
15671
15669
15664
15663
15655
15652
15645
15642
15642
15641
15635
15634
15632
15632
15631
15630
15626
15625
15618
15615
15608
15606
15601
15601
15596
15593
15593
15583
15574
15569
15557
15557
15549
15543
15540
15538
15536
15532
15526
15523
15522
15519
15510
15510
15507
15506
15502
15501
15501
15496
15496
15488
15484
15483
15483
15479
15476
15472
15466
15452
15448
15443
15436
15436
15432
15430
15428
15426
15425
15422
15402
15400
15399
15398
15396
15395
15392
15391
15389
15387
15380
15379
15377
15373
15370
15369
15367
15366
15366
15364
15364
15361
15361
15360
15358
15355
15350
15349
15343
15342
15341
15341
15340
15339
15337
15336
15334
15326
15323
15319
15317
15312
15312
15304
15303
15303
15300
15299
15298
15295
15295
15294
15290
15287
15287
15285
15281
15279
15278
15277
15270
15266
15262
15260
15260
15251
15249
15244
15235
15230
15229
15228
15227
15226
15223
15220
15219
15218
15215
15209
15200
15197
15197
15196
15196
15195
15192
15190
15190
15186
15180
15178
15174
15168
15166
15155
15153
15153
15147
15146
15142
15140
15134
15127
15124
15122
15119
15118
15115
15115
15114
15101
15093
15086
15073
15073
15065
15064
15056
15053
15050
15049
15046
15041
15037
15035
15028
15024
15022
15019
15018
15014
15005
15004
15004
15003
15003
15003
15003
15002
15001
15001
14998
14992
14990
14975
14971
14960
14952
14949
14947
14945
14945
14933
14927
14926
14921
14920
14915
14915
14915
14904
14903
14902
14899
14898
14891
14889
14889
14889
14888
14885
14880
14879
14879
14877
14873
14872
14872
14865
14862
14862
14856
14852
14852
14844
14842
14842
14840
14838
14830
14828
14825
14815
14815
14814
14814
14814
14813
14808
14807
14803
14801
14794
14791
14789
14783
14782
14775
14771
14760
14759
14753
14745
14738
14737
14737
14736
14733
14730
14726
14722
14722
14717
14716
14710
14707
14704
14700
14697
14690
14679
14676
14675
14674
14673
14669
14663
14662
14659
14657
14654
14647
14642
14640
14636
14627
14619
14619
14616
14615
14612
14609
14604
14604
14602
14596
14595
14592
14589
14589
14586
14585
14575
14575
14574
14570
14570
14569
14567
14565
14564
14553
14550
14550
14546
14540
14540
14539
14530
14530
14528
14525
14515
14514
14513
14508
14507
14504
14499
14496
14495
14490
14486
14483
14482
14480
14476
14466
14464
14464
14463
14463
14461
14458
14456
14452
14450
14449
14447
14446
14440
14433
14431
14425
14425
14422
14419
14414
14405
14405
14404
14402
14400
14389
14384
14382
14380
14374
14372
14369
14357
14356
14352
14342
14341
14340
14335
14334
14330
14324
14324
14319
14317
14313
14309
14300
14299
14299
14297
14293
14287
14284
14278
14276
14276
14276
14275
14270
14264
14264
14264
14260
14255
14254
14249
14243
14236
14232
14223
14222
14221
14214
14210
14208
14205
14203
14202
14199
14198
14196
14185
14182
14175
14174
14174
14173
14166
14164
14164
14160
14160
14159
14157
14156
14156
14155
14142
14142
14141
14135
14132
14130
14128
14122
14119
14119
14118
14115
14114
14113
14103
14099
14095
14094
14092
14092
14088
14088
14086
14085
14080
14078
14074
14073
14071
14068
14065
14062
14060
14057
14048
14047
14043
14040
14037
14035
14034
14031
14025
14020
14019
14018
14018
14013
14009
14005
14005
14003
14001
14000
13998
13996
13993
13992
13987
13985
13985
13979
13976
13972
13971
13968
13960
13957
13952
13943
13938
13935
13928
13918
13913
13911
13910
13906
13905
13904
13901
13901
13897
13895
13882
13881
13880
13875
13873
13862
13862
13858
13854
13848
13847
13845
13840
13837
13836
13833
13829
13827
13815
13804
13797
13796
13795
13793
13793
13790
13788
13785
13780
13780
13774
13773
13772
13765
13762
13762
13761
13758
13750
13748
13748
13746
13745
13737
13731
13729
13724
13724
13717
13717
13712
13710
13708
13707
13699
13695
13688
13679
13675
13670
13669
13652
13646
13646
13644
13638
13637
13632
13626
13622
13616
13608
13602
13598
13589
13579
13575
13573
13571
13565
13561
13554
13549
13548
13546
13545
13541
13537
13532
13531
13527
13527
13523
13520
13519
13518
13517
13516
13514
13506
13494
13492
13492
13491
13490
13490
13484
13476
13474
13473
13471
13470
13465
13460
13458
13457
13452
13451
13449
13442
13438
13433
13428
13422
13410
13410
13407
13404
13398
13398
13395
13388
13384
13380
13379
13361
13346
13340
13338
13335
13333
13329
13328
13324
13323
13317
13315
13312
13309
13307
13297
13296
13295
13292
13291
13290
13289
13286
13279
13278
13278
13277
13275
13273
13267
13263
13262
13259
13258
13255
13254
13248
13246
13238
13235
13234
13225
13221
13221
13216
13210
13208
13205
13192
13189
13188
13186
13186
13185
13176
13174
13164
13157
13157
13156
13148
13140
13137
13133
13130
13123
13120
13117
13113
13110
13108
13104
13102
13098
13096
13091
13088
13081
13077
13076
13072
13069
13059
13052
13050
13043
13038
13037
13033
13026
13025
13024
13024
13023
13021
13018
13017
13013
13010
13008
13002
13001
12997
12993
12987
12982
12981
12979
12977
12975
12965
12962
12955
12953
12951
12949
12946
12944
12941
12938
12937
12933
12930
12927
12920
12911
12911
12909
12909
12905
12899
12895
12890
12888
12885
12884
12883
12879
12876
12872
12863
12856
12855
12850
12847
12837
12835
12831
12829
12826
12826
12821
12821
12817
12815
12814
12812
12805
12803
12802
12801
12801
12798
12798
12796
12796
12791
12784
12780
12779
12776
12774
12774
12766
12766
12761
12759
12758
12748
12743
12740
12735
12734
12725
12723
12723
12721
12719
12715
12707
12704
12704
12702
12699
12693
12693
12693
12687
12675
12674
12666
12662
12655
12651
12649
12646
12643
12642
12638
12636
12632
12629
12628
12623
12622
12615
12610
12610
12610
12603
12593
12592
12591
12590
12580
12577
12573
12571
12559
12558
12555
12551
12542
12541
12537
12534
12528
12527
12524
12524
12524
12522
12520
12515
12515
12514
12506
12494
12491
12490
12489
12486
12486
12482
12478
12470
12469
12467
12467
12465
12465
12463
12462
12459
12457
12456
12455
12442
12440
12435
12434
12432
12429
12424
12423
12418
12412
12409
12408
12407
12405
12397
12395
12388
12385
12383
12383
12379
12369
12365
12363
12361
12360
12360
12354
12354
12353
12351
12350
12340
12338
12338
12336
12330
12328
12326
12324
12323
12318
12316
12315
12311
12306
12306
12303
12302
12297
12295
12293
12290
12289
12288
12283
12280
12277
12271
12270
12270
12266
12262
12259
12259
12257
12256
12255
12252
12250
12245
12245
12242
12241
12240
12234
12234
12232
12229
12218
12213
12210
12204
12204
12198
12196
12194
12193
12191
12186
12184
12183
12183
12181
12179
12179
12179
12175
12163
12162
12158
12154
12152
12150
12148
12148
12137
12136
12136
12136
12131
12125
12122
12120
12117
12115
12112
12107
12103
12102
12101
12098
12095
12094
12091
12091
12089
12088
12085
12082
12075
12071
12071
12070
12060
12055
12045
12042
12038
12030
12028
12026
12022
12019
12016
12016
12014
12011
11983
11982
11978
11977
11975
11967
11961
11955
11955
11954
11952
11949
11947
11929
11928
11924
11916
11910
11909
11903
11897
11894
11893
11892
11888
11886
11886
11885
11880
11879
11876
11874
11869
11867
11863
11863
11862
11859
11858
11857
11856
11852
11848
11848
11846
11846
11842
11840
11835
11835
11832
11830
11830
11827
11817
11813
11811
11809
11808
11806
11806
11798
11791
11789
11787
11783
11782
11776
11776
11772
11770
11765
11760
11751
11751
11749
11746
11745
11745
11743
11740
11736
11734
11732
11730
11728
11726
11721
11717
11712
11706
11705
11703
11702
11700
11690
11690
11690
11689
11685
11685
11683
11680
11678
11676
11675
11673
11669
11667
11666
11663
11662
11662
11662
11659
11654
11653
11653
11652
11651
11651
11646
11644
11641
11640
11640
11627
11621
11619
11613
11612
11611
11610
11606
11606
11593
11591
11591
11590
11584
11583
11573
11573
11572
11562
11561
11558
11548
11547
11546
11543
11543
11542
11538
11537
11534
11528
11526
11524
11523
11523
11521
11520
11519
11518
11511
11505
11504
11490
11489
11488
11482
11480
11479
11478
11469
11468
11465
11463
11461
11458
11456
11455
11449
11445
11443
11440
11427
11426
11425
11425
11424
11417
11413
11412
11407
11398
11396
11391
11391
11388
11387
11384
11381
11378
11376
11373
11366
11364
11355
11350
11343
11338
11334
11333
11325
11325
11319
11309
11308
11306
11300
11299
11298
11298
11298
11298
11297
11296
11295
11295
11293
11293
11291
11291
11289
11289
11282
11278
11277
11273
11269
11266
11263
11263
11261
11257
11249
11249
11248
11247
11242
11231
11226
11226
11215
11210
11210
11210
11206
11204
11203
11197
11191
11187
11187
11181
11180
11179
11178
11177
11175
11169
11164
11163
11160
11155
11152
11148
11148
11141
11135
11131
11129
11127
11123
11119
11118
11112
11110
11106
11104
11100
11098
11094
11094
11094
11093
11090
11087
11072
11070
11068
11068
11065
11064
11063
11060
11060
11056
11053
11050
11046
11038
11036
11030
11030
11029
11017
11016
11016
11011
11001
10998
10998
10995
10995
10995
10992
10989
10989
10976
10971
10968
10967
10967
10967
10963
10961
10955
10948
10946
10945
10944
10941
10938
10937
10936
10934
10930
10928
10926
10920
10919
10911
10909
10907
10902
10896
10892
10883
10879
10875
10874
10871
10870
10870
10867
10862
10860
10854
10850
10846
10845
10843
10842
10841
10838
10834
10831
10829
10827
10824
10819
10817
10815
10810
10810
10801
10797
10795
10794
10793
10789
10783
10775
10771
10768
10761
10756
10751
10744
10740
10736
10729
10718
10713
10712
10706
10704
10700
10699
10696
10686
10681
10677
10659
10652
10649
10647
10647
10633
10625
10625
10625
10624
10624
10614
10610
10604
10602
10600
10594
10591
10590
10587
10586
10585
10582
10581
10578
10577
10575
10575
10573
10572
10569
10565
10563
10560
10555
10549
10547
10546
10545
10545
10541
10536
10536
10535
10532
10529
10526
10524
10521
10519
10514
10509
10497
10488
10485
10484
10481
10481
10479
10476
10468
10464
10463
10455
10449
10443
10434
10428
10427
10427
10421
10416
10407
10407
10403
10401
10398
10398
10396
10391
10390
10387
10387
10386
10379
10371
10362
10357
10357
10356
10348
10347
10344
10340
10336
10334
10333
10332
10328
10323
10322
10318
10311
10309
10307
10305
10304
10299
10298
10295
10292
10290
10287
10283
10280
10278
10276
10276
10269
10267
10266
10264
10262
10261
10261
10260
10260
10259
10258
10248
10244
10231
10223
10222
10210
10209
10208
10207
10205
10204
10204
10195
10194
10186
10184
10183
10182
10181
10181
10178
10177
10174
10171
10164
10164
10162
10161
10159
10158
10140
10138
10138
10134
10130
10128
10125
10121
10120
10118
10116
10115
10109
10107
10105
10102
10100
10099
10097
10085
10085
10083
10079
10078
10076
10072
10071
10071
10070
10068
10065
10065
10059
10053
10049
10045
10041
10041
10040
10038
10036
10030
10025
10024
10023
10010
10009
10004
10001
9997
9995
9988
9984
9982
9981
9973
9967
9964
9963
9946
9940
9940
9935
9930
9927
9927
9922
9919
9905
9899
9895
9889
9889
9881
9878
9876
9869
9864
9863
9860
9852
9849
9842
9842
9827
9823
9821
9820
9815
9811
9809
9798
9794
9788
9787
9783
9781
9779
9779
9778
9776
9773
9773
9762
9750
9747
9741
9741
9741
9736
9736
9736
9735
9734
9732
9729
9728
9717
9716
9715
9705
9701
9701
9700
9691
9686
9684
9682
9677
9676
9671
9668
9668
9667
9661
9659
9657
9652
9650
9650
9645
9642
9639
9635
9633
9632
9631
9629
9628
9625
9614
9611
9610
9610
9607
9606
9603
9603
9600
9586
9582
9578
9571
9564
9562
9559
9558
9557
9553
9552
9551
9547
9546
9536
9534
9532
9525
9522
9520
9517
9516
9512
9510
9509
9500
9494
9494
9493
9487
9484
9473
9471
9470
9470
9466
9465
9464
9456
9455
9454
9453
9447
9444
9440
9437
9431
9431
9431
9425
9422
9416
9414
9412
9409
9409
9404
9403
9388
9372
9371
9367
9362
9360
9356
9355
9354
9351
9348
9343
9334
9333
9332
9330
9325
9325
9320
9319
9314
9308
9307
9303
9301
9301
9298
9295
9295
9289
9289
9284
9282
9280
9279
9279
9279
9279
9278
9278
9277
9277
9275
9266
9265
9257
9250
9242
9242
9239
9238
9238
9236
9232
9231
9229
9217
9216
9216
9214
9214
9214
9212
9210
9209
9209
9201
9200
9195
9194
9190
9189
9188
9188
9185
9183
9183
9181
9180
9179
9178
9177
9174
9173
9171
9161
9161
9160
9160
9159
9155
9153
9152
9148
9147
9142
9141
9139
9131
9131
9129
9112
9106
9106
9104
9103
9100
9093
9092
9090
9089
9086
9075
9074
9069
9067
9066
9065
9062
9058
9051
9051
9049
9049
9048
9041
9039
9036
9036
9034
9025
9024
9024
9022
9019
9017
9004
9002
8997
8997
8994
8991
8989
8981
8976
8971
8971
8969
8967
8965
8963
8958
8953
8926
8925
8922
8919
8912
8907
8903
8901
8893
8891
8888
8885
8884
8884
8882
8880
8869
8867
8865
8865
8864
8863
8861
8859
8858
8854
8849
8848
8846
8845
8843
8839
8838
8835
8834
8828
8826
8821
8814
8808
8807
8807
8801
8795
8795
8791
8788
8784
8783
8783
8779
8774
8770
8767
8765
8764
8761
8761
8753
8753
8748
8744
8732
8729
8725
8722
8721
8715
8714
8710
8708
8702
8693
8692
8691
8690
8686
8677
8677
8676
8675
8674
8672
8663
8660
8658
8658
8657
8653
8647
8630
8621
8620
8619
8618
8615
8610
8594
8593
8593
8589
8585
8581
8580
8579
8578
8574
8572
8572
8567
8566
8562
8561
8556
8551
8549
8541
8537
8535
8529
8528
8526
8522
8522
8519
8518
8515
8509
8507
8507
8502
8500
8491
8484
8483
8482
8479
8478
8472
8471
8471
8471
8468
8465
8464
8460
8460
8456
8453
8452
8449
8441
8432
8426
8419
8419
8418
8409
8404
8397
8394
8393
8392
8385
8376
8365
8360
8360
8356
8354
8354
8350
8347
8346
8346
8343
8337
8325
8324
8323
8322
8318
8317
8315
8315
8314
8313
8309
8306
8297
8295
8291
8285
8282
8281
8277
8274
8273
8267
8265
8260
8259
8256
8253
8247
8246
8243
8240
8237
8237
8234
8228
8228
8221
8213
8209
8207
8207
8202
8200
8196
8196
8194
8189
8186
8186
8179
8179
8173
8166
8155
8153
8151
8151
8148
8147
8145
8133
8127
8127
8124
8123
8122
8119
8118
8117
8114
8110
8109
8105
8088
8087
8085
8083
8081
8079
8078
8077
8075
8072
8063
8063
8060
8058
8049
8047
8046
8046
8040
8036
8031
8031
8029
8028
8028
8012
8004
8003
7996
7995
7987
7984
7982
7981
7980
7979
7978
7978
7978
7975
7975
7971
7964
7959
7957
7944
7936
7934
7920
7917
7915
7915
7907
7907
7902
7902
7899
7898
7895
7895
7887
7885
7883
7881
7879
7879
7878
7866
7866
7865
7861
7846
7845
7834
7833
7833
7831
7830
7824
7822
7815
7807
7805
7803
7801
7801
7797
7793
7791
7788
7788
7787
7785
7785
7779
7778
7770
7762
7758
7753
7743
7742
7738
7737
7734
7729
7725
7724
7707
7685
7683
7678
7674
7673
7673
7670
7665
7663
7658
7658
7657
7656
7651
7649
7649
7646
7646
7644
7625
7624
7622
7622
7613
7612
7610
7610
7599
7597
7594
7594
7593
7592
7587
7580
7578
7577
7573
7572
7572
7570
7568
7565
7563
7560
7560
7552
7548
7548
7548
7547
7543
7543
7527
7525
7524
7522
7520
7516
7514
7512
7509
7506
7502
7500
7499
7493
7491
7490
7489
7488
7488
7486
7486
7485
7482
7481
7472
7470
7464
7463
7459
7458
7454
7451
7447
7446
7441
7438
7429
7427
7421
7420
7413
7409
7404
7403
7402
7400
7397
7396
7392
7389
7381
7381
7378
7376
7374
7367
7364
7359
7355
7352
7349
7344
7340
7339
7334
7330
7326
7325
7322
7319
7318
7317
7314
7306
7305
7302
7299
7297
7295
7294
7289
7280
7277
7273
7271
7270
7264
7263
7263
7258
7250
7249
7248
7247
7241
7239
7237
7232
7230
7226
7224
7219
7218
7217
7205
7199
7199
7197
7195
7193
7189
7187
7164
7163
7162
7159
7157
7153
7150
7148
7138
7137
7137
7135
7133
7131
7127
7123
7117
7113
7102
7098
7090
7090
7087
7083
7072
7072
7070
7065
7065
7062
7061
7057
7056
7054
7054
7051
7047
7044
7040
7039
7034
7024
7023
7021
7020
7020
7020
7019
7016
7014
7013
7006
7003
7001
6992
6990
6987
6984
6978
6977
6976
6974
6954
6951
6948
6936
6932
6930
6928
6927
6922
6922
6920
6916
6915
6912
6910
6906
6898
6895
6887
6887
6883
6873
6869
6859
6859
6855
6855
6853
6850
6849
6848
6847
6847
6841
6836
6827
6822
6821
6817
6816
6815
6814
6812
6809
6807
6807
6804
6801
6796
6795
6784
6783
6781
6780
6777
6769
6760
6759
6758
6757
6757
6755
6755
6753
6750
6747
6742
6741
6738
6736
6735
6727
6723
6718
6716
6710
6708
6707
6705
6694
6694
6688
6688
6688
6685
6683
6681
6674
6672
6667
6666
6665
6663
6661
6657
6656
6654
6653
6652
6649
6642
6638
6637
6634
6630
6625
6624
6623
6622
6619
6597
6587
6586
6585
6584
6581
6574
6574
6571
6571
6568
6564
6560
6560
6550
6542
6537
6535
6528
6526
6524
6516
6515
6514
6511
6503
6499
6498
6494
6494
6492
6490
6488
6488
6487
6482
6477
6472
6472
6471
6466
6465
6461
6460
6453
6453
6452
6452
6451
6450
6447
6444
6432
6426
6423
6422
6417
6413
6411
6410
6407
6406
6405
6401
6399
6396
6385
6381
6380
6368
6361
6360
6351
6351
6351
6348
6347
6346
6343
6343
6336
6335
6334
6334
6329
6328
6325
6325
6322
6321
6317
6313
6310
6306
6305
6299
6297
6289
6286
6285
6284
6281
6280
6278
6277
6275
6274
6273
6268
6265
6258
6257
6251
6250
6242
6239
6239
6238
6236
6235
6235
6234
6233
6232
6232
6232
6221
6209
6201
6200
6198
6198
6197
6195
6193
6192
6192
6191
6189
6188
6186
6184
6182
6182
6168
6164
6161
6160
6155
6147
6140
6136
6134
6132
6130
6129
6127
6127
6121
6117
6114
6104
6103
6093
6078
6076
6073
6070
6070
6068
6064
6056
6052
6051
6049
6049
6041
6039
6037
6036
6032
6031
6027
6025
6023
6022
6015
6013
6012
6011
6011
6006
6006
6006
6001
5991
5985
5982
5981
5973
5970
5969
5968
5959
5959
5955
5954
5950
5945
5936
5935
5934
5932
5917
5914
5913
5911
5907
5905
5903
5891
5891
5891
5883
5881
5870
5869
5863
5859
5857
5852
5851
5849
5844
5841
5841
5840
5827
5827
5824
5818
5817
5815
5814
5810
5807
5804
5801
5795
5791
5788
5787
5772
5768
5768
5766
5766
5760
5746
5746
5741
5734
5728
5727
5727
5726
5725
5721
5719
5709
5706
5704
5700
5697
5692
5690
5690
5688
5685
5674
5668
5668
5665
5652
5644
5643
5641
5639
5628
5623
5622
5603
5599
5599
5593
5590
5589
5580
5578
5577
5574
5570
5569
5566
5564
5564
5553
5547
5546
5543
5542
5538
5536
5535
5531
5530
5527
5526
5525
5524
5520
5517
5515
5514
5503
5500
5499
5488
5483
5482
5482
5480
5478
5476
5476
5469
5466
5464
5463
5462
5462
5459
5458
5458
5453
5450
5447
5447
5446
5444
5438
5435
5435
5435
5430
5428
5421
5421
5411
5403
5400
5397
5394
5393
5392
5392
5391
5389
5385
5379
5375
5373
5372
5367
5358
5356
5355
5355
5352
5349
5341
5340
5339
5339
5333
5333
5328
5326
5325
5323
5322
5306
5302
5298
5298
5294
5280
5271
5262
5258
5258
5235
5233
5231
5230
5227
5221
5216
5214
5213
5210
5209
5198
5194
5193
5191
5188
5181
5179
5179
5164
5163
5162
5157
5156
5150
5141
5133
5127
5118
5118
5112
5109
5100
5092
5091
5088
5087
5081
5074
5072
5064
5055
5050
5049
5043
5039
5036
5032
5023
5019
5019
5018
5013
5011
5009
5006
5003
5003
4996
4989
4988
4985
4975
4966
4966
4963
4963
4961
4958
4945
4944
4944
4941
4940
4938
4925
4924
4924
4920
4919
4919
4918
4911
4907
4907
4906
4904
4902
4901
4896
4896
4892
4889
4887
4886
4885
4884
4882
4869
4869
4863
4862
4861
4858
4857
4845
4842
4836
4835
4833
4833
4833
4833
4832
4832
4831
4817
4815
4808
4802
4800
4797
4793
4793
4793
4792
4791
4789
4788
4786
4786
4779
4771
4765
4764
4764
4763
4763
4760
4760
4750
4748
4744
4734
4733
4720
4720
4715
4712
4709
4699
4689
4684
4684
4684
4682
4680
4673
4673
4669
4668
4666
4661
4659
4659
4656
4654
4645
4638
4634
4634
4630
4629
4626
4625
4619
4619
4619
4619
4616
4616
4610
4602
4597
4592
4591
4587
4584
4581
4581
4581
4580
4572
4569
4567
4567
4555
4553
4552
4551
4550
4550
4547
4544
4544
4543
4543
4541
4536
4535
4535
4525
4523
4519
4519
4519
4515
4504
4499
4498
4495
4491
4491
4490
4489
4489
4489
4486
4483
4482
4468
4464
4461
4460
4451
4448
4445
4444
4441
4440
4435
4433
4431
4429
4429
4421
4417
4416
4405
4401
4400
4400
4395
4395
4391
4391
4390
4389
4386
4385
4379
4378
4374
4370
4362
4361
4361
4359
4350
4342
4342
4340
4340
4338
4328
4327
4326
4324
4318
4318
4317
4315
4311
4311
4309
4305
4304
4299
4291
4290
4285
4281
4277
4271
4260
4260
4250
4248
4235
4231
4225
4225
4224
4216
4211
4207
4195
4194
4193
4193
4186
4186
4185
4180
4176
4175
4163
4158
4152
4144
4143
4137
4134
4133
4126
4125
4121
4119
4119
4118
4118
4116
4115
4109
4107
4105
4105
4102
4099
4099
4094
4090
4085
4085
4081
4076
4074
4074
4072
4068
4066
4063
4060
4060
4057
4055
4051
4050
4049
4048
4048
4045
4038
4037
4035
4031
4030
4030
4028
4028
4024
4023
4021
4017
4016
4013
4011
4010
4008
4004
4003
4001
3999
3996
3995
3992
3989
3985
3983
3977
3975
3974
3965
3963
3962
3960
3956
3952
3949
3933
3929
3929
3926
3925
3924
3909
3898
3897
3895
3892
3887
3883
3883
3882
3875
3874
3865
3864
3853
3852
3851
3847
3843
3843
3839
3836
3836
3833
3831
3831
3830
3828
3822
3822
3810
3803
3799
3793
3791
3788
3786
3785
3778
3772
3764
3758
3754
3753
3753
3744
3744
3741
3739
3735
3733
3724
3719
3717
3716
3715
3713
3713
3712
3710
3704
3699
3691
3688
3687
3672
3672
3671
3669
3666
3662
3662
3661
3655
3647
3644
3643
3643
3641
3641
3640
3627
3626
3624
3621
3616
3616
3615
3612
3608
3607
3606
3604
3599
3597
3596
3589
3583
3582
3582
3571
3571
3563
3563
3561
3558
3557
3554
3538
3538
3536
3534
3518
3515
3514
3509
3508
3500
3491
3491
3491
3490
3488
3488
3484
3474
3474
3472
3470
3454
3453
3445
3445
3443
3435
3433
3421
3410
3410
3409
3408
3394
3394
3393
3392
3391
3390
3390
3386
3381
3379
3378
3378
3378
3375
3365
3358
3356
3350
3345
3344
3344
3336
3336
3331
3328
3311
3310
3310
3295
3293
3293
3293
3293
3292
3288
3282
3279
3276
3274
3271
3267
3267
3267
3267
3261
3254
3253
3250
3245
3244
3243
3243
3242
3238
3229
3223
3221
3219
3210
3210
3205
3204
3202
3202
3200
3189
3188
3187
3184
3182
3182
3181
3179
3177
3172
3170
3164
3159
3153
3146
3145
3144
3143
3138
3132
3132
3127
3125
3120
3119
3110
3108
3106
3092
3092
3092
3090
3089
3086
3083
3080
3078
3077
3077
3068
3066
3064
3063
3061
3051
3049
3043
3042
3039
3039
3031
3030
3027
3027
3027
3023
3023
3021
3021
3011
3009
3007
3007
3001
3001
2996
2993
2991
2985
2968
2966
2954
2947
2944
2943
2937
2935
2932
2931
2930
2929
2925
2924
2921
2921
2919
2919
2915
2913
2909
2906
2903
2900
2886
2884
2883
2878
2875
2865
2862
2858
2856
2850
2848
2843
2834
2820
2815
2814
2809
2802
2798
2797
2793
2792
2785
2785
2777
2775
2771
2770
2766
2766
2763
2759
2756
2755
2747
2745
2742
2731
2730
2728
2727
2723
2722
2718
2718
2708
2707
2698
2698
2697
2696
2686
2685
2681
2675
2673
2670
2668
2657
2656
2656
2651
2649
2646
2645
2639
2638
2637
2636
2630
2626
2622
2621
2612
2612
2610
2610
2608
2607
2607
2604
2603
2601
2598
2598
2596
2594
2594
2589
2589
2586
2585
2584
2578
2568
2568
2564
2564
2554
2550
2548
2547
2546
2543
2542
2530
2527
2525
2524
2522
2516
2513
2510
2509
2508
2507
2505
2498
2495
2492
2489
2476
2473
2473
2465
2458
2456
2454
2451
2449
2442
2439
2435
2435
2427
2425
2419
2413
2412
2409
2409
2408
2406
2401
2401
2389
2388
2384
2383
2382
2376
2376
2374
2370
2370
2370
2364
2362
2361
2359
2357
2346
2337
2335
2333
2332
2329
2326
2323
2321
2316
2309
2303
2298
2292
2291
2287
2282
2280
2277
2268
2267
2265
2259
2259
2257
2253
2252
2250
2243
2236
2234
2232
2227
2226
2225
2224
2223
2219
2210
2205
2201
2201
2201
2200
2199
2198
2195
2194
2192
2187
2183
2183
2182
2179
2174
2173
2172
2169
2165
2155
2153
2152
2149
2143
2138
2137
2136
2136
2133
2128
2128
2125
2121
2115
2114
2108
2100
2092
2089
2087
2084
2084
2083
2082
2079
2078
2078
2073
2069
2065
2065
2062
2062
2061
2059
2056
2054
2053
2051
2050
2046
2042
2041
2038
2036
2035
2033
2031
2017
2011
2001
1994
1990
1982
1980
1979
1978
1977
1975
1972
1970
1966
1958
1951
1948
1943
1939
1938
1926
1926
1923
1919
1916
1914
1913
1911
1908
1907
1902
1892
1891
1890
1889
1888
1880
1876
1872
1871
1868
1863
1862
1861
1860
1859
1859
1855
1854
1853
1841
1841
1835
1833
1832
1828
1823
1821
1818
1810
1810
1808
1805
1802
1802
1800
1799
1798
1796
1795
1785
1767
1764
1754
1746
1745
1743
1732
1731
1715
1715
1714
1712
1708
1705
1692
1692
1687
1683
1682
1675
1670
1664
1664
1662
1661
1659
1654
1653
1643
1641
1635
1634
1633
1633
1633
1630
1630
1628
1622
1622
1621
1604
1600
1591
1586
1580
1575
1571
1571
1570
1568
1561
1554
1550
1540
1539
1534
1533
1522
1522
1519
1517
1517
1514
1514
1497
1494
1492
1491
1487
1485
1480
1480
1477
1470
1467
1467
1466
1461
1458
1458
1457
1453
1452
1451
1450
1448
1440
1440
1439
1437
1435
1430
1430
1429
1428
1425
1418
1417
1416
1414
1414
1410
1409
1409
1403
1398
1395
1380
1380
1376
1374
1372
1368
1363
1359
1348
1347
1345
1339
1339
1335
1333
1325
1322
1322
1321
1321
1315
1312
1311
1309
1306
1303
1303
1300
1297
1296
1287
1286
1283
1277
1273
1269
1256
1255
1244
1239
1236
1233
1232
1231
1229
1228
1227
1221
1221
1220
1220
1215
1212
1210
1205
1197
1193
1192
1174
1169
1161
1159
1151
1151
1150
1150
1146
1143
1142
1142
1141
1136
1133
1133
1131
1128
1124
1122
1119
1115
1106
1105
1102
1081
1081
1077
1075
1070
1065
1064
1062
1062
1061
1060
1060
1052
1051
1047
1040
1038
1034
1033
1032
1029
1027
1026
1025
1024
1024
1016
1010
1009
1008
1001
995
989
986
985
983
981
980
980
979
965
963
963
953
950
942
942
942
938
932
929
928
928
926
926
924
922
921
921
918
914
912
908
907
905
902
902
901
898
886
885
885
870
869
863
856
855
851
850
844
840
839
839
833
822
817
816
813
808
806
806
801
801
800
793
790
786
781
775
772
771
769
767
761
740
736
733
733
731
725
722
716
716
716
715
713
710
709
702
701
701
698
698
696
692
690
689
685
673
659
652
651
650
643
636
626
618
617
610
608
607
604
601
598
594
592
590
590
590
587
585
583
578
575
568
567
564
563
555
554
541
538
536
520
517
515
513
509
509
506
502
500
498
496
495
490
488
488
487
487
481
480
479
476
473
471
458
457
450
450
449
440
439
439
431
428
427
426
421
418
418
414
414
413
411
409
409
408
407
403
396
394
394
393
390
387
385
385
384
382
380
376
373
366
357
357
354
354
351
334
325
324
319
319
319
317
316
316
314
314
310
310
285
285
282
278
278
278
275
275
274
274
272
271
267
267
261
261
253
247
245
241
240
228
226
219
218
214
212
209
207
207
203
201
201
195
191
190
188
184
181
179
175
175
172
167
165
161
159
155
152
142
142
137
131
130
129
127
126
121
120
117
117
114
111
109
107
103
101
100
98
97
95
94
93
92
91
87
76
76
74
72
68
66
63
58
55
54
49
46
42
42
42
40
36
32
28
20
19
16
15
14
14
10
7
4
4
