1
6
8
11
14
15
19
20
21
22
22
25
26
30
31
33
34
45
48
53
63
68
68
69
70
72
73
73
75
77
85
88
90
93
104
105
111
112
113
114
126
128
130
132
136
136
138
141
142
152
156
161
165
167
170
171
173
177
179
189
189
199
204
205
211
213
215
218
223
233
236
237
240
240
242
242
242
243
246
246
248
249
251
258
264
265
266
271
293
294
295
301
310
310
311
312
313
313
315
318
319
325
325
328
335
336
342
343
346
354
356
357
362
362
365
367
369
369
371
373
373
376
376
381
389
396
397
398
401
403
405
405
409
409
412
414
418
422
422
424
425
433
439
439
450
455
456
459
460
464
467
467
472
474
476
486
487
488
490
495
495
497
498
500
525
529
530
535
536
542
547
555
561
563
564
572
588
589
602
605
606
609
609
609
611
615
620
625
626
626
634
644
645
648
648
650
653
655
658
664
672
672
673
679
686
689
691
691
697
704
705
726
732
735
748
750
759
760
760
761
769
771
773
774
783
787
789
791
793
795
799
799
802
806
809
816
819
822
823
832
832
837
839
846
850
851
866
867
874
875
876
878
878
882
882
884
885
891
895
897
901
901
901
903
905
908
919
922
923
927
929
934
938
944
946
950
960
960
963
967
967
972
977
984
989
992
996
1000
1001
1009
1015
1016
1018
1019
1020
1022
1024
1026
1030
1033
1037
1041
1042
1047
1049
1052
1053
1059
1059
1065
1066
1069
1070
1072
1077
1080
1084
1085
1085
1090
1091
1105
1105
1109
1110
1112
1115
1120
1121
1125
1125
1135
1137
1148
1156
1159
1167
1169
1169
1170
1171
1174
1176
1176
1180
1182
1186
1196
1197
1199
1202
1214
1227
1228
1233
1234
1245
1249
1258
1263
1271
1273
1273
1279
1284
1284
1290
1293
1293
1295
1299
1306
1308
1312
1313
1320
1321
1321
1329
1332
1336
1336
1337
1345
1350
1350
1353
1355
1362
1364
1365
1376
1381
1384
1388
1392
1396
1399
1400
1403
1404
1405
1406
1407
1413
1430
1431
1433
1442
1447
1448
1449
1450
1451
1453
1454
1455
1459
1461
1463
1467
1476
1481
1483
1486
1489
1502
1503
1509
1511
1513
1524
1524
1525
1527
1529
1530
1531
1534
1534
1545
1547
1551
1562
1569
1571
1573
1574
1578
1578
1579
1579
1580
1580
1582
1582
1593
1596
1599
1599
1608
1608
1611
1612
1613
1618
1620
1627
1627
1630
1632
1643
1646
1655
1656
1657
1658
1663
1666
1668
1669
1670
1670
1671
1676
1677
1678
1678
1678
1683
1684
1684
1686
1686
1686
1686
1688
1694
1700
1702
1709
1710
1711
1716
1716
1725
1727
1731
1731
1734
1742
1743
1747
1749
1751
1753
1758
1760
1768
1771
1771
1774
1782
1786
1788
1789
1799
1800
1803
1804
1816
1816
1817
1817
1820
1823
1824
1825
1825
1827
1829
1835
1840
1840
1841
1841
1842
1842
1846
1855
1859
1859
1868
1870
1874
1881
1889
1893
1894
1910
1914
1918
1919
1925
1926
1926
1927
1936
1940
1943
1943
1955
1956
1958
1958
1962
1964
1965
1966
1966
1968
1973
1974
1977
1979
1981
1982
1988
1997
1997
1998
2007
2007
2008
2011
2012
2013
2019
2021
2021
2022
2032
2033
2043
2046
2047
2048
2051
2051
2055
2056
2056
2056
2059
2065
2070
2074
2078
2078
2088
2101
2102
2104
2104
2109
2111
2111
2111
2114
2114
2115
2115
2117
2120
2120
2123
2126
2128
2129
2140
2143
2152
2155
2155
2162
2173
2183
2188
2195
2197
2201
2207
2207
2209
2217
2224
2225
2227
2227
2235
2236
2236
2241
2246
2252
2252
2255
2261
2263
2266
2267
2271
2272
2274
2286
2288
2296
2297
2297
2300
2310
2321
2324
2340
2350
2350
2352
2354
2358
2363
2364
2367
2369
2369
2379
2380
2383
2391
2394
2396
2398
2415
2416
2417
2421
2424
2427
2429
2433
2438
2438
2441
2444
2447
2453
2455
2462
2469
2472
2474
2480
2480
2482
2488
2495
2497
2500
2500
2504
2505
2505
2506
2510
2511
2512
2514
2515
2523
2528
2531
2532
2534
2534
2536
2537
2538
2546
2546
2548
2548
2552
2557
2560
2561
2563
2576
2578
2580
2585
2585
2589
2595
2597
2602
2604
2606
2610
2611
2613
2619
2623
2624
2634
2646
2647
2648
2650
2650
2657
2659
2660
2660
2666
2667
2669
2671
2672
2672
2677
2681
2686
2693
2695
2709
2711
2715
2718
2722
2726
2728
2730
2730
2730
2736
2740
2745
2747
2748
2760
2762
2767
2768
2768
2772
2782
2786
2798
2800
2802
2808
2815
2816
2817
2825
2831
2839
2843
2843
2843
2865
2866
2873
2873
2882
2882
2886
2889
2890
2895
2895
2900
2904
2907
2913
2918
2924
2924
2926
2931
2940
2943
2951
2954
2955
2958
2960
2961
2971
2972
2982
2984
2985
2988
2990
2995
2995
2996
2998
3003
3006
3007
3009
3010
3014
3014
3018
3021
3022
3025
3026
3032
3040
3041
3042
3043
3045
3051
3055
3064
3070
3070
3071
3073
3075
3077
3079
3080
3083
3086
3088
3089
3089
3094
3102
3103
3106
3106
3109
3113
3113
3116
3123
3124
3125
3126
3132
3134
3134
3135
3137
3137
3139
3145
3145
3146
3150
3152
3155
3155
3157
3161
3162
3167
3168
3170
3171
3174
3175
3178
3180
3183
3183
3184
3186
3195
3195
3196
3201
3201
3205
3211
3215
3216
3217
3218
3222
3223
3230
3235
3236
3238
3240
3241
3246
3253
3254
3255
3258
3262
3262
3265
3268
3276
3279
3285
3288
3290
3292
3296
3297
3297
3312
3316
3318
3324
3327
3329
3334
3342
3343
3343
3348
3349
3351
3353
3354
3359
3360
3361
3370
3373
3375
3376
3383
3384
3385
3394
3397
3397
3406
3407
3409
3409
3413
3419
3419
3421
3422
3430
3442
3442
3445
3446
3447
3447
3448
3451
3461
3463
3464
3476
3484
3485
3485
3490
3498
3500
3504
3505
3514
3525
3528
3538
3541
3541
3545
3547
3548
3555
3562
3562
3565
3567
3569
3574
3578
3594
3594
3599
3601
3604
3607
3607
3608
3608
3609
3610
3621
3625
3625
3629
3634
3638
3639
3642
3649
3651
3653
3661
3662
3663
3666
3670
3670
3671
3673
3673
3675
3687
3687
3691
3703
3704
3707
3707
3713
3717
3719
3721
3732
3733
3736
3737
3739
3740
3740
3742
3753
3754
3761
3765
3766
3768
3768
3773
3775
3776
3782
3783
3785
3787
3789
3796
3797
3798
3800
3806
3808
3815
3822
3824
3829
3831
3832
3833
3840
3843
3845
3846
3846
3848
3850
3854
3859
3861
3862
3863
3864
3869
3882
3882
3884
3889
3894
3902
3906
3910
3913
3921
3926
3932
3933
3934
3937
3938
3940
3941
3951
3959
3960
3960
3960
3962
3963
3966
3973
3977
3978
3985
3985
3985
3992
3993
3993
3999
4000
4005
4007
4013
4019
4020
4022
4023
4032
4034
4035
4036
4043
4044
4045
4054
4054
4055
4056
4056
4064
4064
4065
4067
4073
4074
4078
4079
4083
4088
4095
4095
4096
4098
4100
4104
4107
4108
4113
4115
4126
4130
4132
4132
4137
4141
4149
4154
4159
4160
4166
4167
4170
4174
4174
4174
4178
4196
4197
4197
4201
4202
4206
4213
4217
4221
4232
4237
4238
4238
4241
4242
4244
4245
4247
4248
4248
4257
4264
4269
4275
4279
4281
4286
4289
4292
4293
4295
4295
4299
4304
4311
4312
4314
4315
4323
4324
4326
4327
4329
4331
4336
4339
4342
4351
4358
4371
4371
4380
4382
4383
4385
4389
4392
4392
4393
4397
4398
4400
4401
4403
4408
4409
4410
4411
4414
4417
4420
4422
4422
4426
4427
4434
4445
4446
4447
4449
4450
4450
4451
4455
4461
4461
4462
4467
4469
4471
4473
4477
4478
4482
4484
4489
4494
4504
4513
4514
4515
4519
4520
4522
4522
4525
4526
4527
4533
4543
4544
4546
4549
4549
4552
4554
4556
4564
4565
4567
4567
4569
4570
4571
4572
4574
4575
4575
4582
4583
4585
4586
4587
4590
4593
4600
4604
4604
4607
4610
4612
4617
4617
4618
4622
4625
4625
4627
4628
4629
4630
4637
4640
4642
4643
4645
4646
4653
4658
4658
4664
4668
4682
4686
4690
4690
4691
4696
4696
4703
4705
4707
4718
4723
4724
4732
4733
4740
4743
4754
4754
4759
4762
4762
4766
4769
4769
4770
4771
4772
4779
4786
4789
4790
4796
4798
4800
4802
4805
4810
4816
4816
4816
4822
4826
4827
4827
4827
4828
4828
4831
4834
4834
4834
4842
4845
4847
4852
4855
4856
4856
4857
4864
4864
4867
4871
4878
4882
4886
4890
4892
4901
4903
4912
4918
4928
4928
4929
4929
4930
4931
4931
4934
4935
4938
4939
4949
4954
4957
4959
4959
4959
4959
4960
4965
4965
4972
4977
4982
4986
4989
4992
4998
4999
4999
5000
5001
5002
5005
5014
5022
5033
5038
5042
5045
5047
5051
5054
5054
5055
5057
5059
5061
5063
5069
5070
5073
5079
5080
5081
5082
5083
5084
5086
5086
5090
5091
5099
5099
5104
5107
5112
5116
5119
5120
5120
5126
5130
5142
5147
5149
5154
5157
5160
5166
5168
5170
5171
5172
5174
5174
5174
5176
5181
5188
5192
5193
5196
5196
5197
5197
5198
5218
5221
5225
5227
5231
5233
5235
5236
5238
5239
5253
5253
5261
5264
5264
5264
5264
5266
5267
5267
5289
5290
5297
5304
5308
5310
5311
5314
5324
5334
5341
5347
5347
5353
5355
5363
5367
5371
5372
5373
5373
5374
5375
5377
5378
5379
5380
5383
5387
5390
5391
5394
5396
5398
5400
5404
5408
5411
5414
5416
5417
5432
5438
5439
5440
5442
5443
5443
5443
5444
5447
5452
5457
5458
5459
5461
5467
5473
5473
5478
5483
5484
5493
5500
5503
5506
5517
5518
5519
5522
5523
5526
5530
5532
5534
5536
5537
5540
5541
5542
5545
5547
5549
5551
5555
5558
5559
5561
5561
5564
5565
5570
5571
5572
5580
5589
5592
5593
5595
5599
5601
5602
5604
5608
5613
5615
5617
5620
5621
5622
5622
5624
5629
5634
5636
5647
5650
5665
5666
5667
5668
5669
5672
5683
5684
5687
5689
5690
5693
5693
5695
5697
5702
5703
5706
5706
5707
5709
5720
5720
5726
5728
5733
5733
5735
5744
5751
5754
5755
5755
5767
5771
5777
5778
5779
5781
5782
5782
5783
5787
5792
5801
5801
5805
5805
5818
5821
5822
5823
5824
5827
5827
5834
5834
5840
5843
5843
5856
5861
5862
5863
5863
5864
5864
5869
5870
5871
5874
5874
5876
5876
5883
5889
5894
5897
5899
5906
5906
5911
5911
5911
5923
5925
5927
5932
5935
5950
5950
5952
5954
5964
5968
5969
5971
5974
5977
5979
5979
5979
5989
6000
6001
6003
6006
6006
6009
6013
6017
6021
6024
6027
6029
6038
6039
6044
6046
6047
6050
6053
6053
6055
6062
6069
6069
6074
6075
6078
6089
6102
6105
6108
6110
6117
6119
6121
6122
6123
6123
6123
6126
6127
6130
6130
6134
6139
6139
6140
6148
6150
6153
6154
6156
6157
6159
6170
6172
6173
6180
6185
6188
6189
6189
6190
6196
6196
6198
6202
6202
6203
6210
6211
6211
6214
6215
6218
6221
6225
6234
6234
6236
6237
6249
6254
6257
6260
6260
6263
6263
6268
6269
6272
6281
6291
6293
6295
6298
6306
6315
6318
6321
6321
6323
6326
6330
6331
6336
6337
6337
6337
6339
6358
6360
6361
6361
6363
6364
6365
6365
6373
6377
6380
6382
6383
6383
6385
6388
6391
6391
6403
6410
6410
6420
6421
6427
6427
6427
6428
6431
6432
6433
6434
6435
6436
6442
6443
6449
6452
6454
6456
6459
6459
6465
6468
6470
6472
6476
6476
6479
6479
6480
6481
6481
6482
6490
6491
6492
6493
6495
6498
6505
6508
6509
6511
6511
6512
6515
6516
6517
6518
6518
6518
6523
6523
6531
6531
6532
6532
6533
6533
6537
6544
6545
6548
6550
6550
6551
6552
6554
6558
6559
6561
6566
6567
6567
6572
6581
6586
6588
6589
6591
6592
6593
6593
6595
6596
6597
6599
6602
6605
6605
6612
6613
6615
6619
6623
6629
6631
6635
6637
6644
6644
6649
6652
6654
6655
6659
6663
6667
6668
6671
6680
6684
6689
6692
6696
6697
6698
6698
6718
6720
6722
6727
6728
6732
6735
6738
6741
6744
6747
6747
6750
6753
6755
6755
6759
6762
6769
6777
6779
6781
6788
6792
6792
6793
6797
6800
6800
6803
6805
6816
6817
6818
6820
6823
6827
6831
6833
6839
6839
6840
6845
6845
6851
6851
6851
6853
6854
6856
6857
6859
6861
6866
6866
6868
6871
6882
6885
6887
6889
6890
6892
6895
6896
6903
6903
6904
6909
6911
6912
6914
6915
6916
6920
6921
6924
6927
6927
6933
6946
6947
6948
6952
6953
6953
6954
6958
6958
6961
6962
6967
6968
6972
6973
6980
6980
6984
6986
6988
6990
6994
6995
6997
6997
7000
7004
7009
7017
7018
7021
7025
7026
7030
7037
7042
7049
7049
7050
7057
7057
7058
7060
7061
7063
7066
7068
7072
7074
7075
7075
7081
7086
7091
7109
7110
7111
7111
7112
7120
7120
7120
7121
7125
7127
7134
7144
7146
7147
7147
7149
7150
7153
7154
7156
7157
7157
7164
7171
7172
7174
7178
7178
7179
7180
7181
7182
7186
7195
7200
7205
7205
7214
7214
7214
7224
7224
7226
7226
7229
7230
7230
7236
7237
7238
7239
7241
7242
7247
7247
7251
7255
7256
7256
7259
7264
7266
7272
7273
7275
7277
7279
7279
7283
7292
7294
7296
7297
7297
7300
7301
7305
7307
7308
7309
7312
7320
7325
7336
7342
7347
7349
7355
7355
7355
7357
7359
7362
7363
7368
7371
7373
7378
7379
7383
7402
7402
7405
7407
7410
7413
7414
7416
7417
7418
7430
7432
7439
7443
7445
7448
7450
7451
7456
7456
7461
7462
7463
7465
7465
7466
7473
7480
7481
7483
7486
7492
7494
7496
7497
7498
7499
7501
7503
7506
7509
7517
7523
7524
7524
7528
7533
7537
7538
7541
7543
7545
7549
7551
7560
7568
7570
7581
7583
7589
7592
7593
7593
7596
7605
7610
7614
7615
7626
7627
7631
7632
7633
7635
7637
7639
7640
7642
7643
7645
7651
7652
7658
7661
7661
7661
7662
7665
7665
7668
7669
7675
7678
7680
7680
7683
7685
7687
7687
7688
7689
7691
7691
7692
7695
7696
7696
7699
7706
7707
7707
7708
7709
7709
7712
7712
7713
7720
7723
7725
7728
7731
7734
7736
7737
7739
7739
7739
7740
7741
7747
7749
7752
7753
7754
7756
7759
7761
7763
7764
7766
7768
7769
7772
7773
7774
7774
7777
7779
7779
7780
7784
7785
7788
7788
7790
7793
7801
7804
7805
7806
7809
7812
7813
7825
7830
7831
7837
7841
7853
7853
7854
7854
7856
7863
7870
7870
7871
7871
7874
7881
7881
7885
7886
7889
7890
7894
7908
7911
7918
7925
7934
7935
7937
7938
7950
7951
7953
7956
7958
7960
7962
7964
7967
7976
7982
7986
7998
7999
8005
8009
8011
8013
8013
8020
8020
8022
8024
8025
8030
8030
8034
8037
8037
8038
8042
8043
8045
8047
8050
8050
8052
8054
8055
8055
8055
8056
8057
8058
8060
8069
8081
8083
8089
8100
8101
8101
8102
8104
8105
8109
8111
8114
8117
8120
8120
8121
8123
8124
8128
8138
8141
8153
8156
8158
8165
8166
8168
8169
8170
8171
8177
8178
8179
8189
8193
8197
8207
8211
8213
8219
8220
8223
8223
8224
8232
8233
8237
8237
8242
8245
8249
8254
8255
8260
8266
8270
8271
8272
8274
8278
8282
8282
8285
8288
8288
8290
8298
8300
8303
8304
8314
8318
8323
8326
8328
8337
8342
8343
8344
8345
8347
8351
8365
8367
8370
8372
8378
8397
8399
8403
8404
8404
8406
8409
8411
8412
8415
8421
8428
8430
8438
8438
8440
8443
8445
8446
8451
8452
8452
8456
8464
8471
8475
8479
8485
8486
8486
8486
8488
8491
8491
8497
8501
8503
8503
8505
8509
8511
8514
8522
8533
8533
8543
8554
8558
8559
8560
8562
8565
8568
8569
8573
8574
8583
8587
8589
8599
8600
8601
8603
8604
8605
8608
8609
8611
8611
8611
8618
8623
8631
8633
8633
8644
8645
8649
8650
8656
8658
8664
8667
8668
8671
8674
8674
8676
8678
8682
8688
8691
8692
8693
8695
8695
8705
8705
8706
8708
8720
8722
8722
8723
8724
8726
8728
8729
8731
8733
8746
8748
8749
8754
8754
8758
8758
8760
8761
8770
8770
8773
8785
8788
8792
8794
8807
8813
8816
8823
8824
8844
8848
8851
8852
8852
8857
8858
8859
8873
8874
8875
8881
8883
8885
8887
8889
8894
8902
8913
8927
8934
8937
8937
8940
8942
8943
8944
8945
8951
8953
8958
8962
8964
8965
8970
8971
8973
8976
8984
8992
8998
8999
9000
9012
9015
9016
9024
9025
9028
9038
9041
9043
9045
9048
9050
9051
9053
9055
9056
9061
9067
9067
9069
9070
9071
9073
9073
9074
9079
9084
9084
9084
9095
9097
9098
9109
9110
9111
9117
9121
9121
9122
9129
9130
9131
9136
9140
9150
9151
9152
9154
9154
9162
9168
9174
9175
9175
9177
9177
9178
9181
9185
9186
9188
9194
9197
9202
9203
9203
9209
9211
9215
9223
9226
9227
9230
9234
9239
9241
9244
9248
9256
9257
9257
9260
9262
9264
9265
9269
9277
9281
9283
9284
9294
9295
9295
9298
9300
9302
9303
9306
9306
9306
9309
9310
9318
9321
9328
9329
9331
9331
9348
9350
9355
9356
9357
9362
9371
9373
9377
9378
9379
9381
9383
9384
9387
9392
9393
9396
9399
9402
9419
9423
9425
9433
9433
9436
9440
9445
9453
9457
9458
9458
9463
9464
9471
9480
9480
9502
9504
9506
9506
9509
9512
9517
9519
9526
9529
9532
9535
9537
9540
9542
9542
9542
9543
9544
9545
9545
9546
9550
9553
9554
9585
9593
9595
9595
9597
9598
9605
9606
9606
9608
9608
9610
9617
9618
9620
9621
9621
9622
9624
9624
9628
9632
9632
9634
9640
9640
9643
9644
9649
9650
9652
9659
9661
9665
9669
9670
9672
9672
9674
9676
9678
9686
9686
9688
9688
9699
9700
9704
9705
9713
9715
9718
9720
9723
9733
9734
9737
9738
9740
9742
9743
9749
9754
9767
9767
9770
9772
9773
9783
9787
9791
9795
9802
9804
9806
9808
9808
9820
9821
9826
9828
9834
9838
9842
9848
9849
9850
9862
9864
9867
9872
9873
9876
9879
9881
9897
9907
9908
9909
9910
9916
9916
9919
9923
9927
9931
9943
9943
9947
9947
9947
9951
9958
9967
9968
9969
9971
9971
9974
9975
9976
9983
9986
9989
9991
9998
10000
10002
10003
10003
10003
10009
10012
10016
10018
10027
10036
10039
10051
10051
10051
10052
10053
10058
10060
10074
10076
10077
10086
10089
10092
10093
10102
10110
10113
10117
10118
10125
10126
10132
10132
10140
10145
10145
10150
10156
10157
10161
10166
10169
10171
10176
10176
10184
10192
10194
10197
10199
10202
10203
10203
10206
10209
10214
10216
10217
10217
10224
10227
10233
10239
10243
10253
10259
10262
10264
10265
10268
10268
10269
10274
10278
10280
10288
10291
10292
10296
10297
10297
10299
10308
10319
10326
10327
10327
10340
10345
10353
10353
10365
10370
10374
10377
10378
10378
10380
10381
10381
10388
10393
10394
10402
10411
10413
10414
10419
10426
10428
10430
10435
10436
10436
10438
10440
10442
10443
10448
10448
10452
10458
10459
10460
10462
10466
10468
10468
10469
10472
10472
10476
10484
10486
10491
10497
10497
10502
10504
10510
10516
10518
10522
10522
10523
10523
10524
10529
10531
10544
10546
10547
10550
10552
10559
10561
10569
10569
10570
10581
10584
10586
10589
10590
10591
10593
10594
10599
10603
10605
10606
10610
10626
10630
10633
10634
10637
10642
10645
10646
10651
10653
10658
10664
10664
10670
10671
10674
10677
10681
10687
10690
10695
10695
10697
10702
10703
10704
10706
10713
10716
10717
10719
10721
10723
10727
10727
10736
10743
10747
10753
10754
10756
10758
10760
10765
10770
10775
10775
10780
10783
10789
10795
10797
10798
10803
10805
10811
10815
10820
10822
10823
10823
10824
10828
10830
10830
10837
10842
10845
10847
10849
10856
10857
10862
10864
10870
10872
10873
10888
10889
10903
10907
10909
10913
10919
10920
10939
10943
10945
10947
10950
10951
10953
10954
10961
10965
10969
10982
10993
10994
10998
10999
11002
11008
11011
11014
11018
11019
11028
11028
11030
11031
11035
11036
11036
11039
11042
11053
11054
11056
11060
11061
11066
11073
11073
11078
11087
11090
11091
11092
11100
11101
11104
11114
11118
11119
11120
11133
11133
11150
11150
11152
11156
11169
11172
11173
11177
11180
11182
11182
11186
11190
11197
11199
11201
11210
11214
11216
11217
11220
11221
11232
11232
11247
11263
11263
11266
11272
11272
11277
11279
11281
11282
11284
11292
11293
11299
11299
11300
11303
11305
11308
11310
11311
11311
11313
11321
11322
11323
11325
11335
11336
11336
11339
11341
11343
11344
11347
11352
11355
11357
11365
11369
11370
11371
11375
11378
11382
11384
11389
11389
11390
11392
11402
11404
11405
11413
11415
11423
11430
11436
11436
11439
11440
11440
11446
11448
11449
11450
11452
11454
11454
11463
11464
11466
11475
11475
11476
11479
11481
11483
11505
11507
11517
11519
11522
11523
11524
11527
11528
11528
11534
11545
11546
11553
11565
11566
11571
11574
11576
11580
11580
11588
11590
11591
11594
11596
11597
11599
11599
11609
11610
11616
11618
11618
11627
11627
11635
11635
11635
11637
11642
11644
11646
11648
11652
11659
11663
11665
11666
11666
11676
11678
11680
11681
11682
11685
11689
11690
11693
11696
11700
11704
11707
11708
11709
11710
11717
11718
11719
11735
11735
11736
11746
11748
11748
11749
11752
11752
11753
11755
11761
11763
11763
11764
11765
11765
11766
11766
11768
11768
11774
11774
11777
11789
11792
11796
11800
11810
11812
11815
11815
11819
11820
11822
11825
11825
11827
11827
11828
11828
11836
11836
11841
11842
11859
11861
11863
11867
11871
11873
11874
11879
11889
11892
11893
11900
11902
11903
11909
11911
11913
11917
11921
11921
11923
11927
11937
11940
11941
11947
11951
11952
11954
11961
11961
11962
11968
11968
11972
11976
11976
11984
11987
11988
11989
11996
11997
12006
12007
12016
12017
12029
12037
12058
12072
12073
12075
12075
12076
12078
12079
12080
12083
12085
12085
12087
12087
12088
12090
12091
12104
12104
12112
12114
12115
12131
12134
12137
12143
12144
12147
12149
12153
12159
12165
12173
12175
12183
12186
12193
12195
12198
12202
12206
12207
12209
12213
12214
12214
12215
12217
12226
12231
12231
12231
12234
12237
12243
12245
12250
12252
12252
12252
12252
12253
12257
12258
12271
12282
12283
12283
12284
12287
12288
12291
12291
12294
12296
12300
12302
12310
12312
12316
12316
12318
12320
12331
12332
12333
12334
12336
12336
12339
12341
12342
12353
12358
12359
12359
12360
12363
12364
12366
12368
12375
12375
12381
12384
12384
12385
12389
12389
12395
12398
12403
12403
12414
12415
12416
12422
12425
12430
12433
12435
12436
12447
12447
12449
12452
12456
12457
12458
12458
12461
12465
12471
12472
12480
12482
12487
12489
12490
12499
12501
12504
12514
12516
12517
12521
12528
12532
12536
12539
12543
12544
12545
12552
12556
12561
12564
12564
12565
12570
12571
12573
12575
12580
12583
12589
12590
12590
12595
12599
12604
12605
12606
12608
12609
12610
12611
12613
12616
12619
12620
12625
12627
12633
12633
12634
12636
12638
12640
12640
12658
12661
12664
12665
12667
12669
12684
12684
12688
12690
12692
12693
12698
12700
12707
12712
12714
12715
12716
12733
12733
12733
12738
12738
12739
12740
12746
12752
12762
12774
12778
12786
12792
12795
12797
12798
12800
12800
12805
12806
12807
12808
12809
12812
12814
12816
12819
12820
12826
12827
12833
12833
12833
12835
12846
12846
12847
12860
12867
12877
12882
12885
12890
12893
12897
12899
12903
12903
12907
12910
12914
12922
12925
12927
12933
12939
12939
12940
12941
12942
12949
12951
12953
12957
12961
12963
12965
12965
12973
12975
12986
12993
12997
13008
13010
13011
13012
13012
13022
13026
13029
13032
13039
13042
13042
13045
13047
13047
13048
13049
13053
13058
13058
13058
13059
13073
13094
13096
13099
13103
13113
13118
13123
13125
13135
13139
13141
13141
13144
13146
13154
13156
13157
13168
13170
13173
13177
13178
13181
13181
13185
13187
13188
13192
13193
13194
13195
13195
13198
13202
13203
13205
13210
13216
13217
13222
13223
13224
13226
13233
13239
13240
13243
13243
13244
13244
13248
13248
13255
13256
13257
13261
13261
13268
13269
13283
13287
13288
13290
13294
13295
13300
13307
13308
13310
13313
13314
13316
13318
13319
13322
13328
13329
13343
13343
13345
13349
13350
13359
13369
13370
13381
13384
13385
13386
13390
13401
13405
13407
13409
13412
13412
13414
13417
13419
13430
13431
13432
13435
13439
13442
13443
13444
13450
13450
13450
13456
13457
13461
13462
13464
13465
13474
13474
13484
13493
13493
13496
13500
13501
13505
13506
13509
13515
13517
13518
13518
13519
13520
13520
13523
13524
13525
13526
13528
13529
13529
13535
13536
13541
13548
13551
13557
13561
13562
13568
13571
13592
13593
13598
13605
13605
13605
13607
13623
13624
13625
13629
13631
13634
13638
13639
13639
13644
13653
13659
13661
13666
13671
13673
13678
13680
13684
13689
13691
13692
13693
13697
13701
13701
13704
13708
13713
13716
13719
13724
13726
13737
13746
13748
13751
13754
13758
13763
13763
13766
13780
13781
13788
13793
13794
13819
13819
13819
13823
13837
13838
13841
13842
13843
13844
13845
13855
13860
13863
13864
13867
13870
13874
13875
13881
13890
13894
13897
13901
13905
13908
13928
13928
13932
13932
13941
13943
13944
13946
13950
13951
13956
13957
13962
13962
13964
13982
13991
13992
14001
14001
14007
14007
14008
14008
14016
14017
14019
14020
14023
14026
14029
14031
14035
14039
14040
14045
14045
14048
14048
14050
14052
14054
14055
14066
14067
14072
14072
14080
14080
14091
14092
14094
14095
14101
14101
14104
14109
14114
14114
14117
14123
14125
14127
14128
14129
14132
14137
14140
14145
14147
14149
14153
14158
14161
14167
14169
14171
14174
14174
14176
14176
14176
14187
14191
14197
14197
14198
14198
14202
14207
14210
14211
14212
14213
14217
14223
14226
14230
14230
14232
14234
14239
14241
14242
14245
14246
14248
14249
14249
14250
14250
14251
14256
14267
14267
14268
14271
14273
14275
14277
14278
14285
14286
14289
14296
14303
14304
14304
14308
14309
14309
14311
14313
14313
14314
14325
14326
14335
14337
14340
14345
14346
14347
14348
14349
14349
14358
14366
14367
14370
14377
14377
14378
14380
14386
14395
14396
14397
14399
14404
14412
14417
14418
14421
14421
14428
14429
14432
14440
14440
14444
14444
14444
14445
14446
14452
14454
14455
14467
14471
14480
14480
14482
14485
14486
14486
14493
14493
14498
14498
14503
14503
14505
14506
14508
14513
14515
14517
14521
14523
14524
14524
14525
14531
14532
14546
14548
14551
14556
14556
14557
14560
14561
14561
14563
14571
14571
14590
14591
14600
14601
14604
14606
14607
14615
14619
14620
14623
14623
14625
14627
14628
14632
14633
14649
14657
14663
14664
14676
14676
14686
14686
14692
14696
14697
14700
14702
14704
14706
14708
14712
14715
14715
14717
14719
14725
14726
14728
14731
14731
14732
14739
14746
14757
14759
14762
14764
14768
14771
14774
14775
14776
14781
14783
14786
14794
14797
14798
14800
14804
14804
14804
14805
14805
14811
14814
14828
14830
14835
14835
14836
14838
14843
14843
14843
14844
14846
14847
14848
14850
14854
14865
14870
14872
14879
14881
14883
14891
14891
14894
14896
14901
14907
14910
14920
14922
14922
14925
14931
14932
14944
14948
14952
14952
14953
14955
14957
14963
14970
14970
14971
14974
14974
14975
14976
14981
14983
14983
14987
14989
14989
14990
14990
14999
15010
15015
15015
15020
15024
15024
15024
15026
15030
15030
15036
15038
15038
15039
15043
15048
15051
15054
15055
15070
15072
15084
15087
15094
15097
15097
15098
15099
15104
15105
15107
15113
15117
15119
15120
15125
15137
15138
15139
15143
15147
15149
15150
15161
15163
15168
15169
15169
15174
15177
15179
15182
15194
15205
15208
15213
15221
15222
15224
15225
15225
15228
15232
15237
15238
15241
15241
15244
15244
15245
15247
15251
15253
15262
15262
15266
15269
15273
15273
15275
15289
15290
15292
15294
15296
15296
15298
15306
15309
15311
15315
15321
15322
15323
15334
15342
15343
15346
15359
15362
15365
15372
15374
15377
15383
15384
15388
15398
15403
15403
15403
15406
15409
15410
15410
15420
15421
15421
15422
15423
15429
15430
15431
15433
15435
15438
15443
15448
15454
15458
15474
15477
15484
15494
15497
15500
15508
15508
15514
15515
15521
15526
15529
15530
15530
15531
15535
15537
15542
15543
15543
15545
15555
15558
15558
15561
15562
15562
15566
15571
15575
15576
15585
15590
15599
15602
15603
15606
15611
15613
15615
15620
15622
15622
15628
15630
15631
15634
15637
15638
15650
15656
15671
15680
15681
15689
15690
15694
15699
15701
15705
15707
15713
15713
15717
15720
15721
15724
15728
15730
15732
15735
15739
15745
15746
15750
15754
15771
15771
15773
15782
15782
15784
15798
15799
15801
15801
15802
15804
15806
15810
15812
15812
15819
15825
15830
15831
15833
15833
15834
15835
15836
15838
15840
15851
15857
15858
15868
15871
15872
15873
15875
15878
15880
15883
15891
15904
15904
15907
15913
15915
15918
15920
15924
15927
15929
15935
15940
15944
15945
15948
15955
15956
15962
15963
15966
15966
15970
15971
15971
15974
15986
15993
15996
16002
16003
16004
16012
16018
16019
16019
16020
16020
16027
16027
16036
16043
16044
16046
16047
16050
16051
16052
16052
16056
16058
16064
16065
16066
16068
16069
16070
16071
16073
16073
16074
16075
16079
16083
16086
16096
16098
16099
16102
16107
16108
16123
16124
16134
16135
16136
16137
16137
16141
16147
16153
16166
16169
16169
16170
16172
16173
16179
16180
16186
16186
16186
16188
16196
16203
16205
16207
16212
16219
16221
16221
16223
16225
16228
16236
16237
16237
16238
16247
16250
16254
16254
16259
16263
16269
16270
16276
16276
16277
16286
16287
16298
16299
16300
16301
16302
16303
16304
16310
16312
16312
16315
16317
16318
16334
16335
16335
16342
16349
16351
16358
16360
16361
16363
16377
16395
16397
16401
16402
16402
16406
16409
16413
16413
16416
16422
16426
16430
16434
16435
16436
16438
16440
16441
16441
16444
16450
16452
16463
16473
16474
16481
16481
16484
16487
16493
16497
16508
16511
16525
16540
16541
16542
16545
16546
16546
16547
16556
16557
16560
16578
16583
16584
16585
16592
16596
16600
16604
16604
16607
16608
16621
16624
16626
16626
16633
16637
16644
16650
16654
16656
16657
16662
16663
16663
16669
16670
16677
16678
16683
16684
16691
16693
16696
16697
16708
16719
16719
16720
16726
16728
16730
16730
16731
16733
16737
16740
16746
16746
16751
16754
16758
16758
16760
16761
16771
16773
16778
16778
16782
16782
16786
16786
16792
16801
16801
16816
16818
16824
16824
16828
16829
16832
16833
16834
16839
16847
16847
16851
16854
16855
16855
16857
16867
16867
16870
16873
16882
16883
16891
16892
16896
16898
16907
16908
16910
16916
16920
16921
16921
16924
16925
16928
16929
16933
16933
16935
16947
16953
16953
16958
16960
16964
16967
16968
16973
16974
16977
16977
16978
16983
16986
16986
16991
16993
16994
16995
16995
16997
16999
17002
17003
17005
17005
17005
17006
17007
17010
17014
17015
17017
17019
17025
17031
17031
17036
17038
17039
17041
17041
17042
17044
17044
17048
17056
17057
17060
17067
17068
17069
17075
17086
17087
17087
17093
17093
17095
17097
17099
17104
17107
17107
17108
17111
17115
17123
17125
17126
17129
17133
17135
17141
17143
17147
17154
17159
17159
17159
17161
17163
17164
17164
17169
17171
17203
17207
17215
17225
17227
17230
17230
17231
17238
17240
17254
17255
17256
17257
17260
17261
17266
17272
17273
17273
17277
17278
17279
17288
17293
17296
17301
17306
17312
17314
17318
17320
17322
17326
17335
17335
17345
17347
17348
17350
17353
17357
17359
17361
17363
17363
17365
17365
17369
17371
17371
17371
17375
17377
17378
17387
17391
17395
17397
17398
17410
17413
17414
17418
17421
17422
17424
17426
17431
17434
17435
17437
17438
17438
17440
17441
17442
17442
17449
17451
17451
17457
17457
17460
17462
17466
17476
17484
17487
17488
17489
17512
17525
17526
17527
17528
17530
17531
17532
17533
17542
17548
17551
17560
17568
17569
17574
17578
17579
17580
17588
17596
17596
17603
17605
17619
17619
17620
17621
17632
17633
17637
17638
17641
17644
17645
17647
17647
17655
17655
17658
17658
17659
17668
17668
17669
17669
17670
17674
17676
17677
17678
17684
17684
17689
17691
17692
17693
17695
17697
17700
17702
17704
17710
17710
17711
17712
17713
17716
17721
17721
17732
17744
17752
17752
17763
17766
17768
17769
17771
17775
17780
17785
17786
17792
17793
17795
17795
17810
17814
17815
17821
17823
17825
17829
17832
17836
17837
17839
17851
17855
17856
17861
17864
17865
17872
17879
17880
17889
17891
17900
17900
17902
17903
17909
17909
17910
17916
17920
17922
17923
17923
17928
17928
17937
17937
17939
17943
17948
17954
17967
17968
17978
17989
17990
17990
17992
17997
18007
18011
18014
18017
18017
18017
18025
18026
18034
18041
18042
18059
18063
18069
18073
18074
18079
18091
18091
18093
18094
18102
18108
18108
18114
18115
18120
18122
18125
18125
18127
18130
18131
18132
18133
18133
18137
18140
18147
18148
18149
18149
18150
18150
18154
18160
18163
18174
18178
18184
18206
18207
18208
18216
18222
18222
18224
18224
18226
18241
18243
18243
18243
18244
18248
18249
18249
18254
18257
18280
18282
18288
18289
18291
18295
18298
18300
18301
18302
18308
18313
18316
18318
18323
18325
18327
18329
18331
18338
18338
18340
18340
18343
18344
18345
18349
18349
18351
18352
18355
18360
18364
18366
18377
18383
18383
18385
18386
18387
18396
18397
18416
18421
18422
18429
18433
18434
18450
18467
18467
18481
18481
18482
18485
18486
18490
18494
18498
18501
18501
18504
18504
18506
18509
18513
18517
18529
18531
18537
18541
18546
18548
18552
18553
18560
18564
18565
18571
18571
18575
18580
18595
18598
18611
18612
18614
18624
18625
18630
18634
18650
18656
18658
18659
18659
18668
18672
18672
18676
18686
18689
18691
18695
18699
18700
18702
18705
18710
18711
18712
18713
18714
18715
18720
18722
18723
18726
18730
18732
18734
18737
18742
18742
18745
18746
18751
18754
18755
18757
18757
18760
18762
18768
18773
18775
18777
18781
18783
18787
18788
18792
18806
18808
18808
18814
18822
18826
18829
18830
18845
18846
18850
18852
18852
18856
18863
18868
18869
18870
18871
18876
18876
18878
18881
18882
18883
18884
18885
18886
18892
18892
18892
18896
18899
18907
18914
18918
18922
18922
18923
18923
18928
18929
18931
18937
18937
18938
18942
18943
18946
18949
18950
18951
18960
18964
18965
18966
18967
18977
18981
18986
18990
18993
18995
18997
19001
19007
19010
19010
19011
19013
19014
19015
19018
19022
19022
19029
19032
19034
19041
19047
19047
19048
19053
19053
19056
19057
19075
19082
19083
19083
19084
19086
19087
19088
19089
19091
19096
19106
19108
19110
19112
19113
19115
19122
19122
19126
19130
19131
19134
19138
19139
19141
19145
19149
19155
19163
19164
19168
19168
19172
19172
19172
19201
19203
19211
19214
19214
19218
19219
19220
19227
19232
19233
19241
19243
19245
19246
19254
19254
19256
19258
19266
19267
19267
19273
19274
19276
19289
19297
19302
19303
19303
19309
19310
19313
19314
19319
19322
19329
19330
19330
19333
19337
19338
19339
19343
19352
19352
19361
19369
19371
19372
19375
19375
19377
19382
19384
19388
19390
19391
19391
19395
19395
19398
19404
19405
19407
19408
19419
19425
19426
19427
19433
19433
19438
19445
19458
19471
19473
19476
19479
19479
19480
19483
19483
19487
19490
19497
19501
19510
19512
19514
19517
19523
19526
19529
19539
19550
19553
19555
19556
19566
19571
19572
19576
19577
19578
19579
19580
19582
19592
19593
19595
19598
19602
19604
19606
19609
19609
19613
19624
19628
19632
19637
19638
19639
19642
19642
19644
19649
19651
19653
19655
19656
19667
19669
19674
19675
19681
19681
19681
19688
19691
19696
19696
19699
19702
19705
19709
19709
19715
19719
19722
19725
19729
19732
19735
19739
19742
19742
19747
19753
19755
19755
19758
19758
19759
19761
19764
19764
19765
19767
19770
19777
19778
19781
19782
19786
19789
19799
19805
19808
19813
19818
19818
19821
19821
19825
19826
19831
19833
19836
19837
19838
19844
19845
19846
19849
19858
19858
19860
19865
19870
19873
19878
19887
19889
19897
19901
19902
19902
19903
19904
19909
19915
19917
19918
19919
19926
19927
19934
19935
19940
19950
19959
19960
19961
19970
19972
19975
19981
19984
19990
19991
19993
19993
19993
19996
19997
19998
20002
20002
20007
20011
20018
20019
20027
20031
20031
20032
20034
20035
20037
20043
20044
20045
20046
20047
20049
20065
20070
20072
20088
20091
20094
20095
20099
20103
20103
20106
20107
20108
20112
20115
20116
20120
20123
20126
20130
20131
20131
20134
20136
20138
20141
20142
20147
20150
20154
20161
20162
20164
20165
20167
20169
20172
20173
20182
20183
20184
20185
20189
20196
20202
20204
20207
20207
20207
20208
20219
20219
20226
20226
20228
20232
20233
20237
20244
20247
20248
20251
20255
20259
20259
20261
20262
20264
20269
20270
20273
20273
20273
20279
20287
20290
20295
20296
20300
20301
20302
20303
20307
20308
20313
20313
20316
20318
20320
20320
20321
20323
20323
20326
20326
20327
20328
20333
20333
20337
20346
20347
20347
20348
20348
20358
20359
20363
20365
20370
20372
20373
20374
20377
20378
20385
20386
20387
20389
20396
20401
20407
20408
20409
20412
20412
20413
20413
20416
20422
20422
20426
20435
20437
20448
20455
20455
20457
20462
20466
20469
20472
20473
20475
20478
20487
20488
20490
20495
20495
20514
20517
20523
20524
20524
20526
20532
20540
20543
20545
20545
20547
20554
20554
20559
20559
20559
20560
20568
20572
20573
20580
20580
20590
20602
20605
20606
20608
20609
20609
20613
20614
20615
20619
20628
20632
20634
20636
20637
20640
20643
20646
20647
20651
20652
20655
20664
20665
20670
20676
20678
20678
20682
20684
20685
20686
20688
20688
20689
20698
20700
20704
20711
20713
20716
20716
20717
20717
20718
20719
20724
20731
20732
20733
20733
20734
20735
20737
20739
20740
20741
20741
20741
20742
20742
20743
20743
20750
20758
20758
20766
20766
20768
20771
20775
20778
20785
20787
20790
20791
20800
20808
20809
20810
20820
20823
20825
20827
20829
20829
20833
20835
20836
20836
20836
20837
20838
20839
20839
20840
20842
20848
20850
20852
20853
20855
20856
20857
20860
20861
20864
20865
20870
20881
20887
20890
20892
20907
20912
20913
20913
20915
20918
20922
20924
20928
20931
20931
20931
20934
20934
20936
20938
20941
20942
20946
20947
20947
20948
20949
20953
20956
20963
20964
20968
20968
20969
20971
20978
20981
20983
20984
20985
20985
20986
20987
20988
20992
20994
20996
20999
20999
20999
21000
21001
21006
21008
21011
21012
21023
21027
21029
21030
21039
21044
21047
21050
21054
21056
21061
21062
21062
21063
21068
21070
21074
21080
21080
21087
21093
21093
21095
21098
21107
21108
21108
21109
21109
21109
21115
21116
21120
21122
21123
21126
21126
21131
21131
21131
21133
21134
21137
21146
21152
21154
21154
21156
21159
21160
21161
21165
21176
21178
21180
21183
21184
21188
21189
21190
21195
21195
21196
21204
21207
21211
21212
21216
21220
21226
21235
21240
21241
21252
21255
21261
21265
21274
21274
21277
21279
21285
21294
21297
21306
21318
21323
21329
21342
21350
21352
21352
21352
21353
21356
21371
21372
21372
21380
21383
21386
21391
21394
21396
21397
21399
21399
21401
21405
21406
21411
21411
21416
21420
21420
21421
21421
21423
21425
21431
21432
21433
21435
21440
21442
21447
21448
21449
21449
21450
21452
21453
21454
21469
21470
21472
21475
21479
21482
21488
21490
21490
21494
21495
21505
21508
21509
21511
21511
21514
21519
21521
21522
21527
21533
21534
21536
21539
21543
21553
21556
21557
21562
21573
21574
21575
21581
21583
21583
21586
21587
21590
21592
21592
21594
21614
21619
21626
21627
21628
21634
21637
21638
21644
21645
21646
21647
21648
21648
21658
21662
21666
21669
21670
21676
21678
21678
21681
21699
21703
21704
21705
21709
21709
21714
21715
21716
21716
21722
21727
21727
21730
21730
21735
21737
21741
21742
21749
21751
21754
21754
21755
21756
21757
21758
21758
21758
21762
21762
21772
21774
21776
21779
21780
21782
21784
21784
21785
21787
21792
21794
21795
21796
21796
21798
21806
21812
21814
21816
21818
21819
21826
21830
21830
21831
21839
21846
21854
21857
21858
21876
21876
21879
21880
21880
21881
21882
21883
21883
21885
21887
21889
21891
21892
21892
21893
21894
21894
21899
21900
21902
21903
21905
21906
21907
21910
21918
21919
21919
21931
21931
21932
21935
21941
21948
21955
21963
21970
21972
21974
21974
21976
21981
21987
21988
21989
22003
22005
22006
22007
22009
22010
22011
22018
22025
22025
22032
22032
22039
22041
22042
22046
22049
22055
22057
22059
22059
22060
22064
22066
22066
22069
22070
22074
22076
22079
22087
22089
22089
22095
22097
22100
22101
22110
22112
22114
22118
22120
22124
22125
22125
22129
22132
22139
22141
22141
22143
22147
22148
22150
22153
22154
22158
22178
22181
22183
22185
22185
22192
22193
22197
22201
22201
22207
22209
22214
22216
22217
22218
22221
22223
22225
22226
22228
22229
22235
22243
22249
22254
22254
22258
22259
22269
22272
22273
22273
22277
22280
22282
22284
22286
22286
22287
22290
22292
22294
22297
22298
22303
22304
22307
22307
22308
22310
22310
22315
22316
22316
22321
22325
22328
22334
22338
22340
22341
22342
22353
22357
22359
22359
22361
22373
22374
22381
22381
22387
22396
22408
22412
22412
22413
22415
22416
22416
22420
22422
22423
22424
22425
22426
22430
22442
22442
22451
22452
22453
22456
22462
22465
22465
22469
22470
22484
22503
22504
22505
22505
22507
22510
22512
22525
22526
22532
22533
22535
22537
22543
22544
22549
22550
22550
22551
22553
22556
22569
22574
22575
22577
22579
22586
22586
22591
22592
22598
22607
22618
22618
22620
22621
22625
22628
22631
22631
22632
22643
22643
22646
22646
22653
22660
22660
22662
22662
22664
22676
22681
22681
22686
22688
22689
22698
22704
22708
22710
22711
22711
22712
22714
22715
22720
22729
22730
22733
22734
22736
22745
22747
22748
22753
22757
22758
22765
22766
22771
22774
22780
22782
22783
22784
22785
22787
22789
22794
22795
22798
22799
22802
22803
22811
22817
22818
22819
22826
22828
22830
22839
22840
22843
22846
22850
22867
22870
22871
22871
22873
22880
22880
22885
22886
22887
22891
22900
22900
22905
22906
22909
22909
22912
22919
22919
22923
22923
22924
22926
22927
22928
22929
22929
22931
22934
22938
22942
22943
22944
22944
22952
22952
22953
22959
22970
22972
22977
22978
22989
22990
22994
22994
23000
23000
23000
23006
23009
23009
23017
23019
23022
23025
23026
23029
23038
23042
23043
23047
23047
23047
23049
23051
23057
23058
23059
23065
23076
23079
23080
23080
23082
23082
23091
23099
23103
23106
23111
23112
23113
23116
23120
23125
23129
23136
23136
23144
23147
23149
23153
23154
23154
23161
23166
23172
23176
23179
23180
23184
23185
23187
23189
23192
23192
23194
23195
23198
23199
23201
23206
23211
23216
23217
23223
23225
23226
23229
23230
23231
23232
23235
23236
23243
23243
23243
23250
23252
23254
23260
23263
23263
23265
23267
23271
23273
23275
23281
23282
23282
23283
23290
23293
23301
23303
23305
23313
23327
23328
23329
23330
23332
23333
23338
23344
23347
23349
23351
23352
23354
23361
23362
23365
23365
23366
23370
23372
23373
23377
23378
23379
23379
23382
23386
23386
23395
23400
23401
23403
23416
23418
23425
23429
23434
23442
23452
23454
23462
23464
23465
23467
23470
23481
23486
23486
23487
23487
23489
23492
23502
23503
23503
23505
23508
23510
23514
23516
23518
23519
23520
23520
23524
23529
23532
23543
23544
23547
23551
23554
23558
23559
23565
23570
23576
23577
23578
23578
23580
23582
23586
23588
23590
23591
23591
23591
23594
23595
23596
23596
23597
23600
23601
23603
23604
23605
23608
23609
23610
23614
23616
23616
23619
23623
23627
23632
23633
23635
23635
23642
23643
23648
23651
23652
23657
23659
23663
23664
23667
23671
23673
23675
23676
23677
23687
23687
23687
23689
23690
23693
23696
23696
23699
23700
23706
23706
23709
23713
23715
23715
23718
23720
23722
23734
23739
23739
23740
23744
23746
23751
23752
23753
23759
23759
23760
23776
23777
23778
23779
23780
23781
23784
23785
23787
23789
23804
23810
23817
23819
23821
23824
23827
23830
23830
23843
23848
23856
23860
23862
23864
23864
23867
23868
23879
23883
23883
23885
23886
23886
23888
23888
23895
23901
23903
23906
23914
23917
23918
23924
23924
23929
23931
23938
23939
23941
23945
23948
23956
23958
23958
23959
23959
23961
23969
23976
23977
23981
23983
23984
23987
23993
24000
24002
24005
24006
24010
24014
24014
24018
24026
24026
24026
24030
24033
24033
24033
24034
24034
24038
24038
24039
24042
24045
24048
24049
24049
24059
24060
24063
24065
24067
24068
24070
24071
24072
24075
24079
24082
24083
24084
24086
24095
24096
24098
24104
24105
24107
24115
24119
24125
24139
24139
24151
24154
24155
24164
24165
24175
24176
24182
24188
24196
24196
24197
24203
24210
24214
24217
24221
24221
24228
24234
24251
24252
24259
24262
24262
24268
24268
24270
24272
24276
24278
24278
24281
24282
24285
24289
24289
24295
24298
24313
24318
24320
24321
24322
24325
24328
24337
24337
24339
24340
24340
24342
24348
24350
24350
24351
24351
24354
24357
24361
24361
24362
24363
24364
24364
24365
24371
24377
24378
24378
24382
24387
24388
24389
24389
24392
24401
24401
24403
24405
24406
24409
24410
24418
24421
24425
24425
24428
24429
24432
24437
24442
24445
24445
24447
24448
24461
24461
24467
24469
24471
24479
24485
24501
24506
24510
24519
24522
24522
24528
24528
24532
24534
24537
24540
24544
24545
24547
24549
24551
24551
24552
24553
24559
24561
24561
24562
24564
24567
24569
24569
24573
24574
24574
24574
24578
24578
24582
24586
24602
24604
24607
24608
24609
24612
24614
24615
24622
24622
24629
24639
24640
24643
24643
24653
24662
24663
24668
24672
24673
24680
24685
24689
24695
24696
24709
24713
24715
24716
24717
24721
24723
24729
24737
24737
24740
24740
24743
24746
24748
24761
24762
24769
24771
24771
24780
24781
24781
24788
24796
24798
24798
24802
24803
24807
24810
24810
24810
24812
24816
24819
24819
24829
24830
24832
24837
24840
24842
24842
24843
24844
24846
24849
24851
24852
24852
24853
24853
24854
24866
24868
24869
24873
24876
24877
24886
24891
24893
24894
24898
24898
24899
24901
24901
24905
24908
24914
24917
24918
24919
24919
24920
24920
24932
24935
24935
24940
24944
24945
24950
24953
24954
24955
24961
24961
24968
24976
24985
24988
24991
24992
24992
24994
24995
25000
25005
25007
25014
25018
25020
25021
25022
25027
25038
25038
25049
25051
25053
25054
25054
25056
25058
25058
25058
25061
25066
25069
25084
25091
25098
25099
25102
25102
25107
25108
25115
25115
25116
25119
25120
25123
25129
25136
25144
25145
25146
25148
25149
25150
25154
25160
25161
25164
25170
25183
25183
25183
25188
25192
25202
25204
25204
25205
25206
25207
25207
25209
25215
25216
25218
25219
25219
25225
25226
25227
25236
25240
25241
25246
25249
25250
25252
25252
25253
25260
25264
25273
25273
25274
25274
25275
25291
25292
25293
25294
25294
25296
25302
25306
25311
25324
25325
25331
25340
25354
25356
25356
25358
25361
25365
25371
25372
25372
25372
25379
25380
25389
25391
25398
25399
25408
25414
25418
25419
25422
25428
25436
25437
25440
25442
25445
25446
25451
25457
25457
25461
25463
25466
25469
25470
25475
25476
25489
25492
25493
25495
25499
25499
25501
25506
25507
25507
25513
25516
25518
25523
25535
25536
25540
25545
25551
25552
25558
25562
25562
25564
25568
25570
25577
25580
25580
25581
25581
25597
25603
25607
25607
25610
25612
25619
25623
25624
25624
25625
25627
25628
25632
25633
25633
25633
25640
25643
25645
25647
25651
25662
25674
25679
25685
25689
25693
25693
25693
25696
25702
25703
25703
25706
25711
25715
25722
25726
25731
25737
25742
25745
25746
25751
25755
25755
25756
25757
25758
25761
25767
25768
25768
25774
25785
25787
25795
25805
25815
25821
25825
25826
25826
25826
25827
25827
25838
25847
25848
25848
25856
25859
25860
25865
25874
25878
25878
25880
25884
25886
25893
25895
25896
25897
25904
25906
25907
25913
25919
25920
25928
25929
25931
25932
25935
25937
25942
25943
25946
25947
25951
25963
25968
25968
25969
25971
25974
25978
25984
26004
26008
26012
26017
26020
26045
26047
26048
26049
26050
26050
26055
26055
26060
26073
26074
26075
26078
26080
26085
26088
26091
26091
26094
26094
26094
26095
26101
26104
26113
26114
26116
26118
26122
26124
26126
26128
26128
26132
26149
26149
26149
26153
26154
26156
26161
26162
26165
26166
26168
26172
26172
26177
26179
26182
26192
26194
26195
26198
26201
26202
26205
26205
26209
26215
26216
26220
26222
26223
26226
26226
26228
26228
26237
26240
26241
26242
26244
26246
26250
26255
26258
26263
26266
26267
26267
26268
26269
26274
26276
26278
26291
26292
26305
26307
26320
26321
26323
26323
26328
26329
26330
26334
26336
26341
26342
26344
26345
26345
26346
26346
26348
26350
26352
26356
26356
26362
26362
26368
26368
26372
26372
26374
26378
26378
26381
26386
26387
26392
26396
26399
26401
26403
26405
26416
26418
26419
26424
26427
26428
26433
26446
26448
26449
26450
26450
26457
26458
26460
26464
26468
26469
26475
26487
26490
26490
26491
26492
26492
26493
26499
26513
26516
26518
26520
26521
26529
26530
26534
26535
26537
26537
26538
26549
26552
26554
26561
26562
26572
26577
26577
26582
26583
26584
26584
26585
26586
26591
26591
26598
26599
26601
26602
26612
26614
26626
26627
26628
26633
26646
26651
26652
26654
26658
26664
26666
26679
26680
26684
26684
26693
26695
26699
26700
26703
26704
26708
26708
26712
26713
26717
26723
26725
26732
26733
26734
26738
26740
26742
26744
26749
26754
26756
26757
26757
26758
26760
26761
26765
26766
26767
26767
26768
26772
26772
26774
26777
26778
26779
26779
26783
26784
26785
26797
26808
26811
26816
26817
26817
26822
26824
26824
26830
26834
26835
26836
26838
26842
26843
26851
26852
26854
26863
26866
26867
26868
26871
26881
26882
26883
26887
26887
26892
26892
26901
26902
26906
26907
26917
26919
26921
26923
26925
26925
26926
26926
26930
26930
26931
26931
26932
26934
26937
26938
26941
26941
26941
26945
26946
26947
26951
26951
26951
26955
26956
26959
26965
26967
26968
26970
26971
26974
26977
26979
26985
26993
26996
27000
27002
27003
27009
27010
27011
27014
27017
27017
27021
27024
27024
27025
27028
27029
27029
27030
27031
27034
27034
27036
27037
27038
27040
27041
27041
27045
27048
27049
27059
27062
27068
27075
27077
27088
27093
27095
27099
27104
27105
27105
27106
27113
27119
27120
27120
27128
27133
27136
27144
27154
27160
27160
27160
27163
27168
27174
27175
27177
27177
27178
27181
27183
27185
27187
27190
27195
27197
27204
27204
27209
27216
27227
27231
27241
27247
27253
27254
27256
27263
27263
27264
27271
27272
27273
27275
27277
27283
27283
27284
27285
27292
27296
27301
27308
27308
27309
27312
27312
27320
27322
27324
27325
27326
27329
27332
27335
27341
27341
27344
27345
27350
27356
27359
27364
27365
27371
27375
27382
27384
27384
27391
27391
27392
27395
27396
27404
27405
27407
27408
27411
27411
27411
27412
27412
27414
27415
27415
27423
27423
27424
27426
27430
27431
27438
27454
27462
27463
27466
27468
27468
27475
27476
27479
27480
27488
27488
27490
27497
27499
27500
27501
27509
27509
27520
27525
27525
27526
27527
27530
27536
27539
27539
27543
27545
27555
27555
27556
27556
27557
27560
27561
27562
27563
27567
27568
27571
27571
27578
27585
27586
27587
27591
27594
27596
27601
27603
27612
27619
27620
27621
27622
27638
27641
27641
27645
27648
27650
27655
27664
27666
27667
27669
27671
27671
27673
27676
27677
27679
27684
27684
27685
27688
27691
27693
27694
27695
27696
27696
27700
27708
27710
27713
27718
27721
27731
27732
27733
27751
27751
27758
27766
27771
27771
27774
27775
27776
27778
27778
27782
27787
27789
27811
27812
27814
27819
27820
27825
27826
27826
27838
27840
27842
27844
27854
27855
27855
27856
27858
27862
27863
27866
27867
27874
27877
27882
27883
27884
27885
27895
27895
27902
27903
27907
27907
27921
27922
27924
27928
27928
27928
27932
27934
27939
27939
27940
27941
27941
27942
27945
27946
27952
27958
27960
27963
27964
27966
27968
27975
27977
27980
27982
27982
27989
27990
27993
27994
27995
27999
27999
28000
28014
28016
28016
28019
28019
28020
28023
28031
28031
28034
28036
28037
28037
28042
28049
28054
28066
28069
28072
28072
28074
28081
28088
28090
28106
28107
28111
28113
28114
28115
28116
28117
28118
28121
28121
28122
28125
28129
28139
28139
28141
28143
28143
28145
28147
28151
28152
28153
28153
28161
28164
28166
28174
28176
28183
28185
28185
28199
28200
28200
28206
28208
28209
28219
28228
28230
28234
28234
28236
28242
28243
28243
28244
28247
28247
28250
28259
28260
28264
28270
28280
28286
28292
28294
28299
28301
28305
28308
28313
28316
28321
28329
28330
28338
28338
28342
28348
28350
28354
28357
28359
28364
28364
28368
28369
28379
28381
28382
28384
28386
28387
28389
28390
28394
28396
28397
28397
28401
28402
28414
28416
28417
28417
28417
28420
28426
28429
28429
28430
28456
28457
28458
28472
28474
28474
28474
28475
28477
28481
28487
28488
28488
28495
28495
28499
28500
28501
28504
28510
28511
28512
28513
28522
28532
28533
28542
28542
28550
28558
28559
28564
28575
28576
28576
28580
28586
28588
28588
28589
28592
28593
28595
28602
28604
28606
28608
28611
28612
28617
28619
28619
28631
28634
28641
28643
28647
28647
28647
28650
28651
28653
28654
28657
28657
28658
28659
28661
28663
28663
28665
28669
28669
28670
28671
28675
28683
28684
28686
28698
28698
28699
28699
28702
28704
28712
28716
28717
28724
28726
28731
28734
28735
28737
28737
28746
28753
28757
28760
28761
28762
28762
28766
28767
28774
28775
28775
28779
28785
28787
28802
28804
28805
28820
28821
28821
28824
28825
28828
28828
28830
28842
28844
28846
28846
28848
28848
28853
28854
28857
28866
28867
28868
28872
28872
28877
28879
28879
28884
28884
28886
28886
28888
28893
28904
28907
28912
28918
28918
28923
28925
28928
28929
28930
28930
28931
28934
28937
28940
28943
28943
28944
28945
28947
28950
28952
28954
28956
28961
28963
28964
28974
28980
28982
28982
28982
28984
28986
28986
28987
28991
29002
29006
29006
29008
29009
29010
29010
29012
29013
29019
29019
29023
29025
29026
29028
29028
29034
29035
29037
29037
29046
29052
29056
29058
29062
29067
29069
29070
29076
29078
29080
29087
29087
29089
29100
29103
29104
29104
29110
29120
29121
29125
29131
29137
29139
29142
29151
29159
29159
29167
29167
29173
29173
29177
29177
29181
29183
29188
29191
29193
29200
29200
29216
29222
29235
29240
29254
29256
29258
29262
29269
29271
29277
29277
29277
29280
29281
29283
29284
29286
29286
29289
29295
29300
29300
29301
29317
29325
29325
29328
29328
29330
29331
29335
29337
29339
29353
29354
29354
29358
29361
29365
29365
29372
29375
29378
29383
29385
29390
29393
29402
29406
29407
29411
29422
29423
29429
29431
29436
29437
29438
29440
29452
29453
29453
29460
29465
29467
29468
29480
29482
29486
29495
29496
29496
29498
29501
29502
29503
29505
29505
29511
29524
29527
29528
29532
29534
29536
29539
29543
29548
29549
29550
29550
29562
29571
29572
29585
29588
29591
29592
29593
29593
29594
29596
29597
29602
29602
29603
29603
29614
29618
29619
29619
29620
29626
29630
29631
29633
29648
29648
29660
29660
29662
29668
29668
29672
29683
29687
29692
29697
29698
29699
29699
29700
29701
29707
29707
29717
29717
29718
29719
29720
29723
29724
29727
29729
29738
29741
29742
29742
29744
29746
29750
29751
29751
29754
29755
29758
29759
29762
29764
29764
29765
29777
29777
29779
29779
29780
29782
29784
29789
29792
29797
29799
29800
29802
29809
29810
29811
29813
29814
29816
29816
29823
29823
29824
29828
29835
29837
29839
29844
29844
29845
29846
29855
29856
29857
29858
29859
29861
29864
29865
29866
29868
29874
29876
29880
29881
29881
29884
29885
29885
29888
29897
29899
29899
29900
29908
29909
29909
29910
29911
29913
29915
29918
29920
29922
29925
29928
29929
29929
29935
29937
29938
29941
29945
29952
29952
29960
29961
29963
29964
29972
29981
29985
29992
29994
30002
30005
30010
30012
30016
30016
30016
30023
30025
30028
30033
30036
30052
30053
30056
30057
30063
30065
30069
30074
30074
30074
30079
30079
30080
30081
30082
30084
30084
30090
30092
30094
30097
30100
30104
30106
30107
30108
30110
30113
30118
30124
30127
30136
30140
30141
30141
30143
30144
30147
30148
30158
30159
30164
30167
30169
30176
30180
30180
30181
30182
30184
30184
30188
30191
30192
30195
30197
30199
30201
30203
30206
30209
30209
30212
30217
30226
30228
30238
30239
30244
30247
30250
30255
30255
30256
30258
30259
30260
30261
30267
30281
30283
30292
30293
30300
30303
30312
30317
30330
30333
30347
30348
30352
30355
30360
30360
30364
30368
30370
30372
30372
30378
30387
30394
30396
30401
30402
30407
30407
30413
30418
30418
30425
30426
30428
30430
30431
30437
30446
30446
30450
30450
30450
30450
30451
30455
30458
30461
30462
30462
30465
30476
30477
30478
30480
30489
30490
30493
30497
30502
30504
30505
30512
30512
30515
30516
30518
30519
30522
30522
30523
30528
30528
30531
30531
30534
30541
30542
30543
30545
30547
30551
30557
30559
30561
30566
30569
30570
30579
30582
30583
30585
30588
30589
30591
30592
30594
30598
30607
30619
30624
30625
30627
30630
30630
30634
30637
30638
30639
30648
30652
30654
30663
30664
30665
30674
30678
30679
30680
30685
30686
30690
30700
30709
30710
30717
30718
30724
30725
30729
30752
30752
30753
30755
30765
30769
30773
30774
30786
30788
30789
30791
30792
30796
30803
30806
30811
30811
30811
30813
30821
30826
30830
30839
30839
30845
30848
30848
30854
30855
30858
30861
30865
30868
30874
30875
30876
30889
30890
30890
30903
30909
30911
30913
30913
30929
30930
30930
30934
30938
30938
30940
30950
30952
30957
30960
30964
30966
30968
30973
30975
30981
30982
30985
30985
30987
30991
30993
30994
30996
30997
31000
31001
31003
31018
31021
31021
31022
31026
31031
31040
31045
31047
31052
31056
31059
31059
31059
31059
31060
31064
31064
31065
31065
31065
31068
31071
31072
31074
31077
31080
31080
31082
31092
31096
31097
31100
31102
31105
31110
31110
31116
31120
31123
31127
31129
31139
31142
31148
31158
31171
31172
31174
31179
31182
31184
31185
31187
31188
31195
31208
31221
31222
31223
31229
31231
31231
31232
31234
31236
31237
31239
31241
31242
31244
31247
31254
31268
31271
31276
31278
31281
31284
31284
31287
31288
31289
31294
31298
31304
31308
31308
31313
31318
31323
31325
31331
31333
31334
31336
31338
31344
31344
31349
31353
31355
31356
31356
31357
31359
31362
31362
31363
31363
31366
31366
31367
31370
31372
31375
31377
31378
31379
31383
31384
31387
31390
31397
31399
31403
31405
31405
31406
31406
31411
31417
31418
31421
31422
31431
31432
31436
31437
31437
31440
31442
31442
31445
31446
31450
31451
31454
31456
31456
31460
31464
31465
31471
31472
31474
31478
31479
31479
31484
31485
31490
31494
31495
31497
31501
31506
31515
31518
31522
31524
31528
31534
31534
31536
31539
31544
31550
31555
31556
31556
31556
31560
31567
31574
31575
31578
31580
31587
31591
31596
31598
31601
31601
31603
31607
31609
31611
31613
31613
31614
31615
31637
31639
31639
31640
31647
31648
31649
31649
31650
31654
31655
31666
31672
31674
31675
31682
31688
31693
31693
31695
31704
31712
31714
31715
31717
31718
31718
31729
31731
31734
31740
31740
31741
31741
31748
31751
31757
31758
31761
31764
31766
31767
31767
31769
31777
31781
31784
31785
31785
31795
31795
31801
31803
31803
31823
31827
31836
31839
31840
31844
31845
31845
31845
31846
31847
31851
31854
31858
31865
31865
31876
31878
31890
31890
31892
31896
31897
31899
31900
31913
31914
31920
31922
31923
31928
31933
31933
31934
31937
31940
31946
31949
31950
31954
31961
31966
31967
31971
31972
31980
31985
31986
31992
31993
32001
32001
32003
32004
32004
32007
32011
32013
32017
32020
32023
32026
32027
32028
32028
32039
32040
32045
32047
32049
32057
32060
32062
32065
32067
32068
32078
32078
32079
32080
32083
32089
32090
32091
32092
32095
32098
32098
32108
32109
32110
32111
32119
32124
32124
32126
32126
32127
32128
32131
32131
32133
32136
32140
32142
32146
32151
32152
32156
32161
32164
32170
32170
32171
32178
32179
32181
32183
32188
32189
32190
32195
32196
32198
32199
32205
32206
32209
32212
32214
32215
32215
32218
32222
32227
32228
32228
32230
32238
32239
32240
32243
32246
32246
32248
32248
32250
32262
32262
32266
32267
32274
32275
32277
32279
32289
32290
32291
32296
32306
32308
32310
32311
32313
32316
32319
32319
32320
32322
32325
32326
32327
32331
32332
32343
32343
32356
32357
32358
32359
32362
32365
32373
32374
32374
32380
32382
32383
32395
32405
32407
32409
32411
32413
32413
32413
32419
32422
32423
32424
32435
32435
32436
32436
32437
32439
32440
32442
32447
32452
32454
32458
32459
32466
32471
32474
32480
32480
32486
32486
32486
32487
32493
32494
32495
32496
32496
32497
32500
32504
32512
32518
32523
32523
32524
32524
32525
32529
32530
32532
32536
32547
32557
32559
32566
32568
32570
32576
32580
32581
32581
32583
32585
32590
32591
32594
32598
32601
32604
32607
32607
32608
32608
32610
32614
32621
32624
32625
32627
32627
32629
32638
32640
32645
32649
32650
32650
32651
32654
32658
32659
32665
32665
32671
32680
32681
32685
32690
32691
32693
32696
32700
32703
32704
32712
32713
32715
32716
32726
32734
32747
32748
32751
32753
32758
32762
