0
2
5
11
12
14
17
23
26
27
30
32
36
39
40
43
46
49
52
53
57
57
58
60
63
65
66
66
67
75
77
79
82
83
83
87
89
96
96
100
106
108
112
112
112
112
113
113
114
115
115
120
121
123
123
127
130
141
147
152
154
155
161
166
170
178
179
190
196
200
214
216
217
218
223
224
226
227
230
234
247
248
248
252
252
265
266
267
268
271
273
280
280
282
282
284
284
286
297
298
302
303
307
312
316
318
323
326
329
344
349
351
360
368
370
391
392
395
397
399
401
405
411
418
430
436
438
439
439
445
446
447
448
452
458
459
459
462
464
467
468
473
476
481
484
490
492
494
496
499
499
503
503
507
516
521
524
525
526
528
533
534
536
541
543
543
547
548
550
556
563
563
564
565
582
583
585
586
587
598
599
606
616
618
619
622
628
631
633
633
634
634
635
636
638
638
641
642
653
659
659
662
666
671
688
695
705
709
709
711
714
715
716
726
729
730
737
741
742
743
749
758
758
762
765
766
770
773
777
780
793
793
796
800
806
814
815
819
829
833
851
853
857
863
865
866
870
873
874
874
875
877
877
878
880
882
882
883
884
890
890
895
909
917
925
927
933
933
936
938
938
939
942
946
947
950
952
957
958
960
961
967
968
970
971
976
977
978
981
985
985
986
987
989
991
994
998
998
1006
1007
1008
1008
1009
1014
1020
1026
1032
1044
1051
1051
1053
1053
1065
1073
1075
1076
1079
1080
1083
1084
1085
1087
1094
1102
1102
1104
1107
1108
1110
1112
1115
1120
1125
1128
1130
1133
1134
1135
1135
1137
1139
1142
1143
1143
1143
1153
1163
1169
1171
1173
1175
1191
1191
1198
1198
1199
1201
1203
1207
1207
1212
1220
1233
1235
1247
1253
1262
1263
1264
1265
1265
1277
1300
1300
1307
1321
1321
1328
1330
1332
1332
1341
1345
1349
1353
1353
1361
1371
1378
1378
1382
1383
1383
1383
1384
1386
1389
1390
1395
1398
1400
1405
1406
1410
1418
1419
1420
1424
1430
1432
1433
1433
1434
1435
1437
1444
1449
1455
1457
1458
1459
1464
1470
1472
1472
1475
1479
1479
1479
1480
1487
1488
1496
1496
1500
1502
1510
1513
1516
1518
1520
1530
1532
1533
1534
1541
1542
1546
1549
1554
1555
1559
1567
1568
1574
1575
1577
1579
1586
1587
1587
1591
1602
1607
1612
1616
1617
1620
1620
1629
1629
1633
1645
1646
1646
1651
1652
1654
1660
1663
1666
1669
1672
1672
1673
1678
1684
1687
1691
1692
1693
1696
1696
1700
1700
1701
1704
1704
1705
1707
1709
1709
1713
1716
1717
1721
1721
1723
1747
1750
1750
1758
1759
1764
1765
1766
1770
1771
1772
1780
1780
1781
1785
1791
1792
1794
1796
1799
1799
1810
1812
1812
1816
1817
1820
1821
1822
1823
1831
1832
1835
1836
1840
1841
1846
1849
1850
1856
1859
1862
1864
1866
1866
1870
1871
1878
1880
1888
1893
1894
1895
1898
1899
1900
1900
1901
1906
1906
1907
1910
1914
1921
1922
1930
1931
1932
1942
1942
1942
1945
1952
1953
1956
1969
1972
1972
1972
1976
1983
1984
1991
1992
1996
1997
2008
2008
2008
2018
2019
2023
2024
2029
2030
2034
2034
2035
2037
2040
2045
2053
2054
2057
2057
2057
2059
2064
2065
2066
2067
2069
2071
2073
2077
2077
2079
2084
2089
2090
2092
2096
2108
2109
2127
2131
2138
2144
2151
2154
2161
2162
2173
2175
2183
2184
2187
2189
2189
2191
2193
2194
2195
2201
2205
2208
2208
2214
2215
2222
2228
2228
2234
2237
2241
2250
2252
2252
2254
2259
2261
2263
2267
2269
2270
2273
2275
2281
2281
2282
2285
2285
2287
2287
2290
2295
2296
2296
2302
2305
2307
2314
2314
2318
2318
2318
2321
2321
2330
2330
2330
2332
2338
2346
2364
2371
2384
2385
2386
2386
2388
2393
2403
2413
2414
2414
2416
2436
2437
2441
2441
2443
2444
2450
2451
2459
2460
2461
2463
2468
2473
2477
2479
2480
2483
2483
2486
2487
2489
2498
2498
2505
2506
2508
2509
2514
2514
2518
2520
2525
2532
2538
2539
2542
2545
2546
2546
2550
2551
2553
2555
2556
2559
2560
2568
2568
2573
2576
2579
2582
2584
2588
2588
2589
2598
2598
2602
2604
2607
2611
2616
2622
2622
2626
2629
2633
2634
2635
2639
2642
2644
2648
2649
2670
2672
2673
2673
2674
2676
2676
2677
2679
2684
2686
2691
2692
2694
2697
2699
2704
2705
2706
2708
2711
2717
2731
2737
2741
2752
2752
2752
2752
2757
2766
2771
2776
2776
2781
2788
2789
2789
2791
2795
2795
2799
2809
2810
2812
2815
2816
2831
2836
2837
2845
2847
2850
2851
2853
2858
2866
2875
2876
2883
2883
2890
2901
2905
2911
2912
2912
2914
2918
2923
2925
2925
2926
2929
2932
2944
2944
2946
2965
2966
2968
2974
2979
2981
2987
2989
2995
2996
2998
2998
2998
3002
3014
3021
3022
3025
3029
3032
3033
3037
3038
3045
3046
3049
3051
3051
3053
3055
3058
3076
3078
3080
3081
3082
3086
3087
3091
3091
3100
3103
3105
3109
3118
3120
3123
3125
3126
3126
3127
3130
3140
3145
3149
3150
3154
3155
3156
3160
3163
3164
3166
3171
3171
3172
3176
3177
3191
3191
3192
3195
3199
3199
3202
3213
3214
3215
3223
3224
3225
3226
3228
3233
3246
3247
3248
3248
3252
3253
3253
3254
3254
3256
3257
3260
3261
3261
3264
3264
3266
3269
3274
3275
3279
3280
3287
3289
3291
3292
3301
3311
3313
3320
3321
3323
3331
3339
3340
3346
3353
3354
3355
3356
3363
3364
3366
3366
3369
3373
3375
3376
3381
3381
3382
3383
3384
3385
3385
3386
3387
3390
3391
3392
3393
3393
3394
3399
3400
3403
3403
3403
3408
3411
3420
3422
3425
3426
3428
3432
3434
3436
3437
3441
3445
3445
3447
3451
3456
3470
3476
3477
3479
3485
3486
3487
3487
3500
3502
3502
3506
3522
3524
3531
3532
3535
3538
3538
3542
3549
3549
3555
3560
3561
3563
3566
3571
3575
3576
3581
3583
3584
3589
3592
3593
3593
3595
3603
3603
3605
3610
3612
3612
3614
3617
3620
3620
3636
3636
3639
3640
3644
3645
3648
3650
3651
3651
3657
3664
3676
3678
3682
3683
3686
3693
3693
3695
3696
3702
3703
3705
3711
3714
3717
3720
3720
3721
3724
3725
3730
3733
3738
3739
3742
3743
3744
3748
3748
3754
3755
3760
3767
3771
3773
3775
3782
3782
3782
3784
3790
3790
3792
3796
3801
3802
3803
3806
3806
3807
3813
3815
3816
3846
3851
3854
3857
3864
3866
3867
3870
3874
3876
3878
3878
3879
3885
3888
3889
3890
3891
3894
3899
3912
3915
3925
3926
3926
3929
3931
3932
3935
3938
3942
3942
3952
3955
3968
3970
3971
3974
3977
3982
3983
3985
3986
3990
3990
3991
3991
3992
4005
4010
4010
4015
4016
4019
4019
4027
4028
4030
4030
4033
4033
4034
4036
4047
4048
4053
4055
4058
4059
4059
4064
4065
4065
4068
4069
4074
4076
4080
4082
4082
4084
4087
4093
4094
4095
4098
4101
4102
4104
4111
4117
4122
4125
4130
4132
4135
4137
4138
4142
4144
4147
4151
4153
4156
4159
4162
4166
4168
4170
4173
4175
4179
4182
4186
4188
4191
4192
4198
4200
4207
4211
4212
4215
4216
4222
4226
4226
4229
4230
4233
4234
4235
4236
4248
4248
4248
4249
4253
4253
4256
4261
4268
4269
4270
4271
4276
4278
4282
4285
4288
4289
4292
4296
4299
4299
4300
4302
4304
4306
4311
4315
4317
4317
4317
4321
4322
4325
4332
4332
4333
4346
4347
4347
4353
4364
4365
4366
4366
4367
4368
4372
4373
4377
4379
4380
4396
4400
4403
4413
4416
4419
4420
4421
4421
4421
4423
4424
4425
4429
4429
4433
4434
4438
4440
4440
4444
4447
4450
4450
4455
4459
4461
4461
4465
4468
4481
4484
4484
4489
4490
4492
4496
4497
4497
4497
4499
4499
4503
4505
4510
4513
4520
4521
4522
4522
4524
4524
4533
4534
4535
4537
4540
4540
4542
4545
4547
4555
4556
4556
4559
4563
4574
4577
4588
4595
4603
4604
4606
4608
4612
4614
4622
4626
4627
4627
4633
4638
4640
4641
4644
4646
4648
4649
4650
4653
4657
4657
4658
4662
4665
4669
4673
4676
4677
4679
4680
4683
4685
4686
4687
4691
4695
4697
4699
4700
4706
4707
4708
4709
4711
4726
4731
4736
4736
4737
4738
4739
4745
4747
4749
4749
4751
4754
4755
4757
4757
4766
4768
4768
4768
4771
4773
4775
4777
4777
4781
4803
4806
4806
4808
4809
4826
4830
4832
4833
4834
4839
4842
4842
4845
4852
4859
4862
4863
4870
4874
4878
4880
4880
4882
4886
4888
4892
4897
4910
4911
4914
4914
4918
4922
4933
4936
4938
4938
4939
4943
4946
4947
4947
4950
4950
4950
4954
4957
4958
4964
4965
4966
4966
4967
4970
4973
4973
4974
4979
4980
4988
4988
4990
4995
5001
5007
5010
5021
5023
5027
5033
5038
5038
5043
5046
5048
5048
5049
5065
5071
5071
5073
5084
5086
5097
5102
5102
5102
5104
5106
5114
5115
5116
5118
5118
5123
5133
5143
5146
5150
5158
5164
5170
5175
5179
5183
5189
5198
5198
5199
5199
5204
5206
5213
5215
5218
5222
5223
5224
5224
5229
5234
5245
5253
5256
5260
5265
5267
5270
5271
5273
5282
5294
5294
5299
5311
5316
5318
5320
5323
5326
5331
5334
5335
5349
5349
5351
5353
5355
5356
5360
5367
5370
5371
5373
5386
5392
5400
5400
5401
5402
5404
5407
5408
5410
5411
5415
5416
5422
5427
5447
5449
5451
5453
5458
5460
5463
5466
5466
5466
5466
5469
5469
5473
5475
5477
5482
5483
5487
5490
5490
5493
5501
5513
5514
5521
5521
5522
5529
5532
5532
5534
5536
5541
5542
5542
5547
5549
5555
5558
5560
5566
5570
5571
5572
5574
5578
5583
5591
5592
5594
5596
5600
5601
5601
5603
5608
5609
5620
5622
5632
5634
5635
5643
5643
5647
5648
5651
5653
5654
5659
5664
5666
5671
5677
5678
5681
5683
5694
5694
5695
5699
5701
5704
5708
5712
5712
5713
5720
5723
5727
5729
5730
5738
5739
5739
5740
5741
5741
5747
5750
5751
5757
5758
5759
5760
5765
5769
5770
5774
5775
5777
5781
5781
5783
5784
5794
5795
5801
5810
5810
5814
5816
5820
5823
5830
5831
5835
5838
5839
5839
5842
5846
5852
5853
5855
5865
5873
5874
5876
5877
5881
5882
5885
5886
5890
5894
5899
5902
5903
5907
5910
5910
5911
5912
5918
5919
5919
5921
5930
5930
5930
5937
5938
5939
5944
5945
5945
5946
5949
5950
5951
5951
5952
5954
5955
5956
5959
5959
5960
5964
5966
5971
5972
5976
5980
5984
5987
5988
5991
5992
5997
5997
5999
6000
6005
6007
6010
6016
6023
6024
6026
6026
6026
6028
6031
6035
6035
6037
6041
6041
6045
6049
6051
6053
6055
6056
6060
6067
6075
6076
6077
6085
6096
6103
6111
6113
6116
6122
6135
6145
6146
6147
6155
6161
6162
6167
6167
6168
6168
6168
6169
6173
6174
6175
6177
6178
6185
6196
6203
6207
6208
6210
6211
6213
6214
6215
6216
6220
6220
6225
6225
6232
6235
6236
6240
6243
6249
6252
6254
6264
6265
6266
6272
6274
6276
6279
6282
6285
6287
6288
6289
6291
6295
6297
6301
6307
6308
6324
6325
6337
6342
6342
6344
6347
6359
6360
6365
6366
6369
6380
6381
6383
6388
6393
6400
6402
6409
6410
6414
6418
6420
6423
6434
6436
6441
6441
6441
6443
6446
6456
6458
6462
6463
6466
6469
6471
6472
6490
6498
6501
6504
6508
6508
6510
6517
6519
6520
6522
6524
6527
6531
6537
6545
6546
6547
6551
6552
6555
6556
6557
6558
6558
6562
6566
6569
6572
6575
6579
6580
6581
6586
6592
6595
6601
6602
6602
6615
6615
6628
6628
6632
6635
6642
6644
6646
6648
6655
6665
6675
6681
6681
6682
6684
6687
6687
6690
6690
6693
6695
6697
6702
6705
6706
6708
6708
6708
6713
6717
6718
6720
6728
6733
6745
6749
6750
6762
6770
6774
6778
6783
6791
6813
6814
6822
6822
6827
6827
6830
6830
6831
6835
6835
6837
6840
6843
6847
6850
6854
6855
6865
6867
6870
6871
6873
6878
6883
6890
6893
6902
6903
6909
6910
6910
6911
6912
6919
6920
6921
6921
6929
6931
6932
6934
6937
6947
6962
6964
6966
6969
6970
6972
6975
6975
6983
6984
6987
6991
7011
7012
7013
7014
7016
7016
7022
7025
7028
7032
7032
7040
7047
7050
7051
7052
7061
7062
7067
7068
7069
7073
7077
7091
7092
7099
7102
7108
7118
7120
7120
7123
7123
7124
7125
7132
7135
7135
7139
7139
7140
7141
7145
7151
7155
7162
7162
7164
7171
7175
7175
7179
7189
7190
7193
7194
7199
7202
7205
7206
7207
7210
7210
7211
7212
7215
7217
7220
7223
7224
7226
7227
7230
7234
7237
7238
7244
7248
7250
7254
7254
7255
7255
7258
7258
7260
7264
7265
7265
7270
7271
7276
7286
7286
7286
7287
7293
7295
7299
7302
7306
7314
7320
7320
7323
7325
7326
7330
7334
7335
7342
7342
7345
7351
7352
7357
7358
7360
7370
7372
7373
7374
7375
7386
7388
7391
7394
7401
7401
7409
7409
7414
7426
7428
7429
7432
7436
7439
7442
7443
7444
7448
7450
7453
7455
7456
7456
7457
7461
7465
7466
7467
7468
7468
7472
7473
7481
7483
7488
7497
7498
7499
7505
7510
7510
7511
7519
7526
7526
7530
7531
7531
7537
7545
7548
7551
7555
7559
7566
7567
7567
7573
7577
7590
7591
7597
7597
7599
7601
7602
7603
7609
7616
7628
7629
7629
7631
7637
7637
7640
7647
7651
7652
7659
7660
7663
7664
7664
7667
7667
7670
7672
7674
7674
7682
7686
7693
7697
7697
7697
7699
7701
7702
7702
7710
7711
7712
7713
7719
7721
7725
7743
7746
7746
7754
7756
7759
7759
7760
7762
7762
7767
7768
7780
7782
7783
7783
7785
7786
7787
7794
7803
7807
7810
7811
7820
7820
7821
7825
7825
7829
7834
7837
7839
7847
7852
7856
7860
7863
7865
7865
7867
7884
7885
7885
7897
7903
7907
7914
7914
7915
7916
7919
7928
7931
7941
7941
7944
7947
7948
7952
7960
7963
7964
7966
7968
7968
7973
7979
7980
7981
7992
7993
7994
7999
8002
8005
8011
8017
8017
8020
8022
8023
8023
8026
8027
8029
8032
8032
8033
8038
8044
8046
8049
8051
8054
8065
8066
8069
8070
8074
8075
8077
8081
8083
8083
8084
8088
8090
8091
8092
8092
8092
8094
8096
8097
8097
8098
8100
8100
8107
8110
8111
8115
8115
8115
8117
8120
8122
8130
8134
8136
8136
8138
8139
8140
8141
8143
8148
8153
8156
8157
8160
8161
8168
8175
8179
8181
8181
8182
8183
8184
8189
8215
8216
8219
8224
8225
8226
8230
8232
8233
8234
8234
8238
8244
8246
8246
8246
8252
8256
8257
8257
8262
8263
8263
8264
8267
8274
8278
8279
8280
8281
8282
8297
8298
8299
8299
8302
8303
8305
8306
8308
8310
8313
8314
8315
8315
8321
8324
8325
8326
8338
8339
8339
8346
8347
8349
8360
8363
8366
8368
8373
8373
8374
8376
8377
8382
8386
8393
8395
8398
8398
8398
8399
8402
8405
8406
8409
8415
8416
8419
8423
8426
8427
8435
8440
8447
8450
8452
8455
8462
8464
8465
8467
8470
8477
8484
8492
8500
8500
8504
8508
8516
8516
8516
8532
8533
8538
8548
8548
8555
8556
8565
8568
8570
8570
8575
8576
8576
8578
8580
8585
8587
8590
8592
8593
8593
8594
8594
8603
8604
8606
8610
8611
8611
8612
8612
8617
8624
8632
8633
8639
8639
8643
8643
8651
8653
8658
8659
8661
8662
8663
8664
8672
8674
8679
8683
8687
8688
8691
8698
8704
8704
8704
8708
8710
8713
8716
8717
8730
8732
8732
8733
8735
8735
8738
8742
8743
8743
8743
8748
8759
8766
8767
8767
8768
8769
8774
8777
8781
8786
8788
8796
8797
8810
8811
8811
8811
8813
8814
8815
8819
8827
8828
8830
8843
8850
8851
8852
8853
8853
8856
8857
8859
8864
8866
8867
8870
8881
8883
8884
8886
8889
8890
8893
8894
8896
8904
8906
8906
8907
8908
8908
8908
8909
8920
8930
8931
8940
8943
8943
8944
8948
8951
8964
8970
8975
8976
8978
8979
8979
8987
8990
8991
8995
8997
8998
9005
9014
9016
9019
9019
9023
9025
9025
9026
9029
9030
9030
9037
9037
9038
9044
9044
9044
9050
9061
9067
9074
9081
9082
9083
9083
9084
9090
9092
9095
9096
9096
9101
9102
9108
9110
9111
9119
9132
9138
9144
9144
9145
9154
9157
9159
9174
9174
9176
9177
9183
9188
9192
9195
9196
9197
9198
9204
9216
9218
9218
9224
9227
9235
9237
9244
9247
9247
9248
9251
9253
9256
9259
9264
9264
9283
9296
9305
9317
9324
9334
9338
9344
9346
9346
9348
9349
9351
9351
9352
9358
9358
9361
9363
9369
9371
9376
9378
9379
9379
9387
9392
9401
9401
9406
9408
9414
9415
9416
9417
9418
9424
9425
9436
9437
9441
9445
9447
9451
9452
9452
9453
9455
9457
9460
9461
9466
9471
9475
9480
9485
9490
9495
9495
9498
9499
9501
9505
9513
9514
9515
9524
9525
9530
9534
9534
9535
9539
9539
9550
9552
9558
9561
9563
9567
9577
9577
9582
9583
9586
9586
9587
9590
9590
9594
9596
9601
9602
9602
9605
9609
9613
9624
9626
9626
9627
9631
9631
9632
9635
9638
9639
9639
9648
9654
9657
9657
9657
9659
9665
9667
9668
9668
9670
9674
9674
9678
9679
9682
9687
9687
9690
9694
9694
9694
9703
9705
9705
9709
9711
9713
9728
9728
9731
9733
9734
9734
9737
9738
9739
9739
9741
9742
9750
9751
9755
9768
9769
9772
9773
9775
9775
9775
9779
9784
9785
9788
9789
9791
9792
9792
9793
9793
9796
9798
9798
9800
9810
9811
9814
9817
9817
9828
9829
9846
9848
9852
9852
9853
9854
9856
9856
9857
9860
9860
9865
9865
9866
9866
9868
9871
9872
9873
9875
9877
9878
9881
9882
9884
9884
9886
9890
9896
9897
9900
9902
9902
9906
9907
9921
9926
9926
9928
9934
9936
9938
9938
9938
9944
9956
9956
9961
9964
9964
9965
9968
9970
9976
9980
9980
9983
9987
9990
9993
10000
10002
10004
10013
10018
10018
10023
10024
10024
10024
10026
10027
10028
10030
10033
10036
10036
10049
10049
10050
10051
10052
10053
10057
10065
10066
10066
10073
10077
10081
10082
10083
10086
10088
10088
10091
10094
10096
10098
10099
10103
10108
10109
10113
10114
10115
10116
10120
10122
10122
10123
10123
10124
10128
10130
10131
10140
10154
10154
10160
10166
10170
10173
10173
10173
10175
10176
10179
10180
10182
10183
10187
10190
10192
10193
10201
10204
10205
10206
10215
10215
10219
10222
10237
10238
10243
10243
10260
10262
10265
10268
10269
10269
10274
10278
10282
10284
10288
10290
10293
10298
10302
10308
10308
10312
10320
10321
10321
10322
10323
10329
10332
10346
10349
10355
10356
10358
10381
10382
10384
10388
10389
10389
10394
10395
10395
10395
10397
10398
10398
10398
10400
10402
10405
10410
10412
10415
10419
10421
10423
10424
10426
10430
10431
10434
10443
10446
10446
10449
10450
10456
10457
10458
10467
10468
10472
10473
10476
10477
10492
10492
10494
10495
10497
10506
10508
10508
10519
10520
10522
10522
10529
10534
10536
10539
10542
10545
10552
10552
10556
10559
10562
10562
10562
10565
10566
10567
10568
10571
10573
10574
10574
10577
10579
10581
10583
10585
10617
10619
10625
10627
10634
10637
10643
10649
10655
10660
10660
10665
10670
10671
10674
10678
10682
10687
10687
10689
10690
10690
10691
10693
10695
10700
10704
10711
10716
10719
10719
10720
10721
10722
10723
10728
10730
10733
10735
10740
10742
10746
10746
10750
10752
10757
10758
10759
10762
10768
10778
10782
10785
10787
10787
10795
10805
10807
10807
10808
10812
10817
10820
10821
10822
10828
10829
10830
10832
10833
10839
10839
10840
10842
10844
10845
10846
10848
10851
10855
10862
10870
10871
10886
10892
10898
10899
10902
10905
10908
10909
10914
10915
10915
10917
10918
10919
10924
10941
10948
10954
10958
10961
10964
10969
10971
10977
10977
10982
10984
10988
10996
10997
11002
11003
11004
11009
11012
11015
11016
11017
11017
11020
11032
11038
11045
11048
11048
11048
11049
11056
11057
11062
11068
11072
11072
11078
11080
11085
11089
11093
11095
11095
11096
11099
11100
11102
11105
11111
11111
11113
11118
11121
11124
11124
11125
11126
11134
11138
11141
11142
11144
11153
11158
11160
11161
11161
11167
11169
11170
11171
11179
11186
11191
11192
11194
11199
11201
11201
11210
11212
11217
11221
11224
11226
11230
11230
11234
11236
11239
11248
11251
11254
11259
11265
11275
11277
11279
11280
11281
11286
11287
11288
11293
11296
11309
11316
11323
11327
11330
11331
11335
11338
11340
11341
11348
11349
11349
11360
11362
11363
11364
11367
11367
11383
11384
11386
11395
11397
11399
11400
11401
11408
11408
11423
11425
11426
11428
11428
11429
11435
11438
11442
11460
11461
11465
11466
11470
11479
11485
11486
11488
11489
11490
11502
11503
11505
11509
11510
11512
11515
11518
11521
11523
11524
11528
11529
11530
11535
11538
11539
11541
11545
11551
11552
11554
11558
11559
11561
11566
11567
11575
11576
11577
11579
11584
11585
11587
11588
11589
11595
11596
11597
11600
11603
11603
11608
11610
11614
11615
11615
11618
11624
11625
11630
11640
11640
11640
11641
11642
11646
11655
11662
11664
11669
11670
11671
11675
11675
11678
11679
11680
11682
11683
11684
11688
11693
11695
11697
11701
11712
11715
11715
11719
11719
11720
11722
11728
11729
11729
11732
11736
11738
11745
11753
11756
11756
11764
11767
11770
11775
11777
11789
11796
11801
11802
11804
11812
11813
11821
11822
11823
11827
11827
11830
11832
11832
11838
11841
11842
11848
11848
11851
11855
11858
11863
11865
11867
11870
11874
11877
11880
11884
11891
11904
11908
11912
11917
11917
11918
11920
11921
11923
11924
11924
11927
11928
11929
11930
11933
11934
11939
11941
11941
11943
11951
11953
11956
11957
11959
11963
11963
11966
11968
11972
11974
11983
11997
11999
12006
12015
12017
12020
12029
12030
12034
12036
12037
12041
12047
12047
12047
12059
12063
12071
12073
12075
12081
12087
12088
12088
12089
12089
12089
12090
12091
12092
12098
12099
12101
12108
12111
12115
12120
12126
12129
12132
12133
12138
12143
12150
12151
12156
12158
12161
12168
12168
12177
12177
12178
12178
12189
12193
12193
12194
12197
12205
12209
12213
12214
12219
12219
12223
12227
12235
12239
12241
12241
12246
12248
12251
12252
12257
12262
12263
12263
12263
12265
12267
12269
12272
12276
12277
12280
12281
12284
12288
12296
12298
12300
12301
12303
12306
12319
12320
12320
12332
12335
12336
12337
12337
12342
12346
12347
12349
12350
12352
12356
12358
12365
12367
12371
12379
12379
12384
12387
12388
12391
12395
12398
12400
12403
12406
12407
12412
12431
12433
12433
12436
12437
12439
12441
12442
12447
12450
12456
12459
12462
12463
12467
12467
12474
12483
12484
12491
12495
12496
12496
12499
12504
12504
12507
12507
12512
12512
12522
12523
12528
12528
12529
12535
12535
12537
12539
12546
12550
12561
12563
12565
12572
12572
12573
12575
12575
12583
12584
12588
12589
12593
12595
12603
12614
12620
12623
12624
12624
12626
12632
12633
12637
12638
12650
12652
12652
12653
12654
12656
12658
12659
12669
12670
12672
12672
12676
12680
12685
12689
12689
12691
12691
12692
12694
12695
12708
12709
12716
12730
12734
12744
12763
12766
12769
12776
12778
12794
12799
12804
12804
12805
12809
12810
12821
12823
12825
12830
12834
12835
12841
12842
12843
12846
12855
12860
12862
12865
12868
12869
12875
12875
12876
12880
12880
12887
12888
12890
12891
12897
12901
12903
12903
12904
12906
12913
12919
12923
12923
12923
12924
12929
12933
12936
12937
12938
12945
12946
12947
12948
12949
12958
12960
12962
12967
12970
12972
12979
12983
12997
13003
13004
13004
13009
13015
13019
13022
13025
13029
13042
13049
13055
13060
13060
13060
13062
13062
13063
13067
13070
13072
13073
13076
13080
13086
13088
13091
13092
13095
13096
13103
13106
13122
13123
13124
13126
13130
13131
13132
13142
13145
13150
13152
13152
13153
13159
13161
13162
13162
13165
13168
13169
13170
13170
13170
13177
13182
13182
13185
13189
13196
13197
13199
13201
13202
13205
13208
13210
13214
13215
13216
13217
13227
13233
13235
13235
13240
13242
13243
13243
13250
13252
13254
13258
13258
13260
13261
13266
13266
13267
13272
13273
13276
13281
13283
13283
13285
13292
13295
13299
13300
13302
13305
13306
13307
13307
13307
13312
13325
13329
13330
13332
13334
13337
13339
13341
13341
13354
13356
13357
13357
13358
13369
13370
13371
13372
13378
13379
13381
13385
13386
13387
13387
13388
13388
13389
13394
13395
13398
13398
13401
13403
13411
13411
13413
13415
13417
13418
13426
13427
13431
13437
13441
13451
13451
13452
13457
13463
13467
13473
13478
13482
13487
13493
13493
13497
13497
13510
13510
13517
13521
13526
13530
13537
13540
13544
13547
13548
13549
13551
13552
13557
13557
13559
13560
13564
13566
13568
13571
13571
13572
13573
13579
13581
13581
13582
13588
13589
13594
13595
13598
13600
13601
13605
13613
13617
13617
13620
13626
13626
13639
13639
13648
13648
13651
13662
13663
13665
13665
13671
13673
13677
13677
13689
13693
13705
13705
13708
13713
13715
13715
13719
13721
13724
13724
13726
13737
13753
13754
13755
13758
13762
13763
13768
13768
13770
13771
13775
13782
13786
13789
13798
13799
13806
13809
13817
13822
13829
13830
13830
13835
13837
13839
13840
13841
13845
13845
13850
13860
13861
13863
13865
13873
13874
13875
13878
13881
13881
13887
13891
13894
13900
13900
13900
13901
13904
13907
13908
13908
13909
13910
13910
13912
13913
13914
13915
13917
13917
13917
13923
13929
13933
13938
13938
13941
13946
13949
13950
13955
13955
13959
13961
13962
13962
13964
13965
13966
13969
13976
13978
13980
13984
13985
13991
13996
14007
14009
14014
14018
14019
14019
14021
14021
14028
14032
14033
14033
14034
14047
14047
14051
14059
14060
14062
14064
14068
14071
14079
14084
14087
14087
14088
14090
14094
14096
14102
14103
14104
14112
14113
14115
14120
14124
14132
14133
14134
14134
14137
14138
14138
14143
14145
14147
14150
14154
14154
14157
14162
14165
14165
14166
14176
14180
14180
14181
14187
14189
14194
14195
14197
14198
14203
14204
14210
14210
14221
14222
14223
14228
14233
14236
14243
14243
14248
14253
14254
14258
14258
14259
14262
14264
14266
14266
14267
14269
14272
14274
14275
14277
14279
14280
14281
14281
14289
14309
14320
14322
14323
14329
14332
14332
14333
14335
14355
14359
14361
14368
14373
14375
14377
14380
14383
14390
14391
14402
14402
14409
14409
14410
14418
14421
14423
14425
14428
14429
14434
14439
14440
14455
14459
14468
14468
14472
14474
14476
14477
14477
14478
14484
14487
14490
14494
14500
14505
14505
14508
14511
14513
14517
14526
14538
14540
14545
14559
14571
14573
14578
14589
14593
14594
14602
14603
14607
14609
14616
14617
14620
14623
14630
14631
14641
14645
14647
14655
14657
14658
14664
14669
14670
14671
14671
14671
14673
14673
14674
14676
14677
14679
14681
14681
14686
14688
14692
14696
14697
14702
14703
14705
14715
14718
14722
14724
14733
14735
14735
14736
14738
14739
14746
14748
14749
14752
14752
14754
14756
14757
14761
14764
14765
14771
14776
14776
14777
14780
14781
14781
14782
14784
14785
14785
14790
14790
14790
14792
14803
14806
14811
14817
14819
14821
14822
14823
14826
14826
14840
14844
14846
14846
14848
14851
14852
14854
14859
14877
14881
14882
14883
14884
14886
14893
14893
14900
14905
14907
14909
14909
14914
14918
14925
14930
14931
14933
14936
14939
14941
14942
14945
14947
14947
14956
14957
14958
14962
14965
14968
14968
14975
14975
14976
14987
14991
15000
15006
15008
15009
15009
15009
15010
15011
15016
15019
15022
15027
15037
15046
15054
15068
15076
15082
15083
15086
15091
15096
15108
15109
15110
15114
15114
15118
15121
15123
15126
15129
15136
15137
15139
15141
15142
15143
15144
15148
15150
15150
15153
15155
15160
15161
15161
15163
15165
15174
15179
15186
15192
15193
15195
15198
15199
15203
15206
15208
15213
15217
15218
15225
15226
15227
15228
15238
15239
15240
15242
15243
15246
15247
15250
15253
15260
15264
15270
15271
15278
15280
15280
15287
15296
15308
15308
15310
15310
15311
15312
15316
15318
15326
15329
15330
15332
15338
15344
15349
15350
15353
15362
15363
15367
15369
15372
15374
15380
15382
15382
15384
15384
15387
15391
15396
15401
15404
15407
15418
15419
15421
15434
15438
15439
15441
15442
15446
15446
15453
15455
15456
15462
15472
15472
15474
15474
15474
15480
15488
15497
15499
15499
15505
15505
15512
15513
15514
15514
15529
15532
15535
15535
15538
15539
15546
15548
15553
15553
15562
15565
15567
15567
15571
15574
15575
15576
15579
15581
15586
15594
15595
15595
15598
15599
15600
15602
15603
15604
15611
15611
15616
15618
15621
15621
15626
15626
15631
15634
15635
15640
15643
15644
15648
15654
15654
15654
15657
15658
15661
15687
15690
15692
15692
15694
15702
15704
15707
15708
15713
15714
15719
15721
15725
15727
15729
15734
15735
15736
15753
15756
15761
15768
15770
15771
15773
15775
15777
15781
15789
15797
15798
15801
15805
15806
15815
15819
15821
15837
15838
15842
15846
15852
15853
15857
15858
15858
15864
15867
15867
15874
15876
15883
15884
15894
15895
15897
15907
15909
15919
15922
15926
15929
15930
15942
15944
15949
15951
15952
15961
15962
15968
15972
15972
15972
15974
15981
15983
15983
15985
15985
15988
15988
15988
15997
15999
16000
16000
16009
16017
16021
16023
16024
16028
16028
16033
16038
16039
16041
16046
16052
16058
16063
16065
16070
16071
16073
16074
16075
16077
16084
16084
16086
16086
16089
16096
16097
16097
16102
16104
16105
16106
16108
16114
16114
16118
16119
16128
16129
16133
16137
16143
16145
16146
16149
16149
16153
16153
16154
16159
16160
16163
16165
16170
16170
16174
16174
16181
16185
16186
16190
16191
16193
16204
16205
16207
16213
16216
16231
16233
16240
16240
16250
16253
16253
16255
16259
16260
16260
16261
16264
16265
16271
16272
16274
16275
16278
16279
16281
16287
16291
16294
16297
16300
16302
16304
16311
16317
16326
16330
16331
16336
16339
16343
16346
16350
16355
16361
16362
16364
16364
16364
16367
16367
16369
16370
16371
16374
16375
16377
16378
16379
16379
16383
16384
16385
16386
16387
16394
16396
16397
16402
16403
16413
16415
16415
16416
16419
16420
16421
16423
16427
16433
16433
16434
16434
16435
16435
16436
16436
16445
16447
16454
16455
16456
16459
16464
16465
16469
16483
16487
16500
16506
16506
16508
16508
16509
16510
16521
16521
16522
16532
16533
16534
16540
16541
16543
16543
16545
16550
16550
16554
16556
16557
16559
16559
16561
16564
16565
16566
16567
16569
16576
16576
16576
16579
16581
16585
16587
16593
16604
16606
16607
16607
16607
16613
16625
16625
16640
16641
16646
16651
16653
16654
16657
16659
16659
16667
16668
16671
16682
16685
16692
16693
16695
16697
16698
16701
16705
16706
16710
16713
16715
16716
16717
16721
16723
16736
16736
16742
16742
16743
16748
16748
16750
16753
16755
16756
16762
16765
16766
16769
16782
16784
16786
16791
16791
16794
16794
16795
16797
16797
16806
16807
16812
16817
16823
16823
16826
16832
16837
16837
16840
16843
16845
16845
16847
16847
16854
16856
16859
16863
16865
16866
16870
16871
16881
16882
16884
16884
16888
16889
16897
16898
16898
16900
16902
16910
16911
16913
16927
16935
16939
16940
16950
16954
16956
16963
16967
16969
16971
16976
16978
16980
16983
16999
17003
17007
17012
17012
17015
17016
17025
17028
17030
17034
17038
17039
17040
17041
17043
17051
17054
17054
17054
17058
17059
17060
17061
17068
17075
17078
17082
17084
17088
17089
17089
17091
17093
17095
17103
17104
17108
17108
17115
17118
17124
17130
17132
17135
17135
17138
17143
17144
17150
17153
17159
17160
17161
17162
17167
17169
17171
17173
17177
17178
17181
17183
17184
17185
17186
17186
17188
17189
17191
17195
17196
17197
17199
17199
17204
17205
17209
17210
17214
17231
17232
17239
17240
17241
17257
17264
17264
17269
17270
17273
17275
17277
17281
17281
17291
17294
17298
17299
17300
17303
17304
17308
17314
17317
17320
17326
17326
17327
17329
17332
17334
17336
17338
17341
17343
17345
17348
17352
17352
17354
17355
17357
17361
17364
17366
17367
17375
17376
17382
17388
17388
17398
17406
17410
17411
17415
17420
17420
17421
17425
17432
17437
17438
17439
17439
17449
17451
17457
17459
17472
17474
17482
17484
17490
17492
17498
17499
17502
17502
17503
17508
17510
17513
17516
17517
17525
17525
17528
17537
17540
17545
17546
17546
17547
17553
17553
17554
17558
17559
17562
17565
17573
17578
17586
17590
17594
17594
17599
17602
17606
17607
17609
17609
17618
17621
17628
17634
17637
17645
17646
17647
17648
17651
17653
17656
17656
17659
17661
17661
17662
17662
17665
17667
17667
17671
17678
17686
17686
17688
17692
17694
17698
17702
17702
17703
17708
17720
17721
17725
17730
17730
17734
17744
17744
17747
17751
17751
17753
17764
17766
17768
17771
17772
17772
17775
17775
17776
17777
17791
17792
17792
17794
17800
17806
17809
17814
17816
17816
17816
17818
17819
17820
17824
17825
17827
17829
17831
17833
17834
17840
17842
17843
17846
17847
17849
17858
17859
17860
17867
17869
17875
17876
17876
17878
17879
17882
17886
17887
17891
17897
17900
17905
17909
17909
17915
17922
17926
17926
17937
17944
17944
17952
17953
17957
17959
17960
17961
17967
17970
17971
17971
17976
17976
17976
17977
17985
17987
17990
17993
18002
18006
18010
18017
18017
18019
18019
18022
18022
18026
18029
18029
18032
18033
18034
18034
18040
18046
18049
18051
18052
18060
18062
18069
18071
18072
18072
18077
18085
18086
18095
18097
18098
18107
18119
18120
18129
18138
18138
18143
18145
18152
18157
18160
18161
18164
18167
18170
18173
18175
18182
18183
18183
18185
18191
18198
18199
18200
18202
18206
18211
18213
18214
18218
18221
18222
18226
18230
18233
18235
18235
18236
18238
18250
18250
18252
18252
18253
18254
18255
18259
18261
18271
18275
18278
18284
18285
18289
18289
18290
18290
18292
18294
18294
18306
18307
18311
18315
18322
18325
18327
18328
18328
18328
18331
18335
18335
18338
18342
18343
18343
18348
18352
18354
18356
18357
18361
18362
18366
18374
18375
18375
18379
18382
18383
18389
18396
18398
18406
18408
18412
18413
18416
18424
18427
18438
18441
18443
18447
18448
18456
18457
18457
18465
18466
18467
18467
18468
18468
18472
18472
18474
18474
18477
18478
18479
18481
18481
18489
18490
18490
18491
18493
18497
18500
18502
18504
18505
18507
18507
18512
18513
18515
18531
18534
18539
18548
18556
18564
18565
18566
18569
18574
18574
18575
18581
18587
18587
18589
18591
18594
18597
18599
18601
18605
18611
18613
18618
18618
18624
18628
18633
18634
18635
18641
18641
18644
18646
18652
18657
18665
18669
18673
18675
18681
18685
18689
18689
18694
18697
18701
18709
18710
18713
18716
18716
18717
18719
18721
18721
18723
18730
18737
18737
18743
18746
18748
18749
18750
18751
18751
18755
18757
18764
18766
18772
18774
18775
18777
18779
18781
18783
18791
18791
18793
18795
18797
18810
18812
18813
18815
18819
18830
18831
18831
18835
18835
18841
18845
18846
18853
18856
18856
18860
18865
18871
18873
18873
18879
18885
18889
18891
18893
18893
18905
18906
18914
18923
18925
18925
18926
18928
18929
18934
18937
18941
18943
18943
18943
18944
18952
18952
18957
18957
18957
18958
18962
18966
18966
18970
18970
18976
18978
18978
18983
18990
18991
18997
18999
19019
19023
19024
19031
19037
19038
19038
19039
19047
19055
19055
19058
19061
19069
19071
19083
19084
19089
19090
19091
19091
19094
19097
19097
19105
19110
19112
19116
19125
19130
19132
19133
19133
19133
19135
19138
19140
19141
19142
19143
19143
19145
19151
19153
19153
19156
19159
19162
19168
19169
19177
19188
19191
19197
19202
19208
19209
19211
19215
19222
19230
19230
19230
19231
19232
19235
19238
19241
19242
19245
19246
19247
19255
19260
19262
19270
19270
19276
19277
19283
19288
19289
19294
19302
19307
19313
19314
19316
19317
19321
19330
19333
19333
19334
19334
19340
19346
19347
19350
19350
19351
19351
19357
19359
19364
19365
19380
19384
19386
19386
19387
19389
19390
19392
19394
19398
19405
19407
19418
19418
19425
19431
19437
19445
19445
19447
19451
19454
19466
19470
19472
19487
19488
19491
19507
19507
19510
19510
19512
19512
19514
19520
19525
19534
19535
19537
19538
19541
19542
19544
19551
19552
19552
19554
19558
19561
19561
19564
19565
19567
19568
19576
19584
19587
19591
19592
19593
19595
19597
19598
19598
19602
19603
19604
19610
19613
19614
19616
19621
19621
19622
19626
19628
19632
19639
19641
19650
19654
19656
19660
19660
19664
19664
19670
19671
19674
19674
19676
19681
19683
19684
19686
19687
19687
19690
19692
19697
19697
19697
19698
19702
19708
19708
19710
19712
19721
19737
19738
19739
19740
19740
19743
19754
19754
19759
19761
19762
19766
19766
19767
19767
19768
19770
19772
19774
19775
19775
19776
19776
19778
19779
19779
19782
19788
19790
19790
19791
19792
19792
19795
19796
19798
19798
19799
19801
19803
19805
19811
19819
19820
19820
19820
19821
19824
19834
19835
19837
19841
19843
19846
19847
19854
19863
19873
19875
19881
19882
19882
19897
19903
19904
19907
19914
19915
19917
19925
19927
19931
19940
19949
19949
19951
19952
19953
19954
19956
19959
19959
19963
19972
19978
19980
19982
19987
19988
19994
19995
20000
20000
20002
20007
20008
20009
20009
20010
20011
20012
20020
20031
20035
20040
20045
20047
20051
20051
20057
20057
20058
20067
20072
20073
20074
20083
20083
20086
20089
20092
20095
20095
20099
20106
20112
20124
20125
20126
20127
20129
20135
20135
20139
20145
20146
20147
20156
20156
20157
20169
20171
20180
20181
20182
20185
20188
20189
20191
20196
20203
20209
20215
20215
20228
20228
20230
20233
20247
20251
20264
20266
20266
20266
20269
20274
20278
20283
20284
20287
20288
20293
20294
20297
20300
20302
20302
20307
20311
20315
20318
20324
20325
20327
20339
20339
20339
20339
20344
20350
20351
20355
20359
20362
20363
20364
20364
20372
20374
20374
20374
20375
20388
20390
20390
20393
20395
20397
20402
20405
20409
20413
20414
20414
20417
20420
20422
20423
20434
20439
20440
20446
20446
20449
20458
20459
20460
20461
20463
20468
20468
20473
20474
20481
20482
20484
20485
20486
20495
20497
20500
20500
20501
20502
20511
20519
20520
20523
20523
20537
20549
20551
20556
20557
20557
20560
20562
20566
20577
20578
20580
20582
20583
20586
20588
20589
20590
20595
20599
20605
20606
20613
20613
20633
20635
20642
20646
20652
20665
20666
20671
20672
20673
20682
20685
20685
20693
20693
20696
20697
20699
20699
20709
20709
20711
20712
20714
20714
20720
20731
20731
20732
20733
20739
20740
20742
20742
20744
20748
20749
20749
20752
20756
20756
20758
20758
20759
20760
20762
20762
20766
20768
20772
20777
20777
20779
20780
20790
20796
20801
20804
20805
20806
20818
20819
20820
20821
20824
20825
20826
20828
20832
20832
20833
20834
20839
20842
20842
20842
20845
20848
20850
20850
20857
20869
20871
20873
20879
20888
20888
20889
20890
20902
20908
20927
20927
20928
20936
20944
20944
20948
20952
20954
20956
20959
20961
20963
20967
20976
20983
20983
20985
20992
20993
20995
20995
20997
21000
21002
21004
21008
21010
21010
21015
21017
21018
21024
21027
21030
21035
21039
21045
21047
21052
21054
21057
21061
21063
21064
21064
21065
21069
21071
21072
21075
21080
21081
21082
21083
21094
21096
21118
21118
21119
21119
21126
21131
21131
21137
21138
21143
21145
21145
21149
21150
21151
21155
21157
21158
21161
21163
21166
21173
21174
21178
21179
21182
21184
21185
21185
21186
21186
21188
21190
21195
21202
21209
21210
21218
21220
21221
21226
21229
21231
21233
21238
21243
21244
21252
21253
21256
21258
21262
21272
21276
21277
21277
21283
21284
21291
21293
21296
21302
21303
21311
21320
21321
21323
21323
21326
21328
21337
21340
21341
21342
21345
21357
21364
21366
21368
21373
21379
21380
21385
21387
21390
21396
21397
21398
21399
21399
21403
21404
21407
21411
21413
21428
21432
21436
21437
21443
21445
21448
21449
21455
21455
21456
21458
21467
21467
21469
21470
21477
21483
21484
21486
21487
21489
21489
21490
21491
21504
21508
21508
21512
21517
21526
21527
21529
21529
21529
21530
21530
21532
21535
21536
21538
21541
21545
21546
21549
21550
21552
21553
21553
21554
21555
21558
21563
21564
21574
21575
21576
21577
21585
21588
21590
21594
21596
21598
21602
21604
21608
21608
21615
21615
21616
21618
21622
21624
21633
21633
21646
21646
21648
21649
21655
21657
21658
21660
21666
21674
21677
21678
21685
21687
21694
21702
21709
21713
21714
21719
21719
21723
21738
21740
21745
21760
21766
21768
21769
21772
21775
21782
21786
21786
21787
21790
21796
21810
21816
21821
21825
21825
21826
21830
21838
21848
21848
21851
21855
21858
21861
21868
21872
21876
21878
21884
21887
21892
21895
21895
21897
21898
21900
21913
21913
21916
21919
21920
21927
21929
21935
21936
21939
21940
21941
21942
21949
21950
21952
21968
21969
21977
21980
21985
21990
21992
21995
22006
22008
22011
22012
22013
22019
22022
22037
22047
22047
22051
22051
22058
22060
22070
22075
22076
22076
22083
22088
22090
22091
22098
22099
22100
22101
22103
22106
22107
22111
22120
22127
22129
22133
22136
22140
22147
22148
22151
22151
22152
22153
22166
22170
22170
22188
22202
22205
22206
22208
22208
22209
22212
22212
22213
22215
22218
22224
22231
22231
22239
22240
22242
22244
22249
22253
22262
22265
22271
22271
22274
22274
22274
22276
22282
22283
22296
22297
22298
22299
22301
22307
22313
22316
22316
22320
22320
22326
22329
22333
22335
22336
22346
22347
22350
22352
22362
22365
22382
22383
22384
22387
22388
22390
22393
22394
22395
22398
22407
22408
22409
22413
22416
22418
22421
22421
22422
22432
22433
22434
22434
22441
22441
22449
22460
22461
22466
22467
22487
22489
22496
22502
22504
22506
22511
22515
22516
22535
22536
22536
22541
22542
22544
22551
22551
22554
22556
22559
22563
22566
22566
22571
22572
22572
22577
22584
22584
22585
22586
22591
22593
22597
22597
22608
22610
22612
22616
22628
22628
22639
22641
22643
22648
22657
22657
22663
22663
22663
22665
22667
22668
22669
22670
22673
22676
22677
22677
22679
22689
22690
22691
22700
22703
22704
22704
22714
22719
22722
22723
22724
22724
22727
22728
22729
22732
22733
22735
22735
22735
22737
22738
22741
22743
22746
22746
22748
22749
22752
22759
22760
22772
22773
22773
22774
22785
22787
22787
22789
22808
22812
22812
22814
22820
22821
22821
22826
22827
22830
22831
22835
22837
22838
22841
22842
22843
22843
22845
22848
22849
22856
22857
22858
22860
22861
22867
22873
22876
22882
22882
22883
22887
22892
22895
22898
22905
22908
22909
22910
22912
22915
22918
22919
22920
22923
22924
22925
22928
22929
22936
22947
22948
22951
22952
22953
22955
22957
22959
22964
22973
22973
22979
22980
22981
22992
22999
23001
23002
23005
23007
23007
23009
23011
23011
23013
23013
23015
23016
23018
23025
23029
23032
23032
23032
23033
23044
23045
23045
23045
23051
23052
23058
23061
23066
23075
23083
23083
23084
23094
23096
23103
23111
23115
23115
23117
23119
23119
23119
23121
23127
23134
23136
23141
23143
23144
23147
23149
23149
23150
23158
23162
23165
23173
23175
23175
23178
23181
23182
23184
23186
23186
23190
23191
23192
23192
23203
23204
23208
23208
23215
23217
23222
23224
23224
23226
23227
23232
23234
23236
23237
23244
23248
23249
23251
23258
23261
23264
23267
23267
23270
23273
23275
23282
23287
23287
23290
23292
23298
23300
23306
23308
23311
23322
23322
23327
23331
23335
23338
23348
23350
23355
23357
23357
23370
23371
23373
23374
23377
23380
23382
23383
23385
23386
23387
23388
23404
23405
23412
23417
23417
23424
23424
23426
23429
23436
23437
23440
23445
23448
23452
23456
23466
23468
23469
23473
23479
23480
23482
23483
23492
23495
23504
23506
23506
23507
23509
23511
23512
23518
23523
23524
23525
23527
23531
23533
23536
23545
23549
23560
23561
23565
23568
23569
23572
23574
23578
23584
23586
23588
23589
23599
23605
23610
23610
23612
23614
23615
23615
23618
23621
23626
23627
23629
23629
23632
23635
23636
23638
23639
23640
23655
23656
23657
23659
23662
23664
23666
23672
23674
23676
23679
23680
23682
23685
23688
23691
23693
23697
23698
23698
23698
23700
23712
23713
23715
23716
23719
23723
23724
23732
23737
23740
23744
23749
23759
23765
23766
23767
23771
23774
23776
23783
23786
23792
23794
23794
23799
23799
23800
23801
23801
23805
23815
23818
23820
23821
23822
23823
23842
23847
23849
23851
23854
23859
23859
23862
23863
23863
23864
23864
23864
23870
23870
23876
23885
23886
23888
23893
23898
23901
23902
23905
23909
23925
23927
23928
23931
23931
23932
23939
23939
23944
23947
23949
23970
23972
23974
23976
23979
23984
23985
23987
23988
23989
23989
23990
24011
24013
24017
24023
24024
24025
24033
24036
24041
24042
24043
24055
24055
24060
24063
24066
24078
24083
24095
24096
24098
24099
24099
24103
24103
24107
24110
24114
24124
24129
24133
24141
24152
24152
24153
24159
24173
24175
24178
24179
24182
24191
24191
24195
24203
24204
24204
24206
24207
24208
24217
24217
24218
24219
24221
24224
24229
24232
24233
24242
24250
24251
24252
24254
24261
24268
24269
24270
24273
24275
24282
24286
24286
24288
24290
24294
24298
24308
24311
24312
24315
24317
24317
24321
24324
24327
24331
24331
24333
24339
24342
24348
24349
24351
24357
24361
24365
24369
24371
24372
24374
24379
24380
24381
24385
24394
24395
24399
24401
24406
24407
24408
24408
24410
24411
24412
24413
24415
24419
24423
24424
24431
24435
24439
24443
24444
24447
24459
24470
24471
24472
24473
24480
24484
24485
24485
24498
24501
24501
24504
24506
24506
24508
24510
24511
24522
24527
24533
24533
24535
24535
24536
24537
24539
24539
24545
24545
24548
24551
24554
24554
24565
24575
24579
24580
24587
24595
24597
24599
24606
24606
24606
24607
24619
24627
24627
24630
24630
24633
24633
24635
24639
24639
24639
24641
24641
24642
24648
24650
24655
24655
24661
24661
24661
24662
24663
24664
24665
24665
24667
24669
24671
24678
24684
24685
24687
24689
24689
24690
24691
24694
24697
24700
24701
24704
24704
24706
24706
24714
24718
24721
24724
24726
24726
24730
24734
24741
24752
24758
24760
24761
24761
24764
24765
24765
24766
24769
24772
24777
24779
24785
24804
24806
24819
24821
24821
24825
24826
24829
24830
24834
24840
24843
24853
24854
24860
24862
24864
24865
24865
24866
24867
24868
24880
24885
24886
24887
24889
24891
24895
24896
24903
24904
24915
24918
24923
24930
24936
24945
24948
24957
24960
24966
24966
24971
24972
24972
24977
24982
24986
24989
24993
24997
24999
25003
25003
25007
25007
25014
25022
25025
25026
25031
25032
25038
25045
25049
25051
25052
25058
25062
25063
25065
25065
25068
25079
25083
25086
25086
25089
25093
25101
25110
25111
25118
25123
25123
25128
25129
25130
25135
25138
25138
25146
25152
25155
25155
25158
25162
25167
25173
25177
25178
25180
25182
25184
25191
25193
25200
25202
25202
25202
25202
25202
25206
25208
25214
25215
25218
25221
25223
25243
25247
25249
25252
25253
25255
25256
25273
25277
25281
25301
25303
25304
25312
25312
25313
25315
25316
25317
25321
25322
25332
25340
25340
25340
25343
25343
25346
25346
25362
25368
25369
25370
25375
25381
25384
25385
25393
25401
25406
25407
25409
25412
25413
25414
25419
25420
25424
25431
25437
25441
25442
25447
25449
25451
25451
25455
25467
25470
25472
25474
25482
25486
25501
25508
25521
25531
25533
25535
25537
25542
25544
25546
25552
25553
25555
25559
25565
25571
25572
25573
25573
25580
25580
25581
25582
25587
25588
25592
25603
25603
25607
25611
25612
25614
25616
25619
25621
25628
25642
25644
25646
25646
25647
25648
25654
25657
25665
25666
25669
25670
25673
25675
25680
25680
25684
25684
25687
25689
25690
25690
25691
25693
25697
25700
25701
25702
25707
25711
25714
25717
25723
25725
25726
25727
25731
25738
25744
25745
25747
25752
25756
25759
25762
25770
25770
25772
25773
25778
25784
25785
25790
25792
25806
25808
25808
25809
25812
25819
25827
25828
25829
25830
25833
25834
25835
25841
25843
25846
25853
25860
25862
25866
25867
25869
25871
25872
25882
25888
25895
25897
25900
25901
25902
25905
25907
25909
25917
25925
25930
25931
25936
25938
25938
25939
25940
25941
25941
25942
25944
25952
25953
25956
25958
25965
25976
25978
25983
25986
25989
25990
25990
25994
25996
25996
25998
25998
26000
26010
26013
26017
26021
26022
26024
26025
26027
26027
26029
26036
26040
26041
26044
26046
26046
26049
26053
26053
26059
26067
26073
26073
26077
26083
26102
26102
26102
26103
26107
26114
26120
26129
26132
26141
26149
26150
26152
26155
26172
26173
26173
26177
26177
26180
26182
26183
26183
26183
26184
26184
26188
26189
26189
26191
26201
26202
26204
26205
26205
26207
26207
26214
26215
26215
26220
26222
26231
26231
26234
26239
26240
26243
26249
26251
26256
26257
26258
26262
26267
26269
26276
26280
26283
26289
26290
26293
26301
26302
26303
26305
26307
26309
26311
26315
26318
26323
26324
26325
26326
26327
26327
26329
26330
26330
26330
26333
26337
26357
26360
26361
26362
26364
26365
26366
26368
26369
26372
26386
26386
26397
26398
26401
26401
26405
26406
26406
26410
26416
26420
26422
26427
26434
26436
26439
26440
26441
26442
26445
26453
26453
26460
26464
26468
26468
26469
26472
26473
26474
26480
26485
26485
26489
26494
26496
26498
26515
26517
26523
26525
26526
26526
26527
26528
26530
26535
26536
26536
26537
26541
26543
26543
26546
26548
26548
26548
26548
26550
26550
26554
26556
26558
26565
26565
26566
26573
26577
26578
26579
26581
26583
26587
26605
26605
26606
26633
26634
26641
26642
26650
26651
26653
26657
26660
26661
26666
26669
26671
26680
26688
26692
26692
26694
26695
26703
26705
26706
26711
26721
26723
26724
26725
26726
26745
26749
26750
26756
26760
26765
26766
26766
26768
26768
26769
26771
26773
26783
26784
26785
26786
26787
26794
26796
26796
26799
26801
26804
26813
26815
26815
26816
26816
26819
26820
26825
26826
26833
26835
26837
26841
26842
26844
26844
26849
26851
26854
26856
26858
26860
26861
26863
26866
26870
26870
26875
26876
26878
26879
26891
26903
26907
26907
26910
26915
26915
26921
26923
26926
26927
26929
26930
26930
26931
26936
26939
26942
26948
26949
26950
26958
26959
26960
26964
26965
26966
26966
26967
26968
26973
26979
26982
26989
26989
26994
26998
27001
27017
27019
27020
27025
27025
27030
27030
27046
27047
27059
27066
27069
27070
27076
27077
27088
27093
27094
27099
27100
27100
27102
27102
27109
27111
27111
27113
27121
27123
27125
27134
27144
27145
27147
27148
27150
27157
27160
27171
27175
27180
27182
27183
27187
27187
27192
27193
27196
27198
27200
27200
27203
27206
27209
27221
27221
27228
27236
27237
27244
27246
27250
27251
27252
27254
27259
27262
27262
27262
27270
27271
27272
27276
27276
27276
27279
27280
27284
27284
27288
27289
27297
27299
27300
27314
27318
27320
27325
27330
27330
27331
27331
27337
27343
27343
27345
27349
27351
27353
27353
27356
27357
27362
27364
27364
27370
27378
27381
27384
27392
27393
27400
27403
27410
27415
27416
27419
27422
27427
27434
27437
27438
27443
27444
27444
27450
27450
27454
27455
27455
27456
27458
27462
27465
27466
27473
27474
27484
27487
27487
27488
27495
27495
27502
27505
27507
27508
27509
27514
27521
27523
27532
27538
27538
27539
27544
27560
27563
27563
27566
27569
27570
27571
27573
27579
27584
27585
27586
27586
27590
27593
27596
27597
27598
27598
27601
27602
27604
27609
27620
27622
27622
27625
27627
27634
27636
27637
27638
27640
27641
27644
27644
27660
27663
27669
27671
27673
27675
27678
27684
27687
27688
27691
27692
27697
27700
27701
27701
27701
27703
27706
27710
27712
27714
27718
27725
27726
27728
27734
27735
27739
27745
27749
27750
27751
27751
27754
27754
27754
27761
27764
27785
27790
27792
27795
27796
27805
27811
27815
27816
27816
27819
27822
27823
27826
27827
27827
27828
27835
27836
27837
27842
27844
27851
27852
27856
27859
27859
27860
27864
27866
27867
27878
27887
27898
27900
27904
27909
27915
27916
27917
27918
27918
27922
27928
27929
27931
27936
27947
27948
27953
27953
27961
27961
27963
27965
27966
27971
27972
27973
27973
27976
27983
27986
27991
27994
27999
28000
28005
28005
28007
28019
28020
28030
28032
28041
28051
28054
28056
28059
28064
28066
28069
28071
28072
28078
28078
28081
28082
28085
28100
28102
28106
28110
28111
28113
28113
28115
28121
28131
28132
28132
28138
28139
28140
28146
28147
28147
28150
28151
28153
28155
28156
28180
28181
28185
28185
28188
28188
28190
28191
28192
28198
28199
28201
28201
28208
28209
28211
28212
28225
28225
28229
28232
28235
28238
28238
28247
28248
28250
28250
28255
28266
28266
28266
28271
28279
28286
28286
28286
28287
28292
28294
28298
28306
28311
28313
28314
28316
28317
28318
28319
28319
28320
28328
28331
28332
28333
28334
28341
28345
28346
28347
28348
28348
28351
28354
28356
28357
28360
28361
28366
28367
28368
28371
28373
28379
28381
28381
28382
28383
28386
28389
28393
28402
28409
28417
28422
28423
28432
28432
28437
28439
28439
28444
28445
28446
28447
28453
28454
28460
28463
28465
28468
28471
28472
28472
28473
28480
28483
28484
28484
28486
28488
28495
28502
28504
28505
28510
28510
28513
28519
28521
28523
28526
28526
28528
28529
28530
28535
28537
28538
28541
28543
28549
28552
28555
28556
28557
28559
28559
28561
28564
28568
28568
28573
28574
28575
28578
28581
28582
28584
28586
28596
28598
28599
28599
28600
28602
28602
28603
28605
28621
28624
28627
28631
28633
28633
28635
28640
28641
28653
28657
28673
28674
28691
28694
28699
28701
28710
28712
28713
28715
28716
28718
28721
28721
28727
28732
28732
28735
28736
28738
28739
28742
28747
28755
28755
28760
28761
28762
28764
28772
28784
28786
28791
28791
28792
28793
28793
28801
28806
28811
28818
28838
28841
28842
28842
28844
28845
28850
28853
28856
28856
28857
28862
28865
28867
28868
28869
28870
28875
28878
28895
28898
28906
28907
28919
28921
28924
28925
28934
28934
28935
28940
28951
28951
28952
28954
28954
28955
28957
28960
28970
28971
28990
28992
29000
29001
29009
29009
29010
29020
29023
29028
29031
29033
29036
29039
29041
29043
29043
29046
29048
29049
29051
29052
29053
29056
29056
29061
29063
29065
29066
29067
29067
29072
29075
29076
29080
29087
29091
29092
29096
29098
29105
29108
29111
29111
29117
29119
29125
29126
29129
29134
29137
29141
29142
29142
29143
29151
29151
29156
29158
29158
29163
29168
29170
29170
29171
29172
29180
29183
29185
29190
29191
29195
29201
29214
29218
29218
29220
29223
29223
29231
29233
29236
29244
29246
29252
29254
29261
29266
29268
29273
29276
29290
29291
29295
29296
29298
29300
29300
29303
29305
29310
29310
29316
29319
29319
29321
29340
29345
29347
29347
29350
29350
29351
29360
29367
29368
29368
29369
29369
29372
29374
29375
29376
29380
29390
29391
29392
29397
29397
29397
29401
29401
29407
29413
29428
29430
29435
29441
29444
29446
29453
29465
29466
29471
29475
29480
29490
29493
29504
29507
29507
29517
29524
29528
29541
29543
29547
29553
29571
29572
29575
29583
29585
29586
29593
29594
29598
29598
29604
29605
29606
29609
29611
29612
29614
29620
29620
29620
29634
29635
29635
29645
29649
29661
29671
29673
29674
29676
29691
29699
29700
29701
29708
29712
29713
29714
29723
29730
29734
29737
29737
29738
29741
29742
29742
29742
29744
29747
29748
29750
29758
29759
29762
29762
29767
29775
29778
29779
29781
29785
29787
29790
29797
29809
29810
29815
29821
29823
29826
29830
29831
29839
29839
29845
29850
29850
29860
29871
29871
29873
29875
29883
29889
29894
29897
29904
29906
29910
29911
29914
29915
29924
29926
29927
29929
29930
29932
29933
29938
29939
29941
29942
29949
29952
29955
29957
29957
29965
29966
29969
29972
29975
29978
29981
29985
29985
29999
30001
30006
30008
30012
30015
30020
30036
30040
30044
30050
30052
30054
30055
30066
30071
30076
30081
30082
30083
30089
30091
30091
30093
30094
30098
30098
30101
30103
30106
30110
30110
30115
30116
30116
30117
30121
30122
30126
30128
30128
30132
30133
30133
30134
30135
30158
30159
30160
30161
30162
30163
30166
30167
30174
30174
30174
30176
30176
30177
30177
30178
30178
30181
30186
30191
30196
30201
30206
30214
30217
30218
30219
30220
30220
30224
30225
30226
30234
30239
30241
30242
30243
30246
30251
30255
30255
30257
30270
30272
30272
30279
30280
30283
30285
30297
30300
30313
30313
30319
30319
30330
30335
30336
30342
30344
30348
30351
30352
30354
30361
30371
30378
30387
30388
30388
30389
30390
30391
30391
30395
30395
30398
30399
30399
30400
30400
30401
30401
30403
30411
30415
30415
30416
30418
30419
30420
30423
30426
30427
30427
30431
30432
30432
30435
30438
30440
30446
30454
30456
30462
30463
30469
30474
30483
30491
30492
30494
30499
30499
30499
30504
30513
30514
30521
30531
30532
30544
30544
30549
30554
30567
30567
30571
30577
30579
30584
30586
30595
30596
30597
30600
30608
30611
30612
30612
30620
30623
30625
30626
30636
30639
30648
30649
30656
30657
30657
30658
30659
30661
30664
30664
30666
30667
30668
30672
30675
30678
30682
30683
30685
30687
30700
30707
30707
30710
30711
30712
30716
30719
30720
30740
30743
30743
30744
30748
30751
30757
30759
30759
30762
30762
30763
30773
30778
30780
30787
30792
30802
30807
30811
30815
30818
30822
30823
30827
30828
30830
30832
30832
30834
30840
30841
30845
30846
30849
30851
30852
30853
30855
30857
30858
30862
30862
30863
30865
30868
30870
30877
30884
30885
30888
30892
30894
30897
30902
30905
30911
30916
30919
30925
30928
30938
30939
30939
30942
30943
30943
30945
30948
30948
30950
30950
30953
30953
30957
30957
30961
30963
30966
30968
30970
30970
30985
30987
30990
30990
30995
30998
30999
30999
31000
31001
31005
31007
31011
31017
31018
31021
31030
31031
31035
31036
31037
31038
31038
31048
31055
31059
31060
31063
31067
31068
31068
31069
31070
31070
31071
31072
31075
31080
31086
31088
31093
31094
31100
31102
31102
31103
31103
31105
31106
31108
31108
31109
31109
31110
31112
31116
31116
31118
31119
31119
31123
31128
31136
31137
31137
31138
31140
31142
31145
31147
31154
31159
31159
31162
31163
31165
31165
31167
31167
31170
31180
31184
31184
31187
31187
31191
31191
31198
31199
31204
31205
31205
31213
31215
31217
31223
31226
31229
31232
31237
31239
31239
31241
31242
31243
31245
31248
31248
31253
31259
31273
31273
31274
31274
31278
31278
31280
31286
31290
31291
31294
31295
31304
31308
31315
31315
31323
31324
31326
31328
31332
31336
31350
31351
31355
31356
31361
31367
31372
31373
31375
31383
31385
31386
31396
31398
31399
31401
31402
31411
31412
31414
31419
31421
31424
31426
31429
31435
31449
31458
31466
31467
31468
31470
31471
31472
31474
31478
31479
31481
31482
31484
31487
31489
31502
31507
31513
31514
31518
31518
31518
31521
31523
31524
31545
31548
31553
31556
31568
31572
31573
31576
31581
31583
31586
31593
31595
31600
31601
31601
31602
31604
31609
31613
31613
31623
31624
31629
31632
31632
31633
31635
31644
31647
31649
31651
31651
31653
31653
31653
31653
31654
31655
31659
31661
31664
31667
31672
31673
31676
31676
31677
31677
31677
31686
31689
31690
31690
31691
31695
31705
31705
31706
31709
31716
31717
31718
31720
31721
31723
31724
31728
31734
31735
31735
31736
31742
31744
31746
31748
31757
31757
31759
31762
31769
31770
31772
31774
31775
31777
31777
31778
31781
31783
31793
31793
31795
31798
31800
31801
31802
31809
31809
31816
31818
31820
31823
31824
31824
31826
31827
31828
31828
31831
31832
31833
31835
31838
31844
31844
31845
31849
31852
31853
31853
31853
31853
31859
31860
31860
31862
31864
31864
31865
31870
31872
31872
31875
31877
31880
31884
31887
31897
31899
31901
31909
31911
31913
31913
31914
31917
31917
31919
31934
31934
31936
31940
31946
31950
31952
31952
31958
31960
31960
31965
31972
31982
31982
31982
31985
31985
31994
31995
31997
31999
32004
32009
32011
32014
32014
32016
32018
32035
32036
32037
32045
32049
32050
32051
32054
32055
32057
32061
32064
32065
32066
32067
32069
32071
32071
32073
32079
32085
32090
32094
32096
32101
32105
32105
32105
32108
32118
32123
32131
32131
32134
32134
32137
32146
32149
32154
32156
32160
32167
32172
32174
32181
32189
32198
32198
32201
32203
32203
32205
32210
32214
32215
32221
32222
32224
32227
32231
32231
32238
32243
32248
32248
32254
32259
32260
32261
32265
32267
32269
32272
32276
32280
32282
32282
32284
32286
32292
32292
32297
32308
32316
32320
32321
32323
32328
32331
32332
32336
32341
32345
32349
32354
32356
32359
32360
32362
32375
32378
32385
32391
32396
32398
32404
32404
32407
32410
32417
32426
32428
32433
32435
32442
32443
32446
32448
32449
32454
32454
32456
32456
32457
32460
32461
32463
32464
32465
32470
32472
32475
32485
32486
32486
32491
32494
32495
32496
32500
32501
32501
32508
32510
32516
32517
32520
32522
32524
32529
32533
32534
32537
32539
32545
32547
32548
32550
32550
32551
32555
32561
32563
32567
32569
32569
32578
32580
32582
32582
32586
32587
32589
32591
32591
32598
32600
32608
32609
32612
32612
32612
32616
32618
32623
32624
32625
32630
32631
32632
32633
32639
32644
32645
32650
32651
32652
32655
32659
32660
32667
32675
32675
32677
32680
32684
32684
32685
32693
32700
32701
32701
32706
32713
32715
32715
32717
32720
32721
32724
32728
32730
32736
32738
32744
32751
32755
32756
32760
32765
32766
32767
