32764
32764
32752
32748
32746
32746
32741
32734
32732
32728
32721
32720
32718
32717
32714
32711
32708
32707
32705
32704
32702
32701
32697
32696
32696
32693
32689
32687
32685
32684
32683
32674
32665
32662
32661
32658
32648
32648
32645
32640
32629
32627
32624
32618
32614
32610
32608
32604
32591
32589
32587
32585
32582
32577
32571
32571
32571
32562
32559
32551
32546
32544
32542
32542
32532
32525
32523
32517
32516
32513
32502
32501
32501
32486
32482
32481
32481
32477
32470
32468
32466
32465
32459
32455
32452
32446
32444
32441
32440
32430
32429
32429
32429
32429
32424
32421
32415
32414
32413
32411
32411
32404
32403
32403
32403
32399
32394
32394
32388
32382
32382
32379
32376
32376
32374
32371
32368
32365
32360
32359
32359
32358
32357
32355
32350
32345
32343
32331
32330
32329
32327
32324
32323
32309
32300
32295
32293
32291
32289
32284
32281
32279
32276
32274
32273
32269
32268
32266
32257
32255
32255
32246
32244
32238
32234
32233
32230
32229
32226
32224
32224
32221
32220
32219
32217
32217
32211
32210
32210
32208
32207
32206
32203
32203
32202
32202
32196
32196
32194
32189
32188
32182
32176
32174
32172
32168
32168
32168
32155
32150
32150
32143
32137
32134
32131
32127
32124
32121
32121
32119
32108
32107
32103
32100
32097
32096
32091
32091
32087
32086
32086
32078
32069
32067
32067
32063
32060
32058
32053
32041
32037
32034
32034
32031
32031
32030
32024
32023
32021
32014
32012
31999
31998
31996
31996
31991
31990
31990
31990
31984
31982
31981
31980
31979
31979
31977
31977
31976
31972
31972
31970
31966
31958
31956
31955
31951
31946
31946
31946
31944
31933
31931
31925
31919
31909
31908
31907
31903
31902
31901
31901
31896
31895
31894
31890
31882
31880
31879
31877
31876
31873
31871
31870
31867
31854
31854
31850
31850
31847
31844
31844
31843
31839
31839
31837
31837
31836
31834
31832
31827
31823
31821
31820
31818
31818
31816
31814
31813
31810
31808
31805
31801
31797
31795
31792
31792
31791
31790
31790
31790
31789
31789
31787
31781
31773
31770
31768
31762
31759
31746
31744
31743
31742
31740
31739
31739
31733
31728
31727
31723
31721
31721
31720
31718
31718
31706
31702
31696
31695
31694
31693
31690
31674
31673
31671
31670
31663
31661
31660
31655
31651
31644
31639
31636
31634
31632
31626
31623
31622
31615
31609
31602
31602
31600
31599
31596
31593
31586
31582
31577
31571
31570
31566
31563
31561
31560
31552
31551
31551
31544
31544
31542
31538
31534
31533
31526
31525
31518
31516
31512
31502
31496
31495
31495
31492
31488
31485
31485
31480
31480
31477
31477
31475
31473
31464
31464
31464
31462
31461
31459
31450
31447
31440
31437
31435
31428
31425
31421
31411
31401
31395
31395
31394
31390
31385
31382
31380
31374
31366
31359
31351
31351
31339
31339
31338
31336
31335
31326
31323
31320
31319
31317
31311
31311
31306
31306
31305
31305
31305
31303
31303
31299
31298
31288
31286
31280
31277
31277
31269
31269
31268
31266
31265
31264
31264
31263
31263
31261
31260
31252
31245
31244
31242
31235
31232
31231
31227
31223
31222
31222
31217
31216
31214
31211
31210
31201
31200
31198
31194
31191
31187
31181
31177
31172
31169
31168
31164
31161
31160
31150
31146
31124
31119
31115
31111
31108
31108
31102
31094
31092
31092
31087
31086
31076
31072
31068
31064
31063
31058
31058
31057
31055
31050
31050
31047
31047
31045
31040
31039
31039
31035
31035
31033
31032
31031
31025
31024
31023
31020
31017
31015
31014
31002
30989
30986
30985
30982
30975
30966
30963
30957
30956
30954
30953
30950
30944
30941
30941
30937
30936
30929
30927
30927
30926
30923
30922
30920
30916
30908
30908
30907
30907
30906
30904
30902
30899
30893
30891
30890
30889
30883
30883
30880
30877
30875
30875
30875
30874
30873
30869
30861
30861
30858
30854
30853
30851
30851
30844
30839
30834
30831
30827
30826
30821
30821
30819
30814
30810
30809
30802
30795
30789
30789
30788
30787
30786
30783
30783
30779
30775
30769
30762
30761
30754
30752
30747
30746
30743
30735
30727
30727
30720
30720
30719
30705
30692
30691
30688
30687
30682
30681
30676
30672
30672
30665
30660
30655
30654
30647
30645
30643
30643
30634
30632
30629
30619
30618
30617
30615
30612
30612
30609
30599
30597
30596
30595
30592
30589
30587
30585
30585
30583
30581
30578
30577
30572
30568
30562
30543
30541
30540
30538
30536
30535
30531
30530
30526
30523
30523
30517
30507
30507
30505
30495
30495
30494
30494
30488
30477
30471
30469
30469
30464
30459
30455
30453
30451
30450
30450
30448
30445
30445
30443
30440
30437
30436
30436
30434
30422
30420
30419
30419
30413
30392
30390
30387
30383
30371
30363
30363
30354
30350
30348
30342
30337
30333
30331
30330
30328
30328
30326
30326
30324
30322
30313
30312
30310
30307
30304
30301
30299
30293
30288
30287
30284
30274
30272
30271
30267
30261
30255
30255
30251
30249
30249
30235
30234
30233
30231
30227
30227
30225
30224
30218
30214
30213
30213
30213
30212
30208
30207
30189
30184
30182
30181
30180
30180
30177
30171
30167
30165
30156
30155
30145
30144
30140
30138
30131
30129
30129
30127
30114
30110
30109
30109
30106
30104
30102
30100
30095
30087
30087
30084
30074
30074
30073
30064
30064
30059
30057
30034
30016
30012
29999
29994
29991
29988
29988
29983
29983
29982
29979
29978
29978
29970
29970
29969
29968
29964
29959
29954
29954
29951
29946
29945
29942
29939
29939
29939
29935
29931
29925
29913
29909
29908
29908
29907
29903
29900
29900
29894
29893
29892
29886
29881
29879
29877
29873
29870
29868
29864
29859
29857
29853
29840
29840
29836
29834
29824
29822
29814
29812
29803
29798
29793
29791
29780
29780
29779
29772
29771
29771
29767
29763
29758
29748
29747
29743
29742
29728
29716
29714
29712
29710
29709
29709
29708
29702
29696
29696
29689
29687
29685
29682
29678
29676
29664
29661
29659
29658
29653
29652
29650
29647
29645
29627
29627
29622
29621
29620
29619
29614
29613
29606
29606
29605
29602
29602
29600
29593
29592
29590
29589
29583
29583
29580
29574
29566
29565
29565
29560
29557
29556
29554
29553
29553
29553
29552
29544
29538
29533
29532
29530
29524
29523
29516
29516
29515
29513
29511
29511
29511
29510
29508
29506
29506
29506
29494
29492
29484
29481
29479
29469
29468
29467
29466
29461
29457
29455
29452
29447
29445
29442
29439
29438
29436
29427
29427
29423
29415
29409
29397
29396
29394
29392
29391
29390
29390
29389
29388
29388
29385
29382
29380
29379
29378
29376
29368
29367
29360
29355
29353
29347
29346
29345
29338
29330
29326
29325
29322
29316
29312
29312
29311
29304
29291
29288
29286
29283
29281
29278
29264
29263
29259
29259
29256
29256
29254
29253
29245
29239
29236
29236
29231
29229
29227
29226
29225
29224
29218
29207
29204
29202
29197
29186
29179
29177
29174
29170
29157
29156
29147
29139
29135
29133
29133
29126
29123
29113
29111
29105
29102
29099
29091
29083
29079
29079
29077
29068
29067
29066
29065
29057
29053
29051
29045
29040
29035
29030
29021
29018
29008
29006
29005
29000
28999
28997
28997
28995
28994
28993
28990
28987
28986
28982
28979
28978
28974
28966
28965
28962
28950
28950
28945
28943
28941
28940
28938
28936
28927
28927
28922
28920
28913
28913
28911
28911
28902
28901
28898
28890
28889
28885
28884
28883
28882
28867
28866
28865
28859
28858
28857
28856
28852
28843
28842
28836
28835
28831
28823
28816
28815
28815
28808
28808
28801
28795
28792
28789
28783
28782
28781
28780
28774
28774
28772
28769
28769
28760
28757
28756
28754
28747
28747
28745
28744
28742
28740
28736
28734
28731
28730
28720
28720
28711
28706
28705
28704
28704
28689
28686
28685
28681
28672
28657
28654
28648
28640
28640
28638
28637
28631
28628
28624
28623
28622
28619
28618
28612
28611
28609
28602
28602
28600
28595
28595
28594
28590
28590
28589
28588
28588
28587
28580
28579
28562
28557
28554
28550
28546
28544
28536
28536
28526
28523
28518
28515
28514
28511
28500
28498
28497
28495
28494
28483
28483
28482
28477
28477
28476
28469
28467
28463
28462
28457
28452
28449
28447
28444
28442
28442
28439
28437
28426
28422
28421
28420
28420
28412
28410
28409
28408
28407
28406
28405
28402
28398
28396
28394
28385
28383
28379
28365
28352
28348
28343
28342
28338
28337
28328
28327
28324
28322
28317
28316
28316
28315
28310
28309
28305
28302
28298
28297
28285
28283
28280
28278
28277
28276
28271
28266
28265
28264
28258
28257
28251
28251
28246
28244
28242
28236
28235
28231
28228
28222
28219
28217
28213
28206
28204
28198
28189
28188
28184
28183
28182
28181
28181
28178
28168
28163
28162
28162
28161
28159
28159
28159
28158
28151
28144
28144
28143
28142
28140
28139
28131
28130
28129
28126
28116
28115
28109
28108
28098
28094
28090
28087
28082
28080
28080
28080
28079
28071
28059
28057
28050
28048
28047
28044
28042
28037
28037
28035
28031
28030
28028
28023
28022
28022
28017
28008
28005
27997
27989
27988
27987
27982
27980
27976
27974
27973
27972
27971
27970
27966
27965
27965
27965
27961
27958
27957
27945
27942
27942
27942
27935
27925
27922
27919
27919
27918
27917
27916
27916
27912
27905
27903
27902
27900
27895
27892
27890
27888
27887
27887
27884
27881
27877
27872
27869
27866
27864
27864
27855
27855
27855
27850
27849
27848
27843
27839
27838
27836
27834
27834
27831
27827
27826
27824
27804
27801
27801
27795
27792
27790
27786
27779
27778
27770
27770
27769
27768
27768
27761
27759
27755
27752
27751
27751
27750
27739
27734
27729
27725
27719
27716
27712
27712
27712
27703
27701
27698
27695
27691
27691
27689
27688
27688
27687
27683
27681
27679
27679
27675
27672
27667
27667
27665
27662
27661
27657
27657
27654
27649
27649
27647
27635
27633
27631
27629
27629
27629
27621
27619
27616
27615
27609
27609
27608
27608
27607
27604
27602
27601
27600
27597
27588
27581
27578
27578
27571
27567
27558
27549
27547
27546
27543
27539
27538
27537
27536
27533
27527
27524
27522
27521
27519
27519
27518
27517
27516
27511
27508
27505
27502
27495
27488
27486
27486
27485
27485
27481
27474
27468
27467
27467
27463
27461
27456
27454
27452
27449
27448
27447
27445
27435
27419
27417
27417
27417
27417
27414
27408
27404
27401
27399
27399
27395
27387
27380
27378
27371
27367
27366
27364
27362
27361
27359
27355
27354
27353
27352
27352
27351
27343
27340
27331
27329
27326
27318
27314
27307
27304
27302
27299
27292
27280
27276
27276
27273
27270
27270
27268
27263
27260
27259
27257
27252
27242
27234
27233
27226
27226
27225
27224
27221
27216
27212
27212
27211
27208
27207
27203
27202
27196
27194
27193
27189
27186
27182
27182
27180
27177
27172
27168
27166
27160
27157
27155
27155
27154
27154
27149
27149
27149
27143
27139
27137
27137
27137
27136
27132
27122
27122
27119
27114
27109
27108
27107
27106
27103
27102
27100
27086
27084
27080
27076
27076
27073
27071
27067
27062
27056
27055
27049
27048
27047
27044
27041
27039
27038
27036
27035
27012
27009
27006
26993
26977
26974
26973
26971
26970
26967
26964
26964
26963
26962
26962
26961
26961
26961
26959
26956
26953
26949
26948
26943
26943
26941
26937
26937
26934
26933
26931
26927
26922
26920
26919
26917
26915
26911
26901
26898
26894
26889
26888
26886
26882
26879
26873
26873
26867
26866
26866
26864
26864
26861
26855
26847
26847
26842
26839
26838
26834
26832
26830
26830
26827
26826
26822
26816
26816
26811
26807
26805
26805
26803
26800
26799
26789
26785
26778
26778
26767
26767
26755
26753
26749
26748
26748
26744
26743
26742
26742
26736
26731
26728
26722
26720
26716
26705
26705
26703
26701
26701
26700
26694
26688
26678
26677
26673
26671
26670
26669
26668
26667
26663
26657
26655
26648
26644
26643
26642
26642
26640
26637
26636
26635
26629
26628
26628
26618
26616
26606
26606
26601
26598
26596
26596
26592
26583
26581
26579
26578
26575
26571
26569
26569
26565
26563
26552
26552
26551
26531
26530
26530
26527
26526
26511
26506
26503
26502
26502
26500
26499
26499
26492
26492
26488
26487
26486
26485
26483
26480
26480
26479
26472
26469
26469
26468
26467
26449
26448
26443
26438
26436
26433
26428
26428
26426
26426
26425
26423
26422
26422
26422
26421
26421
26413
26411
26410
26407
26405
26401
26388
26384
26379
26378
26377
26375
26368
26365
26364
26357
26355
26346
26344
26341
26340
26340
26334
26331
26326
26326
26326
26325
26322
26320
26318
26313
26312
26312
26310
26306
26306
26303
26298
26295
26295
26289
26288
26280
26278
26276
26275
26271
26265
26264
26253
26251
26249
26247
26240
26238
26233
26232
26227
26223
26223
26220
26208
26196
26196
26191
26189
26184
26182
26180
26177
26177
26174
26174
26174
26174
26168
26167
26167
26166
26164
26164
26161
26161
26160
26158
26151
26151
26150
26149
26146
26139
26138
26137
26131
26131
26127
26115
26111
26109
26106
26104
26102
26101
26099
26095
26091
26089
26088
26082
26080
26075
26075
26068
26063
26059
26041
26040
26039
26033
26029
26029
26028
26020
26018
26015
26013
26012
26011
26010
26010
26007
26006
26006
26000
25995
25973
25969
25963
25961
25954
25947
25945
25941
25931
25923
25917
25915
25914
25913
25913
25905
25900
25899
25898
25897
25896
25892
25891
25882
25878
25874
25871
25869
25864
25856
25847
25847
25846
25846
25837
25835
25835
25834
25828
25828
25824
25821
25821
25819
25815
25813
25810
25808
25807
25805
25803
25799
25795
25794
25785
25780
25778
25778
25775
25773
25772
25767
25760
25755
25753
25753
25751
25751
25746
25743
25736
25734
25725
25722
25715
25701
25696
25692
25686
25683
25679
25677
25660
25656
25655
25655
25647
25646
25646
25641
25636
25633
25627
25624
25622
25622
25617
25614
25611
25610
25610
25607
25607
25603
25602
25594
25592
25588
25582
25581
25576
25575
25574
25573
25572
25566
25557
25544
25543
25543
25537
25533
25529
25528
25528
25528
25525
25524
25524
25517
25514
25513
25506
25502
25495
25495
25494
25489
25482
25479
25472
25467
25467
25460
25457
25456
25456
25454
25448
25446
25445
25445
25444
25444
25442
25441
25431
25424
25423
25421
25414
25409
25402
25401
25401
25399
25397
25393
25390
25389
25381
25380
25367
25360
25360
25359
25354
25351
25351
25349
25346
25340
25340
25336
25336
25331
25328
25327
25323
25323
25322
25321
25316
25312
25310
25309
25305
25300
25299
25298
25291
25287
25285
25282
25280
25279
25276
25267
25263
25263
25261
25260
25260
25257
25255
25251
25250
25248
25245
25244
25241
25240
25233
25232
25229
25229
25228
25220
25213
25212
25210
25208
25207
25205
25204
25201
25198
25197
25194
25194
25189
25180
25170
25167
25160
25159
25157
25157
25151
25150
25148
25144
25141
25140
25134
25133
25130
25130
25124
25124
25122
25119
25117
25113
25113
25111
25106
25105
25103
25098
25095
25092
25081
25079
25076
25076
25075
25070
25069
25065
25064
25060
25059
25050
25048
25044
25040
25033
25030
25029
25018
25018
25017
25008
25006
25004
25003
24998
24995
24993
24985
24980
24978
24973
24970
24969
24963
24952
24949
24948
24944
24934
24926
24925
24923
24911
24911
24908
24902
24900
24894
24890
24882
24878
24869
24868
24855
24853
24843
24839
24838
24833
24831
24828
24826
24825
24825
24818
24815
24814
24813
24806
24800
24800
24795
24790
24785
24783
24782
24779
24777
24776
24776
24771
24766
24766
24760
24755
24755
24751
24747
24746
24740
24737
24733
24729
24722
24713
24711
24705
24704
24701
24694
24690
24682
24672
24670
24668
24667
24666
24654
24654
24651
24649
24645
24644
24639
24635
24631
24630
24630
24611
24606
24591
24587
24586
24586
24582
24580
24575
24574
24573
24572
24570
24566
24560
24551
24546
24545
24542
24542
24541
24540
24540
24538
24534
24532
24532
24531
24528
24527
24516
24513
24513
24507
24507
24505
24500
24499
24497
24495
24488
24483
24482
24479
24475
24472
24471
24470
24470
24469
24459
24457
24457
24455
24448
24447
24445
24443
24443
24442
24439
24435
24434
24434
24433
24430
24424
24413
24410
24409
24405
24403
24393
24390
24388
24385
24385
24384
24384
24380
24380
24379
24378
24377
24372
24372
24370
24369
24362
24360
24357
24356
24354
24340
24336
24333
24326
24324
24321
24321
24318
24310
24310
24305
24304
24304
24302
24302
24287
24280
24280
24277
24277
24270
24268
24267
24260
24256
24254
24250
24249
24248
24242
24226
24224
24222
24214
24213
24212
24209
24205
24203
24195
24192
24190
24185
24180
24178
24177
24166
24164
24162
24157
24156
24155
24154
24152
24148
24146
24144
24143
24136
24134
24127
24114
24110
24103
24101
24100
24098
24096
24079
24078
24064
24063
24061
24061
24059
24058
24057
24055
24052
24046
24039
24038
24035
24027
24026
24023
24020
24020
24019
24017
24010
24008
24001
24001
24000
23999
23997
23997
23996
23994
23992
23987
23986
23984
23981
23972
23972
23966
23962
23959
23954
23953
23953
23951
23951
23950
23944
23943
23943
23931
23929
23926
23925
23925
23921
23921
23921
23916
23911
23907
23897
23895
23895
23889
23888
23888
23887
23884
23881
23878
23878
23875
23868
23863
23857
23852
23846
23844
23844
23842
23839
23838
23815
23810
23809
23808
23808
23807
23800
23796
23795
23788
23781
23780
23779
23773
23773
23770
23765
23763
23757
23757
23756
23754
23742
23741
23741
23741
23732
23730
23722
23715
23713
23713
23712
23709
23709
23708
23706
23702
23700
23699
23696
23693
23693
23690
23685
23678
23677
23676
23676
23665
23659
23659
23656
23655
23648
23647
23642
23640
23640
23633
23628
23626
23625
23618
23609
23607
23599
23584
23579
23577
23577
23571
23571
23567
23567
23563
23562
23560
23556
23555
23555
23555
23551
23549
23548
23544
23544
23535
23530
23528
23527
23515
23511
23506
23505
23505
23505
23498
23492
23483
23479
23477
23474
23472
23469
23469
23467
23466
23463
23461
23460
23459
23457
23455
23454
23452
23449
23444
23443
23440
23432
23422
23421
23418
23417
23411
23410
23405
23404
23400
23399
23399
23394
23392
23391
23390
23385
23376
23374
23365
23365
23364
23364
23356
23356
23344
23343
23338
23330
23330
23327
23327
23321
23313
23311
23310
23307
23302
23302
23300
23298
23282
23279
23276
23270
23269
23268
23263
23263
23261
23256
23256
23253
23248
23245
23245
23245
23244
23241
23241
23219
23215
23213
23209
23204
23204
23204
23197
23194
23184
23179
23176
23174
23170
23168
23166
23165
23165
23153
23143
23142
23140
23135
23133
23133
23130
23122
23122
23117
23111
23106
23106
23105
23103
23100
23099
23095
23093
23092
23085
23085
23082
23082
23077
23076
23075
23072
23068
23064
23063
23063
23061
23060
23059
23047
23045
23045
23040
23038
23025
23017
23017
23014
23014
23012
23011
23011
23011
23010
23006
23005
23002
22997
22994
22991
22986
22986
22980
22977
22974
22966
22963
22961
22959
22957
22955
22953
22949
22948
22948
22944
22943
22942
22940
22938
22936
22934
22931
22930
22925
22924
22920
22920
22912
22909
22909
22908
22906
22904
22902
22902
22899
22897
22893
22890
22889
22889
22886
22871
22861
22857
22853
22846
22841
22834
22834
22832
22832
22831
22828
22827
22826
22826
22825
22820
22815
22808
22807
22807
22806
22805
22798
22789
22778
22777
22775
22775
22760
22758
22757
22753
22750
22747
22745
22744
22744
22743
22737
22735
22735
22731
22731
22717
22707
22707
22701
22700
22697
22692
22692
22690
22684
22681
22679
22678
22678
22677
22677
22675
22671
22670
22665
22658
22655
22654
22653
22637
22635
22635
22632
22631
22630
22627
22617
22613
22609
22609
22605
22603
22600
22591
22587
22586
22586
22583
22577
22576
22569
22563
22560
22551
22550
22550
22548
22548
22547
22545
22537
22529
22528
22525
22523
22519
22518
22518
22510
22504
22503
22500
22484
22477
22474
22472
22470
22469
22469
22468
22460
22455
22448
22447
22446
22444
22443
22443
22438
22434
22429
22425
22423
22421
22419
22418
22415
22410
22402
22398
22397
22392
22387
22383
22379
22377
22373
22371
22369
22369
22368
22362
22358
22353
22352
22347
22337
22333
22331
22326
22324
22323
22322
22320
22306
22301
22288
22286
22283
22273
22272
22268
22263
22253
22251
22247
22245
22244
22241
22239
22237
22232
22216
22214
22211
22210
22209
22208
22206
22196
22194
22192
22192
22184
22180
22178
22177
22173
22171
22170
22168
22167
22166
22165
22157
22156
22154
22154
22150
22149
22147
22144
22141
22140
22134
22134
22133
22131
22123
22120
22119
22118
22116
22116
22116
22114
22112
22110
22104
22100
22097
22090
22087
22083
22081
22072
22070
22068
22068
22066
22066
22065
22057
22054
22054
22054
22048
22048
22042
22040
22039
22037
22032
22031
22031
22031
22030
22029
22028
22027
22027
22025
22025
22025
22025
22017
22017
22014
22014
22013
22005
22000
21994
21991
21986
21985
21985
21983
21981
21980
21975
21975
21973
21967
21964
21962
21962
21957
21951
21950
21945
21940
21936
21934
21924
21921
21914
21910
21907
21905
21901
21898
21895
21895
21892
21891
21888
21887
21881
21879
21879
21872
21871
21850
21849
21845
21844
21831
21824
21818
21815
21811
21808
21808
21804
21801
21796
21793
21790
21790
21785
21784
21784
21771
21769
21764
21763
21763
21762
21760
21750
21736
21736
21719
21716
21707
21707
21706
21701
21698
21691
21687
21682
21677
21673
21664
21653
21649
21643
21639
21630
21621
21619
21619
21618
21615
21613
21612
21611
21610
21607
21607
21605
21602
21600
21600
21599
21592
21588
21588
21587
21586
21584
21583
21570
21569
21568
21565
21564
21563
21561
21560
21555
21552
21548
21544
21544
21540
21537
21533
21529
21529
21528
21527
21526
21522
21519
21508
21508
21505
21505
21496
21490
21489
21485
21481
21467
21466
21464
21462
21461
21461
21460
21457
21457
21453
21446
21444
21443
21443
21443
21439
21433
21432
21420
21415
21415
21414
21401
21399
21397
21392
21391
21388
21387
21385
21385
21384
21375
21372
21366
21366
21356
21352
21352
21350
21349
21348
21346
21344
21343
21338
21335
21334
21333
21333
21329
21329
21327
21325
21323
21318
21317
21315
21308
21306
21306
21306
21305
21300
21299
21299
21297
21297
21292
21291
21289
21285
21277
21275
21267
21262
21261
21260
21258
21250
21248
21248
21243
21239
21233
21231
21230
21217
21215
21215
21213
21212
21209
21207
21198
21197
21193
21191
21187
21178
21174
21174
21173
21168
21166
21163
21162
21157
21151
21148
21144
21142
21141
21141
21140
21139
21132
21126
21126
21124
21123
21121
21108
21106
21105
21100
21097
21096
21091
21089
21089
21083
21082
21080
21080
21078
21076
21074
21073
21072
21072
21069
21068
21068
21067
21066
21063
21060
21058
21057
21056
21054
21053
21051
21043
21042
21034
21032
21032
21032
21024
21017
21005
21003
21003
21001
21001
21001
20996
20995
20994
20988
20985
20980
20979
20972
20968
20962
20962
20961
20961
20961
20954
20945
20944
20942
20934
20925
20922
20919
20918
20912
20908
20905
20894
20891
20891
20887
20884
20881
20870
20866
20865
20865
20865
20862
20859
20847
20846
20846
20840
20836
20832
20828
20824
20824
20821
20817
20817
20814
20807
20806
20799
20798
20797
20793
20791
20788
20787
20786
20784
20779
20779
20778
20777
20777
20777
20775
20774
20773
20771
20770
20770
20768
20761
20758
20754
20752
20750
20737
20735
20732
20731
20728
20726
20725
20725
20718
20717
20714
20711
20710
20708
20707
20704
20697
20688
20687
20682
20680
20674
20674
20673
20671
20669
20663
20655
20653
20634
20626
20623
20618
20609
20601
20600
20598
20597
20596
20593
20590
20587
20585
20583
20581
20581
20571
20570
20568
20566
20566
20562
20560
20559
20545
20539
20538
20533
20528
20526
20524
20520
20520
20519
20518
20517
20514
20512
20512
20511
20491
20486
20482
20475
20471
20465
20452
20449
20444
20425
20422
20422
20420
20418
20416
20413
20402
20399
20395
20392
20387
20385
20383
20380
20374
20374
20364
20358
20356
20356
20349
20346
20344
20343
20343
20340
20337
20334
20333
20321
20321
20309
20306
20303
20302
20298
20298
20297
20295
20291
20284
20281
20280
20274
20271
20268
20266
20266
20265
20265
20265
20263
20262
20255
20255
20251
20250
20243
20243
20238
20227
20223
20222
20222
20221
20216
20213
20213
20212
20208
20207
20204
20201
20185
20183
20182
20178
20173
20171
20171
20166
20158
20155
20154
20143
20137
20137
20135
20127
20121
20110
20110
20106
20104
20103
20096
20096
20093
20092
20081
20078
20076
20073
20068
20068
20060
20059
20059
20057
20056
20050
20046
20039
20039
20038
20036
20035
20029
20024
20022
20022
20020
20013
20009
20007
20005
20000
20000
19996
19991
19988
19968
19955
19953
19951
19936
19936
19935
19934
19930
19928
19924
19923
19920
19916
19913
19909
19899
19893
19891
19889
19886
19882
19877
19877
19864
19859
19854
19854
19852
19851
19848
19847
19847
19845
19842
19840
19839
19835
19834
19831
19831
19830
19830
19826
19824
19824
19815
19814
19812
19807
19805
19800
19800
19795
19794
19789
19787
19787
19786
19780
19775
19774
19772
19771
19771
19768
19764
19762
19760
19750
19749
19747
19743
19743
19741
19741
19739
19736
19735
19733
19731
19728
19723
19721
19715
19715
19712
19704
19701
19700
19696
19696
19686
19686
19686
19685
19684
19682
19675
19666
19665
19664
19663
19655
19652
19651
19647
19646
19644
19640
19633
19631
19630
19621
19621
19619
19616
19616
19610
19601
19598
19589
19588
19586
19585
19580
19573
19570
19568
19564
19563
19562
19559
19558
19558
19557
19551
19550
19549
19545
19541
19538
19534
19530
19530
19526
19517
19513
19498
19495
19494
19492
19484
19484
19473
19469
19468
19462
19457
19452
19447
19437
19430
19423
19422
19420
19420
19415
19413
19405
19393
19379
19374
19367
19367
19367
19361
19352
19348
19343
19340
19339
19335
19334
19332
19332
19328
19326
19317
19314
19314
19305
19302
19298
19293
19285
19283
19283
19281
19280
19280
19279
19278
19278
19277
19275
19275
19274
19273
19270
19270
19269
19269
19266
19262
19262
19261
19260
19259
19259
19258
19257
19254
19254
19244
19240
19239
19239
19237
19233
19229
19223
19222
19218
19216
19215
19207
19205
19200
19195
19191
19190
19188
19187
19186
19174
19171
19168
19168
19158
19157
19153
19151
19150
19148
19146
19139
19136
19133
19133
19132
19127
19121
19119
19115
19111
19107
19100
19095
19095
19091
19081
19080
19078
19077
19073
19073
19070
19056
19053
19052
19051
19047
19044
19044
19044
19042
19041
19033
19027
19018
19002
18999
18996
18987
18985
18983
18983
18979
18978
18976
18973
18967
18967
18965
18962
18961
18957
18954
18952
18943
18942
18940
18932
18930
18927
18926
18918
18916
18916
18915
18914
18910
18905
18901
18894
18887
18885
18883
18882
18873
18868
18866
18865
18865
18864
18863
18863
18854
18853
18848
18847
18847
18846
18843
18842
18838
18834
18829
18829
18827
18820
18809
18808
18805
18805
18793
18792
18792
18789
18781
18781
18774
18769
18767
18761
18759
18759
18758
18757
18753
18753
18750
18750
18749
18749
18743
18736
18734
18723
18720
18718
18718
18715
18713
18712
18711
18710
18710
18699
18699
18694
18693
18687
18681
18681
18673
18672
18669
18665
18657
18651
18645
18640
18634
18631
18631
18629
18628
18628
18627
18626
18625
18624
18619
18618
18618
18616
18614
18612
18607
18606
18606
18601
18598
18592
18591
18586
18584
18583
18581
18579
18578
18574
18572
18563
18558
18556
18551
18538
18536
18535
18534
18534
18532
18532
18531
18524
18516
18507
18506
18506
18503
18500
18500
18500
18489
18486
18478
18476
18471
18467
18464
18459
18452
18449
18428
18428
18422
18417
18409
18403
18401
18401
18400
18400
18399
18399
18397
18397
18392
18392
18390
18389
18389
18387
18385
18370
18369
18369
18362
18361
18357
18353
18352
18346
18346
18343
18342
18338
18335
18333
18333
18327
18323
18318
18314
18314
18312
18303
18301
18294
18289
18281
18271
18268
18258
18256
18250
18247
18242
18235
18235
18233
18232
18232
18230
18226
18224
18223
18221
18220
18198
18197
18197
18196
18189
18189
18185
18183
18181
18180
18177
18177
18174
18173
18173
18172
18166
18164
18162
18160
18159
18157
18153
18152
18150
18145
18141
18137
18132
18131
18130
18130
18129
18129
18121
18119
18116
18113
18112
18111
18107
18106
18102
18090
18080
18078
18075
18074
18072
18070
18066
18062
18061
18052
18042
18032
18030
18025
18025
18019
18018
18017
18014
18014
18010
18008
18003
18002
17999
17996
17995
17994
17994
17989
17988
17987
17987
17985
17984
17982
17981
17980
17974
17970
17959
17954
17951
17948
17946
17945
17943
17937
17937
17936
17935
17935
17933
17930
17923
17922
17922
17922
17920
17914
17914
17910
17898
17898
17897
17896
17894
17891
17888
17884
17879
17877
17876
17864
17863
17862
17858
17857
17853
17844
17837
17836
17830
17826
17820
17813
17808
17807
17805
17804
17804
17803
17802
17798
17795
17787
17786
17782
17770
17768
17767
17754
17749
17747
17745
17740
17734
17734
17731
17731
17728
17726
17724
17716
17716
17706
17701
17697
17693
17691
17690
17689
17686
17684
17682
17679
17664
17661
17661
17660
17652
17645
17645
17643
17642
17638
17625
17623
17616
17614
17610
17605
17604
17600
17599
17595
17592
17592
17592
17590
17588
17587
17579
17574
17573
17567
17562
17561
17561
17558
17554
17551
17547
17541
17541
17539
17538
17533
17529
17527
17524
17524
17517
17511
17499
17498
17494
17486
17486
17483
17482
17481
17481
17479
17479
17476
17474
17474
17469
17467
17461
17459
17456
17453
17451
17450
17443
17443
17429
17427
17421
17419
17418
17418
17417
17411
17408
17404
17402
17401
17400
17399
17399
17396
17390
17383
17381
17380
17379
17376
17375
17370
17370
17370
17368
17367
17366
17365
17361
17359
17356
17346
17344
17339
17339
17338
17334
17330
17328
17322
17321
17319
17317
17313
17308
17307
17307
17304
17303
17302
17289
17289
17288
17284
17275
17274
17274
17271
17271
17270
17268
17267
17266
17258
17256
17254
17252
17250
17250
17246
17243
17240
17239
17236
17235
17230
17225
17224
17221
17221
17220
17219
17216
17204
17198
17198
17195
17182
17176
17175
17175
17171
17169
17164
17163
17158
17155
17155
17150
17147
17146
17146
17142
17140
17135
17131
17129
17128
17122
17120
17111
17111
17100
17097
17092
17088
17088
17087
17085
17081
17074
17071
17058
17051
17049
17048
17029
17029
17013
17011
17011
17007
17006
17004
17002
17001
16999
16995
16986
16984
16979
16976
16969
16958
16955
16952
16947
16946
16942
16940
16935
16930
16927
16924
16923
16916
16916
16909
16908
16903
16894
16893
16889
16889
16885
16883
16876
16870
16864
16864
16860
16859
16859
16859
16845
16835
16834
16832
16825
16825
16822
16822
16820
16819
16818
16813
16786
16786
16782
16778
16773
16770
16770
16770
16764
16760
16749
16748
16746
16746
16743
16742
16741
16741
16739
16735
16735
16732
16730
16728
16725
16724
16718
16705
16695
16693
16693
16692
16686
16684
16682
16680
16679
16678
16677
16675
16673
16662
16653
16650
16649
16645
16644
16642
16636
16635
16634
16632
16615
16614
16612
16608
16606
16606
16598
16594
16594
16591
16590
16589
16585
16584
16582
16579
16578
16574
16572
16572
16571
16570
16568
16565
16562
16562
16559
16557
16555
16554
16550
16548
16547
16538
16535
16530
16529
16525
16521
16520
16514
16512
16510
16501
16501
16499
16497
16497
16496
16496
16495
16486
16482
16481
16479
16477
16475
16475
16472
16468
16459
16449
16448
16448
16446
16446
16445
16444
16441
16441
16434
16433
16432
16431
16430
16429
16429
16424
16423
16421
16420
16419
16419
16416
16404
16403
16402
16396
16393
16381
16377
16375
16373
16372
16372
16369
16367
16358
16351
16332
16330
16330
16328
16326
16323
16321
16317
16315
16311
16308
16305
16303
16302
16300
16299
16299
16299
16298
16296
16292
16289
16289
16289
16280
16280
16273
16269
16268
16267
16266
16263
16261
16259
16258
16255
16251
16249
16245
16241
16240
16228
16222
16215
16209
16206
16202
16200
16198
16173
16162
16157
16150
16150
16150
16147
16146
16141
16136
16135
16134
16134
16120
16118
16114
16109
16109
16102
16101
16100
16094
16091
16090
16088
16084
16083
16081
16080
16071
16063
16062
16058
16056
16056
16055
16054
16046
16028
16024
16020
16020
16016
16007
16003
16000
16000
15998
15994
15991
15989
15985
15973
15970
15962
15960
15951
15950
15949
15944
15943
15934
15932
15930
15928
15927
15926
15916
15913
15911
15910
15903
15897
15892
15891
15887
15886
15884
15880
15872
15871
15869
15865
15862
15856
15856
15855
15849
15848
15848
15848
15834
15831
15827
15824
15818
15817
15816
15802
15797
15797
15795
15789
15782
15773
15770
15764
15761
15759
15754
15751
15744
15744
15740
15736
15736
15734
15734
15729
15727
15712
15710
15704
15699
15694
15693
15687
15686
15683
15680
15678
15674
15663
15661
15660
15650
15647
15639
15638
15633
15631
15630
15630
15628
15625
15624
15617
15616
15616
15610
15607
15606
15593
15590
15585
15576
15567
15567
15566
15565
15563
15561
15561
15559
15558
15552
15552
15550
15545
15544
15539
15538
15534
15532
15523
15523
15517
15510
15505
15503
15500
15496
15494
15493
15490
15485
15479
15478
15473
15471
15468
15467
15466
15462
15456
15449
15448
15445
15435
15434
15429
15429
15427
15427
15424
15420
15417
15415
15410
15409
15408
15404
15403
15401
15387
15387
15387
15385
15385
15377
15376
15373
15369
15368
15365
15346
15345
15339
15326
15326
15322
15319
15316
15302
15300
15296
15295
15289
15288
15286
15285
15274
15272
15272
15264
15263
15260
15259
15255
15247
15247
15240
15239
15239
15239
15238
15236
15230
15225
15218
15214
15212
15211
15206
15199
15196
15192
15184
15175
15174
15170
15167
15167
15160
15160
15160
15158
15154
15151
15148
15142
15140
15139
15139
15136
15136
15135
15133
15124
15124
15120
15117
15115
15112
15110
15108
15106
15106
15103
15102
15101
15100
15093
15089
15088
15087
15085
15077
15076
15065
15063
15057
15052
15051
15051
15048
15046
15045
15043
15038
15038
15030
15028
15021
15013
15011
15009
15008
15005
15003
14999
14997
14995
14995
14993
14984
14983
14980
14975
14971
14969
14968
14967
14963
14956
14950
14949
14948
14947
14947
14945
14929
14924
14924
14916
14915
14913
14907
14903
14903
14902
14895
14894
14893
14889
14888
14881
14881
14876
14874
14874
14853
14847
14845
14844
14844
14844
14843
14841
14840
14838
14830
14828
14825
14825
14819
14815
14814
14810
14809
14804
14804
14803
14803
14803
14801
14798
14791
14791
14788
14784
14782
14779
14769
14763
14763
14762
14760
14751
14745
14745
14745
14741
14738
14731
14729
14727
14717
14717
14708
14707
14707
14706
14703
14700
14700
14698
14696
14694
14693
14688
14685
14681
14679
14679
14676
14672
14665
14663
14659
14643
14643
14639
14634
14632
14631
14631
14630
14626
14625
14625
14623
14622
14614
14614
14614
14608
14606
14601
14595
14590
14580
14580
14574
14572
14567
14565
14563
14560
14560
14558
14556
14552
14547
14544
14543
14535
14535
14531
14527
14525
14520
14516
14515
14514
14509
14507
14505
14504
14500
14496
14490
14485
14485
14484
14480
14479
14478
14475
14471
14467
14467
14454
14453
14453
14452
14448
14437
14431
14431
14431
14427
14427
14424
14424
14422
14408
14403
14391
14391
14387
14385
14384
14380
14378
14371
14369
14366
14365
14365
14365
14364
14362
14360
14356
14353
14352
14350
14346
14340
14332
14332
14330
14329
14325
14312
14312
14308
14307
14304
14304
14297
14293
14291
14286
14285
14284
14273
14268
14265
14261
14257
14256
14256
14244
14232
14232
14225
14224
14223
14220
14215
14215
14213
14212
14210
14210
14205
14205
14202
14202
14201
14199
14198
14194
14185
14184
14183
14183
14182
14174
14172
14161
14159
14158
14156
14156
14153
14148
14147
14144
14141
14138
14132
14130
14130
14130
14125
14122
14120
14117
14114
14111
14111
14110
14110
14110
14107
14102
14099
14087
14084
14083
14082
14082
14074
14072
14071
14070
14067
14063
14048
14047
14045
14041
14039
14039
14035
14034
14026
14021
14019
14018
14015
14013
14012
14004
14004
14002
14001
13999
13998
13997
13996
13988
13985
13980
13974
13971
13969
13965
13962
13959
13955
13951
13950
13942
13942
13938
13931
13931
13929
13919
13916
13913
13912
13909
13909
13909
13901
13898
13896
13889
13886
13884
13882
13877
13877
13876
13871
13869
13868
13866
13864
13861
13858
13855
13852
13836
13825
13822
13821
13817
13811
13811
13808
13807
13806
13805
13802
13794
13791
13788
13786
13781
13778
13776
13774
13771
13771
13766
13763
13763
13760
13759
13753
13751
13748
13748
13734
13733
13730
13729
13722
13720
13707
13705
13704
13702
13689
13686
13682
13681
13680
13673
13670
13670
13668
13667
13664
13663
13660
13659
13654
13650
13648
13645
13623
13618
13616
13612
13606
13604
13601
13598
13592
13586
13581
13580
13574
13574
13570
13564
13560
13560
13556
13550
13549
13538
13526
13525
13524
13522
13516
13512
13510
13505
13505
13500
13493
13492
13489
13487
13479
13478
13478
13472
13467
13461
13455
13453
13451
13450
13450
13448
13447
13446
13445
13445
13439
13437
13436
13436
13430
13430
13426
13422
13421
13417
13414
13411
13407
13405
13402
13402
13401
13394
13392
13391
13377
13375
13375
13373
13367
13366
13357
13356
13351
13348
13336
13335
13325
13321
13321
13319
13318
13317
13317
13316
13312
13304
13302
13301
13296
13295
13295
13294
13294
13293
13293
13289
13288
13287
13286
13281
13280
13279
13278
13271
13270
13270
13265
13261
13259
13257
13255
13239
13233
13229
13226
13223
13223
13217
13214
13213
13211
13200
13193
13191
13187
13183
13182
13181
13180
13178
13173
13165
13165
13163
13158
13155
13151
13150
13147
13142
13140
13138
13137
13130
13127
13126
13122
13117
13115
13115
13114
13112
13104
13102
13100
13100
13093
13087
13082
13081
13077
13077
13074
13066
13063
13063
13058
13057
13056
13054
13053
13050
13049
13049
13047
13047
13045
13038
13033
13031
13031
13028
13027
13026
13026
13024
13024
13020
13018
13017
13013
13009
13008
13007
13003
13001
12999
12995
12994
12988
12985
12980
12980
12975
12962
12961
12958
12956
12956
12948
12947
12945
12941
12936
12933
12931
12927
12926
12925
12925
12921
12921
12915
12914
12912
12908
12908
12907
12901
12901
12900
12891
12891
12888
12886
12885
12882
12881
12879
12876
12876
12873
12862
12855
12854
12850
12845
12833
12831
12830
12829
12826
12816
12813
12806
12803
12800
12796
12796
12793
12788
12788
12784
12783
12779
12773
12772
12772
12767
12767
12764
12761
12761
12758
12751
12740
12737
12733
12727
12725
12715
12707
12703
12701
12699
12695
12685
12681
12678
12678
12678
12676
12672
12672
12669
12667
12664
12654
12654
12648
12641
12640
12634
12631
12628
12621
12620
12615
12610
12607
12600
12600
12599
12594
12593
12592
12591
12591
12590
12590
12587
12586
12582
12565
12564
12564
12562
12560
12559
12556
12550
12549
12546
12542
12540
12538
12537
12533
12533
12532
12529
12528
12527
12527
12514
12504
12503
12497
12475
12470
12467
12467
12464
12461
12459
12459
12458
12458
12455
12451
12451
12448
12445
12443
12441
12438
12438
12434
12433
12431
12430
12420
12418
12417
12416
12414
12407
12407
12403
12402
12395
12391
12388
12387
12373
12366
12363
12362
12358
12351
12344
12342
12341
12338
12336
12335
12332
12330
12329
12323
12320
12315
12299
12279
12273
12272
12266
12265
12263
12252
12249
12241
12240
12237
12236
12232
12216
12216
12215
12214
12212
12212
12209
12208
12206
12202
12201
12195
12193
12190
12185
12176
12172
12167
12155
12148
12148
12147
12146
12146
12143
12140
12134
12134
12130
12118
12118
12117
12115
12112
12111
12107
12102
12102
12093
12092
12089
12084
12079
12077
12074
12070
12069
12057
12055
12047
12040
12039
12039
12038
12035
12029
12019
12015
12014
12013
12010
12004
11999
11998
11996
11991
11990
11980
11978
11976
11976
11974
11974
11969
11968
11967
11957
11957
11957
11953
11952
11951
11950
11948
11941
11936
11935
11934
11932
11929
11929
11926
11925
11922
11921
11916
11916
11911
11910
11910
11906
11902
11901
11899
11895
11887
11879
11879
11876
11867
11866
11866
11865
11865
11861
11856
11853
11853
11845
11841
11835
11835
11833
11833
11832
11828
11827
11827
11827
11821
11812
11804
11798
11798
11797
11790
11790
11785
11783
11783
11780
11777
11776
11775
11775
11773
11772
11771
11768
11765
11761
11757
11757
11751
11749
11742
11740
11740
11740
11735
11734
11729
11725
11722
11720
11713
11710
11700
11697
11694
11694
11694
11689
11676
11675
11672
11669
11669
11669
11667
11666
11661
11659
11658
11656
11652
11650
11648
11628
11623
11622
11620
11619
11614
11612
11611
11606
11605
11600
11600
11600
11587
11587
11587
11586
11586
11584
11583
11578
11577
11575
11569
11566
11563
11561
11560
11559
11556
11555
11554
11552
11551
11548
11546
11541
11539
11537
11517
11516
11514
11503
11503
11502
11501
11501
11499
11499
11497
11496
11496
11490
11478
11475
11475
11473
11455
11453
11450
11445
11445
11444
11441
11436
11424
11421
11415
11414
11408
11407
11407
11406
11401
11400
11399
11392
11385
11385
11382
11374
11366
11366
11353
11348
11345
11335
11322
11316
11313
11308
11303
11299
11290
11289
11289
11287
11287
11286
11283
11282
11277
11267
11266
11263
11263
11255
11254
11252
11248
11246
11243
11231
11228
11224
11223
11223
11223
11221
11220
11212
11210
11207
11207
11207
11205
11205
11201
11194
11193
11193
11187
11183
11181
11179
11177
11176
11175
11167
11166
11164
11163
11162
11158
11152
11149
11147
11145
11143
11141
11140
11140
11140
11139
11139
11133
11129
11126
11124
11124
11116
11113
11113
11111
11106
11104
11095
11089
11087
11086
11071
11061
11060
11060
11058
11050
11049
11048
11044
11041
11036
11031
11029
11027
11022
11021
11020
11020
11014
11013
11010
11007
11006
10999
10999
10997
10994
10993
10987
10984
10981
10980
10980
10976
10975
10968
10967
10961
10955
10954
10949
10948
10948
10947
10939
10938
10937
10923
10921
10915
10912
10906
10902
10900
10898
10898
10896
10895
10893
10892
10863
10856
10852
10852
10851
10850
10847
10844
10843
10840
10838
10835
10835
10830
10826
10825
10822
10817
10811
10810
10807
10805
10805
10803
10803
10801
10799
10795
10787
10783
10782
10782
10779
10778
10778
10775
10774
10773
10766
10760
10757
10751
10747
10745
10745
10744
10741
10740
10740
10729
10728
10728
10727
10724
10721
10705
10704
10696
10695
10694
10693
10693
10691
10680
10680
10675
10670
10669
10669
10668
10663
10657
10649
10648
10645
10644
10643
10641
10633
10631
10629
10622
10622
10616
10616
10616
10611
10610
10608
10604
10600
10594
10594
10589
10586
10581
10580
10575
10573
10569
10567
10564
10564
10560
10559
10559
10554
10551
10550
10548
10545
10531
10528
10521
10518
10515
10514
10514
10511
10510
10500
10499
10495
10488
10485
10485
10484
10479
10477
10477
10475
10460
10459
10457
10457
10454
10451
10450
10448
10444
10444
10441
10440
10422
10414
10414
10411
10407
10392
10391
10390
10385
10383
10380
10374
10373
10372
10367
10367
10364
10360
10358
10358
10353
10352
10344
10343
10333
10333
10330
10329
10327
10325
10324
10317
10312
10312
10309
10308
10307
10301
10298
10294
10292
10291
10290
10290
10286
10284
10282
10276
10273
10268
10264
10263
10258
10252
10252
10249
10249
10248
10237
10235
10234
10231
10221
10221
10221
10215
10213
10209
10207
10200
10197
10194
10188
10187
10181
10175
10175
10175
10170
10169
10163
10162
10142
10135
10135
10127
10125
10124
10121
10120
10094
10086
10083
10081
10081
10074
10068
10067
10066
10065
10065
10061
10058
10047
10046
10039
10037
10031
10026
10026
10025
10014
10014
10014
10013
10010
10001
9995
9994
9990
9981
9978
9975
9969
9967
9966
9961
9959
9955
9953
9951
9944
9943
9934
9919
9918
9916
9914
9908
9907
9907
9906
9904
9901
9895
9893
9891
9883
9883
9880
9878
9873
9865
9862
9862
9862
9861
9856
9849
9838
9838
9835
9834
9825
9820
9819
9817
9813
9809
9806
9804
9803
9802
9796
9791
9790
9778
9776
9767
9766
9764
9763
9761
9758
9758
9757
9752
9746
9746
9745
9736
9736
9734
9732
9727
9724
9723
9719
9719
9717
9715
9711
9708
9707
9702
9696
9693
9691
9681
9672
9671
9667
9649
9648
9644
9643
9643
9642
9640
9638
9634
9632
9631
9624
9619
9614
9611
9611
9606
9603
9601
9598
9588
9587
9587
9583
9580
9576
9575
9574
9574
9573
9571
9566
9566
9557
9555
9553
9549
9548
9547
9540
9531
9522
9522
9518
9518
9517
9510
9505
9504
9497
9497
9495
9494
9494
9489
9482
9474
9472
9472
9470
9465
9461
9453
9452
9445
9442
9440
9432
9430
9426
9426
9425
9418
9415
9411
9408
9407
9406
9405
9402
9398
9398
9387
9386
9383
9383
9383
9378
9377
9377
9376
9373
9372
9359
9358
9356
9355
9353
9352
9336
9336
9332
9324
9324
9318
9316
9308
9302
9299
9296
9290
9289
9288
9278
9270
9270
9269
9261
9255
9241
9239
9238
9231
9223
9222
9217
9217
9213
9204
9202
9202
9200
9198
9193
9191
9190
9179
9176
9173
9170
9161
9160
9158
9157
9150
9146
9143
9131
9128
9126
9124
9123
9123
9122
9112
9111
9109
9108
9107
9106
9104
9102
9102
9096
9093
9090
9086
9085
9081
9079
9079
9078
9072
9069
9066
9065
9052
9048
9047
9047
9037
9036
9033
9029
9026
9026
9019
9010
9010
9003
9003
9002
9000
9000
8998
8996
8996
8995
8993
8990
8984
8983
8982
8981
8980
8980
8979
8975
8970
8966
8961
8961
8958
8953
8950
8941
8940
8938
8937
8932
8926
8924
8923
8920
8920
8919
8916
8908
8900
8898
8897
8896
8892
8891
8890
8889
8888
8883
8879
8878
8874
8873
8870
8870
8868
8868
8867
8867
8865
8864
8861
8856
8848
8843
8841
8841
8833
8829
8827
8826
8821
8816
8816
8809
8806
8802
8800
8800
8795
8793
8790
8789
8789
8789
8786
8786
8783
8781
8778
8775
8772
8770
8765
8763
8759
8758
8756
8750
8743
8742
8732
8731
8729
8721
8721
8721
8717
8716
8711
8706
8703
8701
8699
8696
8693
8686
8679
8677
8673
8668
8667
8664
8663
8661
8659
8655
8654
8651
8650
8645
8642
8639
8633
8633
8631
8625
8623
8620
8618
8616
8615
8610
8608
8605
8600
8595
8588
8588
8586
8584
8584
8584
8582
8581
8580
8577
8575
8573
8571
8568
8568
8564
8557
8555
8555
8555
8554
8554
8550
8546
8545
8544
8526
8516
8516
8516
8510
8504
8504
8497
8496
8477
8473
8461
8460
8459
8458
8457
8456
8452
8446
8444
8443
8438
8437
8437
8437
8430
8429
8422
8420
8419
8418
8417
8415
8414
8414
8410
8403
8402
8402
8401
8401
8397
8396
8389
8387
8386
8378
8373
8369
8363
8363
8362
8359
8357
8356
8354
8354
8353
8351
8351
8344
8344
8340
8339
8336
8335
8334
8327
8325
8325
8320
8317
8316
8316
8315
8311
8311
8311
8309
8307
8306
8306
8303
8301
8300
8291
8288
8286
8283
8283
8282
8280
8273
8271
8268
8261
8261
8260
8255
8251
8247
8246
8245
8244
8238
8229
8228
8223
8215
8210
8208
8204
8203
8202
8200
8199
8198
8197
8190
8188
8183
8180
8171
8168
8167
8156
8152
8150
8140
8138
8137
8131
8131
8130
8129
8121
8121
8116
8107
8107
8105
8097
8095
8095
8089
8085
8081
8080
8075
8070
8068
8054
8047
8047
8040
8037
8036
8034
8033
8033
8031
8030
8025
8019
8013
8012
8011
8010
8006
8001
7999
7999
7995
7988
7987
7978
7977
7976
7969
7964
7962
7961
7959
7957
7952
7946
7942
7941
7931
7927
7926
7922
7920
7917
7917
7914
7911
7902
7896
7895
7891
7886
7885
7881
7875
7870
7868
7864
7863
7861
7861
7860
7854
7854
7843
7842
7839
7830
7827
7826
7824
7824
7822
7821
7818
7812
7812
7809
7809
7808
7801
7796
7794
7791
7790
7790
7788
7786
7783
7781
7780
7779
7779
7774
7768
7768
7763
7760
7756
7756
7754
7753
7752
7751
7749
7747
7746
7746
7744
7742
7742
7741
7733
7733
7732
7732
7722
7721
7721
7720
7718
7717
7711
7709
7707
7700
7695
7694
7688
7687
7683
7682
7667
7667
7654
7652
7651
7641
7637
7629
7626
7622
7619
7616
7615
7610
7609
7607
7601
7599
7586
7584
7583
7579
7577
7576
7571
7570
7568
7563
7562
7557
7555
7555
7555
7553
7552
7539
7533
7530
7529
7527
7527
7520
7519
7515
7514
7511
7509
7509
7504
7503
7502
7498
7497
7495
7493
7493
7491
7489
7487
7485
7484
7483
7479
7477
7474
7473
7473
7472
7470
7469
7462
7460
7458
7454
7450
7448
7446
7438
7438
7438
7435
7429
7426
7424
7422
7418
7417
7417
7411
7410
7409
7406
7400
7395
7394
7393
7391
7391
7390
7387
7386
7385
7376
7372
7371
7367
7367
7367
7363
7362
7355
7354
7352
7352
7351
7347
7339
7339
7336
7334
7327
7323
7322
7321
7320
7317
7314
7314
7310
7305
7299
7297
7293
7285
7281
7280
7280
7278
7277
7276
7271
7269
7267
7264
7264
7259
7250
7249
7246
7245
7240
7239
7236
7236
7236
7229
7224
7219
7215
7202
7200
7196
7191
7190
7187
7183
7180
7174
7174
7169
7169
7165
7161
7160
7159
7159
7149
7142
7139
7122
7119
7119
7118
7118
7118
7117
7115
7113
7113
7100
7099
7096
7095
7086
7082
7077
7072
7072
7063
7063
7061
7061
7060
7054
7040
7040
7033
7033
7027
7023
7022
7018
7014
7011
6998
6996
6991
6990
6989
6987
6985
6982
6980
6977
6969
6964
6962
6960
6955
6955
6954
6952
6947
6947
6944
6936
6935
6935
6929
6929
6928
6917
6911
6909
6901
6900
6899
6898
6894
6892
6888
6881
6881
6878
6873
6869
6868
6865
6863
6859
6856
6853
6850
6844
6840
6840
6838
6837
6837
6836
6836
6832
6822
6813
6813
6812
6810
6809
6799
6799
6799
6795
6794
6793
6789
6785
6778
6774
6773
6765
6764
6763
6761
6751
6745
6741
6738
6734
6729
6725
6722
6721
6719
6718
6717
6717
6717
6714
6712
6712
6709
6703
6702
6702
6699
6696
6695
6695
6691
6690
6682
6679
6676
6672
6665
6663
6662
6661
6654
6646
6639
6638
6633
6624
6623
6606
6600
6591
6588
6585
6582
6581
6581
6580
6579
6579
6579
6577
6572
6569
6565
6562
6556
6553
6545
6534
6534
6533
6531
6529
6528
6523
6517
6512
6506
6504
6503
6489
6480
6475
6472
6469
6465
6465
6461
6458
6451
6451
6450
6440
6438
6434
6431
6426
6420
6415
6411
6409
6408
6405
6403
6402
6401
6401
6396
6393
6387
6380
6378
6373
6372
6368
6368
6363
6361
6359
6358
6356
6350
6343
6334
6334
6333
6333
6323
6323
6317
6315
6313
6306
6305
6302
6300
6300
6300
6298
6297
6288
6280
6276
6271
6271
6270
6269
6259
6257
6256
6249
6248
6247
6238
6237
6232
6223
6220
6219
6215
6206
6205
6201
6200
6199
6198
6197
6196
6195
6193
6192
6185
6176
6176
6174
6171
6169
6169
6167
6167
6161
6160
6159
6154
6153
6151
6149
6144
6135
6135
6133
6131
6127
6125
6121
6121
6120
6115
6114
6110
6095
6093
6092
6090
6083
6081
6079
6078
6075
6074
6072
6055
6053
6050
6044
6044
6044
6042
6038
6031
6024
6019
6019
6018
5998
5998
5994
5984
5979
5976
5970
5964
5962
5957
5953
5949
5942
5942
5938
5936
5936
5935
5932
5932
5931
5929
5926
5924
5922
5919
5917
5917
5916
5910
5906
5900
5890
5889
5886
5886
5886
5880
5879
5876
5868
5866
5859
5858
5851
5849
5845
5844
5839
5838
5838
5837
5836
5833
5833
5830
5823
5822
5822
5822
5821
5817
5817
5816
5816
5815
5813
5813
5806
5801
5797
5788
5787
5786
5783
5780
5773
5773
5771
5770
5769
5765
5763
5762
5760
5756
5755
5749
5748
5747
5746
5742
5737
5723
5719
5717
5715
5714
5711
5710
5707
5702
5700
5698
5698
5696
5695
5692
5692
5692
5687
5685
5684
5679
5677
5673
5671
5671
5664
5661
5661
5659
5649
5646
5645
5642
5640
5640
5638
5631
5627
5622
5619
5618
5614
5612
5604
5603
5600
5597
5594
5581
5579
5577
5574
5571
5570
5567
5564
5563
5562
5556
5553
5549
5547
5536
5534
5533
5527
5525
5515
5513
5510
5509
5500
5497
5494
5494
5493
5492
5491
5488
5485
5481
5480
5475
5466
5463
5452
5450
5447
5441
5440
5439
5434
5433
5431
5431
5416
5415
5409
5406
5405
5404
5401
5389
5382
5382
5381
5381
5379
5376
5374
5372
5371
5371
5361
5359
5359
5355
5350
5348
5345
5345
5338
5336
5334
5330
5321
5317
5317
5311
5309
5306
5306
5299
5297
5286
5285
5282
5280
5278
5270
5257
5256
5255
5251
5246
5243
5236
5236
5232
5221
5214
5213
5207
5199
5179
5178
5177
5175
5173
5163
5163
5151
5150
5149
5148
5145
5144
5139
5137
5134
5133
5130
5128
5127
5127
5126
5126
5126
5124
5120
5118
5114
5111
5109
5100
5100
5100
5098
5094
5091
5089
5089
5086
5086
5083
5076
5075
5074
5071
5065
5056
5056
5051
5033
5033
5029
5026
5026
5025
5025
5023
5021
5014
5011
5008
5005
5002
5000
4999
4999
4989
4981
4981
4978
4969
4967
4966
4965
4960
4959
4954
4952
4950
4949
4946
4943
4942
4938
4937
4932
4930
4929
4927
4923
4919
4919
4916
4913
4911
4908
4907
4902
4901
4899
4892
4892
4886
4881
4877
4872
4871
4871
4867
4867
4865
4860
4856
4855
4849
4841
4839
4836
4836
4835
4834
4833
4832
4831
4826
4826
4824
4823
4822
4820
4820
4818
4811
4810
4807
4801
4795
4793
4791
4791
4787
4787
4786
4784
4773
4771
4766
4764
4760
4760
4755
4746
4745
4734
4727
4721
4714
4712
4708
4704
4694
4692
4691
4688
4687
4670
4661
4661
4660
4660
4659
4653
4651
4642
4640
4637
4635
4632
4630
4622
4620
4610
4602
4593
4592
4591
4590
4589
4589
4587
4586
4582
4579
4576
4575
4570
4569
4569
4569
4567
4562
4557
4553
4553
4552
4550
4550
4550
4545
4535
4532
4528
4522
4514
4513
4513
4501
4500
4493
4489
4485
4479
4472
4469
4464
4462
4461
4459
4453
4451
4450
4449
4448
4447
4446
4446
4444
4444
4437
4433
4430
4429
4428
4428
4428
4421
4421
4419
4416
4411
4411
4408
4408
4405
4401
4399
4398
4398
4386
4383
4382
4381
4381
4381
4378
4377
4377
4368
4365
4365
4364
4355
4355
4352
4349
4347
4345
4340
4338
4332
4327
4326
4326
4321
4318
4314
4314
4314
4313
4308
4308
4308
4303
4301
4301
4298
4297
4293
4290
4290
4287
4283
4281
4274
4274
4269
4267
4264
4263
4261
4252
4247
4244
4244
4233
4228
4227
4226
4225
4225
4213
4213
4211
4209
4199
4193
4192
4190
4184
4178
4173
4166
4165
4160
4157
4154
4153
4149
4148
4145
4139
4130
4130
4130
4125
4125
4119
4115
4111
4109
4104
4104
4101
4099
4097
4097
4095
4090
4087
4083
4075
4069
4066
4060
4057
4050
4049
4045
4044
4039
4037
4036
4035
4031
4023
4019
4011
4004
4001
4000
4000
3999
3995
3979
3979
3972
3967
3957
3954
3945
3943
3942
3934
3931
3926
3924
3918
3916
3913
3913
3911
3904
3904
3901
3901
3898
3897
3894
3894
3893
3893
3890
3886
3886
3885
3883
3878
3876
3873
3872
3869
3866
3865
3859
3858
3856
3846
3842
3838
3834
3834
3825
3818
3816
3807
3806
3805
3803
3803
3801
3792
3790
3789
3785
3776
3775
3775
3774
3770
3757
3750
3746
3730
3727
3722
3719
3718
3718
3711
3705
3702
3700
3697
3695
3693
3691
3686
3684
3680
3678
3670
3669
3667
3666
3665
3664
3660
3657
3657
3652
3651
3651
3637
3634
3628
3614
3612
3609
3603
3601
3593
3586
3582
3581
3573
3573
3573
3571
3570
3566
3566
3556
3556
3552
3551
3542
3539
3536
3530
3524
3523
3521
3520
3520
3513
3511
3510
3509
3507
3505
3503
3502
3501
3498
3495
3495
3494
3492
3491
3487
3473
3472
3470
3466
3461
3459
3458
3451
3449
3442
3442
3438
3437
3436
3432
3424
3421
3410
3410
3405
3403
3403
3402
3390
3388
3387
3381
3380
3373
3367
3367
3362
3356
3353
3352
3341
3336
3333
3324
3320
3318
3318
3316
3315
3313
3311
3310
3309
3307
3306
3303
3303
3300
3297
3287
3281
3279
3277
3273
3273
3270
3264
3259
3258
3257
3257
3254
3253
3244
3242
3242
3241
3241
3237
3231
3230
3226
3220
3216
3214
3212
3212
3211
3211
3208
3204
3196
3192
3190
3189
3186
3182
3181
3180
3174
3173
3173
3169
3167
3167
3161
3158
3150
3150
3148
3146
3145
3144
3141
3139
3137
3136
3134
3130
3127
3123
3122
3119
3118
3117
3114
3113
3113
3109
3100
3097
3097
3094
3093
3088
3085
3082
3077
3074
3066
3062
3061
3056
3056
3049
3047
3042
3039
3028
3028
3027
3027
3025
3025
3003
3001
2998
2995
2995
2992
2988
2983
2974
2968
2968
2959
2956
2955
2955
2954
2953
2948
2946
2946
2945
2939
2938
2934
2931
2927
2926
2924
2919
2917
2916
2914
2911
2909
2908
2908
2894
2893
2887
2885
2883
2867
2867
2861
2857
2849
2849
2844
2839
2837
2832
2827
2823
2820
2819
2817
2815
2810
2809
2805
2804
2802
2802
2800
2790
2786
2785
2779
2778
2776
2776
2775
2772
2772
2770
2765
2763
2762
2747
2747
2744
2743
2741
2736
2735
2733
2730
2728
2726
2726
2725
2724
2722
2711
2700
2699
2698
2698
2696
2694
2694
2694
2691
2689
2683
2677
2673
2659
2656
2650
2644
2636
2629
2628
2620
2616
2610
2610
2609
2600
2593
2591
2591
2589
2587
2586
2584
2576
2575
2572
2567
2565
2553
2551
2544
2535
2534
2533
2532
2525
2524
2523
2522
2508
2508
2507
2503
2501
2495
2494
2491
2479
2478
2478
2470
2470
2469
2464
2458
2458
2454
2452
2449
2429
2428
2426
2426
2425
2423
2414
2409
2409
2403
2401
2399
2397
2397
2396
2395
2385
2379
2379
2377
2377
2370
2370
2369
2365
2361
2359
2359
2356
2352
2349
2343
2339
2338
2338
2334
2332
2326
2321
2320
2320
2319
2317
2316
2312
2311
2310
2299
2286
2285
2283
2280
2278
2277
2274
2270
2269
2267
2256
2256
2255
2253
2247
2242
2233
2228
2227
2225
2223
2217
2216
2216
2211
2207
2207
2204
2200
2198
2195
2186
2184
2180
2177
2175
2173
2173
2173
2169
2165
2164
2157
2154
2152
2148
2145
2145
2143
2140
2139
2139
2139
2134
2129
2128
2128
2125
2118
2112
2111
2106
2103
2097
2093
2091
2091
2090
2085
2072
2064
2064
2054
2046
2046
2044
2043
2039
2038
2032
2026
2022
2021
2021
2021
2019
2019
2016
2014
2014
2013
2011
2011
2010
2010
2005
2004
2003
2002
2001
1991
1990
1988
1981
1975
1974
1970
1968
1964
1955
1953
1948
1947
1942
1939
1935
1915
1908
1905
1902
1901
1897
1895
1894
1889
1887
1882
1882
1878
1875
1872
1869
1864
1863
1863
1848
1848
1845
1842
1838
1832
1832
1831
1829
1821
1820
1815
1809
1808
1805
1804
1803
1794
1790
1785
1783
1781
1780
1778
1777
1776
1776
1773
1758
1757
1757
1756
1756
1753
1748
1747
1746
1743
1741
1740
1739
1737
1728
1728
1725
1720
1718
1712
1707
1703
1702
1701
1700
1696
1695
1694
1692
1691
1687
1686
1682
1681
1675
1669
1668
1660
1651
1650
1647
1645
1643
1639
1636
1636
1632
1629
1626
1625
1621
1619
1618
1611
1611
1610
1609
1609
1608
1606
1605
1602
1596
1595
1594
1593
1590
1589
1584
1584
1583
1577
1576
1574
1573
1571
1570
1569
1566
1566
1565
1562
1558
1556
1553
1547
1538
1533
1530
1528
1527
1523
1523
1522
1516
1509
1508
1505
1501
1499
1498
1495
1494
1488
1488
1479
1473
1469
1466
1463
1456
1455
1454
1447
1447
1437
1435
1431
1429
1426
1423
1422
1414
1413
1413
1407
1404
1403
1400
1399
1396
1391
1382
1382
1382
1379
1371
1365
1364
1364
1360
1359
1359
1355
1354
1351
1347
1343
1340
1338
1329
1327
1325
1320
1314
1314
1307
1292
1286
1284
1282
1274
1274
1272
1271
1259
1256
1254
1254
1250
1248
1247
1242
1235
1234
1229
1226
1225
1220
1220
1219
1216
1216
1212
1210
1208
1206
1201
1185
1179
1174
1174
1173
1170
1165
1163
1160
1156
1155
1150
1149
1149
1136
1127
1126
1125
1125
1122
1120
1117
1108
1104
1102
1100
1100
1094
1094
1090
1090
1085
1077
1075
1068
1064
1063
1059
1056
1050
1049
1048
1047
1028
1026
1013
1005
1004
1004
1002
1002
1002
997
991
989
985
983
982
981
975
972
971
970
969
967
965
964
964
957
951
947
946
939
936
929
922
922
921
918
915
914
908
904
902
901
899
898
893
891
884
882
881
881
881
879
876
872
871
870
870
856
849
849
840
839
839
834
830
818
814
814
812
805
805
804
801
800
795
795
795
787
781
777
775
767
766
765
763
759
759
758
754
750
749
742
739
734
733
726
723
721
703
702
699
696
695
693
684
684
682
682
674
673
673
669
668
667
666
658
655
652
651
647
646
643
626
622
619
615
615
615
613
610
607
606
605
605
604
595
593
584
582
581
574
570
566
562
557
554
546
540
535
529
528
510
509
507
507
505
501
500
496
490
487
482
481
480
480
470
470
468
465
459
458
448
445
444
441
422
420
418
417
416
414
413
409
407
395
394
393
388
384
377
377
375
373
372
372
368
367
364
358
347
346
346
334
331
330
326
324
322
321
320
319
316
314
313
306
305
303
302
301
299
299
297
294
293
292
287
284
282
281
279
275
274
272
270
268
260
252
251
251
248
244
242
240
228
222
220
219
216
211
209
205
204
202
198
197
196
194
188
185
183
182
181
181
175
171
168
165
159
157
153
153
150
147
146
143
142
140
139
135
132
132
128
125
119
117
117
115
114
112
112
108
100
93
89
86
85
83
82
78
75
71
67
65
62
59
57
54
53
48
45
42
40
37
35
34
25
21
21
20
19
14
7
6
3
