32767
32767
32762
32761
32761
32755
32750
32747
32744
32743
32739
32737
32734
32728
32723
32718
32713
32710
32709
32707
32706
32705
32704
32704
32699
32698
32694
32688
32686
32674
32666
32659
32658
32656
32650
32644
32644
32643
32637
32626
32621
32619
32615
32613
32610
32609
32606
32605
32603
32601
32601
32590
32586
32582
32580
32579
32577
32573
32571
32567
32563
32557
32556
32553
32552
32546
32545
32541
32535
32533
32531
32526
32524
32523
32520
32519
32518
32514
32514
32512
32509
32508
32505
32503
32502
32501
32500
32496
32495
32491
32487
32483
32482
32482
32481
32476
32476
32472
32468
32464
32454
32454
32451
32445
32444
32443
32427
32417
32417
32410
32408
32404
32394
32388
32388
32386
32386
32383
32378
32377
32372
32372
32370
32367
32365
32361
32358
32354
32354
32349
32347
32346
32343
32342
32341
32334
32329
32326
32323
32319
32318
32317
32314
32307
32303
32302
32291
32289
32284
32275
32274
32272
32268
32268
32268
32267
32263
32261
32257
32256
32253
32249
32247
32246
32242
32239
32233
32232
32231
32230
32229
32229
32216
32214
32210
32208
32203
32195
32186
32178
32175
32171
32170
32170
32162
32157
32156
32151
32146
32140
32138
32127
32124
32124
32119
32111
32111
32104
32104
32102
32100
32099
32090
32088
32087
32083
32083
32082
32081
32076
32072
32067
32066
32064
32062
32055
32053
32045
32040
32035
32035
32034
32033
32033
32033
32026
32019
32019
32019
32018
32016
32010
32010
32007
32004
31997
31995
31988
31988
31982
31979
31978
31972
31963
31963
31960
31958
31958
31956
31954
31954
31952
31937
31935
31932
31930
31928
31925
31918
31918
31917
31915
31913
31908
31907
31906
31906
31904
31903
31899
31897
31895
31894
31887
31887
31887
31879
31879
31874
31870
31869
31865
31865
31861
31858
31856
31855
31854
31853
31852
31843
31840
31839
31838
31835
31834
31831
31830
31830
31820
31817
31816
31815
31815
31813
31808
31807
31807
31803
31798
31797
31793
31787
31785
31784
31779
31771
31770
31766
31765
31764
31761
31760
31757
31756
31755
31749
31748
31744
31744
31743
31735
31731
31728
31726
31724
31718
31712
31711
31711
31710
31708
31708
31705
31699
31694
31691
31683
31680
31680
31677
31673
31669
31668
31660
31659
31658
31654
31645
31644
31636
31635
31635
31633
31633
31627
31626
31619
31617
31615
31613
31610
31605
31602
31600
31598
31595
31591
31587
31585
31580
31579
31578
31577
31574
31573
31562
31562
31562
31558
31555
31554
31548
31542
31541
31539
31539
31530
31525
31521
31519
31518
31514
31511
31510
31506
31499
31489
31484
31480
31472
31471
31462
31459
31459
31459
31456
31452
31452
31451
31448
31440
31432
31426
31425
31422
31417
31405
31403
31396
31392
31392
31391
31386
31384
31382
31382
31381
31375
31375
31370
31368
31366
31366
31366
31365
31357
31357
31357
31355
31353
31347
31337
31335
31333
31331
31327
31318
31317
31313
31310
31307
31295
31295
31287
31287
31284
31283
31283
31283
31283
31280
31275
31274
31274
31274
31273
31267
31263
31256
31248
31248
31246
31246
31236
31228
31227
31211
31205
31201
31200
31196
31190
31186
31183
31182
31182
31181
31177
31175
31172
31171
31168
31162
31159
31157
31155
31148
31146
31142
31142
31139
31126
31122
31120
31120
31115
31113
31112
31107
31107
31102
31099
31097
31095
31091
31088
31082
31079
31077
31074
31073
31071
31070
31070
31068
31065
31061
31060
31060
31049
31047
31045
31044
31043
31040
31037
31036
31035
31032
31031
31025
31023
31021
31021
31013
31012
31010
31008
31004
31002
31002
30997
30995
30995
30986
30985
30982
30982
30978
30976
30972
30963
30961
30961
30958
30956
30952
30951
30946
30942
30930
30930
30928
30928
30919
30917
30917
30913
30911
30910
30890
30884
30883
30876
30858
30858
30848
30843
30836
30832
30830
30828
30827
30827
30826
30821
30817
30810
30810
30801
30800
30796
30794
30786
30784
30782
30777
30776
30775
30775
30773
30765
30763
30762
30760
30757
30754
30753
30749
30748
30747
30746
30742
30740
30740
30737
30734
30726
30724
30723
30721
30720
30717
30715
30712
30712
30706
30703
30703
30703
30701
30695
30692
30690
30689
30685
30685
30685
30683
30674
30674
30674
30674
30670
30669
30665
30662
30661
30661
30644
30638
30635
30633
30630
30626
30625
30625
30622
30616
30614
30612
30609
30608
30606
30604
30602
30592
30592
30590
30589
30588
30585
30585
30582
30571
30565
30565
30563
30562
30562
30546
30544
30540
30539
30533
30532
30531
30526
30526
30525
30525
30523
30518
30516
30514
30510
30507
30505
30502
30499
30498
30495
30495
30489
30489
30478
30475
30464
30459
30457
30455
30455
30454
30454
30453
30451
30448
30440
30438
30437
30432
30428
30426
30423
30421
30418
30417
30415
30413
30413
30412
30410
30405
30400
30396
30394
30392
30391
30390
30381
30380
30379
30376
30375
30373
30368
30368
30368
30365
30360
30354
30354
30351
30347
30343
30342
30336
30334
30328
30327
30325
30321
30321
30321
30320
30312
30310
30302
30301
30299
30299
30296
30294
30288
30284
30284
30282
30280
30276
30276
30259
30258
30258
30254
30247
30244
30236
30223
30212
30206
30206
30202
30201
30201
30198
30195
30193
30193
30188
30187
30186
30182
30182
30180
30159
30159
30158
30157
30154
30147
30138
30135
30134
30129
30122
30115
30113
30106
30100
30099
30090
30088
30088
30086
30085
30084
30079
30078
30076
30072
30070
30069
30067
30066
30060
30057
30055
30054
30051
30049
30046
30045
30044
30036
30033
30030
30027
30025
30019
30018
30017
30017
30016
30015
30011
30010
30010
30009
30007
30005
30004
29997
29985
29983
29980
29979
29978
29975
29971
29970
29963
29963
29960
29943
29942
29939
29934
29933
29930
29930
29929
29925
29919
29911
29911
29910
29901
29894
29893
29893
29889
29889
29883
29881
29880
29866
29862
29860
29859
29859
29853
29849
29847
29847
29842
29838
29833
29822
29821
29821
29816
29814
29804
29801
29801
29800
29798
29794
29793
29791
29790
29783
29780
29779
29778
29774
29773
29773
29768
29764
29764
29756
29753
29743
29740
29724
29717
29714
29710
29706
29698
29693
29692
29691
29690
29690
29685
29682
29679
29676
29672
29672
29672
29669
29666
29661
29658
29658
29657
29649
29649
29645
29643
29638
29637
29631
29629
29628
29622
29617
29615
29608
29604
29603
29593
29583
29581
29576
29567
29566
29564
29555
29554
29552
29551
29545
29541
29534
29531
29530
29529
29529
29527
29524
29524
29523
29523
29523
29521
29521
29516
29513
29510
29509
29503
29502
29502
29501
29499
29496
29496
29493
29488
29488
29487
29487
29483
29479
29476
29474
29470
29469
29467
29467
29462
29460
29458
29455
29455
29452
29450
29446
29445
29441
29440
29434
29433
29426
29411
29407
29402
29397
29394
29393
29384
29381
29380
29380
29379
29378
29371
29370
29363
29361
29356
29354
29350
29348
29347
29335
29332
29331
29331
29330
29329
29329
29328
29327
29324
29321
29319
29319
29311
29305
29298
29297
29297
29292
29289
29288
29284
29280
29274
29274
29273
29269
29260
29258
29258
29254
29247
29245
29244
29243
29242
29239
29237
29229
29229
29228
29225
29220
29220
29216
29215
29209
29208
29207
29200
29193
29192
29191
29189
29183
29180
29177
29177
29174
29169
29162
29157
29155
29152
29150
29147
29141
29138
29136
29135
29133
29121
29118
29110
29107
29102
29100
29096
29094
29092
29092
29091
29088
29072
29066
29063
29062
29061
29055
29053
29051
29050
29049
29048
29047
29040
29039
29035
29027
29024
29020
29019
29018
29016
29016
29015
29015
29011
29010
29008
29005
28998
28997
28994
28990
28985
28970
28969
28968
28966
28961
28956
28956
28945
28943
28943
28942
28941
28940
28931
28930
28929
28928
28918
28913
28905
28889
28887
28887
28884
28880
28878
28876
28869
28868
28863
28856
28851
28848
28848
28847
28845
28843
28842
28841
28837
28835
28833
28833
28822
28822
28819
28816
28812
28810
28807
28803
28801
28797
28796
28786
28781
28779
28778
28776
28774
28771
28770
28769
28766
28764
28753
28751
28737
28733
28727
28727
28718
28713
28706
28705
28704
28703
28702
28701
28699
28698
28694
28693
28687
28680
28676
28675
28675
28674
28664
28663
28661
28660
28655
28647
28647
28646
28646
28643
28642
28642
28642
28631
28623
28619
28617
28615
28597
28597
28595
28593
28585
28583
28580
28579
28579
28576
28576
28574
28572
28572
28565
28565
28561
28558
28555
28553
28552
28548
28547
28539
28537
28529
28526
28516
28509
28507
28507
28501
28500
28500
28499
28499
28499
28496
28493
28492
28492
28491
28485
28482
28481
28477
28473
28457
28457
28456
28455
28448
28444
28442
28441
28435
28434
28433
28430
28429
28429
28428
28427
28426
28423
28422
28420
28418
28417
28413
28406
28405
28405
28404
28401
28400
28385
28382
28377
28367
28366
28362
28360
28359
28358
28345
28345
28340
28337
28323
28323
28321
28312
28311
28310
28309
28293
28287
28285
28284
28282
28281
28268
28267
28265
28264
28262
28260
28257
28255
28248
28247
28244
28241
28233
28233
28223
28220
28220
28215
28208
28207
28203
28203
28202
28200
28197
28194
28184
28177
28176
28173
28171
28171
28166
28164
28161
28158
28147
28146
28137
28131
28129
28128
28127
28126
28125
28121
28114
28110
28103
28100
28097
28097
28086
28086
28086
28084
28083
28081
28075
28067
28064
28064
28059
28057
28051
28049
28042
28042
28038
28034
28031
28031
28031
28029
28023
28019
28019
28017
28015
28009
28007
28006
28005
28000
27991
27991
27980
27978
27977
27972
27963
27960
27960
27959
27955
27952
27943
27942
27941
27923
27919
27916
27913
27908
27904
27903
27902
27900
27896
27895
27891
27889
27888
27886
27886
27886
27869
27862
27861
27860
27860
27854
27835
27829
27826
27820
27818
27814
27814
27813
27812
27812
27810
27810
27808
27799
27799
27799
27794
27791
27784
27780
27776
27775
27775
27774
27773
27772
27766
27765
27759
27757
27756
27752
27752
27750
27748
27748
27746
27743
27738
27730
27724
27721
27719
27712
27710
27709
27705
27699
27694
27692
27691
27689
27685
27684
27682
27682
27681
27680
27673
27670
27667
27661
27661
27658
27652
27645
27625
27625
27623
27621
27621
27620
27616
27614
27613
27611
27610
27609
27609
27607
27605
27603
27601
27599
27593
27589
27585
27584
27580
27580
27576
27573
27568
27567
27566
27560
27549
27544
27538
27538
27532
27532
27531
27531
27530
27530
27525
27524
27522
27516
27516
27513
27513
27510
27509
27504
27500
27489
27489
27480
27478
27478
27473
27469
27467
27461
27459
27443
27440
27437
27437
27434
27429
27428
27426
27424
27423
27421
27420
27414
27412
27406
27404
27401
27395
27385
27385
27385
27383
27383
27382
27381
27375
27372
27372
27371
27370
27370
27367
27366
27366
27364
27361
27358
27345
27344
27343
27342
27339
27329
27328
27327
27316
27309
27306
27302
27300
27299
27297
27293
27291
27285
27281
27276
27275
27275
27274
27257
27254
27245
27244
27241
27230
27228
27228
27219
27218
27217
27213
27209
27201
27199
27196
27196
27192
27188
27185
27184
27180
27178
27172
27166
27163
27162
27152
27151
27149
27144
27143
27138
27136
27135
27127
27124
27123
27120
27115
27109
27108
27104
27104
27100
27094
27088
27088
27084
27080
27080
27079
27077
27076
27065
27061
27059
27053
27051
27050
27048
27045
27045
27043
27042
27037
27036
27032
27031
27023
27017
27017
27012
27011
27009
27006
27004
27002
27001
27001
26983
26981
26979
26978
26976
26975
26974
26971
26970
26969
26968
26968
26964
26964
26961
26958
26949
26948
26947
26943
26941
26939
26937
26936
26931
26929
26922
26921
26918
26905
26905
26899
26897
26892
26886
26884
26882
26880
26866
26864
26860
26847
26846
26844
26844
26838
26834
26831
26821
26815
26808
26805
26799
26791
26790
26788
26784
26783
26783
26776
26774
26773
26771
26770
26762
26757
26755
26752
26752
26750
26749
26749
26740
26731
26727
26726
26720
26708
26708
26708
26705
26699
26697
26697
26692
26692
26691
26686
26685
26682
26681
26679
26678
26670
26668
26661
26658
26656
26652
26652
26647
26642
26632
26624
26621
26619
26615
26612
26610
26609
26608
26601
26599
26597
26592
26592
26591
26588
26587
26583
26580
26574
26573
26573
26570
26568
26567
26566
26559
26559
26554
26553
26552
26542
26539
26537
26532
26528
26527
26521
26521
26518
26518
26517
26515
26514
26513
26509
26508
26508
26502
26502
26494
26494
26493
26488
26488
26488
26486
26483
26481
26480
26479
26477
26477
26475
26475
26469
26469
26467
26463
26455
26454
26454
26452
26450
26449
26449
26443
26441
26440
26440
26433
26433
26426
26411
26399
26398
26391
26389
26382
26379
26377
26370
26364
26360
26359
26356
26350
26348
26345
26341
26337
26336
26334
26334
26319
26319
26318
26311
26305
26296
26294
26289
26287
26284
26276
26268
26259
26258
26255
26245
26239
26238
26234
26233
26232
26231
26227
26225
26224
26223
26223
26220
26220
26218
26218
26216
26215
26211
26203
26203
26198
26186
26179
26170
26166
26165
26158
26155
26148
26145
26143
26134
26129
26117
26117
26115
26115
26114
26099
26092
26079
26078
26078
26074
26074
26069
26069
26056
26054
26049
26047
26037
26037
26032
26032
26030
26026
26026
26023
26021
26018
26014
26011
26009
26004
26003
26003
26003
26000
26000
25997
25992
25991
25989
25986
25979
25970
25969
25967
25961
25957
25957
25956
25955
25953
25950
25950
25948
25945
25942
25941
25934
25932
25931
25926
25923
25918
25917
25906
25905
25901
25887
25884
25884
25880
25880
25873
25872
25872
25860
25856
25854
25853
25844
25839
25834
25829
25819
25817
25813
25806
25805
25804
25798
25794
25793
25787
25786
25782
25782
25778
25777
25777
25775
25773
25769
25765
25755
25754
25752
25752
25750
25749
25748
25746
25744
25738
25731
25731
25729
25729
25725
25724
25721
25720
25716
25715
25715
25714
25714
25714
25705
25704
25702
25701
25700
25692
25690
25689
25686
25685
25683
25675
25674
25667
25666
25663
25663
25662
25662
25659
25656
25656
25655
25654
25649
25649
25646
25642
25639
25637
25628
25625
25625
25622
25622
25621
25620
25616
25593
25593
25589
25587
25587
25585
25570
25567
25565
25560
25556
25555
25553
25553
25553
25546
25545
25542
25538
25535
25529
25521
25517
25517
25516
25515
25512
25512
25511
25508
25507
25505
25501
25500
25491
25487
25486
25482
25473
25471
25470
25460
25459
25458
25453
25452
25449
25445
25444
25436
25433
25433
25432
25432
25428
25420
25409
25407
25406
25403
25400
25393
25393
25392
25392
25390
25389
25384
25382
25381
25377
25377
25374
25372
25371
25349
25345
25343
25339
25332
25332
25330
25329
25328
25326
25324
25316
25315
25309
25306
25304
25300
25299
25298
25294
25292
25289
25289
25283
25281
25276
25275
25270
25269
25264
25253
25252
25252
25245
25245
25240
25240
25240
25237
25215
25215
25213
25210
25209
25201
25193
25192
25188
25187
25185
25184
25181
25181
25179
25178
25174
25168
25161
25150
25150
25148
25147
25146
25145
25144
25138
25136
25135
25134
25134
25133
25133
25132
25130
25123
25119
25118
25114
25110
25108
25100
25099
25099
25099
25098
25093
25093
25091
25091
25091
25087
25086
25086
25081
25075
25073
25070
25066
25062
25060
25050
25047
25046
25042
25040
25029
25027
25025
25023
25021
25015
25012
25011
25010
25009
25006
25004
25002
25000
25000
24997
24996
24995
24994
24978
24977
24961
24958
24953
24951
24947
24940
24937
24930
24929
24928
24927
24912
24909
24902
24892
24892
24890
24884
24884
24884
24871
24866
24858
24851
24847
24844
24842
24836
24834
24833
24828
24827
24826
24820
24820
24816
24815
24810
24809
24805
24805
24798
24797
24788
24784
24784
24780
24779
24777
24772
24769
24769
24768
24762
24762
24757
24749
24748
24748
24747
24745
24744
24741
24740
24736
24731
24730
24724
24724
24723
24719
24717
24713
24711
24705
24703
24702
24701
24697
24697
24691
24690
24688
24687
24685
24679
24679
24679
24670
24662
24661
24660
24659
24658
24656
24654
24647
24641
24639
24630
24629
24625
24625
24614
24611
24610
24602
24600
24591
24588
24578
24575
24572
24569
24567
24567
24567
24564
24560
24559
24557
24554
24552
24549
24548
24546
24543
24539
24537
24529
24527
24524
24520
24515
24512
24510
24508
24506
24505
24504
24495
24493
24489
24485
24481
24475
24474
24473
24469
24464
24459
24458
24453
24451
24449
24435
24426
24424
24421
24415
24412
24410
24409
24408
24402
24400
24399
24391
24391
24383
24382
24379
24377
24368
24366
24364
24361
24361
24354
24343
24340
24336
24333
24332
24327
24322
24321
24318
24318
24309
24307
24304
24303
24300
24299
24299
24296
24293
24292
24283
24283
24277
24277
24276
24273
24271
24270
24269
24266
24261
24254
24253
24250
24244
24241
24240
24236
24235
24231
24221
24218
24215
24215
24210
24208
24198
24196
24196
24192
24184
24178
24172
24165
24165
24154
24141
24137
24130
24113
24111
24109
24107
24107
24103
24098
24085
24083
24073
24072
24068
24067
24065
24064
24063
24055
24050
24048
24048
24048
24040
24035
24028
24025
24025
24021
24019
24017
24017
24011
24007
24003
24002
24002
24001
23998
23990
23989
23987
23987
23985
23979
23975
23974
23973
23955
23951
23945
23938
23935
23934
23929
23928
23924
23915
23908
23907
23903
23901
23899
23897
23894
23893
23893
23892
23882
23869
23869
23863
23858
23856
23853
23852
23844
23843
23842
23835
23828
23822
23822
23809
23808
23807
23801
23801
23795
23794
23793
23785
23781
23780
23780
23776
23774
23769
23768
23767
23764
23763
23755
23746
23726
23717
23715
23713
23702
23690
23686
23685
23684
23684
23680
23680
23676
23673
23657
23651
23651
23646
23642
23639
23636
23632
23632
23631
23610
23609
23608
23600
23595
23594
23589
23582
23582
23581
23576
23575
23567
23565
23560
23558
23555
23549
23543
23541
23537
23536
23535
23535
23534
23534
23530
23525
23514
23511
23510
23510
23508
23504
23502
23498
23494
23493
23488
23487
23486
23485
23474
23473
23469
23466
23453
23451
23451
23448
23446
23445
23437
23437
23430
23429
23422
23415
23414
23412
23410
23407
23405
23404
23403
23401
23395
23390
23390
23389
23389
23387
23386
23385
23383
23383
23382
23381
23377
23364
23359
23356
23341
23329
23323
23323
23323
23322
23322
23321
23321
23319
23317
23314
23307
23302
23300
23298
23296
23293
23291
23283
23281
23280
23275
23268
23265
23264
23262
23261
23261
23260
23259
23246
23240
23238
23237
23233
23232
23231
23231
23229
23226
23226
23225
23217
23216
23215
23212
23203
23200
23197
23197
23191
23182
23180
23177
23176
23169
23159
23157
23153
23152
23151
23150
23144
23140
23136
23128
23128
23118
23117
23116
23115
23112
23109
23108
23094
23094
23093
23092
23089
23084
23079
23077
23076
23076
23075
23071
23071
23070
23068
23062
23058
23058
23056
23049
23034
23029
23024
23017
23015
23012
23006
23003
23001
23000
23000
22999
22995
22994
22992
22988
22976
22975
22963
22957
22956
22955
22952
22947
22946
22945
22941
22940
22937
22935
22933
22920
22914
22906
22902
22901
22899
22879
22874
22869
22867
22859
22844
22843
22842
22842
22842
22840
22839
22838
22837
22836
22834
22825
22821
22811
22811
22810
22808
22805
22804
22788
22781
22780
22779
22775
22759
22753
22752
22743
22740
22736
22735
22729
22726
22724
22721
22721
22714
22706
22702
22701
22698
22687
22680
22677
22669
22662
22660
22656
22655
22654
22653
22648
22646
22636
22631
22630
22629
22627
22623
22622
22621
22621
22603
22603
22598
22583
22582
22571
22565
22561
22559
22558
22555
22554
22548
22543
22538
22535
22528
22527
22526
22524
22523
22516
22516
22514
22514
22510
22510
22507
22501
22500
22492
22491
22486
22481
22481
22478
22477
22471
22469
22465
22450
22449
22447
22446
22445
22444
22443
22442
22433
22421
22420
22419
22418
22413
22412
22410
22400
22396
22395
22394
22394
22391
22387
22385
22381
22379
22376
22372
22361
22361
22361
22342
22341
22340
22339
22336
22335
22334
22333
22327
22327
22325
22323
22318
22309
22307
22304
22301
22299
22296
22294
22292
22291
22289
22288
22285
22283
22281
22281
22272
22271
22270
22269
22268
22268
22262
22261
22253
22250
22249
22248
22245
22233
22230
22230
22217
22213
22210
22203
22194
22184
22184
22177
22167
22151
22140
22137
22135
22132
22129
22128
22126
22119
22114
22112
22109
22107
22106
22105
22104
22104
22100
22100
22097
22095
22093
22093
22092
22083
22081
22081
22078
22077
22076
22074
22073
22072
22071
22071
22069
22068
22060
22058
22056
22051
22048
22048
22047
22038
22033
22032
22032
22030
22022
22021
22017
22016
22015
22014
22009
22008
22006
22004
21999
21999
21995
21995
21993
21992
21990
21989
21986
21984
21983
21983
21983
21982
21981
21980
21978
21973
21971
21970
21963
21958
21955
21944
21944
21943
21936
21933
21932
21932
21924
21923
21921
21920
21916
21916
21908
21901
21899
21895
21894
21892
21891
21889
21888
21869
21869
21866
21863
21857
21856
21842
21841
21831
21825
21823
21821
21814
21809
21805
21799
21798
21797
21794
21794
21791
21790
21789
21786
21785
21784
21782
21780
21773
21773
21768
21765
21763
21758
21751
21750
21749
21749
21746
21741
21741
21740
21739
21738
21738
21737
21732
21731
21729
21728
21728
21725
21722
21717
21713
21710
21707
21706
21704
21691
21687
21686
21681
21680
21677
21676
21676
21669
21664
21658
21657
21656
21653
21647
21644
21639
21639
21638
21638
21637
21636
21628
21627
21626
21625
21624
21622
21621
21619
21610
21606
21605
21600
21593
21592
21591
21590
21589
21583
21573
21572
21566
21563
21561
21557
21553
21530
21530
21528
21526
21526
21523
21522
21518
21516
21515
21512
21508
21501
21499
21499
21496
21496
21493
21491
21484
21478
21469
21469
21469
21468
21463
21462
21461
21456
21455
21454
21453
21452
21449
21442
21441
21435
21431
21430
21426
21421
21420
21416
21414
21414
21410
21404
21402
21398
21395
21395
21395
21395
21390
21389
21388
21387
21382
21377
21375
21373
21370
21358
21347
21347
21346
21346
21339
21337
21337
21336
21335
21329
21326
21325
21324
21316
21315
21314
21302
21302
21298
21297
21296
21293
21291
21290
21287
21280
21277
21271
21268
21266
21265
21262
21261
21261
21261
21253
21251
21249
21238
21238
21237
21235
21228
21224
21224
21223
21223
21219
21219
21217
21214
21211
21205
21196
21194
21188
21171
21169
21169
21156
21156
21154
21153
21153
21152
21151
21148
21144
21137
21136
21135
21129
21129
21120
21114
21114
21113
21113
21112
21109
21107
21106
21104
21103
21101
21101
21096
21095
21077
21069
21064
21047
21047
21044
21038
21034
21033
21031
21026
21023
21021
21018
21010
21007
21006
21004
20999
20995
20994
20991
20984
20982
20980
20977
20977
20973
20972
20965
20964
20957
20956
20940
20938
20938
20932
20931
20930
20926
20923
20921
20917
20917
20916
20914
20910
20909
20908
20908
20905
20905
20901
20899
20896
20896
20885
20882
20880
20877
20867
20865
20858
20857
20856
20856
20843
20840
20832
20824
20814
20801
20799
20789
20788
20788
20782
20776
20772
20769
20767
20761
20753
20753
20744
20742
20734
20730
20723
20722
20714
20713
20711
20702
20699
20690
20689
20683
20683
20682
20679
20675
20673
20672
20667
20667
20648
20645
20645
20638
20638
20634
20631
20629
20626
20624
20622
20612
20611
20610
20606
20604
20592
20588
20588
20571
20569
20561
20559
20558
20547
20546
20546
20544
20542
20538
20537
20531
20527
20527
20523
20521
20519
20511
20510
20497
20496
20494
20486
20486
20484
20474
20471
20470
20466
20465
20459
20450
20447
20445
20443
20441
20435
20433
20422
20420
20417
20413
20411
20410
20410
20406
20404
20404
20402
20401
20397
20390
20389
20386
20384
20383
20380
20377
20375
20372
20366
20363
20360
20360
20357
20350
20350
20341
20341
20338
20338
20337
20327
20326
20326
20325
20317
20314
20311
20310
20307
20304
20304
20302
20301
20292
20288
20282
20279
20277
20271
20267
20266
20264
20262
20258
20256
20248
20247
20247
20246
20245
20241
20237
20237
20233
20232
20232
20228
20226
20225
20225
20225
20223
20222
20216
20208
20206
20205
20205
20201
20194
20193
20193
20191
20185
20181
20181
20181
20178
20176
20169
20159
20159
20157
20151
20148
20143
20141
20140
20135
20131
20128
20124
20122
20118
20115
20113
20111
20110
20110
20109
20106
20105
20101
20100
20095
20088
20085
20078
20075
20075
20073
20068
20066
20065
20064
20062
20054
20052
20049
20049
20047
20046
20046
20044
20038
20035
20034
20033
20031
20024
20023
20020
20012
20003
20002
20000
19999
19997
19993
19989
19989
19983
19983
19981
19977
19976
19974
19968
19966
19964
19964
19959
19954
19951
19949
19948
19947
19945
19944
19932
19932
19926
19926
19924
19920
19916
19915
19915
19912
19901
19894
19892
19892
19883
19881
19877
19876
19874
19870
19865
19859
19858
19857
19856
19852
19850
19849
19849
19849
19848
19847
19846
19845
19843
19842
19839
19837
19837
19835
19834
19833
19832
19832
19830
19828
19828
19825
19824
19824
19822
19822
19815
19811
19810
19804
19804
19798
19797
19792
19785
19784
19784
19781
19779
19775
19768
19765
19763
19756
19755
19754
19752
19746
19746
19746
19741
19734
19733
19733
19732
19730
19720
19716
19716
19714
19714
19711
19704
19702
19700
19700
19698
19697
19695
19682
19677
19677
19672
19672
19657
19656
19653
19650
19646
19645
19641
19640
19637
19634
19627
19625
19624
19624
19616
19613
19611
19603
19599
19596
19591
19589
19588
19587
19583
19582
19581
19579
19574
19572
19570
19568
19566
19565
19563
19551
19549
19548
19545
19541
19533
19532
19531
19527
19517
19514
19513
19509
19507
19503
19501
19500
19496
19491
19490
19488
19487
19487
19481
19480
19477
19476
19473
19472
19470
19470
19468
19467
19453
19451
19445
19437
19437
19435
19434
19424
19424
19412
19412
19411
19410
19396
19394
19392
19384
19383
19381
19379
19379
19370
19369
19365
19363
19363
19361
19360
19353
19348
19345
19333
19330
19328
19327
19321
19320
19318
19317
19294
19289
19283
19283
19282
19279
19277
19274
19270
19264
19263
19262
19261
19260
19259
19255
19242
19240
19240
19240
19237
19236
19226
19226
19217
19215
19206
19206
19200
19200
19198
19196
19195
19190
19189
19185
19185
19183
19183
19180
19180
19178
19174
19164
19163
19162
19152
19148
19146
19144
19141
19138
19137
19132
19127
19121
19114
19108
19104
19103
19102
19101
19100
19096
19091
19080
19079
19078
19071
19068
19065
19065
19060
19059
19058
19056
19056
19047
19046
19035
19030
19029
19027
19026
19025
19024
19024
19022
19020
19014
19014
19014
19011
19011
19011
19008
19007
19003
19003
18999
18997
18980
18973
18969
18967
18962
18957
18953
18944
18938
18937
18933
18930
18926
18924
18923
18921
18920
18913
18908
18906
18895
18888
18881
18879
18878
18877
18876
18875
18875
18870
18869
18867
18866
18860
18852
18848
18836
18835
18834
18833
18831
18830
18829
18826
18824
18823
18819
18811
18807
18805
18799
18798
18791
18790
18784
18766
18765
18762
18755
18753
18744
18740
18737
18735
18728
18727
18727
18720
18717
18716
18711
18708
18683
18679
18677
18673
18669
18666
18660
18654
18652
18649
18641
18635
18625
18624
18623
18617
18615
18611
18594
18593
18589
18586
18582
18580
18578
18569
18565
18563
18562
18559
18544
18543
18540
18537
18537
18537
18537
18532
18523
18518
18512
18506
18500
18495
18491
18490
18490
18490
18488
18485
18483
18480
18480
18477
18476
18473
18471
18470
18469
18468
18464
18464
18460
18457
18448
18446
18442
18437
18437
18433
18432
18431
18430
18427
18424
18420
18414
18414
18408
18406
18403
18401
18388
18388
18385
18384
18384
18376
18362
18361
18359
18354
18352
18343
18343
18334
18328
18326
18324
18321
18312
18305
18303
18294
18275
18275
18271
18270
18266
18265
18264
18263
18253
18252
18252
18239
18233
18231
18230
18223
18222
18221
18216
18213
18212
18210
18209
18207
18207
18206
18204
18203
18197
18195
18194
18191
18184
18173
18168
18159
18154
18151
18150
18149
18134
18133
18131
18130
18117
18116
18110
18104
18103
18101
18099
18085
18084
18078
18078
18077
18076
18065
18064
18062
18060
18059
18059
18057
18051
18051
18048
18048
18046
18045
18041
18029
18028
18027
18024
18023
18018
18014
18014
18010
18007
18006
18004
18003
18000
17996
17992
17988
17985
17984
17984
17978
17977
17977
17976
17976
17976
17970
17964
17963
17950
17949
17948
17937
17936
17935
17934
17934
17932
17930
17926
17919
17906
17904
17899
17895
17893
17889
17887
17882
17874
17867
17862
17862
17861
17855
17855
17852
17851
17833
17824
17823
17815
17815
17811
17810
17806
17804
17803
17799
17795
17794
17792
17791
17788
17783
17783
17775
17772
17770
17766
17764
17763
17761
17756
17755
17749
17746
17746
17746
17743
17740
17740
17733
17729
17728
17728
17726
17723
17722
17718
17712
17711
17705
17704
17702
17702
17702
17701
17693
17691
17685
17685
17678
17678
17677
17674
17673
17666
17664
17660
17659
17658
17658
17652
17651
17651
17651
17651
17647
17646
17643
17638
17635
17633
17628
17624
17622
17622
17622
17611
17610
17608
17608
17599
17594
17584
17583
17571
17571
17566
17563
17563
17556
17556
17555
17544
17540
17537
17530
17528
17526
17520
17516
17515
17513
17508
17505
17503
17502
17497
17492
17490
17488
17486
17482
17480
17479
17479
17478
17477
17476
17476
17475
17473
17470
17470
17467
17464
17463
17459
17452
17448
17446
17446
17445
17443
17435
17432
17428
17427
17427
17427
17426
17425
17425
17424
17420
17417
17416
17414
17411
17393
17391
17391
17391
17383
17376
17369
17367
17360
17356
17349
17349
17345
17344
17344
17341
17338
17337
17334
17331
17331
17322
17315
17306
17306
17303
17301
17301
17297
17296
17295
17294
17282
17278
17275
17272
17269
17264
17256
17255
17251
17244
17241
17239
17236
17230
17227
17226
17223
17221
17220
17220
17209
17208
17207
17201
17198
17197
17188
17185
17183
17181
17173
17172
17167
17159
17158
17157
17154
17146
17144
17141
17140
17139
17139
17125
17124
17121
17111
17106
17103
17098
17096
17086
17073
17069
17067
17066
17065
17049
17043
17040
17040
17038
17029
17020
17018
17017
17013
17013
17010
17003
16995
16991
16989
16988
16985
16982
16981
16976
16973
16972
16967
16961
16951
16946
16943
16942
16941
16940
16940
16939
16938
16934
16930
16930
16929
16928
16924
16923
16914
16910
16904
16897
16881
16878
16876
16876
16875
16868
16862
16856
16851
16847
16845
16843
16842
16839
16839
16836
16835
16834
16824
16823
16821
16819
16817
16816
16816
16811
16809
16798
16796
16795
16795
16787
16785
16784
16783
16775
16771
16769
16767
16766
16761
16755
16750
16747
16742
16739
16737
16733
16733
16731
16731
16730
16727
16726
16725
16718
16714
16712
16709
16701
16699
16697
16693
16693
16692
16684
16683
16675
16666
16663
16663
16663
16661
16653
16646
16642
16632
16632
16628
16623
16619
16619
16618
16618
16618
16615
16615
16615
16613
16610
16609
16602
16599
16599
16589
16588
16582
16570
16562
16561
16557
16551
16551
16549
16547
16546
16542
16536
16535
16529
16527
16518
16514
16511
16510
16502
16499
16498
16498
16494
16493
16468
16463
16458
16454
16453
16450
16442
16440
16437
16434
16434
16432
16431
16428
16420
16415
16414
16409
16405
16404
16404
16403
16398
16397
16393
16388
16387
16387
16387
16374
16373
16369
16364
16364
16361
16352
16345
16345
16330
16327
16315
16313
16311
16305
16304
16303
16298
16297
16293
16292
16291
16286
16285
16284
16269
16267
16267
16260
16260
16256
16255
16251
16251
16249
16244
16241
16238
16232
16230
16229
16228
16225
16208
16206
16204
16203
16202
16191
16174
16169
16168
16161
16159
16159
16158
16152
16148
16145
16136
16125
16123
16120
16110
16106
16103
16100
16092
16091
16082
16080
16080
16079
16078
16072
16070
16068
16064
16057
16053
16043
16041
16041
16038
16036
16035
16034
16026
16024
16021
16012
16004
16003
15999
15993
15992
15991
15990
15988
15986
15983
15983
15980
15980
15978
15974
15972
15970
15970
15966
15959
15958
15955
15951
15951
15940
15940
15932
15931
15930
15922
15921
15921
15921
15919
15917
15914
15913
15898
15896
15894
15892
15890
15890
15889
15882
15879
15875
15875
15874
15871
15871
15867
15854
15854
15852
15852
15847
15843
15839
15833
15832
15830
15828
15820
15814
15813
15813
15810
15798
15797
15793
15791
15789
15785
15779
15776
15766
15758
15745
15737
15737
15732
15728
15728
15727
15726
15713
15712
15712
15712
15712
15708
15707
15705
15697
15695
15685
15684
15684
15679
15662
15662
15661
15658
15654
15647
15646
15643
15642
15634
15634
15633
15630
15629
15627
15627
15625
15623
15617
15612
15610
15597
15594
15590
15588
15587
15579
15578
15572
15571
15568
15568
15564
15564
15563
15551
15548
15547
15539
15529
15528
15523
15522
15519
15518
15517
15516
15514
15511
15508
15504
15501
15500
15490
15489
15487
15483
15480
15476
15470
15468
15467
15466
15462
15461
15458
15456
15456
15455
15454
15451
15450
15439
15438
15436
15434
15433
15431
15429
15428
15426
15426
15421
15421
15416
15411
15405
15404
15400
15399
15394
15388
15388
15387
15378
15378
15377
15377
15372
15368
15363
15361
15361
15358
15357
15354
15352
15347
15346
15344
15343
15341
15339
15337
15327
15320
15316
15306
15302
15298
15286
15280
15272
15271
15268
15255
15254
15251
15238
15236
15225
15224
15224
15219
15216
15216
15215
15207
15199
15197
15197
15192
15191
15187
15173
15166
15162
15158
15143
15138
15132
15128
15125
15117
15115
15114
15111
15110
15108
15105
15101
15099
15093
15092
15082
15082
15076
15066
15064
15063
15060
15050
15048
15047
15035
15029
15028
15025
15024
15023
15018
15015
15002
15001
15000
14995
14993
14991
14986
14985
14985
14973
14971
14970
14965
14962
14959
14956
14952
14942
14942
14937
14933
14929
14929
14929
14928
14927
14923
14914
14910
14905
14898
14895
14894
14891
14890
14888
14887
14886
14885
14883
14881
14875
14872
14870
14870
14866
14863
14863
14860
14859
14853
14848
14842
14841
14834
14826
14824
14823
14815
14810
14809
14809
14804
14802
14794
14786
14786
14778
14777
14774
14774
14768
14765
14763
14752
14745
14743
14743
14742
14740
14738
14735
14728
14728
14725
14724
14722
14714
14701
14699
14699
14691
14690
14686
14671
14670
14667
14665
14664
14660
14657
14650
14648
14643
14642
14637
14635
14634
14633
14623
14623
14622
14621
14620
14620
14616
14608
14605
14604
14601
14600
14597
14595
14586
14584
14573
14573
14568
14541
14535
14534
14534
14528
14525
14523
14523
14520
14509
14508
14505
14504
14497
14493
14492
14489
14486
14485
14484
14482
14482
14482
14480
14478
14476
14473
14470
14469
14465
14464
14460
14450
14447
14445
14441
14441
14440
14437
14435
14434
14429
14427
14421
14409
14406
14404
14403
14402
14402
14401
14396
14393
14383
14381
14380
14379
14376
14373
14373
14372
14363
14362
14358
14350
14345
14344
14343
14341
14334
14327
14326
14326
14315
14314
14303
14300
14300
14290
14278
14274
14273
14273
14272
14271
14269
14268
14266
14266
14264
14262
14258
14257
14256
14253
14250
14246
14243
14241
14236
14236
14235
14228
14222
14218
14214
14206
14206
14204
14202
14200
14199
14196
14174
14174
14172
14166
14166
14164
14162
14160
14153
14152
14144
14141
14139
14132
14130
14127
14120
14120
14118
14112
14110
14093
14092
14089
14088
14074
14061
14058
14049
14047
14041
14040
14040
14039
14039
14030
14029
14027
14026
14025
14024
14023
14016
14013
14011
14006
14002
13993
13993
13992
13988
13987
13987
13986
13986
13981
13969
13957
13953
13951
13946
13945
13927
13924
13922
13918
13917
13915
13913
13912
13908
13907
13904
13903
13899
13894
13892
13889
13889
13886
13882
13877
13866
13864
13861
13860
13855
13852
13851
13842
13840
13839
13837
13828
13827
13825
13825
13821
13821
13819
13818
13810
13806
13805
13803
13803
13801
13801
13794
13788
13782
13781
13779
13762
13761
13757
13757
13756
13748
13746
13746
13741
13730
13730
13725
13721
13720
13719
13715
13715
13715
13705
13698
13692
13691
13689
13688
13686
13679
13678
13665
13657
13650
13649
13644
13640
13634
13632
13631
13617
13616
13610
13609
13608
13605
13604
13601
13600
13589
13587
13577
13576
13568
13555
13554
13546
13546
13545
13544
13539
13537
13536
13533
13527
13517
13514
13512
13505
13504
13504
13498
13494
13493
13490
13490
13486
13485
13480
13478
13472
13471
13469
13462
13460
13453
13453
13452
13443
13439
13438
13437
13436
13431
13430
13429
13429
13427
13426
13418
13413
13409
13407
13404
13403
13403
13402
13401
13400
13399
13398
13397
13396
13392
13384
13383
13383
13376
13375
13368
13365
13358
13356
13353
13351
13348
13345
13343
13339
13339
13338
13337
13336
13331
13331
13331
13331
13329
13329
13323
13321
13311
13311
13303
13297
13288
13284
13282
13280
13278
13264
13262
13256
13255
13247
13243
13243
13241
13240
13236
13235
13230
13228
13227
13219
13213
13211
13206
13203
13203
13197
13186
13185
13179
13178
13175
13175
13172
13170
13170
13167
13167
13158
13154
13154
13148
13147
13143
13133
13125
13122
13121
13108
13107
13105
13104
13102
13097
13084
13079
13075
13075
13070
13070
13062
13060
13058
13053
13052
13048
13042
13040
13038
13037
13037
13034
13028
13027
13027
13023
13020
13018
13016
13015
13015
13007
13005
13002
12999
12998
12997
12995
12989
12989
12980
12979
12973
12971
12966
12966
12961
12959
12958
12956
12953
12951
12947
12945
12944
12943
12942
12939
12934
12929
12927
12926
12924
12917
12916
12914
12914
12914
12914
12911
12911
12903
12902
12902
12902
12899
12894
12892
12888
12888
12887
12880
12880
12879
12874
12873
12868
12862
12848
12847
12846
12846
12845
12842
12841
12838
12835
12820
12817
12813
12813
12811
12810
12804
12802
12800
12799
12795
12792
12791
12790
12780
12775
12773
12769
12768
12764
12764
12761
12760
12759
12759
12759
12754
12750
12749
12748
12745
12745
12737
12733
12730
12730
12721
12718
12711
12710
12708
12708
12700
12688
12686
12684
12676
12672
12670
12665
12656
12655
12654
12645
12643
12641
12634
12631
12628
12628
12621
12619
12615
12611
12607
12604
12602
12591
12588
12585
12582
12574
12567
12564
12552
12549
12538
12529
12520
12510
12506
12504
12501
12501
12495
12491
12488
12487
12478
12478
12475
12473
12472
12472
12469
12466
12455
12454
12447
12443
12440
12427
12427
12424
12423
12416
12413
12413
12412
12409
12403
12401
12397
12394
12394
12386
12384
12377
12374
12368
12364
12364
12363
12360
12352
12350
12349
12338
12336
12335
12330
12328
12322
12322
12319
12316
12309
12306
12304
12300
12299
12297
12295
12294
12294
12290
12285
12280
12268
12262
12262
12261
12256
12252
12250
12249
12246
12244
12244
12238
12235
12233
12231
12230
12227
12226
12220
12220
12217
12217
12205
12203
12202
12196
12196
12190
12188
12183
12181
12179
12177
12176
12174
12174
12174
12174
12172
12167
12166
12165
12165
12165
12164
12162
12162
12161
12161
12160
12156
12154
12152
12148
12147
12145
12144
12142
12138
12131
12130
12122
12120
12110
12110
12106
12098
12094
12093
12092
12090
12086
12085
12085
12083
12081
12081
12080
12076
12073
12068
12063
12062
12061
12045
12045
12045
12043
12043
12041
12041
12039
12037
12037
12035
12030
12028
12025
12025
12024
12024
12013
12002
12001
11999
11992
11986
11986
11982
11968
11967
11966
11965
11962
11962
11958
11956
11944
11941
11940
11938
11932
11924
11920
11918
11915
11908
11905
11894
11893
11891
11890
11888
11884
11884
11882
11882
11881
11879
11877
11877
11875
11871
11870
11853
11853
11850
11848
11847
11847
11845
11836
11835
11834
11829
11824
11808
11802
11800
11792
11789
11787
11781
11781
11776
11776
11774
11770
11766
11763
11762
11761
11757
11747
11744
11743
11736
11734
11732
11726
11724
11720
11718
11714
11709
11708
11707
11701
11700
11700
11698
11696
11696
11695
11693
11691
11677
11677
11672
11670
11669
11667
11666
11666
11659
11657
11651
11649
11640
11639
11638
11634
11633
11626
11618
11617
11613
11613
11612
11611
11609
11607
11597
11591
11585
11582
11580
11574
11573
11568
11565
11556
11554
11544
11540
11539
11533
11528
11524
11516
11515
11514
11514
11513
11512
11503
11498
11482
11474
11463
11461
11460
11456
11455
11452
11452
11451
11449
11446
11443
11442
11431
11430
11429
11428
11426
11424
11422
11421
11419
11418
11412
11406
11405
11403
11400
11394
11391
11390
11389
11388
11388
11383
11382
11377
11377
11372
11370
11369
11367
11367
11366
11361
11357
11356
11353
11352
11345
11343
11340
11338
11331
11325
11323
11319
11317
11305
11304
11304
11296
11296
11294
11292
11290
11287
11280
11275
11273
11270
11269
11269
11267
11262
11261
11255
11255
11255
11254
11244
11240
11234
11232
11228
11219
11218
11216
11215
11211
11210
11206
11205
11202
11201
11196
11195
11195
11195
11187
11186
11186
11183
11182
11170
11170
11169
11167
11167
11163
11163
11162
11159
11153
11152
11150
11149
11149
11148
11144
11142
11135
11127
11124
11123
11118
11112
11109
11107
11106
11103
11093
11092
11088
11082
11080
11078
11077
11073
11073
11070
11068
11062
11059
11056
11055
11046
11045
11044
11038
11036
11035
11016
11014
11012
11009
11009
11009
11008
11002
10981
10977
10975
10970
10968
10964
10961
10954
10946
10946
10943
10943
10940
10937
10935
10935
10933
10928
10922
10906
10904
10900
10900
10900
10897
10896
10885
10883
10879
10877
10874
10870
10868
10868
10864
10863
10860
10858
10842
10837
10834
10830
10830
10827
10826
10822
10819
10818
10805
10804
10801
10798
10796
10796
10794
10782
10781
10781
10773
10773
10773
10769
10768
10766
10765
10760
10759
10758
10751
10750
10748
10740
10739
10738
10733
10731
10730
10727
10724
10724
10723
10723
10718
10713
10711
10710
10710
10704
10699
10699
10698
10698
10696
10692
10692
10689
10689
10688
10687
10682
10680
10680
10671
10664
10664
10661
10660
10659
10653
10648
10648
10648
10641
10639
10637
10627
10627
10618
10613
10612
10612
10606
10598
10590
10585
10564
10563
10562
10562
10562
10562
10560
10559
10556
10550
10545
10527
10521
10520
10519
10518
10516
10516
10515
10514
10513
10511
10510
10509
10508
10504
10504
10488
10483
10482
10482
10481
10468
10462
10459
10457
10455
10452
10448
10444
10441
10437
10436
10431
10426
10421
10417
10416
10397
10394
10394
10393
10393
10391
10388
10385
10382
10381
10379
10377
10376
10373
10362
10360
10359
10359
10349
10343
10341
10338
10335
10335
10330
10328
10318
10315
10309
10302
10302
10300
10297
10290
10284
10283
10280
10277
10267
10256
10256
10255
10254
10247
10247
10239
10236
10236
10228
10226
10219
10219
10209
10204
10198
10197
10189
10188
10186
10186
10185
10175
10170
10170
10167
10166
10159
10156
10153
10140
10137
10132
10130
10128
10127
10125
10123
10119
10116
10115
10112
10110
10107
10106
10104
10103
10101
10099
10098
10096
10096
10093
10089
10076
10064
10062
10061
10060
10057
10054
10052
10042
10036
10034
10033
10020
10020
10020
10017
10006
10004
10002
9994
9994
9990
9990
9989
9981
9974
9973
9965
9963
9961
9956
9954
9951
9944
9943
9942
9940
9934
9933
9929
9927
9927
9924
9921
9917
9917
9915
9897
9897
9895
9893
9890
9882
9881
9878
9874
9873
9870
9867
9865
9863
9861
9850
9848
9848
9846
9846
9836
9834
9833
9832
9827
9825
9824
9819
9819
9813
9812
9809
9808
9805
9801
9799
9799
9799
9796
9790
9789
9788
9783
9781
9777
9777
9777
9774
9768
9760
9760
9753
9750
9745
9738
9738
9737
9736
9736
9734
9729
9726
9711
9711
9710
9698
9697
9696
9696
9692
9682
9675
9675
9673
9672
9670
9659
9658
9656
9656
9627
9623
9622
9613
9612
9610
9609
9609
9607
9601
9598
9591
9590
9589
9589
9588
9587
9584
9581
9578
9574
9574
9573
9570
9567
9566
9565
9561
9550
9548
9546
9542
9541
9540
9533
9532
9530
9519
9519
9513
9512
9510
9510
9509
9508
9502
9498
9497
9490
9489
9487
9487
9486
9486
9485
9483
9480
9477
9475
9475
9472
9471
9470
9465
9465
9464
9462
9461
9459
9454
9446
9439
9439
9438
9434
9428
9413
9408
9405
9404
9395
9388
9387
9382
9378
9373
9370
9367
9360
9359
9358
9358
9357
9351
9350
9346
9346
9341
9340
9340
9337
9333
9329
9327
9326
9317
9317
9317
9315
9306
9306
9305
9304
9302
9300
9299
9298
9293
9292
9287
9284
9282
9282
9281
9277
9276
9268
9264
9257
9248
9247
9244
9241
9237
9231
9223
9219
9216
9213
9210
9201
9199
9196
9196
9191
9187
9183
9181
9171
9165
9162
9162
9160
9157
9152
9150
9149
9146
9140
9135
9134
9131
9128
9128
9128
9125
9123
9121
9117
9109
9105
9103
9101
9098
9097
9096
9096
9090
9085
9085
9082
9077
9074
9072
9070
9067
9062
9048
9032
9029
9027
9024
9024
9021
9020
9019
9017
9016
9013
9012
9012
9011
9011
9007
9004
8997
8996
8993
8986
8977
8977
8972
8972
8970
8968
8955
8952
8950
8948
8947
8945
8940
8936
8928
8923
8919
8919
8917
8916
8916
8903
8903
8896
8894
8893
8891
8889
8883
8876
8876
8874
8873
8861
8860
8860
8856
8850
8850
8848
8847
8845
8843
8840
8838
8837
8837
8834
8832
8830
8829
8828
8828
8824
8824
8819
8818
8817
8816
8814
8814
8813
8809
8807
8804
8804
8803
8802
8802
8801
8800
8800
8800
8798
8796
8789
8787
8786
8785
8782
8780
8777
8774
8772
8771
8771
8770
8770
8763
8757
8754
8752
8752
8748
8746
8743
8740
8737
8735
8728
8727
8724
8724
8722
8718
8717
8716
8715
8714
8707
8704
8701
8694
8693
8691
8690
8684
8682
8682
8680
8680
8679
8672
8671
8670
8662
8661
8659
8647
8646
8646
8645
8645
8642
8637
8629
8628
8615
8613
8610
8608
8600
8598
8592
8589
8588
8588
8582
8577
8571
8570
8569
8562
8562
8559
8557
8549
8549
8536
8530
8529
8529
8529
8527
8524
8522
8518
8513
8512
8510
8509
8506
8504
8497
8490
8485
8475
8473
8471
8465
8461
8459
8454
8454
8451
8450
8445
8444
8442
8438
8438
8435
8432
8431
8429
8424
8421
8413
8403
8397
8394
8393
8392
8391
8385
8375
8373
8372
8369
8365
8361
8359
8352
8345
8344
8338
8327
8326
8322
8321
8317
8315
8314
8313
8311
8309
8308
8298
8296
8287
8278
8276
8276
8272
8268
8267
8257
8253
8250
8249
8238
8237
8233
8227
8227
8227
8223
8217
8213
8213
8212
8206
8201
8198
8194
8183
8181
8180
8178
8177
8163
8157
8149
8147
8145
8144
8142
8138
8136
8136
8133
8132
8126
8125
8122
8120
8119
8119
8115
8114
8111
8110
8110
8099
8094
8094
8087
8086
8082
8078
8075
8072
8071
8069
8066
8065
8064
8061
8060
8060
8060
8057
8055
8053
8052
8050
8047
8046
8046
8045
8045
8045
8044
8042
8037
8032
8027
8026
8025
8024
8020
8019
8018
8016
8011
8009
8006
8002
8001
7998
7997
7993
7992
7986
7984
7979
7972
7971
7965
7964
7964
7955
7952
7939
7935
7935
7932
7927
7922
7918
7917
7909
7906
7905
7900
7898
7896
7896
7893
7891
7889
7889
7885
7884
7879
7874
7872
7871
7868
7867
7866
7866
7865
7857
7854
7851
7848
7847
7843
7841
7839
7828
7827
7824
7824
7820
7820
7819
7812
7811
7804
7804
7802
7801
7800
7798
7796
7786
7786
7781
7780
7777
7776
7776
7774
7773
7771
7766
7764
7764
7758
7758
7757
7749
7746
7738
7733
7729
7725
7724
7720
7719
7719
7716
7716
7714
7707
7706
7705
7704
7697
7694
7693
7685
7684
7684
7674
7669
7667
7665
7664
7657
7657
7653
7640
7631
7628
7617
7617
7613
7610
7610
7610
7609
7608
7605
7601
7597
7595
7594
7594
7592
7591
7590
7588
7582
7577
7576
7568
7564
7556
7550
7549
7549
7547
7546
7545
7545
7531
7526
7522
7519
7516
7515
7513
7511
7505
7497
7495
7494
7489
7487
7483
7482
7481
7476
7469
7468
7467
7461
7458
7456
7455
7452
7450
7444
7442
7441
7434
7423
7421
7419
7419
7413
7411
7407
7405
7403
7401
7398
7391
7390
7388
7367
7365
7364
7362
7360
7351
7347
7339
7338
7333
7326
7323
7320
7315
7310
7305
7303
7301
7299
7295
7283
7279
7277
7273
7264
7259
7256
7254
7253
7250
7247
7246
7241
7240
7235
7235
7234
7232
7222
7221
7220
7217
7214
7209
7205
7204
7203
7202
7192
7191
7191
7180
7177
7177
7176
7174
7174
7169
7166
7162
7158
7158
7157
7156
7153
7145
7138
7138
7137
7136
7135
7134
7130
7128
7126
7120
7119
7118
7118
7116
7111
7103
7098
7095
7094
7093
7093
7093
7088
7085
7083
7081
7080
7078
7065
7064
7064
7059
7057
7056
7049
7048
7047
7044
7038
7034
7025
7023
7023
7021
7021
7018
7015
7005
6996
6996
6995
6992
6991
6990
6990
6984
6984
6982
6981
6976
6974
6970
6965
6965
6963
6962
6959
6958
6956
6955
6945
6941
6938
6937
6933
6929
6928
6926
6923
6923
6921
6919
6914
6912
6909
6909
6907
6904
6901
6900
6897
6892
6886
6885
6885
6882
6880
6880
6878
6878
6871
6869
6867
6865
6858
6858
6850
6847
6845
6837
6836
6832
6831
6828
6822
6820
6816
6815
6806
6805
6801
6797
6789
6787
6784
6783
6781
6774
6757
6757
6753
6747
6744
6739
6738
6733
6731
6730
6729
6724
6721
6721
6721
6716
6716
6712
6711
6708
6708
6707
6701
6701
6697
6683
6683
6680
6679
6673
6672
6670
6664
6660
6658
6655
6652
6650
6648
6634
6629
6626
6625
6621
6615
6613
6612
6611
6609
6609
6598
6595
6586
6583
6580
6574
6574
6570
6565
6560
6557
6557
6554
6550
6548
6546
6545
6544
6539
6537
6535
6532
6524
6524
6509
6506
6504
6504
6504
6499
6498
6498
6489
6487
6486
6485
6484
6481
6479
6470
6466
6463
6459
6452
6448
6446
6443
6442
6442
6441
6437
6436
6431
6429
6429
6426
6425
6412
6408
6407
6404
6396
6396
6393
6386
6378
6373
6369
6362
6354
6353
6352
6351
6349
6348
6346
6335
6326
6322
6309
6308
6305
6303
6297
6285
6284
6284
6279
6276
6274
6273
6272
6271
6270
6259
6255
6248
6247
6243
6241
6236
6235
6235
6228
6219
6216
6214
6204
6202
6200
6197
6196
6195
6194
6185
6175
6171
6169
6168
6165
6164
6163
6154
6153
6152
6150
6148
6148
6137
6126
6123
6120
6109
6104
6102
6094
6094
6093
6091
6091
6086
6084
6079
6073
6069
6066
6064
6062
6059
6049
6049
6047
6044
6038
6038
6032
6028
6026
6026
6025
6024
6007
6005
6000
5995
5990
5986
5984
5983
5982
5979
5977
5977
5975
5969
5966
5965
5962
5955
5948
5942
5939
5939
5938
5933
5930
5922
5915
5914
5914
5914
5913
5911
5905
5903
5896
5893
5888
5882
5882
5879
5877
5876
5875
5873
5873
5872
5871
5869
5862
5860
5860
5858
5845
5844
5842
5841
5836
5833
5832
5831
5829
5826
5825
5824
5819
5817
5813
5806
5802
5800
5799
5796
5795
5793
5792
5791
5789
5789
5789
5788
5787
5787
5782
5782
5778
5775
5769
5767
5767
5766
5753
5751
5746
5744
5740
5730
5730
5725
5723
5720
5719
5719
5715
5710
5708
5707
5702
5695
5692
5683
5680
5675
5661
5655
5652
5647
5643
5637
5633
5633
5632
5623
5623
5623
5619
5619
5616
5615
5613
5611
5609
5607
5602
5600
5599
5596
5594
5594
5593
5588
5586
5583
5582
5581
5580
5579
5577
5576
5576
5573
5565
5559
5558
5554
5551
5548
5537
5533
5530
5528
5528
5527
5517
5516
5513
5512
5509
5507
5505
5503
5503
5502
5495
5493
5492
5492
5484
5483
5480
5469
5467
5464
5460
5459
5458
5456
5455
5451
5444
5444
5441
5440
5439
5438
5436
5431
5418
5417
5415
5413
5413
5411
5410
5408
5406
5405
5404
5399
5395
5395
5382
5377
5376
5376
5365
5353
5352
5345
5343
5343
5342
5340
5339
5334
5323
5317
5312
5308
5299
5297
5296
5294
5289
5283
5280
5279
5274
5272
5272
5257
5254
5253
5246
5243
5242
5242
5229
5223
5220
5219
5219
5206
5204
5201
5197
5189
5175
5168
5166
5140
5130
5125
5118
5118
5117
5109
5108
5104
5102
5097
5087
5087
5084
5082
5078
5075
5074
5072
5071
5070
5053
5052
5048
5046
5044
5043
5042
5042
5042
5041
5039
5033
5032
5031
5019
5016
5015
5015
5014
5007
5005
5004
4993
4988
4985
4976
4970
4970
4968
4966
4957
4955
4950
4950
4948
4948
4946
4941
4934
4925
4923
4919
4919
4916
4915
4915
4911
4910
4905
4894
4893
4887
4880
4880
4879
4878
4877
4875
4874
4873
4872
4872
4872
4868
4865
4863
4862
4861
4860
4859
4858
4852
4851
4847
4845
4844
4843
4842
4829
4827
4826
4818
4817
4813
4812
4804
4799
4796
4792
4788
4788
4779
4771
4768
4767
4755
4755
4753
4751
4749
4748
4744
4742
4740
4728
4719
4719
4715
4713
4712
4712
4709
4707
4705
4699
4699
4699
4699
4697
4687
4687
4683
4681
4679
4674
4672
4665
4664
4660
4651
4650
4648
4644
4643
4640
4640
4638
4628
4626
4625
4604
4596
4596
4591
4590
4582
4570
4570
4566
4564
4559
4557
4555
4554
4552
4552
4551
4550
4546
4545
4543
4542
4529
4528
4524
4514
4512
4505
4505
4495
4494
4494
4493
4491
4489
4484
4481
4479
4478
4473
4472
4448
4442
4441
4439
4435
4434
4428
4427
4425
4422
4422
4418
4412
4409
4405
4404
4402
4396
4391
4390
4387
4378
4377
4368
4364
4360
4360
4360
4358
4357
4352
4351
4349
4345
4343
4332
4329
4329
4325
4321
4321
4318
4317
4314
4308
4304
4298
4298
4296
4295
4288
4287
4286
4285
4285
4275
4275
4273
4268
4263
4261
4253
4252
4250
4247
4247
4245
4245
4241
4237
4233
4229
4228
4227
4222
4219
4218
4214
4214
4212
4207
4207
4200
4195
4193
4192
4191
4191
4191
4187
4183
4177
4173
4172
4172
4169
4166
4166
4165
4153
4146
4145
4145
4144
4138
4136
4132
4132
4121
4121
4120
4119
4119
4117
4116
4110
4109
4101
4096
4091
4087
4075
4075
4072
4068
4061
4057
4055
4051
4049
4036
4035
4035
4032
4030
4024
4022
4020
4017
4017
4016
4016
4014
4014
4013
4013
4007
4006
4005
4001
3999
3999
3993
3991
3991
3986
3980
3979
3977
3976
3975
3969
3964
3959
3958
3956
3950
3943
3943
3936
3935
3935
3919
3919
3915
3914
3907
3899
3898
3898
3897
3896
3896
3890
3890
3887
3885
3883
3879
3877
3875
3875
3873
3871
3856
3855
3853
3852
3852
3847
3844
3836
3833
3833
3820
3818
3816
3813
3812
3812
3810
3808
3807
3805
3802
3801
3801
3799
3788
3783
3776
3771
3767
3766
3761
3752
3748
3743
3738
3737
3737
3736
3729
3726
3726
3726
3725
3725
3723
3723
3721
3718
3718
3713
3710
3710
3710
3709
3708
3706
3702
3702
3698
3697
3690
3688
3684
3682
3680
3677
3676
3673
3671
3668
3666
3665
3662
3661
3653
3645
3645
3638
3638
3637
3631
3630
3624
3619
3617
3612
3610
3605
3604
3598
3597
3595
3593
3593
3588
3587
3585
3584
3579
3577
3569
3566
3565
3561
3557
3557
3554
3554
3544
3537
3536
3534
3530
3529
3521
3514
3503
3495
3493
3489
3489
3482
3477
3475
3474
3474
3471
3468
3467
3466
3465
3463
3461
3456
3456
3456
3455
3455
3454
3454
3453
3450
3445
3441
3439
3438
3436
3432
3430
3426
3424
3421
3420
3419
3418
3416
3416
3414
3409
3407
3407
3402
3398
3397
3394
3392
3384
3381
3371
3371
3368
3368
3365
3361
3361
3358
3358
3358
3357
3354
3354
3351
3350
3348
3344
3342
3341
3341
3336
3328
3327
3318
3310
3298
3296
3295
3290
3290
3289
3288
3283
3282
3282
3282
3276
3275
3266
3265
3263
3258
3254
3253
3250
3243
3238
3232
3229
3226
3225
3222
3221
3220
3220
3218
3216
3212
3207
3207
3201
3200
3195
3195
3191
3190
3187
3187
3187
3186
3183
3183
3177
3175
3173
3171
3170
3168
3164
3162
3160
3155
3146
3145
3144
3142
3142
3139
3129
3128
3128
3119
3119
3119
3118
3111
3107
3107
3100
3096
3095
3094
3093
3092
3092
3090
3079
3074
3072
3071
3070
3067
3067
3067
3056
3042
3042
3040
3031
3031
3029
3027
3026
3023
3022
3018
3018
3017
3016
3012
3008
3007
3000
2999
2998
2983
2979
2975
2970
2968
2967
2961
2959
2952
2946
2945
2945
2942
2941
2936
2931
2929
2927
2926
2923
2916
2915
2914
2910
2900
2900
2899
2897
2889
2880
2878
2878
2876
2874
2868
2864
2862
2857
2853
2850
2849
2841
2838
2836
2835
2834
2834
2831
2823
2821
2821
2812
2811
2811
2809
2807
2806
2805
2803
2801
2800
2796
2793
2792
2787
2782
2782
2780
2777
2775
2774
2774
2769
2769
2769
2769
2765
2761
2750
2748
2745
2737
2734
2733
2729
2728
2724
2717
2714
2714
2713
2710
2704
2700
2697
2691
2686
2681
2681
2677
2675
2673
2672
2665
2662
2662
2660
2657
2650
2646
2645
2644
2643
2641
2640
2637
2636
2635
2634
2622
2620
2619
2618
2615
2610
2608
2604
2604
2602
2601
2600
2597
2594
2593
2590
2583
2580
2577
2575
2574
2572
2572
2572
2570
2565
2561
2557
2555
2555
2555
2548
2546
2544
2540
2539
2537
2536
2535
2535
2534
2530
2525
2518
2516
2514
2513
2509
2508
2498
2495
2493
2492
2490
2486
2486
2485
2481
2477
2474
2472
2470
2469
2469
2466
2459
2458
2458
2457
2456
2447
2447
2447
2446
2441
2440
2438
2433
2432
2430
2427
2426
2423
2421
2419
2417
2416
2416
2404
2402
2397
2393
2389
2389
2389
2385
2381
2380
2376
2376
2372
2371
2368
2368
2366
2357
2355
2348
2346
2344
2343
2340
2338
2331
2328
2324
2321
2319
2313
2309
2308
2305
2298
2297
2294
2294
2281
2279
2279
2274
2274
2274
2271
2269
2268
2260
2259
2258
2231
2228
2223
2223
2222
2214
2214
2208
2201
2200
2197
2196
2187
2180
2179
2175
2172
2170
2168
2166
2166
2164
2164
2163
2163
2159
2158
2157
2153
2152
2152
2151
2150
2148
2146
2144
2144
2140
2140
2139
2136
2132
2131
2129
2123
2121
2120
2120
2117
2117
2114
2113
2113
2106
2096
2094
2089
2086
2084
2070
2070
2070
2062
2061
2055
2054
2053
2051
2043
2042
2042
2042
2041
2016
2014
2011
2009
2009
2007
2004
2004
2000
1990
1987
1985
1984
1980
1976
1975
1974
1974
1965
1963
1962
1956
1950
1944
1941
1936
1936
1935
1930
1929
1926
1915
1913
1908
1908
1906
1903
1897
1887
1886
1884
1881
1870
1868
1865
1864
1864
1860
1859
1857
1855
1851
1850
1848
1842
1840
1840
1839
1838
1838
1836
1836
1833
1829
1828
1827
1826
1820
1819
1818
1815
1812
1807
1806
1805
1805
1802
1800
1799
1798
1797
1794
1791
1789
1789
1777
1762
1758
1757
1756
1755
1753
1748
1740
1740
1738
1737
1736
1735
1734
1733
1733
1730
1730
1726
1719
1714
1713
1711
1703
1700
1700
1698
1698
1697
1697
1693
1690
1690
1686
1682
1682
1676
1673
1665
1664
1663
1657
1654
1651
1650
1644
1632
1631
1629
1626
1622
1620
1619
1616
1611
1608
1608
1606
1604
1603
1602
1600
1591
1591
1589
1589
1586
1584
1583
1579
1579
1575
1574
1572
1569
1566
1564
1562
1561
1558
1557
1556
1550
1548
1545
1544
1542
1534
1533
1527
1521
1518
1516
1513
1510
1506
1504
1503
1502
1501
1495
1491
1489
1488
1487
1482
1480
1471
1468
1467
1466
1460
1460
1454
1445
1445
1444
1443
1440
1433
1431
1431
1429
1424
1416
1413
1411
1409
1404
1403
1398
1398
1394
1392
1392
1386
1384
1383
1383
1380
1375
1375
1368
1361
1357
1351
1350
1349
1348
1346
1343
1331
1328
1328
1325
1319
1314
1313
1311
1305
1303
1302
1296
1286
1280
1278
1276
1275
1271
1268
1266
1264
1260
1258
1254
1253
1249
1240
1239
1231
1228
1223
1221
1219
1212
1211
1210
1207
1207
1205
1204
1204
1204
1201
1200
1197
1197
1195
1194
1194
1192
1186
1185
1183
1179
1178
1177
1176
1175
1168
1158
1158
1151
1148
1147
1146
1146
1143
1141
1138
1134
1134
1132
1131
1128
1125
1121
1119
1112
1112
1109
1101
1100
1099
1094
1092
1089
1089
1087
1085
1084
1081
1074
1073
1068
1064
1060
1055
1053
1047
1044
1038
1032
1031
1028
1027
1024
1024
1022
1019
1017
1013
1012
1012
1011
1006
1005
1003
1002
1002
996
996
990
981
976
972
972
966
956
955
954
952
942
942
941
940
936
934
933
921
920
919
915
914
911
906
905
898
898
885
884
882
880
879
876
876
874
866
864
862
860
858
857
855
854
853
846
840
835
831
830
829
829
821
820
817
816
815
806
805
804
800
798
798
796
795
795
792
784
783
781
778
770
769
767
759
758
755
754
748
746
739
738
736
733
732
731
730
725
724
716
703
701
701
701
699
698
697
696
695
691
690
686
682
678
668
668
667
662
654
651
643
636
635
634
633
633
633
631
630
627
626
624
622
621
620
618
616
615
615
614
610
608
607
603
601
599
598
589
588
587
569
568
566
565
561
559
556
555
550
550
546
545
539
532
526
518
509
506
505
503
502
500
495
488
482
480
479
462
458
455
448
441
433
429
428
428
422
421
414
412
412
410
408
406
404
399
397
396
392
390
388
384
382
379
378
371
369
364
359
356
355
354
353
345
342
341
341
330
325
318
317
317
313
309
298
297
291
290
289
284
283
280
278
277
272
270
264
263
262
260
253
253
251
246
242
240
239
236
235
228
225
220
220
219
215
213
212
210
207
200
198
193
191
189
184
182
179
178
176
176
169
167
156
148
148
147
147
138
131
126
123
122
116
113
111
105
102
102
98
96
96
91
82
82
81
79
79
78
77
77
74
72
65
63
61
60
58
53
45
42
42
40
38
37
31
24
22
18
18
17
17
16
13
10
8
7
6
5
5
5
1
