23945
11550
6939
23713
23562
20370
4068
7153
28915
12637
8447
4368
8902
16853
28809
13649
947
15603
15249
9075
8335
13467
30579
8146
25492
25257
26870
30544
26331
4031
4389
24833
29338
6865
3054
20121
8989
28013
15484
22421
29318
26827
25428
11052
8772
6041
31281
13556
16468
12419
29088
24661
17466
13700
11356
9902
32702
15343
21607
21577
24423
10556
26092
12287
14009
28819
3032
29098
5166
7450
10802
13135
22773
13567
12862
18696
4204
16708
7254
11187
17247
1613
9091
25181
17150
14635
7902
5740
10144
15782
5289
16014
32570
14604
25388
3173
26525
1468
6993
2287
4211
21362
26879
2999
24823
80
9527
30909
15735
30384
28143
28966
10379
7083
24497
25252
15379
6761
19699
8611
13810
6183
3893
31289
5260
7433
19933
25546
32512
15781
22226
17278
29989
20811
25818
26980
838
16662
28596
13411
30110
15284
25077
2277
18322
23028
20643
1601
19120
20
4243
9964
16748
1992
17794
14176
27028
32522
18166
20424
12952
1957
30418
15472
7036
9087
26044
239
29849
31145
24879
25105
279
24616
18271
8839
13354
13953
15568
24142
1551
23814
8117
12511
7365
21731
21769
4635
17548
21735
19311
5621
29727
24340
20426
31453
22704
8933
3996
13040
9640
14433
25887
21473
9243
32740
18725
6565
15885
12968
1712
26593
359
28694
3153
30228
22199
21455
30529
4740
26539
24697
13377
10217
29003
19274
21041
29148
32249
29781
25202
3070
17194
6039
765
18408
7906
705
28224
30166
28913
23491
11452
3090
19439
17437
17504
22818
14840
25828
419
11441
4392
12182
13923
9022
5077
24479
2688
134
22671
2215
14903
17586
13785
15778
24128
26689
11684
7317
6568
27315
5263
19241
18796
8187
28897
12273
4569
26786
19778
29819
26022
16571
31548
7192
25293
20874
374
15211
8494
29171
12714
7348
20195
16804
8811
23770
13921
19202
2201
19770
2643
22484
11423
9778
4918
25778
30579
22124
6837
24363
21323
31466
12482
6841
23584
19414
9848
10342
7140
2567
23220
32058
20098
14675
13421
4971
27033
13207
26327
29252
25593
24711
23356
18641
30937
7734
23701
1872
25310
9828
24811
9047
19149
31883
3184
29380
26122
12456
19036
18793
216
714
6025
17780
28751
13148
23245
30368
10268
3122
26395
19486
28667
28244
856
30017
29942
28814
5118
8428
12891
23219
17011
18364
28286
2485
15911
27892
18227
2150
29552
556
2570
26892
21541
22969
21576
11175
3580
21467
13994
15617
19108
12969
22745
23162
21921
16573
22700
26256
17387
13983
24864
31281
31046
2802
13591
16064
10080
6497
10707
23785
8876
19527
19762
3109
10497
13601
13223
3852
30193
16308
10748
10334
16618
27645
18122
21711
271
15069
6067
21910
4820
14721
26214
22452
7004
22419
20816
17413
17810
29730
13347
1032
13577
19794
7176
18286
19092
16067
17315
5732
5797
31426
21194
15520
5478
10802
24069
22829
4249
7992
25029
7927
17200
1705
13669
4630
6827
17461
12769
19930
12854
25936
2137
8091
25470
22244
1092
573
2391
18872
13683
18053
20495
29086
15820
29727
12175
2911
16068
12139
27447
21863
8857
12299
13175
26417
15701
5165
17710
4976
387
7321
8899
16642
17582
7546
17156
26262
20381
12268
20929
5399
13905
28745
24103
15583
13243
21811
4830
6557
1341
27489
21474
28930
487
555
24098
4142
26990
5331
17626
13278
9963
31897
26801
18258
858
14205
17554
9727
973
20434
11338
19449
28531
12423
22758
8479
14668
29237
24266
19204
18858
27880
27026
12704
25447
6829
22953
8891
8424
5856
8106
16405
17620
17970
29049
9302
23188
29564
13600
27320
25227
27975
15723
1398
1554
28695
13380
3828
3898
27004
20172
427
8257
24534
10045
730
26320
2795
22658
11246
18170
26922
14227
32430
14837
23996
18066
28710
23702
9040
15783
13913
27022
8099
17820
17574
7015
25554
16439
8950
12860
25951
14939
2987
6459
15365
25565
31816
26588
28732
10535
9440
15070
9866
19087
25152
8454
13200
3445
11996
6039
25808
25375
13946
21136
2623
8532
30880
19624
3214
10426
9662
23306
7224
5360
8988
16592
17740
21098
24962
32321
29688
13840
29353
22475
13785
29334
2404
20671
17412
1945
20622
5583
8660
1663
17586
4935
23666
18699
31869
13070
14117
30146
3044
32348
20575
28161
28181
7992
2947
475
8735
32185
19319
1460
26208
29945
18926
9631
16050
23511
6002
4727
12629
23925
4148
25791
26266
23917
20884
20794
5973
25553
31854
2890
30208
19689
20522
28937
32431
14508
27266
23849
22968
30202
14354
14988
15646
26015
24993
13730
30914
4360
16945
10118
6472
28867
12744
5848
19914
7864
12541
27224
31807
28713
16705
10567
12457
13163
30195
25982
21250
3426
2594
11083
20452
12989
1823
4878
8187
30967
18378
20632
23083
31497
25754
23615
15488
19951
21609
4545
22489
225
19973
24798
19028
25934
13943
27571
13432
23192
10257
11992
21797
6547
24121
3897
30780
15291
4600
27061
9230
31287
4930
120
12678
24721
11011
25113
15125
28467
4590
9842
3680
27041
2052
7491
3244
19576
22758
19078
9733
10026
22748
19600
23346
21878
9889
2028
29272
21674
15860
13559
19056
12440
9951
11067
31082
17498
19910
1676
8478
19141
20527
484
9975
31406
19027
9215
14942
10975
29032
6582
21992
14807
1708
23069
10046
13637
28465
28763
2512
32067
31852
1868
57
24403
12667
4824
22640
25882
4409
13073
26292
21214
16644
11535
822
4545
3145
5515
13955
443
5332
2366
16568
28505
15321
3831
26468
10551
4033
32639
13883
28990
19126
3885
7808
17822
11757
21831
8496
15754
17846
27935
28655
30134
25157
3306
12468
18578
20798
11871
20531
20035
9218
9492
3854
24678
3772
16023
13754
7556
11306
18511
6962
10323
12844
5905
27231
7858
25358
27777
21058
1122
18325
22063
3303
7558
32203
25197
26890
29913
10378
18162
17030
2481
19402
21808
5505
25015
8620
22645
6233
31331
13378
14787
2125
22074
18468
1392
5355
8647
25524
11902
5693
11355
32556
11192
31155
12420
10604
19089
4559
10318
11654
21436
13459
10556
1285
23946
21674
1028
8961
26632
344
9230
25571
7892
31011
27307
11768
23747
15167
533
3768
19765
17338
25643
24788
18227
24172
4329
18178
15949
15516
12457
1928
25909
14707
7707
5258
24091
