3
6
7
14
19
20
21
21
25
34
35
37
40
42
45
48
53
54
57
59
62
65
67
71
75
78
82
83
85
86
89
93
100
108
112
112
114
115
117
117
119
125
128
132
132
135
139
140
142
143
146
147
150
153
153
157
159
165
168
171
175
181
181
182
183
185
188
194
196
197
198
202
204
205
209
211
216
219
220
222
228
240
242
244
248
251
251
252
260
268
270
272
274
275
279
281
282
284
287
292
293
294
297
299
299
301
302
303
305
306
313
314
316
319
320
321
322
324
326
330
331
334
346
346
347
358
364
367
368
372
372
373
375
377
377
384
388
393
394
395
407
409
413
414
416
417
418
420
422
441
444
445
448
458
459
465
468
470
470
480
480
481
482
487
490
496
500
501
505
507
507
509
510
528
529
535
540
546
554
557
562
566
570
574
581
582
584
593
595
604
605
605
606
607
610
613
615
615
615
619
622
626
643
646
647
651
652
655
658
666
667
668
669
673
673
674
682
682
684
684
693
695
696
699
702
703
721
723
726
733
734
739
742
749
750
754
758
759
759
763
765
766
767
775
777
781
787
795
795
795
800
801
804
805
805
812
814
814
818
830
834
839
839
840
849
849
856
870
870
871
872
876
879
881
881
881
882
884
891
893
898
899
901
902
904
908
914
915
918
921
922
922
929
936
939
946
947
951
957
964
964
965
967
969
970
971
972
975
981
982
983
985
989
991
997
1002
1002
1002
1004
1004
1005
1013
1026
1028
1047
1048
1049
1050
1056
1059
1063
1064
1068
1075
1077
1085
1090
1090
1094
1094
1100
1100
1102
1104
1108
1117
1120
1122
1125
1125
1126
1127
1136
1149
1149
1150
1155
1156
1160
1163
1165
1170
1173
1174
1174
1179
1185
1201
1206
1208
1210
1212
1216
1216
1219
1220
1220
1225
1226
1229
1234
1235
1242
1247
1248
1250
1254
1254
1256
1259
1271
1272
1274
1274
1282
1284
1286
1292
1307
1314
1314
1320
1325
1327
1329
1338
1340
1343
1347
1351
1354
1355
1359
1359
1360
1364
1364
1365
1371
1379
1382
1382
1382
1391
1396
1399
1400
1403
1404
1407
1413
1413
1414
1422
1423
1426
1429
1431
1435
1437
1447
1447
1454
1455
1456
1463
1466
1469
1473
1479
1488
1488
1494
1495
1498
1499
1501
1505
1508
1509
1516
1522
1523
1523
1527
1528
1530
1533
1538
1547
1553
1556
1558
1562
1565
1566
1566
1569
1570
1571
1573
1574
1576
1577
1583
1584
1584
1589
1590
1593
1594
1595
1596
1602
1605
1606
1608
1609
1609
1610
1611
1611
1618
1619
1621
1625
1626
1629
1632
1636
1636
1639
1643
1645
1647
1650
1651
1660
1668
1669
1675
1681
1682
1686
1687
1691
1692
1694
1695
1696
1700
1701
1702
1703
1707
1712
1718
1720
1725
1728
1728
1737
1739
1740
1741
1743
1746
1747
1748
1753
1756
1756
1757
1757
1758
1773
1776
1776
1777
1778
1780
1781
1783
1785
1790
1794
1803
1804
1805
1808
1809
1815
1820
1821
1829
1831
1832
1832
1838
1842
1845
1848
1848
1863
1863
1864
1869
1872
1875
1878
1882
1882
1887
1889
1894
1895
1897
1901
1902
1905
1908
1915
1935
1939
1942
1947
1948
1953
1955
1964
1968
1970
1974
1975
1981
1988
1990
1991
2001
2002
2003
2004
2005
2010
2010
2011
2011
2013
2014
2014
2016
2019
2019
2021
2021
2021
2022
2026
2032
2038
2039
2043
2044
2046
2046
2054
2064
2064
2072
2085
2090
2091
2091
2093
2097
2103
2106
2111
2112
2118
2125
2128
2128
2129
2134
2139
2139
2139
2140
2143
2145
2145
2148
2152
2154
2157
2164
2165
2169
2173
2173
2173
2175
2177
2180
2184
2186
2195
2198
2200
2204
2207
2207
2211
2216
2216
2217
2223
2225
2227
2228
2233
2242
2247
2253
2255
2256
2256
2267
2269
2270
2274
2277
2278
2280
2283
2285
2286
2299
2310
2311
2312
2316
2317
2319
2320
2320
2321
2326
2332
2334
2338
2338
2339
2343
2349
2352
2356
2359
2359
2361
2365
2369
2370
2370
2377
2377
2379
2379
2385
2395
2396
2397
2397
2399
2401
2403
2409
2409
2414
2423
2425
2426
2426
2428
2429
2449
2452
2454
2458
2458
2464
2469
2470
2470
2478
2478
2479
2491
2494
2495
2501
2503
2507
2508
2508
2522
2523
2524
2525
2532
2533
2534
2535
2544
2551
2553
2565
2567
2572
2575
2576
2584
2586
2587
2589
2591
2591
2593
2600
2609
2610
2610
2616
2620
2628
2629
2636
2644
2650
2656
2659
2673
2677
2683
2689
2691
2694
2694
2694
2696
2698
2698
2699
2700
2711
2722
2724
2725
2726
2726
2728
2730
2733
2735
2736
2741
2743
2744
2747
2747
2762
2763
2765
2770
2772
2772
2775
2776
2776
2778
2779
2785
2786
2790
2800
2802
2802
2804
2805
2809
2810
2815
2817
2819
2820
2823
2827
2832
2837
2839
2844
2849
2849
2857
2861
2867
2867
2883
2885
2887
2893
2894
2908
2908
2909
2911
2914
2916
2917
2919
2924
2926
2927
2931
2934
2938
2939
2945
2946
2946
2948
2953
2954
2955
2955
2956
2959
2968
2968
2974
2983
2988
2992
2995
2995
2998
3001
3003
3025
3025
3027
3027
3028
3028
3039
3042
3047
3049
3056
3056
3061
3062
3066
3074
3077
3082
3085
3088
3093
3094
3097
3097
3100
3109
3113
3113
3114
3117
3118
3119
3122
3123
3127
3130
3134
3136
3137
3139
3141
3144
3145
3146
3148
3150
3150
3158
3161
3167
3167
3169
3173
3173
3174
3180
3181
3182
3186
3189
3190
3192
3196
3204
3208
3211
3211
3212
3212
3214
3216
3220
3226
3230
3231
3237
3241
3241
3242
3242
3244
3253
3254
3257
3257
3258
3259
3264
3270
3273
3273
3277
3279
3281
3287
3297
3300
3303
3303
3306
3307
3309
3310
3311
3313
3315
3316
3318
3318
3320
3324
3333
3336
3341
3352
3353
3356
3362
3367
3367
3373
3380
3381
3387
3388
3390
3402
3403
3403
3405
3410
3410
3421
3424
3432
3436
3437
3438
3442
3442
3449
3451
3458
3459
3461
3466
3470
3472
3473
3487
3491
3492
3494
3495
3495
3498
3501
3502
3503
3505
3507
3509
3510
3511
3513
3520
3520
3521
3523
3524
3530
3536
3539
3542
3551
3552
3556
3556
3566
3566
3570
3571
3573
3573
3573
3581
3582
3586
3593
3601
3603
3609
3612
3614
3628
3634
3637
3651
3651
3652
3657
3657
3660
3664
3665
3666
3667
3669
3670
3678
3680
3684
3686
3691
3693
3695
3697
3700
3702
3705
3711
3718
3718
3719
3722
3727
3730
3746
3750
3757
3770
3774
3775
3775
3776
3785
3789
3790
3792
3801
3803
3803
3805
3806
3807
3816
3818
3825
3834
3834
3838
3842
3846
3856
3858
3859
3865
3866
3869
3872
3873
3876
3878
3883
3885
3886
3886
3890
3893
3893
3894
3894
3897
3898
3901
3901
3904
3904
3911
3913
3913
3916
3918
3924
3926
3931
3934
3942
3943
3945
3954
3957
3967
3972
3979
3979
3995
3999
4000
4000
4001
4004
4011
4019
4023
4031
4035
4036
4037
4039
4044
4045
4049
4050
4057
4060
4066
4069
4075
4083
4087
4090
4095
4097
4097
4099
4101
4104
4104
4109
4111
4115
4119
4125
4125
4130
4130
4130
4139
4145
4148
4149
4153
4154
4157
4160
4165
4166
4173
4178
4184
4190
4192
4193
4199
4209
4211
4213
4213
4225
4225
4226
4227
4228
4233
4244
4244
4247
4252
4261
4263
4264
4267
4269
4274
4274
4281
4283
4287
4290
4290
4293
4297
4298
4301
4301
4303
4308
4308
4308
4313
4314
4314
4314
4318
4321
4326
4326
4327
4332
4338
4340
4345
4347
4349
4352
4355
4355
4364
4365
4365
4368
4377
4377
4378
4381
4381
4381
4382
4383
4386
4398
4398
4399
4401
4405
4408
4408
4411
4411
4416
4419
4421
4421
4428
4428
4428
4429
4430
4433
4437
4444
4444
4446
4446
4447
4448
4449
4450
4451
4453
4459
4461
4462
4464
4469
4472
4479
4485
4489
4493
4500
4501
4513
4513
4514
4522
4528
4532
4535
4545
4550
4550
4550
4552
4553
4553
4557
4562
4567
4569
4569
4569
4570
4575
4576
4579
4582
4586
4587
4589
4589
4590
4591
4592
4593
4602
4610
4620
4622
4630
4632
4635
4637
4640
4642
4651
4653
4659
4660
4660
4661
4661
4670
4687
4688
4691
4692
4694
4704
4708
4712
4714
4721
4727
4734
4745
4746
4755
4760
4760
4764
4766
4771
4773
4784
4786
4787
4787
4791
4791
4793
4795
4801
4807
4810
4811
4818
4820
4820
4822
4823
4824
4826
4826
4831
4832
4833
4834
4835
4836
4836
4839
4841
4849
4855
4856
4860
4865
4867
4867
4871
4871
4872
4877
4881
4886
4892
4892
4899
4901
4902
4907
4908
4911
4913
4916
4919
4919
4923
4927
4929
4930
4932
4937
4938
4942
4943
4946
4949
4950
4952
4954
4959
4960
4965
4966
4967
4969
4978
4981
4981
4989
4999
4999
5000
5002
5005
5008
5011
5014
5021
5023
5025
5025
5026
5026
5029
5033
5033
5051
5056
5056
5065
5071
5074
5075
5076
5083
5086
5086
5089
5089
5091
5094
5098
5100
5100
5100
5109
5111
5114
5118
5120
5124
5126
5126
5126
5127
5127
5128
5130
5133
5134
5137
5139
5144
5145
5148
5149
5150
5151
5163
5163
5173
5175
5177
5178
5179
5199
5207
5213
5214
5221
5232
5236
5236
5243
5246
5251
5255
5256
5257
5270
5278
5280
5282
5285
5286
5297
5299
5306
5306
5309
5311
5317
5317
5321
5330
5334
5336
5338
5345
5345
5348
5350
5355
5359
5359
5361
5371
5371
5372
5374
5376
5379
5381
5381
5382
5382
5389
5401
5404
5405
5406
5409
5415
5416
5431
5431
5433
5434
5439
5440
5441
5447
5450
5452
5463
5466
5475
5480
5481
5485
5488
5491
5492
5493
5494
5494
5497
5500
5509
5510
5513
5515
5525
5527
5533
5534
5536
5547
5549
5553
5556
5562
5563
5564
5567
5570
5571
5574
5577
5579
5581
5594
5597
5600
5603
5604
5612
5614
5618
5619
5622
5627
5631
5638
5640
5640
5642
5645
5646
5649
5659
5661
5661
5664
5671
5671
5673
5677
5679
5684
5685
5687
5692
5692
5692
5695
5696
5698
5698
5700
5702
5707
5710
5711
5714
5715
5717
5719
5723
5737
5742
5746
5747
5748
5749
5755
5756
5760
5762
5763
5765
5769
5770
5771
5773
5773
5780
5783
5786
5787
5788
5797
5801
5806
5813
5813
5815
5816
5816
5817
5817
5821
5822
5822
5822
5823
5830
5833
5833
5836
5837
5838
5838
5839
5844
5845
5849
5851
5858
5859
5866
5868
5876
5879
5880
5886
5886
5886
5889
5890
5900
5906
5910
5916
5917
5917
5919
5922
5924
5926
5929
5931
5932
5932
5935
5936
5936
5938
5942
5942
5949
5953
5957
5962
5964
5970
5976
5979
5984
5994
5998
5998
6018
6019
6019
6024
6031
6038
6042
6044
6044
6044
6050
6053
6055
6072
6074
6075
6078
6079
6081
6083
6090
6092
6093
6095
6110
6114
6115
6120
6121
6121
6125
6127
6131
6133
6135
6135
6144
6149
6151
6153
6154
6159
6160
6161
6167
6167
6169
6169
6171
6174
6176
6176
6185
6192
6193
6195
6196
6197
6198
6199
6200
6201
6205
6206
6215
6219
6220
6223
6232
6237
6238
6247
6248
6249
6256
6257
6259
6269
6270
6271
6271
6276
6280
6288
6297
6298
6300
6300
6300
6302
6305
6306
6313
6315
6317
6323
6323
6333
6333
6334
6334
6343
6350
6356
6358
6359
6361
6363
6368
6368
6372
6373
6378
6380
6387
6393
6396
6401
6401
6402
6403
6405
6408
6409
6411
6415
6420
6426
6431
6434
6438
6440
6450
6451
6451
6458
6461
6465
6465
6469
6472
6475
6480
6489
6503
6504
6506
6512
6517
6523
6528
6529
6531
6533
6534
6534
6545
6553
6556
6562
6565
6569
6572
6577
6579
6579
6579
6580
6581
6581
6582
6585
6588
6591
6600
6606
6623
6624
6633
6638
6639
6646
6654
6661
6662
6663
6665
6672
6676
6679
6682
6690
6691
6695
6695
6696
6699
6702
6702
6703
6709
6712
6712
6714
6717
6717
6717
6718
6719
6721
6722
6725
6729
6734
6738
6741
6745
6751
6761
6763
6764
6765
6773
6774
6778
6785
6789
6793
6794
6795
6799
6799
6799
6809
6810
6812
6813
6813
6822
6832
6836
6836
6837
6837
6838
6840
6840
6844
6850
6853
6856
6859
6863
6865
6868
6869
6873
6878
6881
6881
6888
6892
6894
6898
6899
6900
6901
6909
6911
6917
6928
6929
6929
6935
6935
6936
6944
6947
6947
6952
6954
6955
6955
6960
6962
6964
6969
6977
6980
6982
6985
6987
6989
6990
6991
6996
6998
7011
7014
7018
7022
7023
7027
7033
7033
7040
7040
7054
7060
7061
7061
7063
7063
7072
7072
7077
7082
7086
7095
7096
7099
7100
7113
7113
7115
7117
7118
7118
7118
7119
7119
7122
7139
7142
7149
7159
7159
7160
7161
7165
7169
7169
7174
7174
7180
7183
7187
7190
7191
7196
7200
7202
7215
7219
7224
7229
7236
7236
7236
7239
7240
7245
7246
7249
7250
7259
7264
7264
7267
7269
7271
7276
7277
7278
7280
7280
7281
7285
7293
7297
7299
7305
7310
7314
7314
7317
7320
7321
7322
7323
7327
7334
7336
7339
7339
7347
7351
7352
7352
7354
7355
7362
7363
7367
7367
7367
7371
7372
7376
7385
7386
7387
7390
7391
7391
7393
7394
7395
7400
7406
7409
7410
7411
7417
7417
7418
7422
7424
7426
7429
7435
7438
7438
7438
7446
7448
7450
7454
7458
7460
7462
7469
7470
7472
7473
7473
7474
7477
7479
7483
7484
7485
7487
7489
7491
7493
7493
7495
7497
7498
7502
7503
7504
7509
7509
7511
7514
7515
7519
7520
7527
7527
7529
7530
7533
7539
7552
7553
7555
7555
7555
7557
7562
7563
7568
7570
7571
7576
7577
7579
7583
7584
7586
7599
7601
7607
7609
7610
7615
7616
7619
7622
7626
7629
7637
7641
7651
7652
7654
7667
7667
7682
7683
7687
7688
7694
7695
7700
7707
7709
7711
7717
7718
7720
7721
7721
7722
7732
7732
7733
7733
7741
7742
7742
7744
7746
7746
7747
7749
7751
7752
7753
7754
7756
7756
7760
7763
7768
7768
7774
7779
7779
7780
7781
7783
7786
7788
7790
7790
7791
7794
7796
7801
7808
7809
7809
7812
7812
7818
7821
7822
7824
7824
7826
7827
7830
7839
7842
7843
7854
7854
7860
7861
7861
7863
7864
7868
7870
7875
7881
7885
7886
7891
7895
7896
7902
7911
7914
7917
7917
7920
7922
7926
7927
7931
7941
7942
7946
7952
7957
7959
7961
7962
7964
7969
7976
7977
7978
7987
7988
7995
7999
7999
8001
8006
8010
8011
8012
8013
8019
8025
8030
8031
8033
8033
8034
8036
8037
8040
8047
8047
8054
8068
8070
8075
8080
8081
8085
8089
8095
8095
8097
8105
8107
8107
8116
8121
8121
8129
8130
8131
8131
8137
8138
8140
8150
8152
8156
8167
8168
8171
8180
8183
8188
8190
8197
8198
8199
8200
8202
8203
8204
8208
8210
8215
8223
8228
8229
8238
8244
8245
8246
8247
8251
8255
8260
8261
8261
8268
8271
8273
8280
8282
8283
8283
8286
8288
8291
8300
8301
8303
8306
8306
8307
8309
8311
8311
8311
8315
8316
8316
8317
8320
8325
8325
8327
8334
8335
8336
8339
8340
8344
8344
8351
8351
8353
8354
8354
8356
8357
8359
8362
8363
8363
8369
8373
8378
8386
8387
8389
8396
8397
8401
8401
8402
8402
8403
8410
8414
8414
8415
8417
8418
8419
8420
8422
8429
8430
8437
8437
8437
8438
8443
8444
8446
8452
8456
8457
8458
8459
8460
8461
8473
8477
8496
8497
8504
8504
8510
8516
8516
8516
8526
8544
8545
8546
8550
8554
8554
8555
8555
8555
8557
8564
8568
8568
8571
8573
8575
8577
8580
8581
8582
8584
8584
8584
8586
8588
8588
8595
8600
8605
8608
8610
8615
8616
8618
8620
8623
8625
8631
8633
8633
8639
8642
8645
8650
8651
8654
8655
8659
8661
8663
8664
8667
8668
8673
8677
8679
8686
8693
8696
8699
8701
8703
8706
8711
8716
8717
8721
8721
8721
8729
8731
8732
8742
8743
8750
8756
8758
8759
8763
8765
8770
8772
8775
8778
8781
8783
8786
8786
8789
8789
8789
8790
8793
8795
8800
8800
8802
8806
8809
8816
8816
8821
8826
8827
8829
8833
8841
8841
8843
8848
8856
8861
8864
8865
8867
8867
8868
8868
8870
8870
8873
8874
8878
8879
8883
8888
8889
8890
8891
8892
8896
8897
8898
8900
8908
8916
8919
8920
8920
8923
8924
8926
8932
8937
8938
8940
8941
8950
8953
8958
8961
8961
8966
8970
8975
8979
8980
8980
8981
8982
8983
8984
8990
8993
8995
8996
8996
8998
9000
9000
9002
9003
9003
9010
9010
9019
9026
9026
9029
9033
9036
9037
9047
9047
9048
9052
9065
9066
9069
9072
9078
9079
9079
9081
9085
9086
9090
9093
9096
9102
9102
9104
9106
9107
9108
9109
9111
9112
9122
9123
9123
9124
9126
9128
9131
9143
9146
9150
9157
9158
9160
9161
9170
9173
9176
9179
9190
9191
9193
9198
9200
9202
9202
9204
9213
9217
9217
9222
9223
9231
9238
9239
9241
9255
9261
9269
9270
9270
9278
9288
9289
9290
9296
9299
9302
9308
9316
9318
9324
9324
9332
9336
9336
9352
9353
9355
9356
9358
9359
9372
9373
9376
9377
9377
9378
9383
9383
9383
9386
9387
9398
9398
9402
9405
9406
9407
9408
9411
9415
9418
9425
9426
9426
9430
9432
9440
9442
9445
9452
9453
9461
9465
9470
9472
9472
9474
9482
9489
9494
9494
9495
9497
9497
9504
9505
9510
9517
9518
9518
9522
9522
9531
9540
9547
9548
9549
9553
9555
9557
9566
9566
9571
9573
9574
9574
9575
9576
9580
9583
9587
9587
9588
9598
9601
9603
9606
9611
9611
9614
9619
9624
9631
9632
9634
9638
9640
9642
9643
9643
9644
9648
9649
9667
9671
9672
9681
9691
9693
9696
9702
9707
9708
9711
9715
9717
9719
9719
9723
9724
9727
9732
9734
9736
9736
9745
9746
9746
9752
9757
9758
9758
9761
9763
9764
9766
9767
9776
9778
9790
9791
9796
9802
9803
9804
9806
9809
9813
9817
9819
9820
9825
9834
9835
9838
9838
9849
9856
9861
9862
9862
9862
9865
9873
9878
9880
9883
9883
9891
9893
9895
9901
9904
9906
9907
9907
9908
9914
9916
9918
9919
9934
9943
9944
9951
9953
9955
9959
9961
9966
9967
9969
9975
9978
9981
9990
9994
9995
10001
10010
10013
10014
10014
10014
10025
10026
10026
10031
10037
10039
10046
10047
10058
10061
10065
10065
10066
10067
10068
10074
10081
10081
10083
10086
10094
10120
10121
10124
10125
10127
10135
10135
10142
10162
10163
10169
10170
10175
10175
10175
10181
10187
10188
10194
10197
10200
10207
10209
10213
10215
10221
10221
10221
10231
10234
10235
10237
10248
10249
10249
10252
10252
10258
10263
10264
10268
10273
10276
10282
10284
10286
10290
10290
10291
10292
10294
10298
10301
10307
10308
10309
10312
10312
10317
10324
10325
10327
10329
10330
10333
10333
10343
10344
10352
10353
10358
10358
10360
10364
10367
10367
10372
10373
10374
10380
10383
10385
10390
10391
10392
10407
10411
10414
10414
10422
10440
10441
10444
10444
10448
10450
10451
10454
10457
10457
10459
10460
10475
10477
10477
10479
10484
10485
10485
10488
10495
10499
10500
10510
10511
10514
10514
10515
10518
10521
10528
10531
10545
10548
10550
10551
10554
10559
10559
10560
10564
10564
10567
10569
10573
10575
10580
10581
10586
10589
10594
10594
10600
10604
10608
10610
10611
10616
10616
10616
10622
10622
10629
10631
10633
10641
10643
10644
10645
10648
10649
10657
10663
10668
10669
10669
10670
10675
10680
10680
10691
10693
10693
10694
10695
10696
10704
10705
10721
10724
10727
10728
10728
10729
10740
10740
10741
10744
10745
10745
10747
10751
10757
10760
10766
10773
10774
10775
10778
10778
10779
10782
10782
10783
10787
10795
10799
10801
10803
10803
10805
10805
10807
10810
10811
10817
10822
10825
10826
10830
10835
10835
10838
10840
10843
10844
10847
10850
10851
10852
10852
10856
10863
10892
10893
10895
10896
10898
10898
10900
10902
10906
10912
10915
10921
10923
10937
10938
10939
10947
10948
10948
10949
10954
10955
10961
10967
10968
10975
10976
10980
10980
10981
10984
10987
10993
10994
10997
10999
10999
11006
11007
11010
11013
11014
11020
11020
11021
11022
11027
11029
11031
11036
11041
11044
11048
11049
11050
11058
11060
11060
11061
11071
11086
11087
11089
11095
11104
11106
11111
11113
11113
11116
11124
11124
11126
11129
11133
11139
11139
11140
11140
11140
11141
11143
11145
11147
11149
11152
11158
11162
11163
11164
11166
11167
11175
11176
11177
11179
11181
11183
11187
11193
11193
11194
11201
11205
11205
11207
11207
11207
11210
11212
11220
11221
11223
11223
11223
11224
11228
11231
11243
11246
11248
11252
11254
11255
11263
11263
11266
11267
11277
11282
11283
11286
11287
11287
11289
11289
11290
11299
11303
11308
11313
11316
11322
11335
11345
11348
11353
11366
11366
11374
11382
11385
11385
11392
11399
11400
11401
11406
11407
11407
11408
11414
11415
11421
11424
11436
11441
11444
11445
11445
11450
11453
11455
11473
11475
11475
11478
11490
11496
11496
11497
11499
11499
11501
11501
11502
11503
11503
11514
11516
11517
11537
11539
11541
11546
11548
11551
11552
11554
11555
11556
11559
11560
11561
11563
11566
11569
11575
11577
11578
11583
11584
11586
11586
11587
11587
11587
11600
11600
11600
11605
11606
11611
11612
11614
11619
11620
11622
11623
11628
11648
11650
11652
11656
11658
11659
11661
11666
11667
11669
11669
11669
11672
11675
11676
11689
11694
11694
11694
11697
11700
11710
11713
11720
11722
11725
11729
11734
11735
11740
11740
11740
11742
11749
11751
11757
11757
11761
11765
11768
11771
11772
11773
11775
11775
11776
11777
11780
11783
11783
11785
11790
11790
11797
11798
11798
11804
11812
11821
11827
11827
11827
11828
11832
11833
11833
11835
11835
11841
11845
11853
11853
11856
11861
11865
11865
11866
11866
11867
11876
11879
11879
11887
11895
11899
11901
11902
11906
11910
11910
11911
11916
11916
11921
11922
11925
11926
11929
11929
11932
11934
11935
11936
11941
11948
11950
11951
11952
11953
11957
11957
11957
11967
11968
11969
11974
11974
11976
11976
11978
11980
11990
11991
11996
11998
11999
12004
12010
12013
12014
12015
12019
12029
12035
12038
12039
12039
12040
12047
12055
12057
12069
12070
12074
12077
12079
12084
12089
12092
12093
12102
12102
12107
12111
12112
12115
12117
12118
12118
12130
12134
12134
12140
12143
12146
12146
12147
12148
12148
12155
12167
12172
12176
12185
12190
12193
12195
12201
12202
12206
12208
12209
12212
12212
12214
12215
12216
12216
12232
12236
12237
12240
12241
12249
12252
12263
12265
12266
12272
12273
12279
12299
12315
12320
12323
12329
12330
12332
12335
12336
12338
12341
12342
12344
12351
12358
12362
12363
12366
12373
12387
12388
12391
12395
12402
12403
12407
12407
12414
12416
12417
12418
12420
12430
12431
12433
12434
12438
12438
12441
12443
12445
12448
12451
12451
12455
12458
12458
12459
12459
12461
12464
12467
12467
12470
12475
12497
12503
12504
12514
12527
12527
12528
12529
12532
12533
12533
12537
12538
12540
12542
12546
12549
12550
12556
12559
12560
12562
12564
12564
12565
12582
12586
12587
12590
12590
12591
12591
12592
12593
12594
12599
12600
12600
12607
12610
12615
12620
12621
12628
12631
12634
12640
12641
12648
12654
12654
12664
12667
12669
12672
12672
12676
12678
12678
12678
12681
12685
12695
12699
12701
12703
12707
12715
12725
12727
12733
12737
12740
12751
12758
12761
12761
12764
12767
12767
12772
12772
12773
12779
12783
12784
12788
12788
12793
12796
12796
12800
12803
12806
12813
12816
12826
12829
12830
12831
12833
12845
12850
12854
12855
12862
12873
12876
12876
12879
12881
12882
12885
12886
12888
12891
12891
12900
12901
12901
12907
12908
12908
12912
12914
12915
12921
12921
12925
12925
12926
12927
12931
12933
12936
12941
12945
12947
12948
12956
12956
12958
12961
12962
12975
12980
12980
12985
12988
12994
12995
12999
13001
13003
13007
13008
13009
13013
13017
13018
13020
13024
13024
13026
13026
13027
13028
13031
13031
13033
13038
13045
13047
13047
13049
13049
13050
13053
13054
13056
13057
13058
13063
13063
13066
13074
13077
13077
13081
13082
13087
13093
13100
13100
13102
13104
13112
13114
13115
13115
13117
13122
13126
13127
13130
13137
13138
13140
13142
13147
13150
13151
13155
13158
13163
13165
13165
13173
13178
13180
13181
13182
13183
13187
13191
13193
13200
13211
13213
13214
13217
13223
13223
13226
13229
13233
13239
13255
13257
13259
13261
13265
13270
13270
13271
13278
13279
13280
13281
13286
13287
13288
13289
13293
13293
13294
13294
13295
13295
13296
13301
13302
13304
13312
13316
13317
13317
13318
13319
13321
13321
13325
13335
13336
13348
13351
13356
13357
13366
13367
13373
13375
13375
13377
13391
13392
13394
13401
13402
13402
13405
13407
13411
13414
13417
13421
13422
13426
13430
13430
13436
13436
13437
13439
13445
13445
13446
13447
13448
13450
13450
13451
13453
13455
13461
13467
13472
13478
13478
13479
13487
13489
13492
13493
13500
13505
13505
13510
13512
13516
13522
13524
13525
13526
13538
13549
13550
13556
13560
13560
13564
13570
13574
13574
13580
13581
13586
13592
13598
13601
13604
13606
13612
13616
13618
13623
13645
13648
13650
13654
13659
13660
13663
13664
13667
13668
13670
13670
13673
13680
13681
13682
13686
13689
13702
13704
13705
13707
13720
13722
13729
13730
13733
13734
13748
13748
13751
13753
13759
13760
13763
13763
13766
13771
13771
13774
13776
13778
13781
13786
13788
13791
13794
13802
13805
13806
13807
13808
13811
13811
13817
13821
13822
13825
13836
13852
13855
13858
13861
13864
13866
13868
13869
13871
13876
13877
13877
13882
13884
13886
13889
13896
13898
13901
13909
13909
13909
13912
13913
13916
13919
13929
13931
13931
13938
13942
13942
13950
13951
13955
13959
13962
13965
13969
13971
13974
13980
13985
13988
13996
13997
13998
13999
14001
14002
14004
14004
14012
14013
14015
14018
14019
14021
14026
14034
14035
14039
14039
14041
14045
14047
14048
14063
14067
14070
14071
14072
14074
14082
14082
14083
14084
14087
14099
14102
14107
14110
14110
14110
14111
14111
14114
14117
14120
14122
14125
14130
14130
14130
14132
14138
14141
14144
14147
14148
14153
14156
14156
14158
14159
14161
14172
14174
14182
14183
14183
14184
14185
14194
14198
14199
14201
14202
14202
14205
14205
14210
14210
14212
14213
14215
14215
14220
14223
14224
14225
14232
14232
14244
14256
14256
14257
14261
14265
14268
14273
14284
14285
14286
14291
14293
14297
14304
14304
14307
14308
14312
14312
14325
14329
14330
14332
14332
14340
14346
14350
14352
14353
14356
14360
14362
14364
14365
14365
14365
14366
14369
14371
14378
14380
14384
14385
14387
14391
14391
14403
14408
14422
14424
14424
14427
14427
14431
14431
14431
14437
14448
14452
14453
14453
14454
14467
14467
14471
14475
14478
14479
14480
14484
14485
14485
14490
14496
14500
14504
14505
14507
14509
14514
14515
14516
14520
14525
14527
14531
14535
14535
14543
14544
14547
14552
14556
14558
14560
14560
14563
14565
14567
14572
14574
14580
14580
14590
14595
14601
14606
14608
14614
14614
14614
14622
14623
14625
14625
14626
14630
14631
14631
14632
14634
14639
14643
14643
14659
14663
14665
14672
14676
14679
14679
14681
14685
14688
14693
14694
14696
14698
14700
14700
14703
14706
14707
14707
14708
14717
14717
14727
14729
14731
14738
14741
14745
14745
14745
14751
14760
14762
14763
14763
14769
14779
14782
14784
14788
14791
14791
14798
14801
14803
14803
14803
14804
14804
14809
14810
14814
14815
14819
14825
14825
14828
14830
14838
14840
14841
14843
14844
14844
14844
14845
14847
14853
14874
14874
14876
14881
14881
14888
14889
14893
14894
14895
14902
14903
14903
14907
14913
14915
14916
14924
14924
14929
14945
14947
14947
14948
14949
14950
14956
14963
14967
14968
14969
14971
14975
14980
14983
14984
14993
14995
14995
14997
14999
15003
15005
15008
15009
15011
15013
15021
15028
15030
15038
15038
15043
15045
15046
15048
15051
15051
15052
15057
15063
15065
15076
15077
15085
15087
15088
15089
15093
15100
15101
15102
15103
15106
15106
15108
15110
15112
15115
15117
15120
15124
15124
15133
15135
15136
15136
15139
15139
15140
15142
15148
15151
15154
15158
15160
15160
15160
15167
15167
15170
15174
15175
15184
15192
15196
15199
15206
15211
15212
15214
15218
15225
15230
15236
15238
15239
15239
15239
15240
15247
15247
15255
15259
15260
15263
15264
15272
15272
15274
15285
15286
15288
15289
15295
15296
15300
15302
15316
15319
15322
15326
15326
15339
15345
15346
15365
15368
15369
15373
15376
15377
15385
15385
15387
15387
15387
15401
15403
15404
15408
15409
15410
15415
15417
15420
15424
15427
15427
15429
15429
15434
15435
15445
15448
15449
15456
15462
15466
15467
15468
15471
15473
15478
15479
15485
15490
15493
15494
15496
15500
15503
15505
15510
15517
15523
15523
15532
15534
15538
15539
15544
15545
15550
15552
15552
15558
15559
15561
15561
15563
15565
15566
15567
15567
15576
15585
15590
15593
15606
15607
15610
15616
15616
15617
15624
15625
15628
15630
15630
15631
15633
15638
15639
15647
15650
15660
15661
15663
15674
15678
15680
15683
15686
15687
15693
15694
15699
15704
15710
15712
15727
15729
15734
15734
15736
15736
15740
15744
15744
15751
15754
15759
15761
15764
15770
15773
15782
15789
15795
15797
15797
15802
15816
15817
15818
15824
15827
15831
15834
15848
15848
15848
15849
15855
15856
15856
15862
15865
15869
15871
15872
15880
15884
15886
15887
15891
15892
15897
15903
15910
15911
15913
15916
15926
15927
15928
15930
15932
15934
15943
15944
15949
15950
15951
15960
15962
15970
15973
15985
15989
15991
15994
15998
16000
16000
16003
16007
16016
16020
16020
16024
16028
16046
16054
16055
16056
16056
16058
16062
16063
16071
16080
16081
16083
16084
16088
16090
16091
16094
16100
16101
16102
16109
16109
16114
16118
16120
16134
16134
16135
16136
16141
16146
16147
16150
16150
16150
16157
16162
16173
16198
16200
16202
16206
16209
16215
16222
16228
16240
16241
16245
16249
16251
16255
16258
16259
16261
16263
16266
16267
16268
16269
16273
16280
16280
16289
16289
16289
16292
16296
16298
16299
16299
16299
16300
16302
16303
16305
16308
16311
16315
16317
16321
16323
16326
16328
16330
16330
16332
16351
16358
16367
16369
16372
16372
16373
16375
16377
16381
16393
16396
16402
16403
16404
16416
16419
16419
16420
16421
16423
16424
16429
16429
16430
16431
16432
16433
16434
16441
16441
16444
16445
16446
16446
16448
16448
16449
16459
16468
16472
16475
16475
16477
16479
16481
16482
16486
16495
16496
16496
16497
16497
16499
16501
16501
16510
16512
16514
16520
16521
16525
16529
16530
16535
16538
16547
16548
16550
16554
16555
16557
16559
16562
16562
16565
16568
16570
16571
16572
16572
16574
16578
16579
16582
16584
16585
16589
16590
16591
16594
16594
16598
16606
16606
16608
16612
16614
16615
16632
16634
16635
16636
16642
16644
16645
16649
16650
16653
16662
16673
16675
16677
16678
16679
16680
16682
16684
16686
16692
16693
16693
16695
16705
16718
16724
16725
16728
16730
16732
16735
16735
16739
16741
16741
16742
16743
16746
16746
16748
16749
16760
16764
16770
16770
16770
16773
16778
16782
16786
16786
16813
16818
16819
16820
16822
16822
16825
16825
16832
16834
16835
16845
16859
16859
16859
16860
16864
16864
16870
16876
16883
16885
16889
16889
16893
16894
16903
16908
16909
16916
16916
16923
16924
16927
16930
16935
16940
16942
16946
16947
16952
16955
16958
16969
16976
16979
16984
16986
16995
16999
17001
17002
17004
17006
17007
17011
17011
17013
17029
17029
17048
17049
17051
17058
17071
17074
17081
17085
17087
17088
17088
17092
17097
17100
17111
17111
17120
17122
17128
17129
17131
17135
17140
17142
17146
17146
17147
17150
17155
17155
17158
17163
17164
17169
17171
17175
17175
17176
17182
17195
17198
17198
17204
17216
17219
17220
17221
17221
17224
17225
17230
17235
17236
17239
17240
17243
17246
17250
17250
17252
17254
17256
17258
17266
17267
17268
17270
17271
17271
17274
17274
17275
17284
17288
17289
17289
17302
17303
17304
17307
17307
17308
17313
17317
17319
17321
17322
17328
17330
17334
17338
17339
17339
17344
17346
17356
17359
17361
17365
17366
17367
17368
17370
17370
17370
17375
17376
17379
17380
17381
17383
17390
17396
17399
17399
17400
17401
17402
17404
17408
17411
17417
17418
17418
17419
17421
17427
17429
17443
17443
17450
17451
17453
17456
17459
17461
17467
17469
17474
17474
17476
17479
17479
17481
17481
17482
17483
17486
17486
17494
17498
17499
17511
17517
17524
17524
17527
17529
17533
17538
17539
17541
17541
17547
17551
17554
17558
17561
17561
17562
17567
17573
17574
17579
17587
17588
17590
17592
17592
17592
17595
17599
17600
17604
17605
17610
17614
17616
17623
17625
17638
17642
17643
17645
17645
17652
17660
17661
17661
17664
17679
17682
17684
17686
17689
17690
17691
17693
17697
17701
17706
17716
17716
17724
17726
17728
17731
17731
17734
17734
17740
17745
17747
17749
17754
17767
17768
17770
17782
17786
17787
17795
17798
17802
17803
17804
17804
17805
17807
17808
17813
17820
17826
17830
17836
17837
17844
17853
17857
17858
17862
17863
17864
17876
17877
17879
17884
17888
17891
17894
17896
17897
17898
17898
17910
17914
17914
17920
17922
17922
17922
17923
17930
17933
17935
17935
17936
17937
17937
17943
17945
17946
17948
17951
17954
17959
17970
17974
17980
17981
17982
17984
17985
17987
17987
17988
17989
17994
17994
17995
17996
17999
18002
18003
18008
18010
18014
18014
18017
18018
18019
18025
18025
18030
18032
18042
18052
18061
18062
18066
18070
18072
18074
18075
18078
18080
18090
18102
18106
18107
18111
18112
18113
18116
18119
18121
18129
18129
18130
18130
18131
18132
18137
18141
18145
18150
18152
18153
18157
18159
18160
18162
18164
18166
18172
18173
18173
18174
18177
18177
18180
18181
18183
18185
18189
18189
18196
18197
18197
18198
18220
18221
18223
18224
18226
18230
18232
18232
18233
18235
18235
18242
18247
18250
18256
18258
18268
18271
18281
18289
18294
18301
18303
18312
18314
18314
18318
18323
18327
18333
18333
18335
18338
18342
18343
18346
18346
18352
18353
18357
18361
18362
18369
18369
18370
18385
18387
18389
18389
18390
18392
18392
18397
18397
18399
18399
18400
18400
18401
18401
18403
18409
18417
18422
18428
18428
18449
18452
18459
18464
18467
18471
18476
18478
18486
18489
18500
18500
18500
18503
18506
18506
18507
18516
18524
18531
18532
18532
18534
18534
18535
18536
18538
18551
18556
18558
18563
18572
18574
18578
18579
18581
18583
18584
18586
18591
18592
18598
18601
18606
18606
18607
18612
18614
18616
18618
18618
18619
18624
18625
18626
18627
18628
18628
18629
18631
18631
18634
18640
18645
18651
18657
18665
18669
18672
18673
18681
18681
18687
18693
18694
18699
18699
18710
18710
18711
18712
18713
18715
18718
18718
18720
18723
18734
18736
18743
18749
18749
18750
18750
18753
18753
18757
18758
18759
18759
18761
18767
18769
18774
18781
18781
18789
18792
18792
18793
18805
18805
18808
18809
18820
18827
18829
18829
18834
18838
18842
18843
18846
18847
18847
18848
18853
18854
18863
18863
18864
18865
18865
18866
18868
18873
18882
18883
18885
18887
18894
18901
18905
18910
18914
18915
18916
18916
18918
18926
18927
18930
18932
18940
18942
18943
18952
18954
18957
18961
18962
18965
18967
18967
18973
18976
18978
18979
18983
18983
18985
18987
18996
18999
19002
19018
19027
19033
19041
19042
19044
19044
19044
19047
19051
19052
19053
19056
19070
19073
19073
19077
19078
19080
19081
19091
19095
19095
19100
19107
19111
19115
19119
19121
19127
19132
19133
19133
19136
19139
19146
19148
19150
19151
19153
19157
19158
19168
19168
19171
19174
19186
19187
19188
19190
19191
19195
19200
19205
19207
19215
19216
19218
19222
19223
19229
19233
19237
19239
19239
19240
19244
19254
19254
19257
19258
19259
19259
19260
19261
19262
19262
19266
19269
19269
19270
19270
19273
19274
19275
19275
19277
19278
19278
19279
19280
19280
19281
19283
19283
19285
19293
19298
19302
19305
19314
19314
19317
19326
19328
19332
19332
19334
19335
19339
19340
19343
19348
19352
19361
19367
19367
19367
19374
19379
19393
19405
19413
19415
19420
19420
19422
19423
19430
19437
19447
19452
19457
19462
19468
19469
19473
19484
19484
19492
19494
19495
19498
19513
19517
19526
19530
19530
19534
19538
19541
19545
19549
19550
19551
19557
19558
19558
19559
19562
19563
19564
19568
19570
19573
19580
19585
19586
19588
19589
19598
19601
19610
19616
19616
19619
19621
19621
19630
19631
19633
19640
19644
19646
19647
19651
19652
19655
19663
19664
19665
19666
19675
19682
19684
19685
19686
19686
19686
19696
19696
19700
19701
19704
19712
19715
19715
19721
19723
19728
19731
19733
19735
19736
19739
19741
19741
19743
19743
19747
19749
19750
19760
19762
19764
19768
19771
19771
19772
19774
19775
19780
19786
19787
19787
19789
19794
19795
19800
19800
19805
19807
19812
19814
19815
19824
19824
19826
19830
19830
19831
19831
19834
19835
19839
19840
19842
19845
19847
19847
19848
19851
19852
19854
19854
19859
19864
19877
19877
19882
19886
19889
19891
19893
19899
19909
19913
19916
19920
19923
19924
19928
19930
19934
19935
19936
19936
19951
19953
19955
19968
19988
19991
19996
20000
20000
20005
20007
20009
20013
20020
20022
20022
20024
20029
20035
20036
20038
20039
20039
20046
20050
20056
20057
20059
20059
20060
20068
20068
20073
20076
20078
20081
20092
20093
20096
20096
20103
20104
20106
20110
20110
20121
20127
20135
20137
20137
20143
20154
20155
20158
20166
20171
20171
20173
20178
20182
20183
20185
20201
20204
20207
20208
20212
20213
20213
20216
20221
20222
20222
20223
20227
20238
20243
20243
20250
20251
20255
20255
20262
20263
20265
20265
20265
20266
20266
20268
20271
20274
20280
20281
20284
20291
20295
20297
20298
20298
20302
20303
20306
20309
20321
20321
20333
20334
20337
20340
20343
20343
20344
20346
20349
20356
20356
20358
20364
20374
20374
20380
20383
20385
20387
20392
20395
20399
20402
20413
20416
20418
20420
20422
20422
20425
20444
20449
20452
20465
20471
20475
20482
20486
20491
20511
20512
20512
20514
20517
20518
20519
20520
20520
20524
20526
20528
20533
20538
20539
20545
20559
20560
20562
20566
20566
20568
20570
20571
20581
20581
20583
20585
20587
20590
20593
20596
20597
20598
20600
20601
20609
20618
20623
20626
20634
20653
20655
20663
20669
20671
20673
20674
20674
20680
20682
20687
20688
20697
20704
20707
20708
20710
20711
20714
20717
20718
20725
20725
20726
20728
20731
20732
20735
20737
20750
20752
20754
20758
20761
20768
20770
20770
20771
20773
20774
20775
20777
20777
20777
20778
20779
20779
20784
20786
20787
20788
20791
20793
20797
20798
20799
20806
20807
20814
20817
20817
20821
20824
20824
20828
20832
20836
20840
20846
20846
20847
20859
20862
20865
20865
20865
20866
20870
20881
20884
20887
20891
20891
20894
20905
20908
20912
20918
20919
20922
20925
20934
20942
20944
20945
20954
20961
20961
20961
20962
20962
20968
20972
20979
20980
20985
20988
20994
20995
20996
21001
21001
21001
21003
21003
21005
21017
21024
21032
21032
21032
21034
21042
21043
21051
21053
21054
21056
21057
21058
21060
21063
21066
21067
21068
21068
21069
21072
21072
21073
21074
21076
21078
21080
21080
21082
21083
21089
21089
21091
21096
21097
21100
21105
21106
21108
21121
21123
21124
21126
21126
21132
21139
21140
21141
21141
21142
21144
21148
21151
21157
21162
21163
21166
21168
21173
21174
21174
21178
21187
21191
21193
21197
21198
21207
21209
21212
21213
21215
21215
21217
21230
21231
21233
21239
21243
21248
21248
21250
21258
21260
21261
21262
21267
21275
21277
21285
21289
21291
21292
21297
21297
21299
21299
21300
21305
21306
21306
21306
21308
21315
21317
21318
21323
21325
21327
21329
21329
21333
21333
21334
21335
21338
21343
21344
21346
21348
21349
21350
21352
21352
21356
21366
21366
21372
21375
21384
21385
21385
21387
21388
21391
21392
21397
21399
21401
21414
21415
21415
21420
21432
21433
21439
21443
21443
21443
21444
21446
21453
21457
21457
21460
21461
21461
21462
21464
21466
21467
21481
21485
21489
21490
21496
21505
21505
21508
21508
21519
21522
21526
21527
21528
21529
21529
21533
21537
21540
21544
21544
21548
21552
21555
21560
21561
21563
21564
21565
21568
21569
21570
21583
21584
21586
21587
21588
21588
21592
21599
21600
21600
21602
21605
21607
21607
21610
21611
21612
21613
21615
21618
21619
21619
21621
21630
21639
21643
21649
21653
21664
21673
21677
21682
21687
21691
21698
21701
21706
21707
21707
21716
21719
21736
21736
21750
21760
21762
21763
21763
21764
21769
21771
21784
21784
21785
21790
21790
21793
21796
21801
21804
21808
21808
21811
21815
21818
21824
21831
21844
21845
21849
21850
21871
21872
21879
21879
21881
21887
21888
21891
21892
21895
21895
21898
21901
21905
21907
21910
21914
21921
21924
21934
21936
21940
21945
21950
21951
21957
21962
21962
21964
21967
21973
21975
21975
21980
21981
21983
21985
21985
21986
21991
21994
22000
22005
22013
22014
22014
22017
22017
22025
22025
22025
22025
22027
22027
22028
22029
22030
22031
22031
22031
22032
22037
22039
22040
22042
22048
22048
22054
22054
22054
22057
22065
22066
22066
22068
22068
22070
22072
22081
22083
22087
22090
22097
22100
22104
22110
22112
22114
22116
22116
22116
22118
22119
22120
22123
22131
22133
22134
22134
22140
22141
22144
22147
22149
22150
22154
22154
22156
22157
22165
22166
22167
22168
22170
22171
22173
22177
22178
22180
22184
22192
22192
22194
22196
22206
22208
22209
22210
22211
22214
22216
22232
22237
22239
22241
22244
22245
22247
22251
22253
22263
22268
22272
22273
22283
22286
22288
22301
22306
22320
22322
22323
22324
22326
22331
22333
22337
22347
22352
22353
22358
22362
22368
22369
22369
22371
22373
22377
22379
22383
22387
22392
22397
22398
22402
22410
22415
22418
22419
22421
22423
22425
22429
22434
22438
22443
22443
22444
22446
22447
22448
22455
22460
22468
22469
22469
22470
22472
22474
22477
22484
22500
22503
22504
22510
22518
22518
22519
22523
22525
22528
22529
22537
22545
22547
22548
22548
22550
22550
22551
22560
22563
22569
22576
22577
22583
22586
22586
22587
22591
22600
22603
22605
22609
22609
22613
22617
22627
22630
22631
22632
22635
22635
22637
22653
22654
22655
22658
22665
22670
22671
22675
22677
22677
22678
22678
22679
22681
22684
22690
22692
22692
22697
22700
22701
22707
22707
22717
22731
22731
22735
22735
22737
22743
22744
22744
22745
22747
22750
22753
22757
22758
22760
22775
22775
22777
22778
22789
22798
22805
22806
22807
22807
22808
22815
22820
22825
22826
22826
22827
22828
22831
22832
22832
22834
22834
22841
22846
22853
22857
22861
22871
22886
22889
22889
22890
22893
22897
22899
22902
22902
22904
22906
22908
22909
22909
22912
22920
22920
22924
22925
22930
22931
22934
22936
22938
22940
22942
22943
22944
22948
22948
22949
22953
22955
22957
22959
22961
22963
22966
22974
22977
22980
22986
22986
22991
22994
22997
23002
23005
23006
23010
23011
23011
23011
23012
23014
23014
23017
23017
23025
23038
23040
23045
23045
23047
23059
23060
23061
23063
23063
23064
23068
23072
23075
23076
23077
23082
23082
23085
23085
23092
23093
23095
23099
23100
23103
23105
23106
23106
23111
23117
23122
23122
23130
23133
23133
23135
23140
23142
23143
23153
23165
23165
23166
23168
23170
23174
23176
23179
23184
23194
23197
23204
23204
23204
23209
23213
23215
23219
23241
23241
23244
23245
23245
23245
23248
23253
23256
23256
23261
23263
23263
23268
23269
23270
23276
23279
23282
23298
23300
23302
23302
23307
23310
23311
23313
23321
23327
23327
23330
23330
23338
23343
23344
23356
23356
23364
23364
23365
23365
23374
23376
23385
23390
23391
23392
23394
23399
23399
23400
23404
23405
23410
23411
23417
23418
23421
23422
23432
23440
23443
23444
23449
23452
23454
23455
23457
23459
23460
23461
23463
23466
23467
23469
23469
23472
23474
23477
23479
23483
23492
23498
23505
23505
23505
23506
23511
23515
23527
23528
23530
23535
23544
23544
23548
23549
23551
23555
23555
23555
23556
23560
23562
23563
23567
23567
23571
23571
23577
23577
23579
23584
23599
23607
23609
23618
23625
23626
23628
23633
23640
23640
23642
23647
23648
23655
23656
23659
23659
23665
23676
23676
23677
23678
23685
23690
23693
23693
23696
23699
23700
23702
23706
23708
23709
23709
23712
23713
23713
23715
23722
23730
23732
23741
23741
23741
23742
23754
23756
23757
23757
23763
23765
23770
23773
23773
23779
23780
23781
23788
23795
23796
23800
23807
23808
23808
23809
23810
23815
23838
23839
23842
23844
23844
23846
23852
23857
23863
23868
23875
23878
23878
23881
23884
23887
23888
23888
23889
23895
23895
23897
23907
23911
23916
23921
23921
23921
23925
23925
23926
23929
23931
23943
23943
23944
23950
23951
23951
23953
23953
23954
23959
23962
23966
23972
23972
23981
23984
23986
23987
23992
23994
23996
23997
23997
23999
24000
24001
24001
24008
24010
24017
24019
24020
24020
24023
24026
24027
24035
24038
24039
24046
24052
24055
24057
24058
24059
24061
24061
24063
24064
24078
24079
24096
24098
24100
24101
24103
24110
24114
24127
24134
24136
24143
24144
24146
24148
24152
24154
24155
24156
24157
24162
24164
24166
24177
24178
24180
24185
24190
24192
24195
24203
24205
24209
24212
24213
24214
24222
24224
24226
24242
24248
24249
24250
24254
24256
24260
24267
24268
24270
24277
24277
24280
24280
24287
24302
24302
24304
24304
24305
24310
24310
24318
24321
24321
24324
24326
24333
24336
24340
24354
24356
24357
24360
24362
24369
24370
24372
24372
24377
24378
24379
24380
24380
24384
24384
24385
24385
24388
24390
24393
24403
24405
24409
24410
24413
24424
24430
24433
24434
24434
24435
24439
24442
24443
24443
24445
24447
24448
24455
24457
24457
24459
24469
24470
24470
24471
24472
24475
24479
24482
24483
24488
24495
24497
24499
24500
24505
24507
24507
24513
24513
24516
24527
24528
24531
24532
24532
24534
24538
24540
24540
24541
24542
24542
24545
24546
24551
24560
24566
24570
24572
24573
24574
24575
24580
24582
24586
24586
24587
24591
24606
24611
24630
24630
24631
24635
24639
24644
24645
24649
24651
24654
24654
24666
24667
24668
24670
24672
24682
24690
24694
24701
24704
24705
24711
24713
24722
24729
24733
24737
24740
24746
24747
24751
24755
24755
24760
24766
24766
24771
24776
24776
24777
24779
24782
24783
24785
24790
24795
24800
24800
24806
24813
24814
24815
24818
24825
24825
24826
24828
24831
24833
24838
24839
24843
24853
24855
24868
24869
24878
24882
24890
24894
24900
24902
24908
24911
24911
24923
24925
24926
24934
24944
24948
24949
24952
24963
24969
24970
24973
24978
24980
24985
24993
24995
24998
25003
25004
25006
25008
25017
25018
25018
25029
25030
25033
25040
25044
25048
25050
25059
25060
25064
25065
25069
25070
25075
25076
25076
25079
25081
25092
25095
25098
25103
25105
25106
25111
25113
25113
25117
25119
25122
25124
25124
25130
25130
25133
25134
25140
25141
25144
25148
25150
25151
25157
25157
25159
25160
25167
25170
25180
25189
25194
25194
25197
25198
25201
25204
25205
25207
25208
25210
25212
25213
25220
25228
25229
25229
25232
25233
25240
25241
25244
25245
25248
25250
25251
25255
25257
25260
25260
25261
25263
25263
25267
25276
25279
25280
25282
25285
25287
25291
25298
25299
25300
25305
25309
25310
25312
25316
25321
25322
25323
25323
25327
25328
25331
25336
25336
25340
25340
25346
25349
25351
25351
25354
25359
25360
25360
25367
25380
25381
25389
25390
25393
25397
25399
25401
25401
25402
25409
25414
25421
25423
25424
25431
25441
25442
25444
25444
25445
25445
25446
25448
25454
25456
25456
25457
25460
25467
25467
25472
25479
25482
25489
25494
25495
25495
25502
25506
25513
25514
25517
25524
25524
25525
25528
25528
25528
25529
25533
25537
25543
25543
25544
25557
25566
25572
25573
25574
25575
25576
25581
25582
25588
25592
25594
25602
25603
25607
25607
25610
25610
25611
25614
25617
25622
25622
25624
25627
25633
25636
25641
25646
25646
25647
25655
25655
25656
25660
25677
25679
25683
25686
25692
25696
25701
25715
25722
25725
25734
25736
25743
25746
25751
25751
25753
25753
25755
25760
25767
25772
25773
25775
25778
25778
25780
25785
25794
25795
25799
25803
25805
25807
25808
25810
25813
25815
25819
25821
25821
25824
25828
25828
25834
25835
25835
25837
25846
25846
25847
25847
25856
25864
25869
25871
25874
25878
25882
25891
25892
25896
25897
25898
25899
25900
25905
25913
25913
25914
25915
25917
25923
25931
25941
25945
25947
25954
25961
25963
25969
25973
25995
26000
26006
26006
26007
26010
26010
26011
26012
26013
26015
26018
26020
26028
26029
26029
26033
26039
26040
26041
26059
26063
26068
26075
26075
26080
26082
26088
26089
26091
26095
26099
26101
26102
26104
26106
26109
26111
26115
26127
26131
26131
26137
26138
26139
26146
26149
26150
26151
26151
26158
26160
26161
26161
26164
26164
26166
26167
26167
26168
26174
26174
26174
26174
26177
26177
26180
26182
26184
26189
26191
26196
26196
26208
26220
26223
26223
26227
26232
26233
26238
26240
26247
26249
26251
26253
26264
26265
26271
26275
26276
26278
26280
26288
26289
26295
26295
26298
26303
26306
26306
26310
26312
26312
26313
26318
26320
26322
26325
26326
26326
26326
26331
26334
26340
26340
26341
26344
26346
26355
26357
26364
26365
26368
26375
26377
26378
26379
26384
26388
26401
26405
26407
26410
26411
26413
26421
26421
26422
26422
26422
26423
26425
26426
26426
26428
26428
26433
26436
26438
26443
26448
26449
26467
26468
26469
26469
26472
26479
26480
26480
26483
26485
26486
26487
26488
26492
26492
26499
26499
26500
26502
26502
26503
26506
26511
26526
26527
26530
26530
26531
26551
26552
26552
26563
26565
26569
26569
26571
26575
26578
26579
26581
26583
26592
26596
26596
26598
26601
26606
26606
26616
26618
26628
26628
26629
26635
26636
26637
26640
26642
26642
26643
26644
26648
26655
26657
26663
26667
26668
26669
26670
26671
26673
26677
26678
26688
26694
26700
26701
26701
26703
26705
26705
26716
26720
26722
26728
26731
26736
26742
26742
26743
26744
26748
26748
26749
26753
26755
26767
26767
26778
26778
26785
26789
26799
26800
26803
26805
26805
26807
26811
26816
26816
26822
26826
26827
26830
26830
26832
26834
26838
26839
26842
26847
26847
26855
26861
26864
26864
26866
26866
26867
26873
26873
26879
26882
26886
26888
26889
26894
26898
26901
26911
26915
26917
26919
26920
26922
26927
26931
26933
26934
26937
26937
26941
26943
26943
26948
26949
26953
26956
26959
26961
26961
26961
26962
26962
26963
26964
26964
26967
26970
26971
26973
26974
26977
26993
27006
27009
27012
27035
27036
27038
27039
27041
27044
27047
27048
27049
27055
27056
27062
27067
27071
27073
27076
27076
27080
27084
27086
27100
27102
27103
27106
27107
27108
27109
27114
27119
27122
27122
27132
27136
27137
27137
27137
27139
27143
27149
27149
27149
27154
27154
27155
27155
27157
27160
27166
27168
27172
27177
27180
27182
27182
27186
27189
27193
27194
27196
27202
27203
27207
27208
27211
27212
27212
27216
27221
27224
27225
27226
27226
27233
27234
27242
27252
27257
27259
27260
27263
27268
27270
27270
27273
27276
27276
27280
27292
27299
27302
27304
27307
27314
27318
27326
27329
27331
27340
27343
27351
27352
27352
27353
27354
27355
27359
27361
27362
27364
27366
27367
27371
27378
27380
27387
27395
27399
27399
27401
27404
27408
27414
27417
27417
27417
27417
27419
27435
27445
27447
27448
27449
27452
27454
27456
27461
27463
27467
27467
27468
27474
27481
27485
27485
27486
27486
27488
27495
27502
27505
27508
27511
27516
27517
27518
27519
27519
27521
27522
27524
27527
27533
27536
27537
27538
27539
27543
27546
27547
27549
27558
27567
27571
27578
27578
27581
27588
27597
27600
27601
27602
27604
27607
27608
27608
27609
27609
27615
27616
27619
27621
27629
27629
27629
27631
27633
27635
27647
27649
27649
27654
27657
27657
27661
27662
27665
27667
27667
27672
27675
27679
27679
27681
27683
27687
27688
27688
27689
27691
27691
27695
27698
27701
27703
27712
27712
27712
27716
27719
27725
27729
27734
27739
27750
27751
27751
27752
27755
27759
27761
27768
27768
27769
27770
27770
27778
27779
27786
27790
27792
27795
27801
27801
27804
27824
27826
27827
27831
27834
27834
27836
27838
27839
27843
27848
27849
27850
27855
27855
27855
27864
27864
27866
27869
27872
27877
27881
27884
27887
27887
27888
27890
27892
27895
27900
27902
27903
27905
27912
27916
27916
27917
27918
27919
27919
27922
27925
27935
27942
27942
27942
27945
27957
27958
27961
27965
27965
27965
27966
27970
27971
27972
27973
27974
27976
27980
27982
27987
27988
27989
27997
28005
28008
28017
28022
28022
28023
28028
28030
28031
28035
28037
28037
28042
28044
28047
28048
28050
28057
28059
28071
28079
28080
28080
28080
28082
28087
28090
28094
28098
28108
28109
28115
28116
28126
28129
28130
28131
28139
28140
28142
28143
28144
28144
28151
28158
28159
28159
28159
28161
28162
28162
28163
28168
28178
28181
28181
28182
28183
28184
28188
28189
28198
28204
28206
28213
28217
28219
28222
28228
28231
28235
28236
28242
28244
28246
28251
28251
28257
28258
28264
28265
28266
28271
28276
28277
28278
28280
28283
28285
28297
28298
28302
28305
28309
28310
28315
28316
28316
28317
28322
28324
28327
28328
28337
28338
28342
28343
28348
28352
28365
28379
28383
28385
28394
28396
28398
28402
28405
28406
28407
28408
28409
28410
28412
28420
28420
28421
28422
28426
28437
28439
28442
28442
28444
28447
28449
28452
28457
28462
28463
28467
28469
28476
28477
28477
28482
28483
28483
28494
28495
28497
28498
28500
28511
28514
28515
28518
28523
28526
28536
28536
28544
28546
28550
28554
28557
28562
28579
28580
28587
28588
28588
28589
28590
28590
28594
28595
28595
28600
28602
28602
28609
28611
28612
28618
28619
28622
28623
28624
28628
28631
28637
28638
28640
28640
28648
28654
28657
28672
28681
28685
28686
28689
28704
28704
28705
28706
28711
28720
28720
28730
28731
28734
28736
28740
28742
28744
28745
28747
28747
28754
28756
28757
28760
28769
28769
28772
28774
28774
28780
28781
28782
28783
28789
28792
28795
28801
28808
28808
28815
28815
28816
28823
28831
28835
28836
28842
28843
28852
28856
28857
28858
28859
28865
28866
28867
28882
28883
28884
28885
28889
28890
28898
28901
28902
28911
28911
28913
28913
28920
28922
28927
28927
28936
28938
28940
28941
28943
28945
28950
28950
28962
28965
28966
28974
28978
28979
28982
28986
28987
28990
28993
28994
28995
28997
28997
28999
29000
29005
29006
29008
29018
29021
29030
29035
29040
29045
29051
29053
29057
29065
29066
29067
29068
29077
29079
29079
29083
29091
29099
29102
29105
29111
29113
29123
29126
29133
29133
29135
29139
29147
29156
29157
29170
29174
29177
29179
29186
29197
29202
29204
29207
29218
29224
29225
29226
29227
29229
29231
29236
29236
29239
29245
29253
29254
29256
29256
29259
29259
29263
29264
29278
29281
29283
29286
29288
29291
29304
29311
29312
29312
29316
29322
29325
29326
29330
29338
29345
29346
29347
29353
29355
29360
29367
29368
29376
29378
29379
29380
29382
29385
29388
29388
29389
29390
29390
29391
29392
29394
29396
29397
29409
29415
29423
29427
29427
29436
29438
29439
29442
29445
29447
29452
29455
29457
29461
29466
29467
29468
29469
29479
29481
29484
29492
29494
29506
29506
29506
29508
29510
29511
29511
29511
29513
29515
29516
29516
29523
29524
29530
29532
29533
29538
29544
29552
29553
29553
29553
29554
29556
29557
29560
29565
29565
29566
29574
29580
29583
29583
29589
29590
29592
29593
29600
29602
29602
29605
29606
29606
29613
29614
29619
29620
29621
29622
29627
29627
29645
29647
29650
29652
29653
29658
29659
29661
29664
29676
29678
29682
29685
29687
29689
29696
29696
29702
29708
29709
29709
29710
29712
29714
29716
29728
29742
29743
29747
29748
29758
29763
29767
29771
29771
29772
29779
29780
29780
29791
29793
29798
29803
29812
29814
29822
29824
29834
29836
29840
29840
29853
29857
29859
29864
29868
29870
29873
29877
29879
29881
29886
29892
29893
29894
29900
29900
29903
29907
29908
29908
29909
29913
29925
29931
29935
29939
29939
29939
29942
29945
29946
29951
29954
29954
29959
29964
29968
29969
29970
29970
29978
29978
29979
29982
29983
29983
29988
29988
29991
29994
29999
30012
30016
30034
30057
30059
30064
30064
30073
30074
30074
30084
30087
30087
30095
30100
30102
30104
30106
30109
30109
30110
30114
30127
30129
30129
30131
30138
30140
30144
30145
30155
30156
30165
30167
30171
30177
30180
30180
30181
30182
30184
30189
30207
30208
30212
30213
30213
30213
30214
30218
30224
30225
30227
30227
30231
30233
30234
30235
30249
30249
30251
30255
30255
30261
30267
30271
30272
30274
30284
30287
30288
30293
30299
30301
30304
30307
30310
30312
30313
30322
30324
30326
30326
30328
30328
30330
30331
30333
30337
30342
30348
30350
30354
30363
30363
30371
30383
30387
30390
30392
30413
30419
30419
30420
30422
30434
30436
30436
30437
30440
30443
30445
30445
30448
30450
30450
30451
30453
30455
30459
30464
30469
30469
30471
30477
30488
30494
30494
30495
30495
30505
30507
30507
30517
30523
30523
30526
30530
30531
30535
30536
30538
30540
30541
30543
30562
30568
30572
30577
30578
30581
30583
30585
30585
30587
30589
30592
30595
30596
30597
30599
30609
30612
30612
30615
30617
30618
30619
30629
30632
30634
30643
30643
30645
30647
30654
30655
30660
30665
30672
30672
30676
30681
30682
30687
30688
30691
30692
30705
30719
30720
30720
30727
30727
30735
30743
30746
30747
30752
30754
30761
30762
30769
30775
30779
30783
30783
30786
30787
30788
30789
30789
30795
30802
30809
30810
30814
30819
30821
30821
30826
30827
30831
30834
30839
30844
30851
30851
30853
30854
30858
30861
30861
30869
30873
30874
30875
30875
30875
30877
30880
30883
30883
30889
30890
30891
30893
30899
30902
30904
30906
30907
30907
30908
30908
30916
30920
30922
30923
30926
30927
30927
30929
30936
30937
30941
30941
30944
30950
30953
30954
30956
30957
30963
30966
30975
30982
30985
30986
30989
31002
31014
31015
31017
31020
31023
31024
31025
31031
31032
31033
31035
31035
31039
31039
31040
31045
31047
31047
31050
31050
31055
31057
31058
31058
31063
31064
31068
31072
31076
31086
31087
31092
31092
31094
31102
31108
31108
31111
31115
31119
31124
31146
31150
31160
31161
31164
31168
31169
31172
31177
31181
31187
31191
31194
31198
31200
31201
31210
31211
31214
31216
31217
31222
31222
31223
31227
31231
31232
31235
31242
31244
31245
31252
31260
31261
31263
31263
31264
31264
31265
31266
31268
31269
31269
31277
31277
31280
31286
31288
31298
31299
31303
31303
31305
31305
31305
31306
31306
31311
31311
31317
31319
31320
31323
31326
31335
31336
31338
31339
31339
31351
31351
31359
31366
31374
31380
31382
31385
31390
31394
31395
31395
31401
31411
31421
31425
31428
31435
31437
31440
31447
31450
31459
31461
31462
31464
31464
31464
31473
31475
31477
31477
31480
31480
31485
31485
31488
31492
31495
31495
31496
31502
31512
31516
31518
31525
31526
31533
31534
31538
31542
31544
31544
31551
31551
31552
31560
31561
31563
31566
31570
31571
31577
31582
31586
31593
31596
31599
31600
31602
31602
31609
31615
31622
31623
31626
31632
31634
31636
31639
31644
31651
31655
31660
31661
31663
31670
31671
31673
31674
31690
31693
31694
31695
31696
31702
31706
31718
31718
31720
31721
31721
31723
31727
31728
31733
31739
31739
31740
31742
31743
31744
31746
31759
31762
31768
31770
31773
31781
31787
31789
31789
31790
31790
31790
31791
31792
31792
31795
31797
31801
31805
31808
31810
31813
31814
31816
31818
31818
31820
31821
31823
31827
31832
31834
31836
31837
31837
31839
31839
31843
31844
31844
31847
31850
31850
31854
31854
31867
31870
31871
31873
31876
31877
31879
31880
31882
31890
31894
31895
31896
31901
31901
31902
31903
31907
31908
31909
31919
31925
31931
31933
31944
31946
31946
31946
31951
31955
31956
31958
31966
31970
31972
31972
31976
31977
31977
31979
31979
31980
31981
31982
31984
31990
31990
31990
31991
31996
31996
31998
31999
32012
32014
32021
32023
32024
32030
32031
32031
32034
32034
32037
32041
32053
32058
32060
32063
32067
32067
32069
32078
32086
32086
32087
32091
32091
32096
32097
32100
32103
32107
32108
32119
32121
32121
32124
32127
32131
32134
32137
32143
32150
32150
32155
32168
32168
32168
32172
32174
32176
32182
32188
32189
32194
32196
32196
32202
32202
32203
32203
32206
32207
32208
32210
32210
32211
32217
32217
32219
32220
32221
32224
32224
32226
32229
32230
32233
32234
32238
32244
32246
32255
32255
32257
32266
32268
32269
32273
32274
32276
32279
32281
32284
32289
32291
32293
32295
32300
32309
32323
32324
32327
32329
32330
32331
32343
32345
32350
32355
32357
32358
32359
32359
32360
32365
32368
32371
32374
32376
32376
32379
32382
32382
32388
32394
32394
32399
32403
32403
32403
32404
32411
32411
32413
32414
32415
32421
32424
32429
32429
32429
32429
32430
32440
32441
32444
32446
32452
32455
32459
32465
32466
32468
32470
32477
32481
32481
32482
32486
32501
32501
32502
32513
32516
32517
32523
32525
32532
32542
32542
32544
32546
32551
32559
32562
32571
32571
32571
32577
32582
32585
32587
32589
32591
32604
32608
32610
32614
32618
32624
32627
32629
32640
32645
32648
32648
32658
32661
32662
32665
32674
32683
32684
32685
32687
32689
32693
32696
32696
32697
32701
32702
32704
32705
32707
32708
32711
32714
32717
32718
32720
32721
32728
32732
32734
32741
32746
32746
32748
32752
32764
32764
