15169
5473
27183
3767
3192
3365
11373
22138
32054
4660
17110
31042
3183
27066
19796
15767
8719
21838
7514
3811
1481
20426
10125
19372
30366
15342
25647
15247
12079
24756
19024
26876
25284
20337
20915
23219
32536
4016
10113
26882
16106
11470
432
10939
22852
341
15665
13815
22922
23577
13020
12430
27714
23316
28444
27729
11429
6147
14426
2830
16105
701
4138
26177
17228
1366
6968
13978
28128
19959
7152
14131
20249
23163
27632
16525
6424
8650
8239
5968
28085
30454
17386
27327
335
535
22098
16125
7763
27366
30455
16129
21901
4380
27890
12890
26417
28296
29909
4772
12456
32499
340
31942
11036
18868
23216
31217
18114
26898
18663
23640
12010
11100
13469
11183
17096
10698
27336
23910
20224
28946
28447
21666
21491
6090
2368
26112
25804
24192
30883
23304
27465
13723
31555
12659
23626
17648
4870
4637
10522
20771
13809
15304
31105
6852
21772
23958
31366
4901
26134
7493
19972
765
23529
17704
26355
32446
14763
21993
24180
17590
11450
30720
3481
24808
22869
2290
30714
12967
17931
16458
21241
12280
4580
10328
13776
677
24913
26284
15967
23329
11732
4177
14007
5407
25710
1482
1894
2545
32461
4814
640
11425
818
19907
21362
19409
5924
29435
8070
5458
4310
14256
9013
14215
13145
20672
22576
15480
385
10537
28717
31413
21401
1092
12402
14321
7110
1986
31267
22874
1340
26983
2891
15801
23074
15496
17579
7502
23622
6981
70
2921
31872
10119
17576
30152
7400
8121
24826
15796
18871
837
15815
18138
5374
725
28300
6122
265
14406
20481
26865
9616
25196
16170
15223
31651
8329
13596
22616
31827
27018
21392
20323
32289
15111
11817
21684
32040
15352
23685
6097
14857
20280
8453
28807
23450
20924
12381
32130
32590
144
26074
4271
25698
17045
28790
1362
7629
20988
17566
23526
30437
385
24253
14264
30417
6504
8848
6722
11954
2104
25385
30792
16016
25402
24512
1204
15622
29360
16701
19762
28078
17878
25734
1163
29258
2714
32136
5827
25271
9498
24327
25329
30610
17122
29478
14049
13223
26082
12470
26731
14366
9008
6462
10384
12132
4483
3022
27738
31450
9067
30852
1906
3904
26961
16603
21630
11232
30515
20663
1857
22650
27164
15409
1136
22003
18788
28194
23381
28092
16300
13169
15654
19459
26520
12061
3618
20636
10315
777
27761
686
23972
14731
18617
4893
18490
15283
27776
6587
279
24667
2628
31022
27960
24563
13148
5535
27841
14601
20364
18984
16896
20891
29291
18682
27688
24861
10869
21073
29129
28488
9712
28185
22290
29609
18815
5213
15303
25061
5255
28788
23808
11980
28485
10986
30375
6693
16044
26159
16559
18740
23040
23042
1045
32267
15923
14747
919
30613
6914
20635
13367
18020
5583
692
366
8757
24125
6680
6449
3145
28813
4259
31653
19043
8635
16327
19105
1695
20824
9019
5351
8185
23846
6755
6434
30617
12917
21630
15519
18144
6464
21394
12748
18995
5383
12823
2673
19594
30570
5989
12720
24503
138
1759
2493
19830
10527
30173
10590
3386
29273
21595
29986
19122
22392
29795
4193
18717
15658
31802
25079
12115
31400
20301
10431
2190
22671
6617
23505
1533
8575
27485
21116
19719
8309
3009
28674
24159
10473
30531
20246
25036
1190
11558
10518
25270
25453
15641
29960
18800
10313
16232
31318
7495
12465
9188
21321
23374
29023
915
6983
28135
1267
24856
17613
4370
2118
993
21290
12149
24719
23059
29697
1071
18232
3381
13436
3421
14206
13726
20049
7016
6603
22687
18550
2325
18643
7537
26531
26698
19568
25821
10891
12193
26174
12206
19931
13486
19446
32726
5103
32529
11147
8290
19543
16442
21767
31
22284
31743
9762
2826
8050
11743
5031
11897
19213
30484
27783
29706
6147
8538
12986
24399
10070
642
9689
31286
11997
3253
23421
15417
20231
6025
341
14411
2127
11717
9481
15742
3198
27636
7634
22132
26532
15276
29654
21388
15572
30620
24900
19400
4770
17495
18740
16512
27486
10722
16444
20424
9485
14846
721
8610
23851
20278
30052
31716
21539
12457
2616
10472
3210
9877
10501
7413
8735
19367
29775
1648
5251
9989
2179
13506
441
23319
4310
521
3164
29977
19933
11134
27042
10594
27117
17577
21268
2161
14128
12614
22538
30908
13196
20981
19176
313
28212
20389
17947
12457
11018
12735
1235
11687
24507
11026
2942
15220
26265
18817
23559
16255
823
29806
12755
5047
5318
26085
376
12689
4658
2697
14395
472
11260
29759
30544
23864
12246
19356
18128
2440
2560
27663
31866
16347
101
5838
21034
1861
884
26753
26649
28781
12479
32177
11994
32215
25430
29167
29968
17646
28130
9668
5360
5076
23168
30556
32122
10218
19555
23025
4982
16670
24360
30712
9777
7671
8184
19470
29685
11362
31840
23713
31305
31546
17136
1630
3565
14489
4501
350
30356
18657
19894
3344
2655
17032
529
28388
1310
23207
15956
12221
5957
3650
21627
17428
26800
5205
4076
2796
2839
25763
16980
20345
6223
24382
16959
14735
30790
24789
14202
22732
2748
20416
20776
13956
12482
28109
16806
6769
29171
31432
7200
28183
14709
29644
28656
27385
26287
31564
15802
32637
11719
13792
8776
5792
995
10193
21286
11866
4891
24419
18685
26830
29248
30693
13232
1082
7247
16761
5176
26009
25523
6564
6208
8728
23870
16532
4992
13120
32486
14133
13017
16860
28223
29170
17717
13231
15036
27723
13853
26583
32677
26907
5655
19967
10711
27559
19653
17480
23871
13670
20670
26613
13845
21651
299
17624
25048
3955
32034
3968
19468
14438
5314
22048
23222
14000
12307
21565
30356
20485
18330
21791
23325
32470
19135
20725
27195
24926
4064
12486
32714
3435
10801
25884
208
21741
16730
15215
8826
18240
18126
7762
9435
31545
9452
11360
32100
28146
17368
20964
11553
597
24
20810
16057
28011
28398
26185
10275
7010
3192
28622
3113
22880
12168
19623
6046
20490
24388
22260
30302
6867
26237
10830
7178
2053
16592
8372
23680
19856
15743
12858
4125
16021
29709
9072
16306
19890
26267
11923
5191
26636
28165
4982
1682
29981
19388
14894
2613
1859
32097
21632
12475
2308
11814
10764
80
29474
25061
31542
31300
22370
13821
9943
3390
19484
21489
32424
28480
1155
29119
30314
7006
8626
31744
6615
28478
2171
17859
30025
