17160
26297
527
29014
27368
6828
9284
12990
16930
3766
2039
11998
30864
30511
17824
12571
11715
10982
603
31909
6029
13501
30546
23925
1357
25344
1002
19718
19448
28810
14000
9939
26348
9110
30978
10387
22901
32358
18813
14903
7451
23958
12586
14751
10417
8253
24423
17952
23583
13769
6295
18359
23786
11671
25481
11785
12168
9301
8617
8994
6502
11032
32233
11754
6069
1084
24173
102
30456
20991
17657
28084
22351
4828
18971
17349
10624
1961
7960
1240
28874
24431
17047
15546
21866
17677
21519
28095
21482
10891
12786
20862
5420
28223
20118
26960
15162
13730
26600
6792
11979
6639
3535
21103
14740
641
9057
28166
31061
18666
18120
24955
30622
723
19442
23399
29285
3478
13820
24525
8522
14236
23388
5843
932
9080
8401
19262
851
16576
30474
21679
30789
30383
1816
27039
22724
23676
14741
5404
8838
7032
1170
19520
18547
22250
11330
24438
12596
13739
25191
17260
4736
27008
28800
28119
13605
20538
22703
16874
28120
2703
6508
18580
22206
9399
32748
12412
5558
11462
13647
20925
15213
21196
29324
12641
1823
28334
1821
16543
6957
1987
7786
21461
28260
14894
28662
3395
1543
5630
17995
14221
17570
21511
2214
19439
22926
31870
13155
8253
7491
23382
27431
30882
26208
24158
5839
30997
9084
14615
11291
12954
17834
27222
6938
18494
18382
32670
1109
26576
24227
12859
9659
4703
7560
14878
10832
28792
7181
29308
18580
11804
26689
11301
23476
6787
20921
18853
25459
1939
22880
284
5846
9503
20994
24541
30098
21472
32151
27593
1078
11316
13135
32362
7960
13464
23137
13775
4097
999
17812
5930
21144
19280
15242
16170
13199
1048
14287
15385
13967
15637
12453
28085
28388
17382
28045
1744
14056
9715
14998
3239
29233
17704
1125
28674
18042
31856
10504
7183
30546
4083
2426
5887
20614
25872
10229
4190
19279
15897
24315
31027
23100
30161
32035
475
2013
30374
20900
6566
21557
27055
30114
19502
31965
22884
24124
6267
7160
17439
850
7640
18906
23126
10007
14963
11639
25749
2650
30648
10125
3390
6547
24682
1169
2561
24240
7302
24923
24857
17309
28375
11920
17996
29078
28760
32467
19360
22828
9550
2987
25053
12056
18466
7474
25799
27075
26111
16515
12056
2961
10544
30945
29247
17905
27959
22440
19931
16677
30892
9972
25334
5330
30940
4883
24321
15687
6941
32427
14995
6541
24562
28075
10210
15923
996
13042
27901
10454
6683
19650
9679
8306
13503
7139
10708
20076
14097
24983
4504
23643
11591
12353
6132
8858
17964
15060
21256
13198
19060
12028
247
20408
11744
1551
25701
3706
5654
30898
27826
18345
29502
331
9715
2518
1628
6442
11445
10588
29040
7286
8560
13353
11599
217
22477
22093
319
19179
15768
31556
22614
28256
13699
14339
4239
1264
24992
18885
8113
2057
6556
13714
10720
31031
2236
21652
26112
9551
12185
22809
27597
28255
17820
6247
18363
18517
13879
9539
28814
21618
13800
1856
31417
18284
10991
6856
9592
1638
26058
26092
7596
9872
25973
28139
4730
15262
9059
22916
30626
8426
9018
27644
4511
10600
16978
9454
10116
25165
748
4309
30353
21631
20274
5722
17304
28859
28658
19550
9746
4744
13082
9415
26880
17887
32243
30731
7555
15255
18206
15742
15162
6290
13391
31835
27231
2986
22475
16788
21409
22105
18850
9818
4543
13354
6316
13162
8425
19683
20294
11550
26582
7535
1994
5167
13988
909
19663
26443
22388
22587
16678
29018
3265
17632
19343
12432
6533
16188
16959
8755
12042
22544
21010
32553
23696
18573
7568
13641
23716
27261
20385
10590
23611
1843
7696
3579
6033
10548
30658
23297
26820
23714
23218
12785
9263
2668
3508
15090
24199
23095
14821
18082
30904
18187
8180
16541
3453
21182
25876
16078
7361
1057
13245
14712
4281
7148
11302
14338
30910
11369
24706
32391
5611
32739
22780
2074
5499
31181
23412
23001
5343
24243
29431
31417
19362
12002
29441
7179
30461
32725
29298
16080
25402
102
31312
25026
11977
5041
25666
1055
8995
11975
9416
2356
16226
25879
32059
18605
20637
20381
20872
22430
13317
15048
7596
22096
7873
18220
18159
20172
1929
26860
17632
28713
3588
29157
24083
12950
31714
4763
29853
12327
15289
32228
7756
15968
24993
6998
1191
5250
8590
29809
18601
2711
20336
18573
26172
15679
17676
29570
21367
8761
18840
4889
22423
22961
22297
5941
21951
18508
22909
10433
1903
17907
17272
4953
25286
28003
5406
7608
10359
22641
12357
31972
21901
21790
5784
19995
29918
24415
28027
17275
3153
27561
25507
28533
8655
20030
21616
23280
5130
19258
17681
21052
17136
7004
5974
5309
17390
29077
3668
21332
7653
19795
187
10636
18669
9610
21750
32137
28108
14471
8967
29361
8500
3188
6177
23319
5824
27818
30722
21420
1965
28601
22551
30500
18776
21049
28749
21417
20348
12879
7608
3906
5672
30718
29415
26370
12161
30259
29186
29936
28988
4239
19624
26810
32218
29170
17802
7960
9634
8139
4039
17409
23392
30242
18438
27537
14559
22626
25429
19893
20263
8936
12229
4252
15991
10572
17089
19933
20993
19826
28978
15976
7016
31567
11605
14639
18938
5499
26199
28816
14765
7803
17845
6793
30171
10956
26198
28570
11197
26543
24933
11385
18601
17080
19696
632
16395
32276
2114
8887
13605
15773
29184
20489
1158
22687
25606
9127
26956
31848
4351
28823
14873
27537
8135
29146
31190
26127
8320
12120
14378
1529
14198
17804
32185
7447
6579
31727
16413
24366
14178
22054
6565
25870
12260
3050
16592
21592
27572
5051
31623
14352
30715
11332
2590
21990
32754
4237
17929
3140
32763
17123
28766
1302
3711
6791
27662
18781
22150
25
24547
371
8215
1218
31801
28188
597
16420
24700
26192
6998
8451
23653
26058
27074
7344
2291
30800
9264
26937
29996
3521
10816
11858
25233
736
27512
22786
19810
27363
24543
32269
15510
26041
28252
30501
5528
3871
23756
9935
28611
21089
9700
3862
9116
12017
20685
9971
4562
14761
9849
6775
24054
26336
24774
25022
6394
26926
12122
23188
5995
12543
11833
20708
28526
22746
10790
8676
23164
2671
20160
26114
30429
10338
6744
19853
9446
18650
13203
7204
31730
19656
31940
28383
4897
8184
262
14655
6611
28120
5916
9430
31715
22283
22026
16310
