31234
10472
11439
16580
2548
17917
17129
25008
13317
29206
18675
10352
15776
21250
6787
26064
9924
21094
5586
21190
7823
25944
8458
18287
13454
12733
6765
26062
21190
11619
8005
13379
19585
4829
21903
25549
3546
18466
9318
15871
14344
4836
1840
30403
13930
14002
26508
24018
6230
22733
10743
11247
15265
17866
22849
26598
5102
29931
7346
8008
6840
25918
25851
28387
13341
12403
31710
5892
5232
28542
25245
5996
29308
19697
11044
3859
4761
24855
14325
23455
30321
13264
3799
13474
15759
47
10814
16022
685
5588
30073
20890
16826
29707
24478
28650
4781
31393
12597
10272
17676
19594
4263
24365
10299
16436
24933
15894
3205
31145
27095
16238
18668
2663
27659
6295
20913
13055
7450
31415
11170
8816
10074
26492
18470
20289
9029
5520
5641
18016
13100
8411
21256
3005
11675
636
27164
26790
651
3205
27271
17377
18250
25976
25503
24459
5419
16261
12637
6323
9965
18305
1445
1205
24812
1958
14931
2136
12298
14861
14345
17575
27483
18156
32187
30096
9363
27279
5367
7742
4911
16152
32501
7990
1638
9718
26211
4659
2510
19750
8685
1986
10447
19500
21390
670
31944
5328
12441
19657
29187
13209
16006
622
28505
7179
4221
28282
19620
31904
20900
5364
17385
22151
10281
1824
18754
21790
15630
23896
30093
8497
29879
29349
28631
11248
9269
15904
390
11698
20304
26123
16712
21612
15190
26798
191
24047
25254
30451
26857
6629
5372
23745
29009
3977
20602
4889
7671
17193
8058
22513
12288
22365
1813
26579
13598
1541
21107
13621
8637
11524
18129
14743
25075
27326
3155
15455
3364
1618
22415
11124
10360
8087
8149
24988
9214
25304
28224
30358
32413
15440
4478
29943
15551
18276
16990
4549
7611
30114
1310
16853
15366
10622
21362
18660
1050
16582
23380
7800
11810
19178
24207
17524
9834
26350
32521
27518
4233
1323
979
273
20811
2249
25330
865
19297
1276
7147
14066
15048
4609
12048
6647
23289
30167
15757
12651
17365
7358
7729
3057
10575
7537
29438
5740
27095
17698
2927
7774
6026
26426
8075
7681
26651
27853
12206
11815
14207
24543
5394
14802
2395
28249
3872
20371
13614
8393
22905
11427
10558
16605
5827
24003
28739
11165
7220
4563
26070
2923
27103
31284
17816
13756
23489
21727
290
10388
24459
31810
2224
25539
15149
6366
29324
6625
12327
20642
11580
29962
1934
4101
10347
27482
21216
18661
8344
24359
28041
17186
31104
1793
2865
23289
21324
22891
24268
18722
18043
30806
9823
20650
29325
22625
10131
28302
19317
8147
26875
26395
20924
31060
13349
19720
8565
22126
11362
24143
996
24008
1621
21200
28653
284
11326
30885
9534
30461
23300
14915
20028
5195
1028
27221
21678
16753
32668
29016
21804
1893
23670
14583
23877
28765
22420
28964
24691
14418
18720
2810
4032
2358
4593
1366
52
16116
21981
26415
19461
28459
3777
953
6782
12459
17489
25662
15019
24235
29856
29623
15562
21456
31086
18477
13937
22751
30261
9682
7550
17212
6898
6110
26051
32554
18356
15147
19822
449
23782
5775
1082
24238
17500
7421
6488
32173
32542
13658
23579
11208
17400
25632
7014
1101
31421
29365
28630
28048
8287
12425
31918
9573
24496
10738
21382
6492
27382
28871
26291
1722
25137
21182
13941
7740
21035
6534
9443
10123
6212
12451
7319
24702
14074
19725
30233
5138
26427
29320
18444
9513
29290
29378
3611
2309
8499
16942
21153
28036
19215
16035
18203
1817
21142
17331
30542
17038
6792
10444
823
22140
16281
1297
2999
28805
8960
21750
15867
31320
4542
23966
10669
12898
5295
27124
19932
5205
13650
15755
2220
19802
17240
22838
21949
14357
26350
28007
1884
7260
3018
5704
26220
11959
28919
15771
25874
2967
26977
15954
20515
10839
6432
9709
11087
1011
15236
12184
9226
27019
15845
21760
18238
18070
15143
4345
26034
19173
9231
12241
21304
14430
8265
18801
27801
20598
29749
16697
4161
7531
30581
26521
30123
4935
26679
6512
3978
17557
10051
31013
25788
9952
10436
7558
3056
8943
9686
21091
13841
27843
23251
18153
29561
24397
24157
17856
8151
22511
23851
21220
8412
19897
18069
19268
25512
8288
13789
25116
17656
23293
9283
6163
20492
26252
12231
2068
89
26655
700
9708
29171
18149
10257
19112
11449
5598
22623
10924
30270
23900
2994
4500
22138
57
23575
32715
15157
14554
1258
1516
26159
27110
2780
31195
4624
16070
22726
24994
31250
22493
23857
12301
12400
32388
29857
12038
28558
7372
11430
13230
20965
29939
11168
30783
7348
21666
18773
14244
2408
16364
9268
26325
14792
20487
16230
10228
17120
16840
30106
21289
31411
28640
19597
12606
29856
13529
30044
17401
22672
28878
1417
14397
229
12013
13519
24031
2850
9902
11174
16713
18266
5328
11924
17105
12890
10264
12858
18391
26262
32201
9242
24993
12244
27106
29737
1526
11674
1818
11032
13692
12376
19100
6498
11218
15702
6018
27414
30060
25948
3603
11362
1842
23075
4797
2787
13272
28286
18641
24494
6907
27976
32001
19998
28161
29452
15257
860
9901
13943
3712
25263
2948
27518
7918
10889
7651
11599
14058
24141
19933
6905
24203
225
4054
4826
4331
27640
12257
14540
17641
20508
32473
13071
17831
10622
13633
18932
5823
13694
10204
22095
24643
13560
10764
10906
7803
1876
14827
25321
4446
27212
21035
18322
10188
27260
32174
11928
25233
20651
2276
2012
27418
6107
27880
2
23029
14354
20570
26148
26890
20967
14842
16441
3483
1739
20745
14915
13821
2589
18272
23612
10004
14060
18765
12990
13711
13961
3888
22133
22249
980
27866
32325
17947
22340
31393
2106
14369
18355
13379
9523
23603
11247
10624
4942
9152
2305
7285
4882
3626
6459
10682
863
29765
14339
22075
20502
3981
15970
7895
8072
14633
7244
26042
27296
7331
15021
22907
27599
23141
29240
12788
4282
22003
8942
24293
23206
11242
14448
1096
22943
3004
9990
24690
11884
28968
11627
30702
16178
31100
26462
8985
2794
20618
31977
22909
18308
29036
31344
22254
14040
14071
7545
30310
24145
30720
8765
24225
3416
11089
24050
23672
24194
20329
12758
1791
8056
4599
8955
2397
19370
29461
8918
11886
1459
24645
21637
2586
15242
812
23267
23667
24942
16400
31566
2705
28560
8211
8499
18733
3709
9005
3678
21760
7762
13803
17411
21721
1182
18153
28811
16769
27925
14352
28192
28495
26874
10128
7671
5513
6474
19612
11360
28545
20393
25576
2447
21356
21006
26596
9000
23297
11565
4277
10892
31190
16808
22520
29670
7545
30708
31798
14836
13137
18188
16421
21142
12339
31193
24996
8216
30147
24412
1140
19263
12689
20897
3256
4629
4591
16228
9515
14196
27796
9344
27939
24404
13042
7451
2633
25558
20567
32659
6677
28428
19909
10535
16140
25998
22418
26981
17849
28094
192
14423
7533
8150
24602
9069
8374
10934
25363
7465
27040
31088
29278
7053
11694
9615
17484
12612
23958
16939
30954
3474
1216
19373
23510
3837
9341
18530
26597
21689
1799
26050
26743
31444
17981
7806
21653
27942
539
13644
16335
31990
763
4210
31959
9581
17293
16916
19933
10939
7831
18749
16042
11
7277
22446
1148
8231
7216
10346
32676
17643
21702
13053
15072
10603
27037
18320
1145
17124
3871
24494
32028
7267
31475
12244
14457
16695
7162
17850
19357
25112
22020
16228
25872
8468
15702
26343
19118
12349
3548
16124
22853
12052
23086
19526
25076
29364
11845
10083
318
9406
8698
9140
19441
25864
5954
5869
28089
23044
8235
3420
5507
23538
18581
30457
19347
9925
16305
6449
3428
16086
7483
20850
19267
29771
15991
29813
9130
12614
30445
22095
30813
32461
4324
18231
14662
27772
22943
4373
273
18156
13657
16847
24455
18658
30466
20050
28075
13112
30648
23138
1943
30603
10756
12578
18452
25002
9433
14947
8698
27577
25165
30893
13133
10537
11796
23566
11796
29784
32705
30116
29433
19207
15549
22508
14754
1407
7683
12233
25298
21635
13729
25172
20542
12788
20462
15206
24112
12359
11404
30950
23261
21671
19228
16083
6023
26601
18372
16400
28499
27188
866
10227
24552
5484
5005
4236
4043
6755
13904
4533
24189
1214
17829
13534
23121
29097
26291
22933
14351
1338
28871
22232
10315
19110
18452
25883
9858
27430
10283
7447
7673
26535
6712
5977
86
16692
4866
30854
10747
15396
29856
30318
12326
10755
28668
8664
29898
26177
521
264
7210
29085
2244
18192
16443
22607
11244
13276
32183
20216
5504
26875
14081
12874
13821
16173
10428
21879
4180
26802
11305
19290
18861
27725
17220
5736
30942
17690
19102
27477
29098
13077
27897
29318
1978
2150
13477
13369
1371
32622
22173
7030
20989
26002
4960
15285
1127
9930
18833
17740
23739
1512
5710
21663
25134
3497
8016
2054
8323
1661
25287
2172
16716
32022
10483
28941
31968
9650
29570
16638
7963
10281
1709
17593
7128
8374
26641
8575
28463
24965
28493
28620
17775
16640
17505
4233
9946
217
26561
10484
8995
6615
8252
29007
14504
30818
27280
16972
29551
30157
18121
3379
32738
6757
32606
10969
11595
29757
17929
11585
7182
3767
17002
8207
5032
22227
28250
25521
15467
30775
23568
3915
14582
32514
16886
1382
23414
19025
26697
10073
29344
7053
21619
21363
27242
20091
20008
6637
15500
1537
6722
21651
27834
22969
1885
3372
3230
20535
10290
24238
919
12827
22452
15651
5684
469
25324
20569
26991
9275
29845
19788
32169
1484
7799
31316
23913
18626
7300
18959
31700
18393
11700
14604
32492
31202
7840
23100
29065
518
25056
15897
6423
30939
21030
8339
27413
14888
31255
2495
24137
17272
32237
19775
5059
28513
717
5231
5017
6546
12265
24405
6492
30622
9558
10309
11356
12938
1194
5719
32672
3351
26461
27274
21924
8913
24285
5045
25552
3028
23150
5425
29117
29025
3784
11336
12327
24356
15214
24668
944
23875
27088
27095
16218
7974
544
7126
2754
21257
20980
15508
28701
24131
24736
30872
19956
4691
11601
23711
10399
9903
13034
583
6019
845
19870
23424
18955
10222
24146
18610
24679
15405
18352
26030
5127
5195
8459
14679
27606
14007
15094
13325
30775
11872
20898
10460
21184
13755
2299
11625
23993
1683
3714
3224
32594
23188
31976
14334
21672
26773
23920
25610
6262
27305
25346
15090
14747
30948
15118
21087
23888
17645
4134
20439
18725
584
6746
26606
28864
1888
22866
9260
9045
29527
21550
7101
5348
25742
31518
2779
16182
3059
1728
29948
22165
10509
28989
15803
20046
15049
25889
25735
10471
28930
15870
20237
4129
10962
30401
20070
28844
3483
8655
19200
5549
211
18151
17230
32752
6803
17079
2351
29933
18655
1083
27167
380
17331
17369
11808
27736
5074
4158
6502
21589
14926
19702
23749
30305
17622
32461
8411
22332
23234
489
6141
19703
3808
1444
17122
9262
508
27179
21522
23813
8753
23512
24076
15331
4850
18511
14394
10737
2520
2394
18069
8529
11305
24965
4120
8478
14636
9849
20454
25896
3375
13593
27962
23916
18772
2910
1554
8533
11296
9203
30875
23221
26306
28559
5979
25730
31523
2070
29729
6481
28337
31087
28076
3474
24043
15395
27678
12689
15533
15803
30751
5928
20281
4822
6352
22341
10249
12044
9334
21279
13911
16006
28643
19767
12648
32090
2212
5649
27804
10407
26092
18607
24631
25972
15427
21202
29421
14665
24558
17648
20527
28811
25117
9716
22328
3736
21719
18104
28374
9127
24998
20802
18937
9309
7938
4034
26877
7982
20606
10055
25527
27513
32180
16965
18497
11874
3057
26311
6790
20847
18081
29812
16524
18146
633
1603
26500
14296
18278
13310
11667
30758
11577
28536
7262
23535
22287
31117
16472
19205
14722
10974
26827
11781
6033
3146
23719
4401
25167
31531
4109
6411
26447
21845
9883
9399
31179
26831
20086
14862
662
9039
16408
6017
8904
15735
28383
1972
21795
24018
13905
21206
14919
28557
4144
27074
31642
10485
8002
9943
28917
32180
6877
16536
29967
30923
26420
18946
5290
14927
26212
23729
1151
5347
20030
18609
2538
1785
3794
26149
16982
3015
5568
25754
30054
11
31294
13353
24040
5760
24040
25678
5498
6171
3659
5259
3834
27662
13103
21180
19375
9082
5544
825
14137
1266
19419
11950
22073
21428
21905
20921
13247
20134
30077
2632
14711
8978
21325
16049
24211
20257
12915
6798
22903
12313
18864
32094
16424
14422
1893
14045
17266
2313
20121
11551
28891
27572
30921
18542
10058
26465
10355
16617
10871
28069
14433
10713
274
23384
21430
22226
2483
18705
698
30350
29316
26468
14437
32649
32688
25307
11437
19036
19594
2997
3983
30170
29566
15713
24799
28908
18616
16824
30928
17964
5014
11262
3395
1348
29390
26519
16336
26117
22367
30345
149
326
16953
7093
20929
15235
12459
27861
14303
15665
25488
2100
25315
5346
27961
27184
23542
24349
12825
7793
17409
4091
18483
18663
28411
14978
24900
17029
26611
29121
11184
17855
10716
8111
22061
26308
6428
28100
8753
21371
2515
6997
12572
5951
24299
23984
30757
24155
3556
9724
1798
30020
4957
26829
3431
32665
9313
17290
19212
8923
10359
7039
22205
8428
18536
4801
26617
7753
7630
28357
3929
4103
20321
19647
2502
3471
9729
16316
6746
537
26243
13438
5911
31209
31803
14107
5194
1868
16462
30292
23229
31569
27060
8374
5279
28232
29199
30578
23860
21500
31535
13053
7997
6064
354
5480
28197
31706
26236
18045
17904
14753
8617
21917
24035
7192
8181
32092
31220
4920
8600
1241
26352
31391
8195
23263
3438
4107
2219
18109
18295
21909
22680
19173
25842
23469
25772
5447
2770
11993
23220
6507
22782
25901
18224
12368
771
1929
11235
23048
18300
21141
29465
32016
29245
2941
19387
16241
21826
25709
14867
21911
25690
11467
26976
25332
24467
18744
2585
18516
14436
12100
18689
31743
7581
24819
10992
18320
23055
9204
22875
1944
29179
28827
11176
18674
11067
21667
31028
24548
27698
17830
32
21754
7541
8024
27871
17315
31286
18823
20096
1672
31604
16851
956
19888
18917
1325
27839
31317
25246
5392
28086
23683
23176
5250
3613
11894
27779
14537
16582
27057
15959
2542
8360
20958
2143
12019
11885
20841
3060
16851
23225
986
1178
26430
26940
2550
32749
9745
30838
917
18506
14999
14925
19266
20028
24962
10576
20373
15533
22183
18121
9807
9161
893
11653
13626
26289
6483
1378
3262
22501
4949
9117
20547
12398
23613
25561
18506
19918
5080
1518
31307
25256
12351
7287
25164
1583
30419
22554
10822
20048
2293
15253
31543
24735
138
1166
17414
9731
22578
21783
4635
3360
6979
27138
22459
1927
6535
27115
15396
11680
6842
6398
20844
13651
19906
32140
19482
10105
28588
16722
6273
6
26219
23427
27104
9458
19279
20379
7995
24556
8518
3299
6647
18110
13014
15042
25144
15998
21462
32202
13563
1402
752
382
22514
28641
9942
21221
20259
17201
25415
22479
20543
23652
16832
28394
4035
3290
10755
1156
17360
23045
26185
10269
30923
3030
12102
28340
5044
13803
31713
11726
7751
10101
4272
23366
14549
28139
2869
7640
19935
22128
25818
23148
25463
6661
10670
18978
9815
8302
24285
25889
2750
1510
21745
11808
7950
20354
25035
10928
27687
31333
15967
5200
32641
20905
1075
3631
31500
14088
1685
27583
18119
19022
927
21502
16418
7039
26860
19843
789
21448
10263
32587
10492
294
22264
12865
6457
28888
6045
24463
18312
17541
1034
22439
31776
11821
6577
19984
399
32466
24751
22001
21587
29666
19148
7006
12343
28523
1585
25958
6004
1789
16359
11480
12163
5470
4628
21465
4035
15089
6644
18983
24015
30947
29080
10795
21405
21274
2401
6848
2903
9438
7484
454
11513
5189
16795
21349
22959
20577
17462
2593
28908
1576
23686
5026
2890
14374
26622
15937
18213
25828
11784
29522
17141
10262
26563
18996
24943
17032
1917
16409
13147
13511
31730
8342
9012
22671
27458
27370
16001
9464
8628
16398
14582
2399
12333
9601
1353
2837
30318
10448
8150
4554
5392
12263
26354
3768
833
538
7439
27279
17468
22003
28820
26147
30858
28601
9593
23000
18170
7365
15526
32713
22881
6020
13577
13499
26898
8267
17017
23492
5916
22238
5710
20667
3142
8382
5564
5470
7371
10294
6644
9542
27606
16420
5625
7307
19132
14472
15938
7479
20475
28622
3605
8043
25078
11483
18078
6227
12654
3545
17362
9163
24512
6083
17158
7374
19681
12975
30542
20643
18713
7903
1942
14534
9858
11910
21122
26519
26176
20570
5127
5061
32126
14045
18630
28280
28204
10348
27436
12353
12153
17412
26186
2242
8722
18135
23157
23836
3096
7827
3997
285
22756
21613
12654
22310
6266
7407
12584
734
31438
6279
26943
6809
17081
4299
24242
902
27833
16013
15404
25754
1387
25763
25308
23616
27594
19315
11540
25789
31525
26945
16035
4965
22754
17208
32499
7808
25076
21305
6371
22009
29725
32359
7266
31436
3813
26735
7632
8493
2134
12184
28437
2425
20860
23950
20093
7134
1696
6382
10074
29385
18238
25488
16472
8210
4556
29080
29598
6378
7978
25916
19626
29824
31207
31570
10217
26998
19770
29857
12313
13831
10171
18404
21855
24308
11748
26781
6695
28979
30795
11936
20927
12887
6557
10843
11443
27582
2138
29158
12006
15484
26706
13006
27509
7690
28643
5281
8780
1967
25839
14393
7044
23722
28064
24521
23683
4388
12507
2985
4818
12761
645
6113
20668
14976
6008
9847
30636
26367
32068
25208
27716
27472
20902
26568
28733
15921
30152
23467
15873
25230
14654
527
16906
23471
14525
23455
3576
14369
27801
6280
24949
24421
8965
27657
25801
3675
25096
3261
28988
11885
27969
28072
815
29564
27484
31747
12793
27786
26448
28104
18818
29484
10590
27900
24994
9645
9161
11199
3895
22530
28502
11540
2824
10098
4994
20081
27229
7426
5766
24070
17754
2722
4363
18893
26399
3864
16813
13142
25506
27824
23602
29776
12103
7840
4231
24534
5188
22845
1406
19583
8631
24800
17225
13092
28804
25494
18870
28271
23024
16779
20008
26409
31743
28724
23897
14656
10125
25662
23761
7577
5167
11833
10277
9371
30151
13828
17904
3447
20457
16631
28819
17977
8945
11987
28332
24720
20192
6506
30551
1885
18427
17166
7719
16638
31010
32699
739
2647
28657
1284
16640
5796
11928
19646
23266
16386
16251
30318
7379
29878
26248
21363
13247
11588
3164
2547
29621
14129
16149
31366
2590
24722
25845
21669
6075
20573
31932
1489
28256
5996
1986
28547
28274
18000
31190
4054
16418
5083
19161
2294
25702
24684
1562
13128
22972
8696
29553
9815
20638
1245
13850
25729
11204
19815
32087
5478
18460
17950
8900
31500
18570
18133
21112
3538
24927
8308
6368
27419
24475
31104
29276
694
26595
26479
14486
12047
10560
20654
2471
9239
32669
25454
1256
24821
16895
11570
31128
4201
14466
7962
25394
1028
30231
2797
20364
13834
4607
25831
2735
32290
32006
22088
11386
25796
28288
27801
25589
16735
9477
29116
7286
3917
30444
14523
22646
9591
28296
27469
24112
15560
28197
9255
4607
29011
6080
25097
6773
10819
29834
8068
10810
5254
6171
7051
2987
7225
15222
7873
18990
4306
3009
18812
5463
24591
10433
13980
14780
5026
3863
32527
19352
32153
27196
27167
24354
16271
2622
22146
27307
6292
31032
10272
11898
9693
27794
18082
15976
556
3582
30911
2362
28670
22573
10309
31169
31350
853
23273
3507
14604
15716
27600
32328
8693
10753
20953
22164
5969
26183
32433
5031
6935
3136
8852
10854
21952
29219
24803
3880
23478
8526
16747
6928
23931
16642
27247
27437
11929
28896
28539
5458
20302
20263
16616
20150
25843
9899
2094
24652
19760
148
31980
1249
14306
5596
32441
3319
29639
23686
32680
25699
23023
11423
2973
21928
995
14582
30803
10002
14482
22426
2601
28050
15359
22040
6575
12637
28076
21873
1524
16451
25029
27101
32653
18896
24845
31299
30822
8484
31625
7027
17480
16530
6638
25385
13870
27387
14796
28354
17991
1769
16503
6588
3275
3946
4280
8175
7550
14002
20280
10125
4101
5744
424
28379
16620
2540
29873
6572
6003
3557
5279
23202
23579
16941
9421
29732
27637
26880
462
19742
21669
41
23136
5499
9529
20435
2833
13924
32684
2864
2223
2613
14136
24267
1393
6212
1887
2222
15590
20561
12216
22067
4769
459
122
9130
28577
2760
9162
14768
2691
31426
12228
9290
1639
9490
19787
24516
5282
24366
32657
30540
1320
26275
22629
29005
29111
10960
9535
9613
28612
30312
24845
22789
29990
13477
30395
15236
23429
20045
8325
8962
11905
23142
28668
8389
12450
7864
19161
19510
17154
7175
26757
24448
7100
8717
7268
494
30483
10041
30949
23553
12130
24618
5963
20820
26568
21226
4152
31792
13711
25067
28926
18159
29792
2754
14757
16145
12585
21669
12220
32288
22474
10918
4576
17476
3970
7596
30734
8357
29212
18998
27816
17283
2521
24016
2632
22039
16924
30801
10824
29737
14040
25817
28686
9070
3770
26254
15640
25767
19478
5393
22987
14970
16530
1218
24315
16911
3988
14009
11321
14698
27500
3199
30432
3979
31041
15248
15838
23111
1981
31889
11843
19940
1144
29265
17547
4727
23589
1153
13996
4862
12671
10803
29406
8765
5873
24597
16172
4441
14088
18026
17855
5173
6041
8908
6629
3984
25521
16803
484
11483
26689
29540
4481
20443
12166
8586
24911
18947
26426
14165
28344
26511
32124
23109
28877
12896
8320
11861
11725
1691
3318
8696
7543
21760
22331
32212
25616
12042
6978
13377
29235
30923
16193
11392
21851
23686
13595
1467
1329
23562
26256
3521
14742
7121
14375
26494
5488
17372
20183
7483
12853
4684
1144
6811
22585
31680
14060
19025
28599
30066
24076
21410
30369
17680
5204
13214
1832
29276
32335
11806
15114
13954
15553
21116
30622
1341
21910
4117
28320
2984
16269
5760
24509
16612
31908
32139
26333
25711
28482
28921
25396
1599
22055
23550
17160
29858
6932
20598
16448
11221
24633
9705
22960
9062
30819
3136
5414
5450
13794
3651
22068
6845
15419
16346
21947
15069
16530
5120
1596
18181
25814
5766
28894
8426
6570
1421
22335
18040
13078
1729
9723
16234
7154
29782
1021
18603
21518
32195
2696
22896
9506
6209
29188
24082
14969
31490
16265
17580
1884
9010
16173
14201
10303
7086
22285
8426
10926
1159
32542
21898
26613
5685
27057
32658
24210
7323
10439
10315
13915
9662
23578
31528
23407
24645
13288
7839
23518
26032
21630
16075
29720
27736
26248
9667
30230
7467
24602
32184
30538
2339
21117
6352
28999
31371
18618
23238
16688
7665
744
8254
12770
16106
6710
16361
31969
5256
22968
349
28163
22940
22514
9649
5599
11436
7461
24028
14067
29619
25179
19147
22935
16283
13620
25412
12965
27515
3183
23421
18661
29584
6456
27259
1339
16381
24884
2348
6544
24387
27981
1859
27264
27774
6461
4567
26568
7525
20444
1979
32621
13311
16426
14235
6061
20518
22300
25563
15271
23741
2599
10287
26313
5296
16013
7418
6909
23472
22890
21608
11667
26284
17533
3402
30445
28686
29623
14260
20716
29626
14214
10072
4126
11975
26590
4001
25508
24315
13324
9615
18404
32265
9018
853
30708
29833
4545
10676
2497
187
14130
15126
8451
19708
290
19561
25825
29188
20153
26561
9315
24805
22777
7340
21915
28867
21455
14932
23443
3156
5084
3928
16117
15127
17664
19303
17789
595
32170
24224
5151
22998
15074
29357
18423
12395
4371
22937
12789
15384
7578
3701
8517
4636
1295
9135
26751
17067
2646
15149
2451
29799
2660
25644
13426
15262
26833
31452
1149
10566
14626
26039
10414
19897
12500
19621
25225
11057
11816
9681
1984
21505
24498
13385
29353
12441
22687
21592
3424
10551
7625
12707
25532
12142
30588
17158
26610
25432
5126
10284
22027
20634
18177
17648
25095
32540
29023
13943
7375
21381
24122
32266
15324
31609
8281
32180
12200
24978
15489
8863
13527
25887
11394
22831
19493
20895
1789
9947
17679
20988
22518
1488
18241
23431
30237
24132
1730
19639
24796
14746
3809
15265
29471
2875
20447
12343
30439
11054
23385
17984
25998
24189
31612
29467
24792
2376
4327
27443
12477
26278
25438
25409
20985
25151
20789
10565
24911
28586
2423
20802
28577
31623
15577
29116
2737
21084
29025
11250
1717
6448
25814
31708
21660
13289
10726
3043
28963
13670
27674
2146
14486
13660
1658
12001
11111
10225
22783
5387
28528
4890
2237
25461
6664
15797
5837
14
3783
13414
31227
25700
32537
16434
10037
7068
22149
10972
13486
9262
8123
27906
981
12645
11871
8695
7673
2194
6552
23904
12217
30227
21335
16013
20269
5639
26728
23965
30933
27854
13626
28240
28485
2883
7021
13482
27022
15033
1056
10061
15468
27830
15096
23444
27185
27250
28145
5999
17780
13
24036
9473
4728
8084
3036
17403
21342
14258
28441
21686
11019
14902
32736
6419
727
3656
8968
10003
24315
27243
16965
26933
3511
21042
7475
18579
7494
13250
7970
23739
17538
24843
17828
15694
10839
24773
25559
20827
14313
21292
20083
14457
24965
26236
15506
10662
4681
5932
26947
25570
9874
14314
16845
3211
8488
32089
11459
6007
1835
2445
13772
5331
3773
13122
10799
190
3181
1248
29217
28837
19302
12079
13006
14940
15452
27610
1321
28929
10034
2981
19828
21393
19307
11374
32654
2375
6999
21221
23552
18361
32249
25610
29126
16048
17339
14955
28893
26058
14801
21275
6544
2001
2157
20081
21635
10202
18343
16518
16252
7198
30506
3436
15093
31384
17568
19759
17506
13154
19675
29580
10562
29904
17352
14195
24296
13641
12052
30270
2822
32489
8091
3759
2302
22744
5525
28588
30697
27241
31615
22201
7523
13298
25547
31289
10525
31086
30023
7012
9504
15059
12877
15367
7906
22068
1712
29695
21770
12183
18529
8819
30211
31380
5861
30421
15170
434
17783
3478
27992
1921
15356
7340
7351
7543
31403
27588
6980
3211
11385
5191
672
11155
29765
17679
21302
16222
24776
1510
30724
16529
13114
14018
15146
9026
25797
18115
30517
31830
5803
24296
4392
8347
22838
31893
1870
6564
30051
14277
8386
3176
9549
12559
2490
28057
26459
25434
26776
8134
22569
21855
14255
22320
16183
26339
28629
24428
14932
13746
20397
7868
13256
22106
19377
29486
3908
23725
29442
17778
14730
28660
21743
28028
1756
26355
13127
17630
3110
10145
3423
739
24298
18084
20450
15979
26607
8846
13659
12681
13481
30426
9091
6877
29543
8869
4428
22706
1599
7980
16810
6616
22713
25097
24356
16448
25662
10029
17438
20825
3903
24220
31715
4141
21285
14827
18549
7482
21755
5499
14612
14353
23773
14707
7568
32433
22560
11903
25167
18081
21055
8778
8478
27599
4232
6076
29368
12587
15498
24307
19734
3843
18749
4355
31356
2845
32496
2926
30016
30358
23027
10082
13401
11645
10248
10421
13483
13358
4234
8353
19220
20080
29531
16447
2870
27726
19087
22212
20227
2230
31450
30591
11018
21971
16058
910
23427
21290
6243
4963
30235
10614
30319
31739
27776
26692
30530
27608
11180
334
30526
23491
25586
7577
21932
20291
17866
10317
7269
8411
16221
11096
30276
22023
1743
22977
8267
14069
32078
25548
16792
9732
14047
28883
22022
29437
13027
23263
6050
9747
4460
2057
4820
32412
20802
32147
20809
8589
25267
2245
18339
13240
6942
6537
29152
23492
21822
10950
19083
26608
18999
21628
2213
4999
28514
25508
20560
10274
25817
5061
16961
30368
16577
18006
5603
25574
17242
21463
10828
1367
16328
21166
14817
2322
17823
28610
7367
26094
22320
13529
17936
3895
14485
22706
26530
10277
9086
29922
26855
29472
27578
15727
7223
30902
24709
5678
24325
8792
30356
8668
4299
17624
1761
9983
3254
22179
11830
26234
4625
19902
6524
16371
18291
24961
19137
16357
17577
11286
8970
29572
20321
26545
15582
7764
13979
17293
25487
11655
30927
3242
13127
1307
8415
9799
11734
688
1467
3617
20541
21034
22742
26730
29946
28683
12108
20360
3857
30093
29136
25490
2527
2690
24407
21899
22942
6380
3718
27228
2231
7772
6620
12691
19915
14091
25247
27614
30335
16058
5768
23877
13067
9033
25645
1835
3714
17689
2610
1539
8159
291
11567
3793
16339
16597
8288
18535
20305
11184
3344
31837
23253
22179
9410
23501
9848
3365
18980
21459
28341
4116
23732
11720
27129
26192
4911
30521
22252
6934
4286
28073
9090
1566
8416
27147
30912
31092
17942
2046
14158
28952
1872
1222
12482
8276
10266
4622
10662
30943
14214
6240
28751
1974
8664
9568
5213
17334
12532
460
2833
10746
10120
11060
19538
17399
25337
11640
13437
29528
12303
6150
14064
8090
15967
2768
11604
8552
24188
5904
20398
1972
30428
28603
8485
4761
23436
9670
23953
32756
29844
27675
13255
1468
24360
8026
22695
5669
30099
3408
16098
18809
27107
14392
32652
2481
24405
4532
16229
23510
11903
27017
7399
25370
16448
3101
29455
31157
11111
19634
31980
31616
294
30560
9704
7764
29749
26324
4825
29729
18117
14795
12231
29389
11051
25676
20091
7634
841
6312
8652
11670
10940
17458
8617
20617
14279
7103
9189
25089
24322
29660
13766
13013
26050
24786
587
16315
20295
23130
20801
29026
12457
24352
27396
16974
22399
21498
27926
26231
12116
6885
23393
20641
4555
7620
31308
12666
28044
18647
15744
19573
28661
12540
22391
15977
7554
25001
13769
4584
1272
3749
30262
15712
31060
9609
8306
26356
32375
31482
12468
2584
21646
4003
16125
23279
20035
10485
20264
868
23973
14750
5558
5642
984
21962
15703
21172
3964
12060
31032
6356
21982
21611
28688
9108
21217
12605
19432
27574
23466
2308
31405
19244
20495
27162
27510
15990
30397
21630
21654
24511
28715
4172
20065
30647
27714
28670
20159
16431
3785
31333
20850
13430
11922
14437
14631
2933
23398
8819
13630
14220
22193
27088
14425
2091
27374
6530
19366
18737
19921
19223
19181
31749
31030
27417
21848
1653
9932
18768
32518
29521
23168
28858
3918
8390
10156
843
22483
30844
7420
5477
28748
3439
804
17685
25360
15246
23108
2323
5732
9493
16918
29560
32389
10667
14557
25661
25716
13115
23821
26487
19844
29842
7611
15189
20388
30141
1475
14805
24173
2592
3515
8777
23786
3158
8347
32397
43
31692
16168
8197
20104
22557
28197
28761
18358
22059
23353
4592
395
19201
25759
3117
17809
26731
28559
32620
31564
10067
14704
7355
27467
31706
4026
23896
9969
12090
6829
13807
8449
31582
9907
16784
17131
17470
6294
8306
2776
2812
30818
1642
32375
30400
16152
13609
32389
3924
21271
24120
18207
1406
24394
10421
10439
9505
28946
22219
17976
19730
2290
18162
25321
2235
2557
19692
3683
10098
13312
7803
14403
28055
5231
20450
30990
15216
6672
7202
7097
17860
14185
29937
13299
15417
16363
5754
19768
31085
27611
6872
32406
6359
12036
18768
28478
3676
19998
7504
6090
7089
24316
16683
19536
16243
8057
30866
23338
31239
20257
14034
19587
1075
30622
23760
3746
21369
20457
23236
6902
2103
9772
12728
24550
8576
31865
4287
31573
4792
17453
2550
4599
5874
25634
6972
20310
24073
30104
1713
23203
28544
25569
14063
19517
24346
23246
11019
28675
12088
12252
9802
24666
31991
12830
8099
17917
20998
3306
11513
18567
14408
10563
26133
31682
27437
14858
31589
21933
17104
24291
31862
31055
13520
2536
2611
25150
1776
5136
28891
15598
3950
11358
26051
30651
7972
3529
25809
22708
29023
10222
27060
9261
15746
9848
228
8195
18011
843
27741
32685
833
3955
22555
1288
16114
7888
23124
25055
18478
17021
15224
9787
4114
15877
16873
18288
21046
9029
32122
3044
8838
16671
20137
26526
31969
20707
9628
5522
12915
3710
13534
31151
20690
10080
5078
6052
24283
11311
3339
10870
2891
28973
5146
10435
10524
2409
8050
16851
5542
18601
25046
8036
25713
30739
8080
30770
27867
10653
7030
16200
5486
22074
22430
31753
30974
12994
9696
5885
16773
26525
17424
10077
21695
5943
32760
3421
11909
24356
7960
25916
1259
16398
1565
7948
4632
6242
23585
18241
8168
7614
9640
19452
12611
281
4950
19221
25915
10672
114
13546
28648
12980
23835
20459
17667
6069
76
26849
20549
15308
7569
15361
22397
14219
23174
25268
25204
6565
16405
21028
17536
1630
875
13958
9194
25009
25279
14122
6913
28739
4546
28484
20219
6922
29156
10104
6287
16828
4685
7207
6738
18426
13206
23676
24789
18745
19275
3636
26748
8052
17186
8753
9501
10388
28664
17854
26460
30362
31887
7328
15305
22162
17417
4065
8118
23096
22563
15708
10201
20583
12083
21511
29863
22597
13792
26883
4203
31536
16547
4453
4904
31079
6400
19650
10292
13689
8837
3197
20881
27246
21375
25552
1290
6326
32127
11419
32530
21973
8592
11503
26460
27340
19509
2394
9017
27974
13605
4080
29110
16264
7877
10270
11633
8981
12649
29486
20543
18980
20043
27033
5248
5059
5703
272
20540
24263
8284
10057
26118
8058
7139
7562
26509
9220
23181
246
17922
13205
32286
2970
11310
29784
17899
23095
24143
17431
14356
17101
15286
28590
8834
2028
15905
30001
12191
29882
4825
15581
2776
11715
10635
29887
20692
17028
21735
31526
18289
19381
22778
970
6531
8794
844
25529
4683
31624
10425
12293
5305
29944
9487
6959
19042
24141
14445
15698
17983
19237
24150
13071
5931
14817
31384
16188
1563
23349
30687
23371
31770
18030
13336
25212
19468
9862
22151
17347
23583
11241
27559
26231
27408
20229
25285
11711
27939
12180
18779
18108
15583
7337
24621
11638
7053
4476
26149
5256
15727
13045
13551
7051
24001
6649
2900
68
5745
30328
8535
13965
30621
22323
25106
4868
6864
8782
26445
29813
11772
2713
4835
6152
12855
3486
25045
1066
27190
18026
21803
13884
13450
8476
3215
32510
19868
15151
28327
14778
13673
31879
31541
18992
13566
13629
8945
3396
16307
19498
16674
10346
11303
18997
4862
25549
255
20061
18631
31554
20829
13957
3234
4592
25890
2307
6965
13499
10468
27366
18952
6005
8622
12043
6041
30916
24698
18911
8508
22737
12655
13809
6841
28341
731
5439
9124
2212
16367
6972
5754
17111
6972
2980
11648
16699
1265
23040
6492
22491
18641
13816
25968
19982
4087
4188
17914
10336
16970
25841
11244
9537
958
21755
14988
22640
18767
24207
31436
4389
16830
15509
26727
30465
3594
15263
13504
2486
1453
3949
23418
28534
668
30012
25814
15901
28924
11987
29136
11037
7844
8779
28153
20013
1622
10913
787
25265
4797
25853
10862
13288
5414
1727
30725
8151
27646
2127
31575
23801
5392
12449
20999
28323
10107
19850
18483
29753
29044
9414
8852
16147
13761
27077
28250
23340
17648
17466
29381
30352
28251
13153
8323
21380
1245
23058
6861
12658
29522
32650
13887
22683
7376
20725
2427
13435
1191
12219
27518
10491
31257
6287
31677
3673
17369
28472
4103
32728
1861
15133
9242
26919
26467
8339
9986
32402
6045
8935
16949
3050
24124
31530
30320
17973
17062
4031
10832
3094
25431
22693
1711
16635
12193
15493
15556
12040
292
12923
4601
7111
20747
13476
19851
31628
1291
20332
25572
28585
4124
22933
31672
31575
25334
8454
10465
7007
26698
6233
30971
11403
2245
20770
11711
19664
29382
20224
16672
9016
8665
32614
3879
14993
25083
25127
16783
23256
19085
11971
22816
3426
27924
627
28876
14288
13238
25334
5771
31152
11124
8730
22006
14579
13864
28169
20645
2323
24638
6745
74
22785
22066
28113
32394
5071
13773
252
28319
8226
14111
31088
25774
27221
26939
11739
26345
25966
32437
32466
25700
11969
26076
28762
15800
16486
10424
20530
15194
24156
20674
29926
3513
10874
19046
24981
13081
2841
1081
23165
24370
20611
17914
13899
16519
17690
31562
30756
16264
5192
28203
32371
4967
13354
11578
21105
18618
15868
6572
25717
5589
24899
22794
16641
6373
23996
9900
2696
23501
12295
16631
17409
14784
23827
28246
14380
675
2120
22009
2471
30752
16503
10320
14256
138
12163
21318
9143
11123
6348
15934
25515
25615
21087
18894
27905
27975
9438
3902
25732
925
15920
7103
7904
16578
8937
9067
7660
7417
19064
26625
5818
10793
21011
20316
19552
25797
29283
26040
19333
13916
9199
18341
21163
1535
7753
12231
29502
29270
7674
9299
14176
4481
7469
73
22642
21168
27423
21617
21090
23937
20034
23576
24503
2845
7476
391
10846
21776
31331
11848
15666
21996
7804
25368
588
14237
23960
21419
23056
11147
21286
546
5876
18546
24726
5708
27151
27137
27338
27808
3174
28212
573
6391
12533
27761
25073
22793
2943
16997
28954
12974
30741
4764
13196
14800
3945
4322
21733
14899
13264
14429
14970
16612
25368
18279
18435
16770
22800
7469
17157
21296
20176
21769
259
16725
25292
15263
19555
27674
30108
31161
11298
13473
1929
4323
31287
28934
25303
1478
29896
9238
7893
21573
13839
29906
18341
2393
16139
8610
14027
7853
230
27481
26744
29688
4393
13292
22932
542
29858
19698
14990
9222
11537
12763
739
4409
30101
10736
12655
26176
23001
3598
17783
22202
5118
11810
15474
25919
23878
4707
8346
15608
7558
5203
29751
2298
9546
2931
1446
25959
24261
2505
30764
17987
8575
25618
3453
28695
5309
455
31754
24136
19631
12498
24078
13108
3676
30989
1367
3602
26190
11135
16340
25222
32253
10581
22755
11783
23548
7842
25433
9969
31461
11478
6222
16745
25350
16640
22189
9717
13000
4547
3967
30167
16867
282
10994
31020
19268
24011
12844
4809
18873
16556
18898
5585
29538
409
18774
22806
32728
49
31492
9269
9498
15443
20684
21104
30524
31323
6605
18249
5838
28444
1190
4324
23053
12189
31355
21530
23756
24724
7881
24156
8992
24996
32746
31054
15054
28757
17511
23583
1909
32471
24833
22186
9595
14966
9086
4686
4025
32221
7732
1166
29670
11019
16471
28519
25028
10517
9986
2933
16652
416
29446
14276
14874
23069
12150
19319
32089
17603
5359
25883
5484
9550
13736
21448
12322
9593
24125
30205
2583
30012
14139
10809
26921
21189
29546
11609
20897
5688
5854
693
25118
15655
8892
16889
577
12752
12749
26307
20506
18969
20932
32257
30805
14924
9551
19720
25892
30610
6880
20085
28652
17969
17464
8388
431
28549
6840
17074
20028
23488
15463
14674
5656
2913
28098
31729
6955
11381
27719
16811
13354
18321
24000
3274
10952
16523
26704
4066
20636
9979
16190
18605
30416
4724
12421
27815
13455
1666
32535
873
10284
6755
5621
19142
7955
24710
24560
16551
20592
18885
20540
28326
5793
97
26554
21357
21340
30401
17154
1485
27296
9706
32050
28061
93
14269
29560
11865
25826
6388
13665
8054
23562
11995
11744
28294
11046
11470
20766
18192
6569
17782
23301
7213
20630
13250
27274
28643
17578
22439
1469
13377
5961
25240
21137
8766
6697
20420
4204
8786
25024
9235
7789
8914
4718
12766
6785
30732
21611
23664
25893
8742
6766
5953
5624
5303
10018
7404
11528
23586
32074
6646
3289
15543
9902
18237
2356
10120
32205
12353
5814
8459
26177
8470
26388
30068
8176
30757
32303
22224
8439
22438
3035
16609
8791
29406
5743
16061
19293
29464
16908
28197
10195
12388
16558
23718
21737
14866
14068
6769
4320
27372
8623
7931
6524
1335
2092
23381
1319
4712
1858
5704
741
679
282
28216
11515
18436
32193
7350
23135
27004
2159
22498
6878
18858
5525
28038
18960
7501
15784
29684
25852
19837
22704
11419
3722
16812
18063
29804
28332
19807
28690
24047
22603
15786
19641
20771
25075
17005
31046
19738
23871
12113
11016
10065
22787
20608
3044
25808
6715
20263
19240
2310
14262
25004
28431
30306
17538
17327
13076
15537
13590
12738
32503
28987
27458
25833
17040
27803
5335
18896
16983
2658
18710
28623
8367
18027
4313
27550
12277
21500
17795
10711
22860
2721
29353
27953
9254
17609
9853
29814
10899
3101
23807
1097
1610
12196
29154
20634
632
8088
17727
485
7754
11013
32507
21037
11324
31527
7417
32188
6687
26753
14336
919
11757
1469
11115
29123
17229
31815
2963
14651
21988
5799
5885
17836
25697
5282
3650
21750
30791
9488
7874
19043
24185
8572
19464
31141
23687
26494
1019
9618
28347
27607
18890
11934
23265
25425
9109
11548
9178
7508
14044
29492
10720
27720
16296
12963
918
14254
20091
16950
23511
5118
30968
16132
24635
31806
26963
1390
3177
2407
30839
15831
24095
17271
16120
31012
15874
26709
18623
6386
10534
17513
22383
32666
26461
30967
24473
17382
23104
19520
11429
25744
12543
24407
22395
14206
3304
26052
31732
4288
25272
15066
22788
23877
9381
28888
18339
11617
295
13762
13440
27391
17034
10749
2149
14245
6965
1197
11112
11821
27320
8655
3799
1085
18327
22037
27105
18315
23000
9349
5380
13010
21070
12752
12347
22163
2724
4467
32739
4492
6696
18575
11377
5369
27485
8841
20694
28813
7743
13153
941
25135
17236
9171
18218
25973
15223
9008
3011
16097
18532
6905
12699
32478
6658
64
13491
14456
25716
24255
28624
26591
19166
31157
8746
17562
10999
7812
9177
31626
5459
1292
29951
3238
32366
22981
5046
18544
29816
19871
17592
10554
26082
18329
15057
1050
17581
5155
18693
19886
4717
11828
2945
28304
8479
32299
13122
25496
5296
10855
24711
9684
29001
21925
14328
5704
16988
26396
7827
26982
9840
14426
18522
20044
19372
17629
1470
19904
10533
14192
31689
7404
231
29003
13070
24537
30405
26346
10578
6060
18401
28329
20984
14499
28410
23844
12589
9167
16760
2897
32216
143
20793
8794
30271
12752
7961
18747
21369
25350
27204
4128
1943
26857
10299
13692
12945
29168
29095
8425
31218
17038
28641
12227
12099
31023
5949
12162
28985
5617
14874
8667
13213
16931
16554
9878
23039
4990
4482
10030
20762
18213
30432
8234
21254
12382
3264
9278
16928
22286
925
29984
18105
502
17415
20011
7041
10416
16106
15543
13490
2407
30360
8755
11772
24153
3227
15367
11059
28430
24637
19755
6075
31062
2515
17799
28847
11780
16078
777
1492
15723
27264
2184
23873
12188
1965
18012
9674
1118
1753
20665
25649
22250
19788
8144
18187
363
6373
13732
19827
31800
21668
17836
11378
29903
10741
14894
7978
22673
23229
13142
3525
20288
12326
23577
14111
24888
2603
12492
18741
17776
23522
4994
5197
4912
8332
18986
17635
21392
5470
16997
20567
11956
17421
14121
88
12489
10780
5143
18702
25278
2277
12956
22026
12995
10857
19657
31214
26754
9943
16883
27868
8480
30430
2314
1439
3826
24242
27834
22940
30975
32224
27971
28534
13882
4050
25625
28804
8316
10530
17723
1268
15171
32159
6739
18108
2605
31520
5011
30532
21298
17675
19018
25556
18596
23715
4424
9407
22248
534
28407
9037
4594
6722
7478
4714
32386
9547
10996
17935
13088
4573
7057
5492
3288
31042
8180
13298
29622
4131
17772
11450
27392
22557
13896
27960
26934
24075
26677
2629
13258
4366
21594
11279
15007
32348
5429
19656
12100
32206
1587
13841
21485
6951
16658
26917
15925
18469
5367
24006
2454
9034
21326
17383
13732
24423
3685
13342
11276
6125
9672
31432
10832
7667
15450
27129
2880
2567
29752
24107
11319
7861
3149
24994
27163
18392
15285
6816
29202
17059
26323
28750
25093
14957
2609
4709
29909
26177
30490
20383
13920
29473
15865
26337
31538
18206
25200
16165
6155
26905
13624
12841
5397
6486
28603
21977
22754
26310
28019
28797
1831
19729
7936
930
3898
10085
4876
6602
9805
1025
12511
17107
10600
9344
193
27431
9000
14054
7699
31145
28985
4972
12076
24667
17812
2827
32500
3023
32633
4810
5187
23891
6188
22472
25335
7132
8047
2057
29399
1966
962
23552
6187
31953
8797
11488
6679
20532
23274
9123
25275
21405
8963
19671
5388
11352
21870
7467
9329
26780
14618
12989
18973
32699
31704
24353
29743
10514
7387
17969
2699
13739
750
7575
9590
22706
14967
22811
4596
2718
5935
20397
16353
29467
13727
9522
30162
1465
6233
1295
26281
15703
23804
31094
1274
8781
17637
27507
12321
1884
3509
6069
5919
10583
21895
1053
27961
7566
1774
16904
19535
15101
2225
2397
24829
27193
11590
30805
15475
2070
7695
1037
26644
18201
15958
26061
5841
15265
16906
4374
4164
32468
29751
32365
12684
5194
26951
22250
8171
32380
6394
19583
2337
11755
7207
11017
3462
14096
2608
28185
12265
31495
12870
26495
26411
12026
11362
17050
11675
28238
32254
28770
10768
17296
20119
18482
20169
21534
26596
26966
2565
6805
32211
10585
25697
23550
31304
6923
10484
17335
18581
31316
29483
21027
23735
2236
15974
2577
29270
9910
21327
2285
16251
13744
12030
30121
5903
3803
16335
29289
14103
6842
5118
31985
16049
21868
22023
27087
1998
19386
12991
26183
24749
23776
1330
11523
24859
19740
25660
22903
22380
29943
28134
1558
2359
6486
27782
8502
17365
14400
12693
9411
30872
22125
16974
7335
24780
6546
12812
10229
25967
15214
18017
24792
18095
8596
16629
22334
16168
9719
27429
2628
7898
23607
16215
3168
6636
24494
19487
15952
18210
30265
11539
19654
2591
5062
13678
23760
25948
2722
10343
4873
28644
29824
6991
24962
27349
8264
23917
18542
12951
4262
409
30095
2009
22349
26011
28260
27728
22799
21313
12559
3887
18078
5954
30728
1381
22047
10710
3204
18841
2420
17681
21411
16358
3398
1283
604
14678
31957
28049
9256
13088
5759
29202
24689
19873
11538
23209
10937
14108
25041
9061
18827
1586
29512
12569
24610
16415
11472
30716
26330
1722
17120
28673
15962
10795
10266
29429
18815
6761
10001
24666
14855
29819
19676
8965
31746
10090
28764
29817
27641
27912
25164
31234
17371
4708
4621
6033
27307
19464
13103
5211
4844
4601
12223
27952
21448
16236
29523
28827
10498
29256
23254
191
1441
26208
21780
5868
25946
18540
5
25860
2234
15564
20185
12432
18456
5629
1223
17313
10557
30423
4246
3944
9167
23692
5352
23701
16514
19553
10569
9584
32511
8490
8187
30136
11920
13446
23679
27711
9616
24543
1763
14913
916
4384
10191
15496
27225
28469
31053
2626
22893
19012
30811
5534
6302
21421
818
14888
23843
22978
4181
21738
5515
838
19032
16958
2153
18087
7285
23924
12733
6395
31696
24105
2849
4284
31110
12130
10936
30788
27000
7275
25814
3079
10712
28530
23663
24722
22392
24034
11841
11335
31437
24193
8897
28885
31174
17736
4807
16506
23119
16646
27384
6904
8611
5811
31223
7768
23638
13973
30027
1890
6942
1813
24846
15831
28773
350
18011
26741
14991
31675
25717
17576
18187
15789
18615
15888
6683
14799
31040
438
26468
2410
7770
2318
1845
1496
22191
22700
29847
7065
8746
28358
8217
13111
4014
7534
9048
19418
6522
19596
8528
9129
23639
24477
24422
2535
5510
15149
25393
14026
4973
9749
8460
17691
1275
629
1884
10639
21472
6768
29346
17383
30063
31914
22079
26057
24142
9347
9738
27484
1251
27152
19604
16807
7806
30173
14902
30375
838
13413
22751
12082
25829
1358
28831
7822
17395
8805
18674
23504
20515
31324
4813
12534
7984
31557
26474
16324
26245
2253
26580
6239
9135
6713
18738
7594
24451
15394
22995
21348
30735
29168
19197
29182
7489
13080
19317
23613
27737
21
16078
21140
22032
19239
7538
63
15237
12494
18802
15903
28140
15365
25613
10073
31989
12863
28674
23469
32766
8995
19605
2966
17912
14342
21859
10790
6169
32556
13031
24736
31558
11967
10184
8147
7231
7051
26344
27449
21128
24447
15917
14803
26139
27620
8717
2242
975
858
26076
31653
3206
22423
11477
9910
11033
18143
24554
24227
23813
30019
13387
10798
22994
15769
3768
12675
1351
13887
20359
18268
22607
17807
21365
26583
27817
544
13612
18706
5971
23234
7064
22924
15796
16952
8426
18491
20876
23219
7784
29293
8092
23827
26875
21343
23828
14301
19063
20895
8129
8698
17320
1569
11507
7477
25376
22820
19247
9330
15555
4290
666
431
19983
11610
30752
1980
23340
12190
20327
11194
4279
9339
16247
14933
30286
4780
17957
9409
32219
9756
9796
8566
15265
13568
7307
7338
4872
31409
30533
13458
25641
9290
31931
15705
1559
2821
19553
2269
6643
14422
9923
28204
686
4037
18477
19649
3485
14988
16925
1918
6078
12532
32618
13161
15308
32112
24368
30247
21764
5494
4738
20537
25269
25633
10447
20216
6282
25224
30480
25169
10136
23004
17847
21057
3110
11075
29016
4111
27710
14712
27156
24397
21239
20511
15817
4748
21632
9449
6394
22498
26349
20076
27264
20765
31681
19647
5614
29636
9791
32729
24773
27857
23153
10151
1628
1073
4341
18927
7822
15351
23435
6631
17185
10084
13918
15764
8185
13719
8725
3300
23041
27668
21145
9866
30932
19703
32421
30365
16175
25844
7183
2800
7704
15638
5336
20783
11978
11315
16629
6846
24423
17457
12506
593
15964
22268
5324
3915
4243
20291
19684
13016
7772
22773
28130
31433
25369
5502
18103
5682
2987
22466
13008
1989
28576
9174
17700
8685
28953
28289
6140
10410
28541
22645
19845
13615
14559
24909
3351
14141
9775
20038
2371
12349
20004
16573
23199
1056
31461
14444
15185
31735
20090
32100
28508
22097
16886
11722
26029
344
27488
27473
24036
23211
13926
25723
7908
4345
31680
13711
2585
865
9061
23897
6028
14988
15729
16804
1704
22408
15825
32632
20425
5219
18100
788
8842
12940
11697
9130
31947
29417
10168
16093
9860
29623
18362
4091
7757
4134
15384
16122
17065
7600
30413
25396
17430
9021
11354
30178
11221
26104
21877
28762
889
26607
8048
4616
26930
13421
30570
2606
7383
5655
7225
347
20917
4809
25363
16044
20762
18734
6911
25798
14751
3105
15102
655
26425
22471
18168
29615
20479
31849
5992
19657
25016
6930
28615
20345
11308
20460
4025
8718
25639
9819
11002
18180
2893
13014
29703
4168
18593
28298
9612
2603
15828
12461
13968
6690
25933
24994
9571
19779
17660
17361
1347
4735
479
28228
15056
23712
8273
21762
4918
26625
32021
31532
8724
8209
19238
10969
4655
24710
8764
20145
21720
3680
27166
18763
23581
17572
11947
26183
19378
4309
10406
16683
19613
31539
1860
15870
28581
22195
18039
28582
19064
5313
7672
2050
15263
6328
21783
11719
290
18205
1858
21531
3578
19615
9559
28659
19003
22735
16297
10029
10750
18591
25812
21869
18192
31900
8513
696
26972
22251
27512
10193
10776
7429
2345
23638
7602
14642
14584
19098
12409
6087
11532
1345
8716
7199
8790
6814
19331
26970
8353
461
7263
31448
12126
15759
31282
18547
2861
20712
28429
29312
10283
24954
21166
12677
3326
9120
23142
1463
21153
27722
15308
25146
21744
1179
20004
20503
24563
6980
22156
17660
26090
28574
27372
10679
2589
4746
6043
19569
3168
22792
13266
15018
24936
23706
4305
16120
977
9559
28627
32383
18923
22990
27315
29231
19528
4256
15194
14273
10502
8155
3568
30319
12253
1560
18878
21366
17127
18773
31973
12876
30770
26512
22209
15521
18439
13608
23834
28184
21497
17651
18448
8130
4780
13854
12485
20318
27755
968
32456
7763
5223
12894
16452
17513
10960
30388
22765
29259
29590
13032
13222
24509
11772
25847
25330
413
22753
25372
23585
9115
28622
492
14647
25016
27838
51
11675
15744
6833
21644
6532
19206
1263
14530
26659
12708
3869
3818
9360
31855
513
31804
29047
30333
6420
21942
20351
3798
23757
14959
24189
59
21928
30652
1373
14489
25592
4868
11468
15435
18546
5475
30887
275
10613
29953
11299
31958
8474
14385
9409
25627
8192
11849
6127
21570
12500
23108
32638
25988
26787
27416
24776
24750
4063
24024
23197
5277
20531
9610
9714
1912
29446
29894
30024
32688
31953
1299
24285
8377
12577
30721
15765
6021
19307
11782
13479
4805
30867
12057
16904
734
23867
272
2967
23981
13516
1978
21261
25083
21829
19132
15523
5823
9158
15660
21632
534
17883
25327
32489
21507
7050
28627
16167
230
19995
15467
311
1982
32682
11438
21044
24606
26477
25678
13189
19440
26310
25818
29894
2285
25352
29074
16503
7640
28681
21774
18279
16253
5996
25741
14046
2413
18603
23838
25997
1654
15846
30321
25398
17637
24943
18298
22299
29307
18
22731
22824
15407
21541
174
12768
28073
13650
25861
11528
3195
31015
16099
27412
27421
20570
15334
23893
28591
11485
6490
22752
2669
31910
21775
27710
6129
17724
4086
25557
11052
27648
32382
10521
31523
14145
689
26738
28777
21501
19469
10732
3680
27768
6435
18593
13358
7039
30449
29926
29057
18553
6656
11576
27395
14386
11582
23012
2716
24167
12953
30586
30571
15377
20832
31727
4482
22130
11865
25237
28003
4833
10657
2747
2878
852
7751
21795
17896
28594
32679
11304
13723
10198
28808
25260
624
27235
12277
5571
25245
27722
30684
32033
16494
19740
10600
22084
17413
1040
25374
22112
15569
4564
23737
20239
9935
788
9414
29109
18307
4043
7167
23988
7861
25420
19049
25941
9964
22799
27180
13681
8620
14908
17462
19427
27502
18425
14990
26798
4963
7796
7288
26093
13033
15535
8270
8830
16586
15631
7961
27501
23607
2722
28146
4130
19335
7987
28955
3403
10927
5648
17628
31367
1408
8086
6175
9943
22948
8577
5323
4037
15446
4085
29152
8018
8164
19275
2903
23713
29926
3741
7095
31588
9020
15120
29559
30218
5833
3044
18967
7845
23537
32573
1277
21149
2003
32686
4112
15639
26694
6794
9238
21539
14229
20203
5838
31911
20475
16767
4301
271
6877
24854
17689
18098
14281
18412
1671
28163
5938
26038
22228
18812
1257
15982
19334
22346
24155
18910
25728
10681
28813
16366
12392
27230
14808
23982
23225
25606
2916
28451
32679
16225
18021
10706
25014
24174
12568
9230
23832
678
8060
29952
13515
10728
27601
18811
5487
20007
31442
31101
27112
29653
18353
27268
23992
13070
13270
19095
10521
10117
5720
28687
733
29487
18231
27178
21510
16305
8800
3662
2341
27274
15966
3613
7539
18432
21215
25148
15281
10444
2798
5603
4287
3717
16106
16164
11262
15053
21065
12284
2407
1341
12559
11292
8552
9233
10508
12148
6786
21395
6872
4484
30884
2120
16015
4450
26180
6109
30797
5770
29507
1232
30824
12904
25982
22751
9072
11943
30515
14897
32231
13367
7962
10053
6081
22305
15935
1438
13210
4874
20385
28459
9657
1160
30093
27256
9929
27432
183
31127
5713
16443
19741
11212
26872
28261
4252
7675
15995
30179
30543
5586
23402
2463
10667
9142
678
28917
6235
30575
27290
14915
10716
21394
19004
2611
9688
19378
14786
5064
31300
14662
25381
1321
13880
4952
15959
30000
22161
5363
21827
7602
16457
24138
19336
28301
1169
31912
9717
17778
19123
1307
3524
22135
31659
11744
2967
4444
2943
4749
30260
3993
31842
3841
4351
22316
30604
23819
5691
32291
6102
24797
10496
31467
16921
20527
27387
11607
10053
8243
12776
27760
19520
26172
6352
9471
13188
5932
26883
21723
1143
20898
5845
28403
19593
7905
19992
29722
13840
22143
19037
19605
20707
4306
30441
11878
18616
21530
4729
7254
9534
26734
21174
18885
28665
32360
17270
28466
23521
5263
23993
23432
19130
18313
4702
20014
19506
30973
17576
26060
29372
31049
28789
12255
6703
8169
30776
9467
31773
32418
22203
7651
11764
7026
12439
3403
25815
23863
366
2663
6970
5921
24815
30779
29759
24281
7047
21922
30932
6510
6887
539
2697
27396
23099
855
10290
30011
25124
6019
24641
4192
2169
8277
3296
27478
28610
13016
13777
15939
624
22520
13318
31738
26078
18893
29439
11819
8456
14760
27623
26700
29453
27358
13934
32070
5478
11863
19301
25568
26084
2773
21787
30188
13419
7684
10617
30259
12401
582
18911
2338
12852
17725
1213
3121
23486
15125
5362
30743
19865
14998
23268
14767
27474
3565
2916
11688
27568
9269
28735
10992
12466
20424
5795
18398
9033
7497
1848
17953
3802
3949
25594
20844
14450
19340
2008
31967
11719
747
1038
11060
2034
9414
5955
19886
7662
9504
31330
9666
25296
25675
7992
30082
27588
823
15570
19149
22987
12410
17812
20792
9014
14883
8985
22203
30946
28734
21454
28443
17201
9255
17998
25115
29387
20623
3707
20578
8473
13904
20576
15147
15486
31216
31945
23215
15443
3575
15264
28498
6313
30193
8198
31119
446
11842
565
1189
4923
17580
6936
28671
32563
28065
15783
25444
27868
8778
18948
23011
1803
4947
13911
28540
30321
31869
18794
23950
17304
9441
25347
20997
23707
6149
28165
3391
15016
25504
22597
29379
25399
26157
11309
30881
16647
31282
10259
8614
4317
2637
28503
28232
24060
23043
12607
28748
19043
3912
24978
27961
7881
18638
24310
15229
24153
19726
8969
18016
23085
7703
22594
25772
140
32281
29062
28185
25572
12464
8074
15227
13702
1266
16363
32170
12323
29751
8718
5941
11786
25003
15801
25797
26399
18069
14190
8275
4763
22372
20107
19209
26757
28030
4387
18937
16116
16841
29082
8576
16129
17397
6659
31608
28046
6800
6457
25633
954
6087
17855
27085
21280
12029
29272
2893
12754
14094
20581
8478
10776
1376
7171
11604
27112
11694
28129
15938
11813
29331
20193
20462
9624
13016
26998
22584
1967
24447
29880
27076
23288
18060
13639
6572
10075
16022
12262
5095
4122
32529
27091
2680
4490
12632
21224
27478
24206
1661
13682
2335
6616
24017
18388
8827
26335
18482
15324
29777
3744
29719
26592
17068
13332
20060
26017
1132
21620
25550
17116
7597
3887
20342
8111
21751
29095
16806
22194
28458
17071
27589
2769
7719
2502
23770
14059
11839
19984
6873
6956
7772
18712
1200
9258
3825
2375
18705
10178
13219
16419
32254
5041
13236
14409
9494
27121
9524
12073
10401
9945
3814
3715
7517
27892
7411
16805
21766
4765
29777
8801
3495
27999
20721
14800
18851
30478
23211
20682
7298
10404
23786
3105
30844
9949
19735
4256
18631
7314
19398
27334
25761
24279
3235
13890
10013
14035
20762
16686
14253
28002
25033
9996
20339
29804
12967
8065
1863
18947
7665
31955
31367
28991
25048
5668
19106
7385
19692
6508
20323
26506
17734
311
32767
13857
5752
10788
24797
8039
12854
17433
551
30130
20417
6983
23317
20043
5655
29921
3572
8833
15580
31643
24824
26250
20486
30693
30663
12829
587
20452
6594
22223
14924
2869
4369
49
18046
22113
28277
14759
25565
16926
15821
30215
847
14923
30565
29941
31192
28841
14850
8705
1923
14171
6574
18813
24844
1820
3907
16159
10318
11586
21690
21084
32623
23926
14897
11391
8909
9008
16318
29835
13735
28405
32758
21718
11660
15184
14139
15970
2180
1426
29641
1530
14847
5705
14976
14097
31361
21889
11375
14426
26123
9917
31012
7718
5449
2227
10678
18049
7549
29899
4239
6924
9006
14934
27130
5273
27535
20878
31088
23688
6321
25170
12194
10212
31848
31390
9542
10301
11775
12491
30369
11843
20123
11660
19417
23079
10351
22948
6648
30130
5285
11112
26816
21538
21512
20473
10545
21447
18033
11325
26843
23906
11512
29090
28132
32056
25302
17042
2008
29177
14620
8884
8499
19796
24853
12009
23984
599
4476
22785
20815
32136
21086
9025
7209
8899
7117
6037
30451
19673
13130
30357
31828
10981
29680
23098
15078
5998
28000
18525
23566
17727
1392
28915
27516
24069
2195
5130
2945
28333
21766
19330
8724
15739
3264
13452
19106
26090
31255
13540
6297
22087
4914
22478
30387
2828
18482
32466
12035
9213
2079
25142
26560
12036
10388
7488
8404
17613
7211
16936
32292
21281
9126
12767
27294
12547
26082
13186
24580
22669
6780
1949
24442
25223
13120
29472
26320
8140
12374
32289
28304
27741
2859
25175
15559
6210
25632
25938
6292
549
24309
6780
10866
16300
23028
18640
5444
28569
27613
28764
5157
4516
21653
11127
10478
20
19597
26563
10116
26399
24307
13025
10726
22023
15003
5879
14586
17904
9644
17123
13842
12931
10
31292
20801
8261
135
2317
6241
11445
6345
14160
27359
1063
11257
30764
24141
22883
1073
20718
24485
15101
12962
13257
7518
25202
18056
19022
1585
22791
1743
27561
26792
3682
6786
15009
32619
15589
19448
10061
30282
14286
21181
20631
13321
32527
20545
370
29935
13550
27459
17883
525
20829
13819
21393
4431
12055
19210
17043
6724
20095
19746
20830
11181
27192
13685
12515
3527
14723
7391
5194
15704
31836
27602
105
2940
11604
7429
5891
28205
29997
32476
22976
19859
15415
8086
8432
23057
30061
20536
16896
14091
32590
27197
8632
1657
13949
17402
11834
8493
5656
32723
31931
2020
472
8736
1790
22798
5613
6621
17557
22365
6295
10260
7127
19728
27012
21002
26272
22524
2796
18988
1739
27231
8302
31671
18032
3172
32681
9514
32734
10870
11931
11629
18775
31813
27577
8126
8334
20633
7122
31328
20961
18905
14756
15362
5974
22362
9019
23536
11095
30569
24845
6395
19246
3607
17111
19241
25919
23751
28213
9245
28423
26232
15108
2629
7896
19667
31096
31430
1361
29172
32252
7719
17055
27384
3789
31679
21367
3915
3925
30687
12751
12462
1352
2240
17759
18443
21376
20011
24539
8952
18073
30699
16621
24077
20300
9970
24052
14310
1676
13645
27007
2295
22370
4297
22151
27666
27273
5219
21360
25529
12233
3185
30910
2085
8468
20881
10135
2579
7010
9813
21501
5713
26956
17323
14024
26124
23402
16397
9060
2006
2670
15726
32080
11642
7933
2528
2386
2688
15185
7941
5754
3967
25231
11324
15069
3621
31209
6023
8207
4615
16243
8510
7005
31273
21190
5749
3535
8013
11095
15918
18401
4860
6293
27967
27899
17237
10180
27906
4790
3992
2972
8382
6093
6514
24992
5592
28389
24326
28992
27321
22781
27072
16558
14462
19379
7640
7040
27491
32572
30376
26378
13805
24609
15279
24697
2777
24762
31329
8368
18887
26219
20660
482
2726
20130
21611
17140
13279
18316
8993
1168
18241
30874
26388
31753
4527
14007
23735
30705
10635
16453
9462
4732
26593
15581
28743
11667
18516
31939
20085
5304
23497
13355
12075
24732
14805
11823
24387
30850
7399
13195
3788
19793
5429
8478
11229
10876
32359
27169
7708
14482
9222
548
12045
3492
16547
27341
11036
26458
17351
24912
1897
27348
2718
26541
6229
1602
30562
9645
9424
20546
5000
23962
25185
252
10413
28865
9714
24831
31807
12200
21857
18906
6635
29199
26055
5242
22730
12969
29318
4423
1867
10903
14613
26109
27102
10409
1419
27979
30822
8276
23532
29741
1628
11377
27191
28937
16834
443
3883
4235
13519
3334
477
13378
13908
14656
26107
16119
29936
6441
22750
19153
2295
28882
17233
9514
14627
23255
31779
11311
24056
1371
1903
27194
4089
17096
32422
2799
3212
27204
28001
1560
32174
17394
12008
7233
4182
31981
6273
275
1450
24325
31866
20337
10981
18487
20982
9044
25603
7662
3447
30055
13617
14332
30255
5217
30456
32599
1030
22566
8483
15507
4715
27293
22645
21027
29659
16975
11020
24143
12850
10949
10131
245
1972
30366
15147
16639
23770
14194
535
19880
22238
5994
30505
5998
17157
12443
11760
31958
27312
32295
926
1762
7200
17170
29371
29011
29708
741
30092
31391
13285
26629
9025
14256
12515
13264
29665
