32767
32765
32762
32762
32759
32758
32757
32754
32752
32743
32743
32730
32721
32714
32712
32706
32705
32701
32701
32697
32697
32697
32694
32690
32688
32688
32684
32683
32682
32673
32672
32657
32651
32650
32648
32633
32629
32629
32626
32615
32615
32613
32612
32611
32609
32600
32599
32596
32594
32589
32578
32576
32575
32573
32573
32569
32568
32552
32542
32542
32536
32534
32533
32531
32527
32526
32514
32509
32506
32505
32505
32494
32494
32488
32485
32484
32482
32477
32476
32473
32469
32469
32463
32460
32442
32442
32441
32433
32429
32428
32421
32420
32420
32420
32419
32418
32415
32414
32406
32406
32400
32400
32389
32388
32385
32384
32384
32383
32379
32378
32378
32378
32378
32375
32374
32372
32367
32364
32357
32355
32353
32352
32351
32351
32351
32349
32341
32337
32334
32333
32317
32314
32312
32310
32310
32305
32298
32298
32296
32295
32288
32285
32284
32279
32278
32278
32277
32276
32267
32265
32257
32252
32251
32251
32250
32249
32248
32247
32242
32241
32235
32232
32223
32221
32220
32203
32203
32202
32202
32196
32196
32195
32193
32192
32190
32190
32190
32189
32183
32179
32179
32177
32169
32168
32168
32165
32156
32155
32149
32145
32141
32140
32134
32127
32126
32125
32121
32117
32110
32102
32102
32098
32076
32075
32070
32064
32064
32061
32060
32058
32051
32048
32045
32041
32037
32031
32029
32027
32020
32016
32014
32010
32007
32006
32005
32005
32005
32002
31992
31988
31986
31985
31983
31980
31979
31977
31975
31970
31960
31960
31951
31948
31943
31940
31933
31933
31931
31928
31928
31924
31917
31910
31909
31907
31906
31904
31894
31893
31893
31893
31890
31889
31888
31883
31876
31876
31874
31873
31871
31870
31869
31867
31866
31865
31860
31859
31856
31847
31843
31840
31840
31837
31835
31826
31826
31823
31820
31819
31817
31817
31815
31813
31811
31809
31804
31803
31802
31802
31798
31794
31793
31789
31787
31779
31778
31775
31769
31769
31765
31764
31763
31759
31750
31749
31745
31744
31743
31741
31732
31723
31716
31714
31713
31712
31705
31703
31701
31700
31683
31682
31682
31680
31672
31671
31667
31665
31657
31656
31655
31653
31648
31647
31640
31640
31637
31625
31625
31625
31621
31618
31615
31614
31613
31613
31600
31592
31592
31590
31590
31589
31584
31582
31580
31580
31574
31573
31572
31567
31559
31559
31555
31553
31549
31547
31545
31545
31533
31532
31531
31528
31527
31524
31518
31513
31508
31503
31502
31500
31497
31497
31496
31493
31492
31489
31488
31485
31484
31481
31481
31480
31479
31475
31465
31459
31458
31455
31447
31445
31444
31444
31443
31434
31433
31426
31424
31420
31420
31413
31412
31410
31409
31403
31398
31396
31396
31395
31392
31386
31385
31383
31383
31383
31374
31373
31371
31365
31360
31358
31355
31352
31351
31347
31339
31334
31332
31330
31327
31327
31324
31323
31321
31318
31317
31315
31312
31311
31310
31298
31296
31295
31294
31293
31293
31287
31287
31284
31279
31277
31270
31264
31258
31250
31249
31243
31242
31238
31237
31234
31232
31226
31226
31223
31219
31218
31214
31213
31212
31211
31208
31207
31206
31206
31200
31197
31195
31189
31187
31185
31185
31184
31178
31175
31171
31168
31166
31166
31165
31157
31155
31151
31151
31144
31144
31142
31141
31141
31140
31140
31137
31137
31135
31132
31132
31127
31125
31123
31122
31121
31118
31116
31112
31112
31106
31106
31101
31100
31084
31084
31073
31072
31071
31070
31057
31053
31049
31048
31044
31042
31042
31041
31039
31035
31032
31031
31030
31027
31018
31018
31016
31010
31010
31007
31003
31000
30992
30992
30992
30991
30990
30989
30984
30981
30980
30978
30970
30967
30962
30960
30958
30953
30951
30943
30934
30925
30924
30919
30911
30908
30904
30899
30896
30892
30889
30887
30886
30884
30880
30878
30873
30870
30864
30862
30861
30859
30856
30853
30851
30847
30842
30842
30839
30830
30824
30823
30822
30817
30816
30815
30814
30811
30810
30807
30800
30794
30793
30792
30788
30787
30780
30778
30773
30772
30767
30766
30765
30763
30762
30761
30758
30757
30750
30750
30749
30746
30745
30743
30741
30738
30738
30737
30734
30733
30724
30724
30722
30721
30719
30718
30718
30713
30707
30705
30702
30702
30697
30696
30695
30686
30685
30683
30681
30660
30660
30659
30659
30657
30655
30654
30649
30643
30642
30641
30635
30633
30611
30610
30601
30600
30600
30600
30595
30595
30592
30592
30586
30584
30582
30579
30566
30558
30552
30548
30543
30542
30541
30540
30536
30517
30516
30508
30505
30502
30501
30491
30490
30489
30487
30484
30482
30479
30466
30458
30457
30456
30453
30439
30433
30432
30432
30428
30427
30424
30423
30421
30421
30417
30408
30404
30400
30400
30397
30393
30386
30385
30372
30368
30368
30365
30365
30363
30361
30359
30352
30350
30345
30344
30343
30343
30343
30340
30333
30330
30329
30322
30320
30316
30312
30310
30308
30304
30304
30303
30298
30296
30292
30290
30283
30282
30280
30268
30266
30266
30266
30265
30260
30258
30251
30247
30243
30237
30237
30228
30222
30209
30206
30204
30202
30195
30191
30187
30185
30184
30183
30180
30162
30160
30157
30154
30150
30143
30139
30139
30139
30135
30132
30130
30130
30124
30119
30119
30110
30108
30107
30102
30102
30099
30099
30098
30098
30097
30096
30090
30088
30088
30084
30079
30078
30067
30064
30064
30054
30049
30049
30030
30029
30029
30016
30007
30005
30002
30001
30000
29998
29996
29989
29986
29967
29965
29964
29959
29954
29947
29945
29945
29936
29936
29936
29932
29931
29924
29921
29919
29909
29908
29898
29895
29887
29884
29880
29879
29878
29878
29875
29875
29874
29872
29870
29870
29866
29861
29858
29851
29850
29849
29849
29848
29848
29846
29844
29841
29835
29833
29831
29825
29822
29818
29815
29810
29810
29809
29807
29803
29803
29799
29796
29794
29789
29786
29779
29778
29774
29771
29770
29765
29764
29749
29743
29741
29740
29739
29732
29722
29721
29713
29713
29708
29706
29705
29705
29700
29693
29691
29683
29674
29670
29663
29662
29661
29659
29658
29655
29654
29645
29641
29641
29634
29633
29633
29630
29616
29615
29611
29608
29607
29605
29602
29598
29593
29593
29592
29588
29587
29582
29579
29578
29578
29571
29561
29559
29557
29554
29551
29551
29550
29550
29550
29542
29540
29537
29531
29530
29525
29525
29520
29513
29510
29509
29508
29502
29494
29490
29488
29485
29483
29482
29481
29472
29467
29459
29459
29458
29443
29442
29439
29434
29432
29432
29431
29429
29426
29423
29417
29417
29415
29412
29407
29404
29393
29393
29384
29380
29371
29363
29363
29361
29360
29352
29335
29332
29329
29321
29314
29313
29312
29308
29303
29299
29296
29289
29282
29277
29274
29272
29268
29260
29255
29255
29252
29250
29245
29245
29242
29242
29240
29238
29237
29234
29233
29229
29228
29227
29219
29216
29216
29210
29206
29197
29191
29187
29182
29181
29181
29180
29166
29165
29162
29157
29156
29151
29150
29147
29141
29137
29128
29126
29124
29118
29110
29105
29104
29104
29099
29098
29097
29097
29096
29093
29088
29084
29080
29072
29072
29064
29063
29053
29051
29047
29042
29027
29027
29025
29025
29023
29021
29017
29004
28992
28987
28983
28970
28965
28955
28952
28951
28951
28945
28945
28945
28936
28931
28928
28912
28912
28911
28907
28907
28904
28902
28902
28901
28901
28898
28897
28896
28886
28883
28862
28861
28855
28849
28847
28846
28846
28846
28841
28836
28834
28826
28819
28814
28812
28811
28810
28808
28808
28803
28797
28793
28792
28788
28788
28786
28783
28782
28778
28777
28771
28770
28769
28768
28762
28758
28757
28754
28747
28746
28742
28742
28735
28735
28730
28726
28725
28724
28714
28714
28706
28699
28693
28691
28688
28684
28678
28677
28677
28675
28673
28667
28653
28646
28642
28642
28639
28625
28623
28614
28613
28606
28605
28604
28602
28597
28594
28591
28591
28589
28588
28588
28586
28583
28580
28570
28561
28558
28555
28553
28545
28539
28536
28530
28530
28529
28515
28515
28512
28512
28506
28503
28502
28493
28490
28489
28488
28470
28460
28455
28455
28448
28444
28443
28440
28439
28433
28406
28404
28399
28396
28395
28395
28390
28383
28379
28378
28372
28365
28362
28361
28359
28358
28356
28351
28351
28350
28350
28342
28337
28331
28329
28327
28322
28322
28310
28305
28301
28297
28290
28285
28280
28278
28276
28275
28261
28252
28251
28243
28241
28238
28229
28229
28228
28224
28221
28220
28219
28219
28218
28208
28207
28204
28203
28202
28200
28195
28192
28188
28187
28184
28181
28181
28180
28180
28176
28173
28172
28169
28168
28168
28161
28160
28160
28160
28159
28158
28153
28153
28151
28151
28141
28139
28125
28125
28121
28109
28097
28080
28080
28079
28076
28070
28057
28049
28044
28038
28038
28037
28036
28035
28032
28031
28026
28012
28011
28010
28009
28005
28003
28001
28001
28001
27997
27992
27991
27991
27987
27987
27981
27978
27974
27971
27967
27965
27958
27957
27956
27955
27953
27951
27947
27946
27944
27944
27941
27923
27912
27911
27910
27907
27906
27905
27904
27904
27900
27899
27897
27894
27894
27892
27891
27887
27885
27885
27881
27880
27874
27861
27859
27857
27855
27854
27852
27851
27849
27848
27845
27843
27841
27834
27834
27829
27825
27823
27822
27821
27820
27813
27806
27804
27802
27800
27796
27795
27794
27794
27789
27787
27786
27786
27780
27780
27780
27778
27778
27774
27771
27759
27756
27754
27753
27750
27744
27744
27736
27730
27726
27722
27711
27710
27710
27705
27704
27704
27699
27691
27690
27687
27685
27684
27676
27669
27666
27665
27652
27644
27641
27629
27623
27621
27618
27612
27610
27609
27606
27603
27596
27595
27592
27591
27590
27586
27582
27580
27578
27575
27573
27571
27570
27570
27568
27566
27566
27562
27562
27559
27554
27549
27547
27547
27546
27541
27532
27531
27528
27526
27522
27521
27520
27516
27514
27506
27503
27501
27501
27500
27496
27494
27490
27488
27483
27472
27471
27469
27466
27462
27460
27460
27438
27428
27423
27412
27395
27395
27393
27392
27390
27390
27388
27386
27385
27379
27377
27376
27369
27366
27363
27363
27360
27359
27355
27353
27352
27351
27348
27348
27346
27344
27343
27341
27336
27336
27332
27325
27322
27316
27314
27308
27307
27306
27296
27295
27289
27286
27286
27285
27284
27283
27281
27277
27276
27276
27273
27266
27261
27258
27256
27249
27245
27245
27241
27239
27237
27231
27230
27228
27221
27217
27214
27212
27208
27207
27204
27199
27194
27189
27185
27181
27176
27174
27172
27169
27169
27168
27166
27158
27158
27157
27149
27148
27146
27144
27144
27144
27142
27141
27133
27130
27127
27126
27122
27121
27120
27118
27109
27107
27105
27105
27105
27098
27098
27087
27084
27080
27079
27078
27075
27073
27071
27066
27057
27052
27047
27044
27042
27042
27040
27036
27029
27028
27027
27025
27022
27022
27017
27015
27014
27009
27007
27006
27006
27004
27002
27001
26999
26999
26997
26989
26987
26985
26985
26980
26980
26979
26975
26969
26965
26958
26954
26953
26953
26951
26947
26947
26942
26942
26941
26938
26932
26929
26928
26928
26928
26924
26924
26923
26922
26901
26892
26892
26891
26889
26885
26884
26883
26882
26881
26878
26877
26873
26871
26869
26865
26865
26839
26832
26830
26825
26824
26823
26823
26802
26795
26782
26778
26773
26772
26772
26769
26766
26764
26763
26752
26746
26745
26735
26732
26722
26722
26719
26717
26712
26708
26702
26696
26695
26682
26681
26675
26672
26664
26663
26662
26662
26660
26659
26658
26657
26649
26646
26643
26643
26642
26641
26640
26639
26634
26625
26624
26624
26623
26622
26621
26618
26613
26609
26608
26606
26601
26598
26596
26596
26595
26592
26591
26586
26580
26574
26568
26556
26550
26548
26548
26545
26538
26537
26519
26518
26513
26510
26509
26508
26500
26499
26498
26485
26483
26482
26479
26467
26459
26458
26455
26453
26452
26447
26443
26442
26441
26439
26437
26435
26429
26425
26425
26422
26414
26407
26403
26402
26399
26395
26394
26392
26391
26384
26380
26373
26373
26372
26372
26370
26364
26362
26361
26359
26359
26353
26350
26336
26331
26322
26317
26316
26316
26305
26304
26300
26299
26296
26294
26288
26287
26283
26278
26276
26274
26271
26270
26269
26265
26261
26259
26252
26252
26251
26248
26241
26231
26223
26221
26216
26211
26203
26196
26194
26194
26188
26179
26175
26175
26175
26172
26170
26168
26166
26145
26143
26143
26142
26140
26135
26129
26124
26122
26122
26121
26111
26111
26108
26103
26096
26091
26087
26087
26087
26076
26073
26072
26062
26062
26058
26055
26050
26043
26042
26042
26039
26038
26038
26038
26033
26030
26030
26029
26018
26010
26005
25993
25988
25986
25985
25984
25981
25980
25980
25977
25977
25976
25967
25963
25962
25962
25958
25949
25934
25932
25929
25927
25927
25925
25924
25915
25915
25912
25899
25893
25889
25889
25886
25884
25883
25882
25880
25874
25874
25874
25871
25867
25853
25852
25848
25848
25844
25836
25833
25832
25826
25819
25817
25813
25807
25798
25796
25796
25793
25791
25788
25786
25782
25779
25779
25775
25771
25769
25767
25766
25762
25762
25760
25760
25759
25757
25755
25754
25740
25732
25723
25720
25717
25715
25708
25699
25697
25687
25680
25679
25675
25672
25671
25666
25660
25652
25645
25644
25642
25640
25635
25625
25622
25620
25613
25600
25596
25588
25577
25576
25575
25572
25569
25568
25568
25561
25554
25552
25547
25546
25545
25538
25528
25528
25526
25526
25525
25523
25518
25518
25515
25505
25502
25498
25495
25494
25492
25492
25491
25490
25488
25484
25480
25477
25472
25466
25465
25463
25457
25455
25452
25452
25450
25450
25442
25440
25434
25431
25428
25425
25419
25418
25415
25412
25409
25404
25401
25392
25391
25387
25383
25383
25381
25379
25376
25374
25371
25368
25367
25362
25361
25361
25360
25356
25352
25348
25342
25342
25339
25339
25335
25333
25333
25326
25319
25317
25316
25315
25312
25311
25306
25287
25285
25279
25273
25270
25268
25265
25264
25262
25260
25259
25253
25252
25249
25249
25245
25242
25241
25239
25237
25234
25227
25226
25226
25226
25224
25222
25222
25221
25220
25220
25218
25215
25213
25211
25202
25199
25198
25196
25195
25193
25188
25183
25179
25173
25169
25169
25167
25165
25165
25160
25158
25150
25150
25143
25140
25138
25134
25127
25122
25119
25118
25113
25111
25108
25106
25102
25099
25096
25094
25094
25093
25088
25088
25088
25086
25083
25081
25080
25078
25077
25077
25076
25074
25067
25066
25065
25062
25062
25058
25047
25045
25038
25031
25024
25021
25017
25017
25015
25014
25012
25010
25004
24991
24991
24990
24989
24989
24989
24989
24988
24987
24985
24979
24974
24971
24968
24967
24965
24962
24960
24958
24957
24955
24950
24945
24944
24944
24943
24939
24937
24932
24928
24926
24925
24922
24921
24920
24912
24912
24910
24907
24904
24903
24903
24899
24893
24882
24880
24876
24866
24862
24860
24850
24846
24844
24838
24836
24832
24821
24821
24818
24817
24816
24810
24804
24801
24797
24787
24781
24778
24771
24770
24757
24754
24752
24743
24729
24728
24726
24726
24717
24717
24716
24711
24707
24706
24703
24702
24702
24699
24698
24689
24687
24684
24679
24676
24676
24676
24673
24671
24668
24666
24666
24665
24664
24664
24663
24661
24653
24650
24649
24647
24643
24641
24639
24633
24632
24631
24619
24618
24617
24614
24613
24612
24610
24606
24602
24596
24592
24591
24590
24589
24585
24585
24584
24580
24577
24576
24558
24557
24548
24542
24536
24534
24532
24530
24529
24528
24528
24525
24524
24521
24519
24518
24517
24516
24512
24506
24504
24499
24499
24497
24496
24495
24494
24493
24487
24487
24484
24482
24475
24473
24471
24467
24464
24463
24462
24458
24455
24451
24450
24446
24445
24435
24434
24429
24428
24427
24424
24423
24421
24420
24419
24414
24406
24400
24399
24395
24391
24386
24384
24375
24373
24367
24362
24361
24361
24359
24356
24353
24353
24351
24351
24345
24342
24340
24338
24338
24335
24325
24323
24319
24315
24313
24309
24306
24303
24300
24299
24298
24297
24294
24293
24293
24293
24286
24284
24274
24271
24270
24267
24264
24262
24261
24258
24256
24249
24249
24236
24235
24230
24212
24206
24204
24203
24195
24193
24189
24189
24189
24185
24184
24182
24181
24176
24173
24164
24162
24161
24159
24157
24157
24156
24153
24152
24149
24147
24139
24139
24139
24130
24128
24126
24126
24125
24125
24125
24115
24114
24112
24108
24108
24107
24107
24103
24094
24094
24093
24092
24090
24085
24081
24080
24064
24063
24061
24058
24052
24050
24049
24045
24043
24042
24031
24026
24024
24022
24018
24010
24010
24009
24000
24000
23991
23991
23990
23989
23988
23985
23984
23981
23976
23971
23971
23968
23965
23964
23956
23946
23945
23939
23931
23929
23924
23923
23921
23919
23912
23910
23907
23903
23902
23898
23898
23894
23892
23886
23883
23882
23876
23870
23868
23866
23864
23863
23846
23844
23838
23836
23833
23818
23810
23810
23809
23807
23804
23798
23797
23792
23784
23779
23769
23758
23757
23755
23755
23752
23752
23747
23745
23743
23739
23737
23735
23734
23733
23728
23722
23722
23722
23721
23720
23719
23715
23714
23711
23707
23704
23700
23698
23692
23691
23688
23684
23683
23683
23682
23677
23673
23673
23671
23671
23664
23659
23658
23657
23654
23652
23651
23645
23642
23640
23639
23630
23629
23622
23621
23619
23619
23615
23612
23611
23611
23609
23605
23604
23592
23591
23586
23578
23564
23563
23562
23552
23545
23543
23539
23535
23534
23531
23531
23529
23527
23523
23521
23520
23518
23501
23500
23499
23489
23488
23485
23483
23476
23470
23458
23456
23455
23444
23443
23440
23439
23435
23433
23426
23425
23423
23419
23419
23418
23416
23415
23413
23412
23408
23406
23400
23398
23394
23391
23387
23386
23384
23383
23380
23369
23369
23364
23356
23355
23351
23350
23349
23348
23348
23347
23343
23339
23338
23333
23329
23329
23320
23318
23313
23308
23293
23282
23282
23274
23272
23272
23270
23270
23268
23268
23267
23264
23263
23261
23261
23260
23259
23259
23259
23258
23252
23252
23251
23240
23238
23232
23232
23231
23231
23230
23228
23226
23226
23226
23225
23224
23221
23220
23219
23213
23211
23207
23197
23195
23190
23188
23181
23176
23172
23167
23162
23161
23156
23156
23148
23145
23144
23129
23117
23115
23113
23105
23093
23091
23089
23089
23086
23085
23077
23076
23076
23074
23072
23071
23070
23055
23054
23046
23042
23040
23036
23036
23035
23035
23031
23025
23024
23023
23019
23016
23015
23015
23010
23008
23007
23001
22999
22996
22995
22994
22992
22987
22985
22982
22981
22976
22973
22966
22962
22961
22961
22950
22944
22942
22937
22935
22932
22932
22930
22926
22919
22916
22914
22909
22909
22901
22900
22898
22895
22894
22890
22888
22885
22880
22876
22875
22866
22862
22862
22861
22859
22859
22859
22858
22856
22848
22848
22847
22845
22844
22844
22834
22832
22831
22826
22823
22822
22821
22817
22809
22807
22807
22804
22798
22792
22790
22786
22783
22781
22778
22774
22772
22772
22771
22759
22758
22756
22755
22752
22751
22750
22749
22748
22747
22747
22746
22746
22743
22739
22739
22738
22733
22728
22720
22716
22713
22711
22709
22709
22706
22705
22696
22687
22682
22681
22677
22672
22669
22668
22668
22668
22646
22639
22637
22630
22628
22624
22617
22614
22614
22610
22610
22606
22604
22601
22596
22594
22593
22591
22585
22584
22582
22581
22579
22577
22575
22570
22568
22559
22547
22547
22546
22535
22531
22530
22529
22522
22520
22519
22516
22507
22506
22506
22503
22502
22501
22501
22497
22489
22488
22487
22485
22479
22478
22471
22467
22466
22463
22450
22448
22442
22438
22434
22429
22428
22423
22419
22418
22417
22416
22413
22412
22411
22407
22402
22396
22394
22391
22391
22390
22386
22383
22383
22380
22378
22372
22368
22362
22360
22357
22353
22349
22341
22340
22319
22317
22314
22307
22306
22303
22301
22301
22298
22298
22298
22295
22294
22294
22290
22289
22287
22287
22285
22282
22281
22281
22277
22271
22270
22269
22262
22260
22253
22253
22250
22245
22245
22243
22240
22237
22236
22234
22233
22233
22230
22229
22215
22214
22209
22208
22207
22206
22201
22201
22192
22184
22179
22178
22177
22162
22159
22159
22157
22155
22152
22151
22139
22139
22137
22133
22131
22125
22122
22122
22120
22119
22118
22114
22102
22101
22099
22094
22093
22091
22091
22090
22090
22089
22083
22082
22079
22077
22074
22071
22067
22054
22050
22050
22049
22044
22043
22041
22040
22040
22037
22036
22028
22028
22023
22019
22019
22016
22015
22014
22006
22005
22002
22001
21998
21991
21991
21990
21987
21981
21980
21977
21974
21970
21969
21965
21965
21964
21961
21960
21958
21956
21954
21951
21947
21944
21942
21940
21937
21928
21928
21924
21912
21907
21904
21902
21902
21893
21891
21890
21885
21884
21883
21882
21880
21879
21877
21876
21875
21869
21868
21863
21859
21858
21857
21856
21854
21849
21849
21848
21847
21843
21841
21839
21837
21836
21836
21830
21828
21827
21817
21816
21816
21814
21803
21803
21797
21791
21780
21772
21771
21768
21767
21767
21765
21762
21757
21754
21749
21746
21745
21745
21740
21738
21735
21731
21730
21720
21712
21711
21710
21706
21704
21696
21695
21692
21691
21689
21686
21681
21679
21675
21674
21674
21672
21670
21666
21664
21661
21660
21659
21657
21657
21656
21656
21655
21655
21654
21651
21650
21646
21638
21636
21636
21633
21628
21628
21622
21621
21616
21613
21605
21590
21585
21583
21581
21576
21576
21573
21570
21568
21568
21567
21566
21561
21561
21560
21560
21559
21557
21556
21556
21548
21545
21544
21544
21540
21539
21530
21520
21517
21514
21510
21510
21510
21506
21501
21499
21492
21492
21491
21487
21487
21486
21486
21481
21477
21477
21476
21474
21473
21466
21465
21459
21457
21457
21440
21439
21435
21430
21427
21423
21420
21418
21418
21417
21413
21412
21411
21411
21402
21390
21389
21389
21375
21370
21369
21359
21346
21345
21345
21343
21342
21342
21341
21340
21331
21328
21325
21321
21317
21316
21311
21307
21305
21297
21293
21293
21289
21289
21288
21287
21286
21286
21286
21285
21275
21270
21267
21264
21259
21254
21253
21248
21247
21242
21240
21235
21224
21219
21212
21209
21203
21202
21202
21199
21199
21197
21196
21192
21191
21189
21187
21186
21180
21177
21177
21176
21175
21169
21168
21164
21161
21159
21158
21156
21155
21154
21154
21153
21150
21149
21140
21138
21138
21136
21126
21125
21117
21114
21110
21101
21100
21099
21098
21092
21088
21086
21086
21082
21079
21079
21074
21072
21064
21054
21052
21049
21047
21045
21044
21043
21038
21038
21037
21032
21027
21025
21024
21024
21023
21023
21021
21020
21018
21016
21014
21010
21008
21003
21002
20996
20996
20994
20990
20989
20987
20987
20980
20980
20972
20962
20960
20959
20959
20957
20954
20952
20951
20942
20941
20940
20938
20933
20926
20923
20920
20919
20918
20918
20918
20917
20913
20911
20910
20906
20902
20900
20898
20893
20893
20879
20875
20874
20870
20870
20869
20868
20864
20860
20859
20858
20851
20848
20846
20845
20842
20840
20840
20838
20832
20828
20821
20820
20816
20810
20801
20799
20793
20789
20786
20783
20782
20779
20778
20777
20777
20773
20772
20771
20768
20768
20767
20767
20763
20762
20755
20750
20749
20746
20746
20742
20741
20737
20737
20737
20725
20723
20722
20720
20712
20709
20701
20696
20695
20695
20694
20690
20681
20680
20677
20675
20672
20671
20670
20670
20665
20660
20658
20656
20655
20653
20650
20648
20645
20641
20640
20640
20637
20630
20627
20626
20624
20619
20617
20615
20614
20613
20613
20605
20605
20598
20594
20588
20586
20585
20582
20580
20579
20573
20572
20571
20567
20566
20562
20561
20561
20550
20546
20545
20539
20538
20537
20531
20530
20528
20513
20511
20505
20504
20502
20493
20493
20492
20485
20484
20484
20481
20479
20474
20473
20471
20470
20466
20463
20461
20460
20459
20456
20456
20454
20454
20453
20451
20446
20445
20440
20436
20429
20429
20427
20426
20425
20424
20424
20423
20420
20420
20419
20417
20416
20415
20413
20412
20410
20409
20409
20408
20395
20392
20388
20386
20386
20384
20383
20377
20373
20370
20367
20363
20362
20360
20358
20356
20349
20342
20341
20332
20332
20330
20329
20319
20317
20314
20312
20310
20309
20307
20307
20302
20299
20292
20291
20285
20284
20284
20282
20277
20275
20275
20274
20271
20269
20268
20265
20260
20250
20246
20246
20234
20232
20231
20229
20228
20222
20210
20200
20199
20198
20194
20192
20192
20192
20189
20185
20183
20181
20179
20177
20173
20172
20169
20169
20166
20164
20161
20160
20156
20155
20152
20146
20139
20137
20137
20135
20132
20131
20122
20116
20114
20100
20096
20072
20071
20069
20066
20062
20053
20051
20041
20031
20030
20030
20020
20019
20018
20018
20018
20010
20008
20007
20006
20001
20001
19997
19996
19996
19981
19972
19969
19968
19968
19968
19966
19963
19963
19963
19961
19959
19958
19955
19953
19949
19946
19944
19943
19942
19935
19929
19928
19927
19927
19923
19921
19918
19916
19913
19909
19908
19908
19906
19903
19901
19897
19896
19893
19891
19884
19884
19881
19870
19870
19865
19860
19859
19851
19850
19850
19848
19847
19846
19840
19837
19830
19828
19828
19825
19822
19819
19819
19815
19805
19803
19796
19795
19783
19777
19775
19773
19760
19757
19756
19754
19752
19751
19744
19744
19737
19734
19723
19721
19718
19714
19712
19711
19703
19702
19699
19698
19696
19695
19693
19690
19670
19668
19664
19663
19652
19651
19651
19649
19639
19634
19629
19623
19612
19610
19604
19604
19599
19598
19596
19596
19595
19585
19583
19577
19573
19570
19567
19565
19562
19559
19555
19547
19541
19539
19533
19533
19533
19531
19531
19525
19524
19523
19523
19520
19512
19509
19509
19509
19508
19506
19503
19500
19494
19494
19493
19489
19487
19485
19480
19475
19473
19472
19471
19467
19465
19464
19459
19454
19454
19453
19451
19447
19446
19444
19443
19439
19437
19437
19429
19429
19422
19418
19415
19414
19413
19412
19405
19404
19403
19395
19393
19389
19383
19380
19380
19380
19379
19372
19371
19371
19369
19368
19362
19361
19356
19348
19348
19342
19341
19337
19334
19328
19326
19324
19320
19316
19310
19306
19294
19286
19279
19276
19275
19269
19265
19264
19262
19260
19256
19253
19244
19237
19235
19229
19225
19221
19218
19217
19217
19216
19216
19212
19211
19201
19200
19198
19197
19197
19194
19189
19187
19184
19183
19181
19179
19176
19174
19171
19168
19167
19166
19160
19159
19158
19156
19149
19144
19142
19135
19130
19128
19128
19127
19126
19126
19122
19109
19107
19103
19103
19097
19091
19088
19084
19084
19084
19081
19076
19071
19068
19060
19050
19049
19048
19043
19043
19043
19042
19041
19040
19039
19035
19032
19027
19026
19019
19016
19015
19011
19003
19002
19000
18997
18987
18975
18974
18972
18967
18965
18963
18958
18957
18953
18939
18931
18930
18930
18926
18925
18923
18920
18918
18912
18906
18904
18903
18903
18896
18893
18888
18888
18887
18882
18881
18880
18880
18877
18877
18874
18869
18866
18865
18861
18838
18828
18826
18824
18823
18821
18815
18810
18805
18800
18798
18794
18794
18794
18793
18793
18787
18782
18781
18780
18779
18778
18776
18776
18773
18771
18760
18759
18758
18757
18756
18755
18752
18752
18749
18748
18747
18743
18739
18737
18734
18729
18728
18726
18718
18709
18708
18708
18706
18705
18700
18693
18690
18690
18689
18680
18679
18676
18669
18667
18666
18666
18662
18652
18651
18644
18643
18636
18632
18631
18627
18625
18618
18617
18617
18617
18601
18599
18598
18584
18582
18577
18577
18574
18572
18571
18569
18568
18565
18561
18559
18559
18558
18557
18557
18554
18549
18549
18540
18539
18532
18516
18513
18510
18508
18505
18503
18501
18499
18497
18495
18492
18488
18486
18478
18475
18468
18468
18466
18459
18456
18455
18455
18451
18450
18441
18439
18438
18438
18433
18432
18432
18422
18415
18409
18408
18401
18397
18392
18391
18390
18383
18381
18379
18369
18369
18369
18366
18366
18365
18363
18363
18356
18352
18352
18349
18349
18347
18346
18343
18342
18341
18340
18339
18337
18333
18328
18327
18327
18324
18321
18316
18315
18311
18306
18303
18302
18296
18289
18279
18265
18259
18255
18255
18254
18251
18248
18247
18246
18244
18243
18243
18243
18241
18232
18231
18230
18211
18210
18208
18205
18204
18196
18196
18195
18192
18191
18187
18187
18185
18180
18179
18171
18166
18165
18160
18159
18152
18147
18136
18127
18124
18124
18123
18119
18118
18117
18111
18111
18110
18107
18105
18104
18103
18101
18100
18094
18092
18092
18087
18083
18081
18074
18069
18064
18060
18052
18052
18044
18042
18042
18041
18041
18039
18036
18035
18034
18034
18026
18025
18024
18021
18021
18014
18014
18011
18007
18005
17999
17993
17992
17990
17988
17986
17984
17982
17976
17974
17972
17971
17968
17967
17960
17959
17954
17946
17943
17941
17938
17936
17936
17933
17933
17930
17928
17917
17916
17913
17905
17895
17884
17883
17883
17882
17880
17879
17874
17873
17870
17863
17851
17850
17847
17847
17844
17840
17839
17836
17834
17833
17826
17825
17823
17817
17817
17817
17812
17805
17803
17795
17793
17792
17788
17787
17771
17766
17751
17750
17748
17738
17733
17733
17732
17730
17728
17726
17722
17714
17709
17706
17704
17702
17698
17697
17689
17679
17673
17671
17669
17666
17659
17655
17654
17654
17641
17639
17629
17629
17623
17623
17620
17618
17611
17608
17606
17605
17603
17603
17602
17598
17596
17594
17590
17587
17587
17584
17579
17579
17574
17573
17571
17570
17569
17569
17567
17567
17563
17561
17549
17548
17540
17537
17536
17535
17534
17532
17529
17528
17520
17517
17516
17516
17510
17509
17507
17498
17498
17490
17487
17481
17481
17471
17471
17464
17457
17455
17452
17449
17448
17448
17438
17437
17434
17431
17431
17427
17426
17422
17413
17411
17408
17407
17407
17406
17406
17401
17397
17397
17390
17389
17385
17384
17382
17379
17378
17377
17377
17373
17373
17371
17364
17358
17358
17357
17353
17351
17342
17341
17338
17337
17335
17332
17332
17326
17323
17318
17314
17313
17313
17306
17305
17300
17299
17295
17294
17287
17285
17284
17282
17281
17274
17270
17269
17267
17263
17260
17257
17254
17249
17244
17244
17242
17239
17237
17233
17230
17226
17225
17225
17223
17221
17220
17218
17216
17210
17208
17207
17202
17201
17195
17192
17190
17179
17176
17176
17174
17172
17171
17170
17168
17164
17162
17161
17160
17151
17146
17144
17141
17131
17129
17129
17126
17124
17121
17114
17107
17104
17088
17074
17073
17065
17064
17062
17058
17057
17057
17055
17053
17048
17047
17043
17040
17037
17035
17033
17032
17021
17020
17020
17019
17018
17017
17010
17008
17006
17003
17000
17000
16995
16994
16994
16993
16990
16987
16986
16985
16984
16980
16976
16976
16971
16967
16962
16952
16950
16949
16939
16937
16936
16936
16936
16929
16923
16917
16913
16908
16905
16904
16897
16896
16893
16893
16876
16875
16873
16867
16862
16858
16857
16854
16850
16847
16847
16838
16836
16835
16828
16822
16819
16817
16814
16812
16810
16808
16805
16791
16785
16783
16782
16775
16774
16771
16764
16762
16762
16758
16756
16756
16741
16737
16733
16728
16725
16724
16721
16719
16718
16715
16709
16708
16707
16706
16702
16702
16693
16692
16691
16685
16681
16681
16680
16677
16675
16675
16673
16673
16672
16666
16665
16663
16663
16660
16659
16659
16652
16650
16649
16645
16643
16641
16636
16631
16629
16629
16623
16620
16619
16618
16602
16597
16597
16587
16583
16583
16579
16579
16578
16578
16573
16569
16562
16562
16560
16556
16556
16555
16555
16553
16552
16550
16545
16542
16541
16536
16534
16534
16526
16524
16523
16520
16519
16518
16516
16514
16509
16508
16505
16501
16500
16490
16487
16485
16474
16474
16469
16468
16461
16458
16456
16449
16449
16446
16437
16425
16423
16417
16415
16414
16414
16409
16405
16402
16399
16394
16393
16386
16385
16383
16379
16379
16379
16378
16366
16361
16360
16354
16351
16351
16341
16341
16339
16335
16334
16332
16331
16330
16326
16319
16318
16312
16309
16308
16305
16303
16299
16296
16295
16294
16293
16278
16275
16274
16273
16268
16266
16264
16264
16257
16249
16238
16237
16234
16232
16221
16220
16217
16212
16208
16203
16195
16195
16186
16179
16178
16176
16172
16167
16157
16156
16156
16152
16150
16147
16147
16145
16143
16143
16142
16142
16140
16137
16124
16121
16116
16114
16111
16108
16107
16107
16107
16092
16091
16088
16083
16082
16080
16075
16068
16066
16066
16062
16050
16046
16046
16040
16036
16031
16029
16027
16024
16024
16019
16018
16017
16007
16006
16006
16005
16004
16002
15996
15988
15980
15980
15980
15977
15977
15972
15970
15966
15966
15965
15963
15961
15961
15961
15957
15956
15953
15953
15951
15948
15944
15942
15941
15936
15934
15930
15920
15918
15918
15916
15914
15911
15910
15899
15892
15892
15891
15891
15890
15884
15879
15879
15875
15875
15872
15868
15867
15863
15854
15851
15848
15847
15847
15842
15840
15835
15824
15822
15821
15820
15817
15816
15813
15813
15792
15791
15791
15787
15787
15783
15781
15780
15774
15773
15766
15764
15761
15760
15759
15752
15740
15739
15730
15728
15723
15713
15708
15708
15706
15704
15700
15698
15698
15697
15690
15689
15688
15688
15681
15681
15679
15678
15678
15669
15664
15664
15657
15652
15642
15642
15641
15638
15636
15635
15633
15625
15624
15622
15615
15613
15612
15611
15609
15602
15600
15600
15596
15592
15587
15586
15583
15581
15574
15569
15564
15563
15547
15544
15544
15541
15536
15531
15529
15524
15522
15515
15513
15510
15505
15504
15501
15500
15499
15493
15488
15481
15476
15472
15469
15465
15465
15464
15460
15458
15455
15453
15451
15446
15445
15441
15441
15436
15431
15430
15426
15423
15413
15413
15407
15403
15402
15400
15392
15389
15385
15383
15383
15382
15379
15378
15376
15370
15369
15367
15365
15364
15363
15362
15361
15355
15355
15353
15352
15347
15344
15343
15334
15331
15330
15330
15327
15318
15309
15304
15298
15297
15287
15286
15286
15280
15279
15276
15275
15272
15268
15265
15263
15262
15262
15259
15255
15254
15254
15250
15246
15245
15241
15227
15227
15225
15221
15219
15219
15215
15215
15214
15213
15208
15203
15203
15196
15191
15189
15187
15187
15183
15180
15172
15166
15165
15164
15163
15163
15159
15158
15157
15154
15152
15152
15147
15147
15146
15145
15140
15137
15137
15133
15127
15121
15118
15103
15100
15096
15095
15091
15088
15087
15086
15081
15073
15072
15067
15062
15055
15055
15054
15048
15041
15039
15034
15032
15032
15026
15026
15025
15024
15020
15020
15016
15014
15012
15009
15000
14999
14996
14994
14984
14983
14976
14975
14971
14970
14963
14960
14958
14958
14958
14952
14951
14950
14948
14944
14944
14943
14939
14937
14932
14931
14927
14921
14917
14915
14910
14910
14908
14895
14895
14894
14892
14891
14887
14879
14869
14859
14857
14856
14855
14855
14844
14844
14843
14841
14841
14836
14833
14831
14829
14828
14824
14823
14814
14812
14812
14809
14809
14804
14802
14800
14799
14795
14794
14793
14793
14788
14788
14788
14787
14787
14776
14775
14774
14772
14766
14765
14756
14755
14754
14749
14747
14746
14745
14743
14742
14739
14737
14731
14721
14721
14720
14718
14717
14715
14710
14708
14708
14705
14703
14702
14700
14694
14689
14685
14681
14681
14679
14677
14674
14671
14670
14669
14667
14666
14659
14653
14643
14637
14636
14630
14628
14626
14625
14625
14623
14620
14616
14616
14615
14612
14610
14610
14608
14603
14602
14601
14601
14597
14587
14584
14583
14583
14581
14577
14575
14572
14568
14561
14556
14555
14555
14551
14550
14545
14545
14543
14541
14535
14533
14532
14528
14524
14519
14516
14515
14515
14514
14512
14511
14504
14491
14490
14486
14483
14483
14482
14479
14476
14476
14474
14473
14470
14470
14467
14464
14458
14455
14449
14447
14444
14440
14437
14436
14436
14432
14425
14417
14413
14406
14405
14400
14396
14395
14391
14389
14384
14382
14380
14378
14377
14360
14360
14360
14358
14357
14356
14355
14354
14352
14346
14344
14341
14339
14338
14337
14335
14334
14330
14324
14321
14312
14305
14304
14302
14300
14297
14297
14296
14290
14290
14289
14285
14275
14265
14265
14262
14256
14252
14239
14237
14232
14230
14229
14225
14223
14223
14211
14210
14207
14206
14204
14202
14199
14197
14196
14196
14195
14194
14192
14181
14166
14166
14156
14145
14133
14128
14127
14122
14122
14116
14115
14111
14111
14106
14100
14096
14095
14095
14092
14085
14084
14067
14066
14066
14059
14058
14057
14052
14051
14051
14047
14038
14038
14036
14033
14030
14030
14030
14024
14016
14015
14012
14011
14010
14001
13997
13989
13979
13971
13967
13959
13956
13952
13951
13948
13946
13944
13943
13937
13937
13937
13934
13923
13921
13915
13915
13914
13914
13910
13907
13907
13904
13902
13899
13894
13894
13892
13890
13889
13885
13885
13873
13868
13863
13860
13858
13853
13852
13851
13848
13848
13846
13846
13845
13843
13841
13841
13838
13838
13830
13826
13821
13819
13813
13813
13808
13808
13806
13805
13804
13798
13794
13787
13785
13781
13779
13774
13774
13763
13758
13756
13742
13741
13739
13737
13733
13731
13729
13729
13725
13724
13723
13721
13721
13720
13717
13717
13717
13704
13700
13700
13689
13687
13687
13684
13683
13679
13679
13677
13677
13671
13662
13661
13660
13659
13657
13653
13648
13638
13637
13633
13630
13627
13620
13611
13605
13599
13596
13596
13589
13584
13577
13577
13574
13573
13568
13566
13562
13562
13558
13556
13554
13543
13539
13534
13520
13518
13510
13508
13507
13506
13502
13500
13496
13496
13495
13490
13482
13482
13482
13475
13469
13468
13462
13460
13450
13449
13448
13446
13439
13437
13436
13434
13431
13430
13429
13425
13424
13424
13421
13419
13418
13418
13412
13410
13405
13400
13397
13396
13390
13385
13382
13381
13381
13379
13379
13372
13371
13370
13369
13365
13353
13353
13349
13341
13338
13336
13335
13335
13332
13326
13323
13320
13317
13314
13311
13310
13303
13295
13291
13290
13288
13281
13279
13261
13258
13254
13252
13244
13241
13241
13229
13229
13226
13219
13210
13208
13203
13200
13199
13196
13194
13191
13190
13189
13188
13188
13180
13179
13175
13175
13168
13168
13167
13166
13165
13158
13154
13151
13145
13143
13140
13136
13135
13131
13125
13124
13120
13118
13117
13108
13106
13103
13101
13100
13099
13097
13096
13089
13085
13082
13082
13080
13074
13072
13069
13068
13063
13058
13056
13055
13051
13051
13050
13038
13035
13032
13031
13029
13028
13021
13018
13017
13014
13012
13008
13006
13002
12996
12996
12995
12994
12993
12992
12991
12990
12984
12980
12975
12974
12970
12965
12965
12965
12960
12953
12948
12946
12944
12940
12936
12931
12930
12929
12928
12924
12922
12917
12916
12915
12915
12902
12902
12900
12899
12897
12895
12893
12889
12885
12882
12881
12881
12874
12873
12867
12867
12867
12866
12862
12862
12859
12858
12850
12843
12841
12840
12838
12836
12835
12835
12829
12803
12800
12797
12794
12786
12784
12784
12782
12782
12780
12779
12759
12758
12757
12757
12754
12753
12752
12743
12740
12738
12733
12715
12711
12697
12697
12694
12692
12692
12689
12686
12679
12677
12669
12657
12656
12647
12646
12646
12643
12643
12641
12633
12632
12631
12628
12624
12611
12610
12609
12605
12603
12600
12597
12596
12588
12587
12586
12583
12582
12578
12577
12574
12573
12572
12572
12566
12563
12561
12559
12558
12548
12544
12544
12539
12538
12528
12527
12526
12520
12516
12508
12504
12502
12502
12494
12484
12481
12480
12480
12474
12474
12473
12472
12466
12465
12459
12457
12454
12450
12447
12441
12441
12439
12438
12432
12429
12428
12425
12423
12421
12420
12418
12417
12412
12412
12403
12403
12401
12400
12395
12395
12390
12384
12367
12367
12363
12355
12353
12349
12348
12347
12346
12340
12334
12329
12323
12321
12319
12318
12313
12305
12303
12300
12300
12293
12292
12287
12280
12274
12271
12271
12264
12258
12254
12253
12249
12245
12235
12234
12234
12233
12232
12231
12230
12227
12226
12225
12223
12222
12220
12220
12218
12213
12199
12189
12180
12179
12176
12176
12173
12170
12147
12143
12135
12135
12132
12132
12130
12123
12121
12120
12117
12115
12113
12108
12105
12105
12098
12096
12096
12093
12089
12087
12078
12077
12076
12073
12071
12068
12058
12053
12052
12051
12049
12045
12044
12041
12041
12040
12023
12017
12013
12009
12008
12005
12005
12003
12002
11991
11987
11984
11982
11982
11979
11976
11972
11971
11971
11967
11966
11964
11956
11949
11943
11941
11938
11937
11930
11926
11925
11925
11923
11921
11920
11916
11916
11913
11911
11910
11908
11907
11903
11900
11899
11884
11882
11880
11873
11865
11863
11863
11858
11857
11856
11856
11853
11852
11848
11842
11840
11839
11836
11835
11835
11833
11829
11824
11814
11804
11802
11799
11797
11797
11795
11794
11785
11785
11782
11782
11778
11778
11777
11776
11774
11772
11763
11763
11760
11760
11759
11759
11757
11754
11751
11750
11749
11749
11745
11744
11733
11731
11728
11721
11720
11717
11714
11711
11709
11705
11697
11694
11692
11690
11690
11678
11673
11669
11663
11662
11662
11660
11659
11657
11655
11652
11651
11649
11649
11646
11642
11640
11639
11635
11631
11626
11625
11625
11623
11619
11618
11618
11617
11612
11597
11592
11592
11591
11581
11576
11571
11568
11567
11564
11559
11544
11543
11543
11542
11529
11528
11526
11524
11522
11521
11520
11514
11507
11506
11506
11506
11503
11503
11501
11500
11497
11495
11492
11483
11481
11479
11478
11477
11471
11469
11467
11464
11458
11456
11455
11452
11452
11450
11450
11444
11434
11415
11410
11408
11406
11398
11397
11395
11390
11384
11382
11381
11379
11363
11359
11355
11354
11345
11344
11343
11342
11341
11336
11334
11330
11322
11319
11314
11311
11309
11307
11298
11294
11293
11292
11283
11283
11283
11283
11278
11267
11266
11264
11263
11263
11262
11259
11259
11255
11252
11248
11247
11245
11245
11245
11243
11242
11242
11233
11231
11230
11221
11221
11218
11214
11211
11211
11208
11207
11207
11202
11196
11193
11193
11192
11187
11187
11187
11186
11184
11180
11180
11179
11178
11178
11168
11168
11157
11154
11148
11148
11147
11143
11142
11142
11141
11140
11137
11129
11128
11128
11124
11121
11120
11119
11114
11114
11101
11097
11093
11093
11091
11082
11078
11075
11070
11069
11069
11064
11063
11058
11056
11053
11050
11049
11048
11047
11046
11046
11043
11033
11030
11030
11018
11006
11006
10999
10990
10988
10983
10981
10981
10977
10976
10972
10969
10967
10967
10964
10963
10963
10953
10951
10949
10946
10937
10932
10930
10928
10928
10916
10913
10912
10903
10895
10892
10892
10890
10885
10885
10882
10877
10874
10874
10867
10865
10861
10861
10858
10851
10848
10836
10825
10824
10817
10814
10810
10800
10797
10796
10796
10793
10791
10782
10780
10776
10773
10760
10759
10754
10752
10749
10738
10736
10734
10733
10731
10726
10726
10725
10724
10723
10711
10710
10708
10707
10704
10701
10700
10700
10698
10697
10697
10686
10679
10676
10675
10670
10668
10668
10659
10654
10651
10648
10646
10634
10632
10631
10630
10628
10623
10619
10609
10608
10605
10604
10602
10595
10592
10589
10587
10580
10579
10579
10576
10575
10569
10559
10555
10553
10552
10550
10548
10546
10544
10543
10541
10539
10532
10530
10528
10523
10522
10511
10510
10510
10507
10502
10502
10501
10497
10494
10488
10486
10481
10475
10468
10464
10461
10461
10458
10449
10448
10444
10439
10435
10423
10415
10404
10400
10398
10395
10390
10389
10389
10388
10386
10372
10370
10360
10343
10337
10335
10331
10330
10317
10315
10308
10307
10306
10304
10302
10299
10290
10290
10283
10281
10278
10262
10256
10250
10249
10245
10243
10241
10234
10230
10228
10226
10225
10224
10223
10218
10213
10211
10208
10206
10206
10204
10196
10194
10188
10185
10182
10181
10181
10173
10164
10164
10161
10158
10155
10154
10149
10147
10147
10142
10135
10134
10127
10123
10116
10112
10112
10112
10111
10110
10108
10106
10097
10094
10093
10079
10079
10077
10065
10063
10062
10056
10042
10032
10024
10014
10012
10011
10008
10007
10003
10002
9992
9991
9987
9986
9981
9978
9977
9977
9976
9968
9966
9957
9956
9956
9954
9948
9933
9932
9921
9917
9910
9902
9898
9888
9877
9873
9872
9869
9863
9861
9860
9855
9852
9848
9846
9845
9841
9838
9838
9837
9833
9832
9832
9830
9830
9829
9822
9816
9811
9806
9803
9799
9798
9792
9791
9779
9779
9775
9770
9769
9764
9761
9761
9759
9749
9748
9745
9743
9742
9741
9736
9732
9732
9728
9718
9709
9708
9706
9703
9700
9683
9680
9679
9679
9678
9671
9666
9661
9657
9656
9656
9651
9650
9640
9639
9638
9635
9632
9630
9629
9622
9620
9612
9610
9607
9606
9606
9602
9598
9597
9593
9587
9581
9580
9572
9572
9568
9566
9566
9561
9561
9557
9554
9553
9553
9553
9549
9549
9535
9533
9524
9522
9514
9513
9493
9486
9485
9479
9478
9476
9473
9472
9469
9467
9462
9456
9455
9438
9437
9437
9435
9434
9429
9429
9427
9423
9422
9403
9402
9395
9391
9385
9383
9382
9380
9371
9367
9359
9352
9350
9343
9341
9338
9336
9316
9316
9309
9307
9294
9292
9286
9285
9281
9280
9279
9277
9277
9276
9273
9269
9266
9265
9264
9260
9258
9253
9246
9245
9242
9242
9240
9236
9235
9235
9232
9231
9230
9229
9221
9219
9217
9216
9215
9211
9210
9210
9209
9206
9205
9201
9195
9192
9192
9186
9176
9174
9173
9172
9163
9162
9158
9152
9151
9143
9140
9135
9132
9131
9129
9126
9125
9119
9114
9114
9112
9103
9103
9100
9097
9091
9089
9087
9085
9083
9082
9081
9077
9074
9074
9073
9073
9069
9067
9066
9065
9062
9061
9059
9058
9056
9053
9044
9044
9036
9035
9030
9022
9020
9020
9020
9014
9012
9010
9010
8999
8999
8997
8995
8995
8987
8987
8984
8980
8977
8972
8965
8963
8961
8961
8960
8959
8954
8954
8951
8949
8948
8946
8944
8942
8937
8936
8935
8933
8929
8928
8928
8927
8924
8909
8905
8905
8901
8897
8894
8881
8865
8864
8861
8848
8844
8827
8823
8820
8818
8811
8799
8796
8792
8789
8789
8777
8771
8768
8767
8758
8752
8746
8744
8740
8739
8736
8726
8723
8715
8714
8713
8713
8704
8698
8692
8692
8691
8682
8680
8680
8679
8667
8648
8648
8644
8642
8642
8641
8635
8634
8631
8630
8629
8628
8627
8627
8623
8611
8610
8606
8605
8605
8601
8596
8593
8592
8590
8590
8587
8577
8577
8575
8575
8574
8573
8569
8565
8564
8563
8562
8561
8560
8560
8557
8555
8551
8540
8534
8534
8532
8532
8530
8523
8522
8518
8517
8516
8512
8510
8507
8491
8481
8466
8461
8454
8450
8447
8442
8436
8435
8433
8431
8430
8427
8425
8421
8419
8418
8415
8407
8397
8392
8382
8372
8363
8362
8361
8359
8354
8354
8345
8339
8327
8324
8319
8314
8308
8292
8287
8285
8282
8279
8279
8278
8274
8274
8273
8273
8271
8271
8267
8267
8258
8258
8257
8228
8227
8224
8222
8221
8216
8213
8208
8207
8199
8198
8198
8197
8194
8182
8178
8171
8169
8166
8163
8157
8137
8134
8132
8131
8129
8128
8128
8127
8126
8126
8123
8119
8116
8114
8111
8106
8102
8101
8100
8097
8096
8092
8080
8079
8073
8069
8069
8067
8066
8063
8059
8052
8047
8046
8045
8039
8037
8037
8032
8030
8029
8027
8027
8018
8018
8015
8011
8010
8008
8008
8008
8002
8002
7999
7994
7989
7984
7980
7977
7975
7971
7969
7967
7964
7961
7960
7959
7957
7956
7950
7949
7944
7942
7942
7933
7928
7928
7922
7921
7916
7916
7914
7914
7914
7913
7910
7908
7904
7902
7899
7895
7886
7882
7882
7876
7870
7869
7869
7868
7860
7855
7851
7850
7848
7844
7843
7843
7840
7836
7834
7833
7831
7819
7814
7808
7807
7803
7803
7802
7801
7795
7794
7790
7787
7786
7783
7775
7771
7768
7766
7763
7761
7753
7750
7746
7738
7731
7728
7725
7725
7723
7721
7719
7717
7711
7709
7706
7705
7698
7689
7688
7685
7684
7681
7679
7665
7664
7661
7656
7652
7652
7651
7648
7647
7645
7645
7640
7640
7638
7636
7636
7635
7630
7615
7589
7587
7582
7577
7568
7564
7561
7556
7556
7555
7545
7543
7542
7541
7539
7537
7536
7531
7531
7530
7528
7527
7525
7522
7510
7508
7505
7495
7491
7490
7490
7488
7488
7488
7487
7484
7483
7481
7480
7470
7460
7459
7458
7454
7454
7451
7450
7444
7440
7430
7428
7416
7412
7404
7400
7399
7396
7396
7393
7386
7384
7382
7373
7367
7366
7364
7363
7359
7357
7355
7350
7348
7348
7342
7340
7338
7338
7333
7331
7328
7323
7321
7316
7312
7310
7304
7291
7289
7288
7283
7277
7272
7266
7257
7248
7244
7244
7243
7230
7228
7227
7226
7225
7223
7222
7222
7221
7214
7213
7213
7208
7207
7204
7198
7197
7187
7185
7184
7177
7176
7174
7169
7168
7165
7160
7153
7153
7151
7148
7144
7139
7137
7134
7134
7133
7132
7130
7124
7119
7118
7117
7115
7113
7106
7101
7098
7096
7093
7092
7088
7086
7083
7083
7082
7081
7080
7080
7073
7072
7072
7072
7070
7067
7065
7064
7062
7056
7052
7048
7043
7029
7016
7011
7002
6998
6997
6995
6994
6991
6990
6989
6983
6982
6981
6979
6976
6973
6972
6961
6959
6956
6953
6946
6942
6940
6936
6934
6931
6930
6929
6928
6920
6919
6915
6905
6904
6904
6901
6897
6895
6893
6890
6885
6883
6876
6874
6866
6862
6860
6859
6858
6854
6853
6852
6848
6846
6846
6844
6844
6843
6841
6830
6822
6817
6815
6815
6811
6803
6792
6789
6788
6787
6784
6782
6775
6768
6765
6757
6754
6752
6745
6743
6736
6734
6733
6731
6728
6728
6727
6723
6720
6720
6719
6715
6713
6705
6702
6699
6699
6698
6695
6694
6693
6692
6688
6687
6684
6683
6682
6680
6680
6674
6673
6666
6665
6664
6663
6654
6650
6644
6638
6632
6626
6626
6623
6618
6611
6606
6606
6604
6602
6601
6587
6587
6585
6570
6569
6569
6568
6566
6565
6564
6560
6556
6555
6553
6552
6548
6545
6545
6544
6543
6540
6540
6539
6531
6527
6527
6522
6502
6502
6501
6498
6494
6494
6492
6491
6488
6488
6486
6485
6483
6474
6466
6463
6462
6456
6455
6452
6447
6435
6426
6418
6416
6414
6413
6412
6412
6407
6406
6404
6402
6400
6399
6396
6394
6393
6392
6390
6387
6383
6381
6380
6380
6377
6376
6375
6371
6368
6363
6360
6355
6350
6349
6349
6349
6348
6348
6338
6337
6332
6329
6325
6321
6321
6319
6315
6312
6309
6306
6305
6298
6297
6291
6290
6290
6289
6288
6288
6286
6286
6282
6277
6275
6270
6267
6265
6263
6262
6259
6257
6254
6251
6248
6245
6239
6236
6235
6232
6231
6230
6227
6227
6224
6223
6219
6216
6211
6209
6205
6202
6201
6199
6199
6198
6195
6189
6184
6177
6172
6170
6169
6164
6155
6153
6152
6151
6150
6147
6144
6142
6142
6138
6138
6133
6133
6130
6126
6122
6121
6119
6118
6115
6109
6109
6108
6107
6107
6107
6105
6099
6099
6093
6087
6080
6075
6073
6073
6071
6071
6070
6068
6065
6063
6056
6054
6051
6050
6046
6045
6044
6044
6039
6039
6029
6024
6020
6020
6016
6012
6011
6005
6003
5992
5990
5976
5976
5968
5965
5963
5961
5958
5952
5949
5942
5937
5930
5930
5925
5924
5924
5914
5908
5905
5897
5895
5893
5892
5885
5885
5883
5879
5879
5879
5878
5877
5873
5870
5866
5859
5859
5857
5853
5851
5849
5849
5836
5836
5819
5816
5814
5813
5806
5805
5802
5800
5795
5793
5784
5782
5781
5770
5769
5767
5766
5765
5764
5762
5758
5755
5744
5741
5740
5739
5727
5726
5725
5722
5719
5715
5715
5713
5709
5702
5702
5701
5701
5686
5686
5674
5671
5657
5656
5655
5655
5649
5647
5645
5643
5643
5641
5640
5639
5637
5632
5627
5621
5617
5615
5613
5609
5608
5605
5603
5592
5585
5582
5581
5577
5574
5574
5573
5570
5567
5558
5556
5553
5551
5547
5539
5539
5538
5534
5530
5520
5518
5516
5509
5508
5507
5506
5504
5502
5493
5489
5485
5483
5483
5483
5482
5474
5471
5470
5470
5466
5466
5459
5453
5452
5450
5447
5442
5441
5434
5426
5426
5422
5419
5418
5410
5406
5397
5395
5393
5393
5392
5392
5386
5385
5384
5384
5384
5383
5380
5380
5366
5366
5364
5364
5361
5359
5356
5355
5351
5348
5347
5342
5340
5337
5334
5323
5320
5320
5319
5316
5313
5311
5304
5295
5290
5289
5287
5284
5284
5282
5276
5273
5273
5272
5271
5266
5265
5259
5254
5254
5253
5253
5253
5252
5252
5251
5242
5238
5229
5228
5227
5226
5226
5222
5221
5220
5216
5215
5208
5204
5194
5189
5186
5186
5178
5177
5168
5167
5167
5164
5155
5155
5152
5148
5148
5135
5127
5124
5118
5116
5115
5115
5113
5109
5103
5097
5096
5096
5090
5086
5077
5075
5071
5071
5070
5066
5064
5063
5061
5053
5053
5048
5048
5047
5044
5043
5039
5036
5034
5034
5034
5020
5017
5016
5013
5009
5006
4997
4992
4988
4987
4985
4981
4981
4968
4966
4965
4962
4957
4952
4945
4941
4940
4932
4929
4929
4923
4922
4922
4921
4918
4918
4915
4912
4904
4890
4889
4881
4881
4878
4869
4853
4839
4837
4836
4830
4826
4822
4817
4816
4813
4813
4810
4809
4809
4808
4806
4793
4792
4791
4788
4786
4780
4780
4778
4772
4772
4770
4769
4766
4766
4764
4763
4755
4749
4746
4741
4738
4737
4729
4725
4719
4719
4717
4709
4706
4702
4699
4699
4698
4697
4691
4690
4689
4687
4680
4677
4677
4676
4669
4668
4665
4664
4663
4663
4662
4659
4655
4650
4650
4646
4645
4642
4641
4640
4637
4628
4628
4628
4623
4620
4614
4613
4603
4600
4599
4591
4590
4589
4585
4582
4581
4579
4579
4572
4570
4569
4565
4565
4562
4561
4552
4547
4546
4545
4543
4542
4542
4536
4532
4529
4525
4525
4519
4517
4503
4502
4500
4495
4494
4490
4489
4482
4481
4481
4480
4480
4477
4476
4473
4472
4463
4461
4459
4452
4447
4446
4445
4445
4445
4442
4441
4441
4434
4432
4431
4427
4417
4417
4415
4414
4411
4411
4403
4395
4392
4390
4389
4383
4377
4372
4369
4361
4360
4359
4353
4352
4346
4346
4345
4344
4341
4340
4339
4338
4331
4325
4325
4319
4319
4317
4316
4315
4312
4311
4307
4288
4287
4285
4283
4276
4276
4275
4271
4266
4255
4251
4249
4246
4240
4239
4238
4237
4237
4233
4230
4229
4229
4226
4220
4219
4216
4214
4207
4207
4207
4196
4194
4193
4191
4190
4189
4188
4184
4183
4178
4169
4169
4156
4150
4148
4138
4129
4118
4117
4116
4113
4113
4109
4107
4097
4096
4078
4075
4072
4068
4065
4064
4058
4051
4048
4044
4041
4039
4031
4031
4030
4023
4013
4010
4007
3999
3998
3994
3992
3991
3988
3981
3980
3977
3974
3973
3973
3963
3961
3961
3960
3959
3958
3954
3949
3949
3948
3942
3941
3938
3936
3934
3933
3922
3920
3920
3919
3918
3915
3913
3908
3905
3893
3879
3878
3874
3871
3868
3864
3861
3856
3851
3840
3837
3836
3835
3832
3825
3819
3816
3816
3808
3804
3803
3803
3803
3802
3801
3799
3798
3796
3796
3791
3786
3785
3784
3778
3775
3774
3774
3774
3771
3771
3767
3758
3757
3755
3752
3751
3747
3745
3740
3738
3736
3735
3725
3721
3720
3718
3711
3705
3703
3703
3699
3696
3694
3693
3692
3690
3689
3688
3685
3679
3679
3678
3669
3667
3664
3659
3658
3656
3655
3649
3647
3642
3639
3639
3635
3630
3628
3625
3624
3623
3622
3616
3616
3615
3613
3612
3612
3610
3608
3607
3600
3599
3598
3596
3594
3593
3582
3581
3576
3576
3571
3567
3565
3564
3559
3554
3554
3554
3552
3549
3548
3546
3534
3533
3530
3524
3521
3520
3519
3519
3518
3499
3489
3485
3484
3481
3479
3474
3473
3472
3470
3468
3461
3457
3456
3455
3451
3447
3441
3438
3437
3432
3422
3421
3420
3419
3419
3416
3407
3402
3401
3396
3391
3390
3390
3387
3385
3383
3383
3379
3374
3367
3365
3356
3356
3351
3350
3340
3338
3338
3336
3335
3333
3331
3329
3327
3326
3325
3323
3321
3321
3310
3310
3306
3297
3290
3289
3279
3277
3272
3266
3261
3257
3256
3256
3254
3251
3245
3242
3240
3239
3235
3234
3228
3226
3224
3220
3219
3217
3212
3211
3208
3203
3200
3186
3185
3174
3172
3167
3157
3145
3144
3137
3137
3133
3132
3123
3117
3105
3101
3100
3096
3088
3084
3083
3078
3078
3073
3067
3063
3057
3056
3051
3048
3044
3044
3042
3040
3040
3037
3035
3034
3033
3032
3031
3028
3028
3024
3023
3022
3008
3006
3002
2998
2991
2990
2989
2986
2984
2984
2983
2977
2975
2975
2967
2962
2960
2951
2951
2940
2929
2925
2924
2915
2912
2905
2904
2900
2900
2893
2892
2891
2889
2889
2882
2882
2881
2879
2878
2876
2872
2869
2868
2866
2865
2864
2864
2858
2856
2853
2845
2840
2837
2836
2831
2830
2825
2821
2816
2812
2812
2811
2808
2806
2806
2804
2794
2789
2779
2775
2769
2764
2761
2757
2756
2749
2749
2748
2739
2739
2737
2732
2732
2730
2725
2725
2719
2716
2713
2712
2711
2711
2705
2705
2704
2704
2701
2696
2687
2687
2677
2676
2675
2670
2670
2663
2661
2659
2658
2658
2657
2656
2649
2648
2647
2646
2646
2644
2642
2638
2636
2635
2634
2631
2628
2627
2626
2622
2618
2615
2615
2615
2608
2605
2598
2592
2589
2581
2579
2577
2576
2574
2573
2569
2562
2548
2544
2541
2538
2538
2534
2526
2525
2523
2522
2521
2520
2519
2511
2509
2502
2495
2488
2484
2484
2478
2475
2473
2469
2468
2464
2461
2451
2441
2439
2435
2427
2424
2423
2420
2412
2411
2408
2406
2404
2404
2399
2398
2390
2384
2379
2379
2377
2373
2372
2371
2371
2368
2368
2368
2365
2359
2359
2355
2339
2337
2333
2326
2326
2325
2325
2324
2324
2320
2319
2311
2310
2310
2309
2305
2305
2303
2300
2293
2291
2288
2285
2283
2283
2283
2279
2274
2267
2266
2266
2257
2256
2251
2250
2246
2246
2241
2240
2238
2235
2232
2232
2225
2222
2221
2214
2213
2212
2209
2208
2206
2195
2192
2191
2189
2182
2180
2179
2172
2170
2169
2168
2168
2165
2159
2142
2140
2135
2133
2132
2129
2124
2124
2123
2120
2115
2115
2112
2111
2110
2106
2103
2101
2100
2097
2095
2086
2085
2084
2079
2071
2070
2052
2052
2047
2046
2044
2043
2039
2039
2035
2034
2033
2025
2024
2023
2023
2021
2019
2016
2016
2014
2009
2005
2005
1995
1994
1993
1990
1985
1985
1984
1983
1977
1977
1976
1976
1975
1971
1971
1969
1968
1965
1960
1957
1954
1953
1952
1951
1947
1946
1945
1941
1938
1935
1930
1927
1927
1926
1923
1921
1920
1918
1916
1914
1911
1909
1908
1906
1903
1900
1899
1898
1896
1894
1893
1888
1882
1879
1878
1875
1870
1870
1860
1854
1854
1854
1851
1847
1845
1838
1822
1818
1817
1817
1814
1813
1811
1805
1804
1795
1793
1783
1780
1780
1779
1778
1774
1770
1766
1760
1756
1752
1740
1740
1739
1736
1735
1729
1729
1728
1727
1727
1724
1716
1713
1709
1708
1696
1694
1693
1690
1690
1676
1674
1669
1664
1660
1660
1659
1658
1656
1654
1653
1653
1650
1650
1645
1639
1636
1623
1621
1611
1610
1607
1606
1605
1605
1603
1598
1587
1584
1581
1578
1578
1576
1576
1575
1568
1563
1563
1561
1558
1548
1545
1541
1538
1536
1532
1530
1527
1525
1523
1523
1516
1509
1507
1506
1506
1503
1497
1497
1497
1497
1495
1488
1487
1487
1486
1478
1478
1477
1474
1470
1464
1463
1461
1461
1459
1457
1452
1452
1452
1450
1441
1440
1437
1436
1436
1433
1431
1425
1425
1422
1418
1416
1412
1412
1403
1402
1396
1395
1386
1385
1382
1381
1377
1375
1374
1368
1368
1361
1357
1345
1332
1327
1326
1325
1321
1321
1320
1312
1308
1303
1298
1296
1296
1291
1290
1289
1288
1287
1286
1281
1278
1278
1273
1272
1272
1266
1264
1264
1256
1248
1241
1239
1235
1231
1227
1224
1222
1216
1213
1211
1209
1208
1206
1195
1191
1187
1185
1182
1181
1175
1174
1170
1150
1143
1139
1134
1131
1131
1131
1129
1128
1124
1122
1117
1117
1112
1100
1099
1098
1096
1095
1095
1093
1090
1087
1086
1076
1073
1068
1068
1066
1064
1060
1057
1057
1057
1056
1055
1052
1052
1051
1048
1045
1043
1042
1035
1032
1029
1027
1020
1014
1013
1012
1011
1008
1004
1004
999
996
994
991
991
991
988
984
984
983
982
982
980
977
976
974
971
969
965
965
965
961
958
949
949
948
940
935
934
934
929
927
925
924
921
920
913
906
905
905
903
900
892
890
885
883
881
878
872
870
870
867
863
859
857
856
844
844
843
837
836
834
834
825
825
822
822
817
813
812
812
807
804
803
800
800
799
797
790
787
786
784
782
782
782
781
778
776
775
770
769
768
759
753
749
747
746
741
738
735
723
721
717
713
708
704
700
693
692
691
689
687
684
681
679
678
663
663
663
662
662
657
656
655
650
648
645
644
640
637
636
635
630
629
626
624
623
619
617
616
614
613
612
603
596
593
593
592
587
583
581
576
565
562
558
557
556
553
553
552
552
548
542
541
539
538
534
532
529
519
517
513
513
502
501
491
486
482
482
481
478
476
476
476
464
463
457
454
451
449
449
440
438
436
427
417
413
409
401
393
392
391
389
388
387
379
378
373
372
372
367
362
359
359
359
355
353
351
348
345
340
339
339
335
322
313
311
311
306
305
301
301
300
299
297
295
287
286
282
279
273
268
266
261
256
253
248
247
242
241
239
237
234
226
222
220
220
220
218
217
204
203
200
196
194
194
187
186
183
179
171
164
158
156
152
148
144
142
142
141
138
135
134
133
132
132
122
122
122
119
116
114
105
105
103
99
97
93
91
89
80
78
65
54
52
45
44
43
37
36
30
19
11
4
1
