12133
26778
3670
12280
28072
19249
19577
32616
20877
26747
26383
15326
18171
22531
1363
892
26355
15817
19347
156
3947
31474
31847
22615
7405
15664
29103
30165
8687
6383
10574
15955
14321
6725
25000
31221
18009
30870
476
32081
23310
22794
18881
24503
28886
19376
1442
19010
16240
28527
16826
11168
29041
26801
14702
23712
23519
5837
32332
384
5007
13368
4808
13300
31806
19820
29872
16886
11634
14996
21364
3409
18702
2044
28184
22507
8120
31035
21749
2261
16107
4893
2867
13844
17627
22611
17414
32557
5644
9434
14251
1138
20657
21547
19489
1807
6597
7719
3496
32211
8171
22209
13051
10944
28678
31849
10572
32081
30616
16700
25604
19853
20699
31469
27703
15312
13473
9585
27625
16724
11756
25709
12547
15746
27469
12128
25619
3067
18941
5264
28359
28517
30397
16053
20007
23798
16493
10600
19605
29889
30830
12362
24454
12995
31929
25844
9470
9389
18364
22434
15565
12399
8696
16030
31115
14217
20828
10350
9556
8976
25183
9405
22084
9346
26335
4106
3761
14155
18108
28178
9515
12051
32307
32510
12341
24270
26108
31565
29120
9345
24868
8831
32363
26069
3240
2183
7293
18781
19669
19950
5790
14503
21602
11975
32344
30468
329
5206
6738
22807
11114
5503
31814
26912
16607
4592
31431
1030
19485
21518
2741
15142
16335
26016
13435
1758
9330
830
8463
5592
945
23159
31399
17686
11646
32453
7484
3266
13044
16690
21184
28083
13040
22214
5918
11199
21609
31159
8181
24771
2707
29008
9237
13427
32440
11421
7861
17634
15313
23516
2682
3024
30695
13475
20521
19639
5932
19664
25894
22420
17624
14389
21940
11382
15813
21760
14059
19400
10441
29420
15480
16222
6359
16682
28183
10304
5332
12045
14546
23866
16698
11128
22519
26143
1903
28424
20954
24545
22243
15616
1103
5458
23532
18168
31974
22712
18529
8005
6372
27155
2552
26151
10502
30253
2656
7605
5365
31334
21789
20617
14984
6460
16167
30507
1212
11165
27714
18494
30323
6892
19996
24429
9455
20437
31016
26387
24078
16849
27453
12461
30275
29560
8173
26624
31320
26506
3750
19721
16614
23227
28299
8361
6031
20034
23568
12301
2050
12064
15448
10975
28844
9777
31310
12334
27967
23796
31109
15902
19172
17178
23248
28751
1087
8400
28321
14606
294
460
28962
318
5665
17689
27669
23300
32673
23971
23148
13109
21761
3970
27047
11649
12093
13830
29938
5980
32629
24199
5626
7600
20768
17385
26515
12612
29711
30449
22027
17898
18984
16203
6475
22635
13536
343
13491
26419
24181
13495
6323
18877
23281
14233
16938
4796
23775
2757
29567
26894
31178
16998
25472
866
14969
14232
32253
12963
29421
18101
4643
10027
7703
9823
2714
23721
14681
9037
2910
22734
23491
19671
4446
10426
1290
24127
28630
18730
24647
28869
18285
25950
30326
17001
21262
6347
3241
7550
9862
8069
10767
11507
15074
8555
424
18785
25734
1040
15302
2772
3854
28524
23363
11097
23269
28999
14980
1612
30886
27489
23600
16478
24117
14434
2992
25704
12700
13188
2407
243
1447
3842
16046
4739
17472
9536
13718
18088
25224
12471
20573
25538
15033
5798
31916
24983
10174
12410
24214
32406
16015
16378
12113
24040
16718
31282
19378
31292
10275
21797
11882
31055
23512
1074
20995
11326
32307
20290
13976
18571
23575
12471
1879
9713
25945
26132
7096
3304
18019
24428
20602
25078
32651
14732
29794
14780
5681
12008
17587
8636
15259
11078
13676
10731
1424
28204
324
31482
5302
26634
15718
1380
17580
15912
27884
5432
16870
8526
20509
22180
8524
25397
27495
5957
21906
30384
539
20528
7765
18074
235
17600
19707
3966
5155
16926
31559
10249
26026
19345
4030
25648
16056
16267
11197
32545
2388
16751
24407
14315
28053
29731
16112
3308
1685
20826
13979
16894
27443
10654
14131
7521
1681
6432
6459
1894
31817
32064
20854
30945
5229
14042
21318
25676
27461
17750
15557
1467
24776
1646
10405
17796
982
9918
16840
6570
30011
3853
29854
4622
32356
23133
23106
31572
22495
8372
14676
17558
23444
8873
14484
5067
7877
8621
8003
13557
12231
28959
16186
20494
29566
3086
25799
4528
24217
15307
26698
12935
1683
6966
15764
2423
18021
710
7419
5260
29451
10581
8765
9381
23485
1457
32026
6112
4586
15587
4015
20164
13556
10557
5780
18481
15791
17957
14005
4104
1431
3236
3313
27802
1491
3246
7028
30418
2541
20271
12501
2337
21071
19674
9454
12588
25213
1456
1919
4152
30484
1362
7298
22097
24454
24584
16972
17470
14226
29837
7528
24612
15494
32416
9779
18684
14900
17995
29751
21686
19382
30706
25416
25898
27617
28955
28256
8131
4490
3583
23611
29674
21371
17364
6578
7220
20531
5080
24025
1610
21857
8989
29655
19868
799
792
18056
13509
26351
30439
2516
18876
19062
16741
7629
8384
12794
18416
1931
20994
18077
5621
7111
9743
10327
3392
14138
7428
25525
20229
8371
15472
1875
10669
28923
20487
5402
5986
7273
2316
19258
6489
31299
10364
230
31714
26075
8187
4818
20273
21862
21888
7022
8426
667
30143
29407
17006
272
346
12994
10216
24147
198
14752
11286
10187
2814
27183
17624
29261
2795
8782
29818
16253
28558
9662
961
23787
13043
30882
20663
6377
25558
26037
15926
26926
7698
11341
4150
24364
7629
4627
16600
1585
22885
21631
6702
1855
19993
13846
8400
11948
27511
9059
6944
12154
18825
11191
16728
16500
5567
18848
25176
28429
25243
14122
2354
17400
17951
18904
28529
5510
29430
4704
18477
9156
14436
15402
12239
23120
5359
26759
19620
21503
18379
433
27684
31793
3334
16775
10496
27119
28792
26629
26094
20681
25448
23941
10548
9073
255
15543
9462
17431
11629
97
30783
24196
31709
20695
29904
18422
1817
11578
30124
190
10493
27760
4703
13210
15517
20967
15122
20179
22326
12809
2384
4886
9173
25213
20886
13331
19913
29220
16796
26327
9674
25806
5990
31210
28134
28352
15625
21288
30767
27622
21822
28511
1062
3800
1192
16302
1766
911
997
152
18960
484
18006
26347
3450
3020
16815
15955
6038
21333
8766
21949
24740
1119
30715
21869
17559
28187
10323
23262
26568
18501
12468
30301
14941
4129
1495
26212
18040
14647
7121
11447
13599
11726
25305
22848
13806
23337
