6933
9134
1205
17430
16509
15776
27052
12103
23541
560
27749
13326
24263
20315
31427
24618
8883
11310
19167
4692
23198
10753
2450
29650
25081
7539
26051
28637
5874
27433
1137
17588
11101
25669
10623
2684
6241
28328
8515
19422
8419
29928
14029
3167
3762
23056
17143
22654
5751
27930
8241
15247
3674
6189
3849
14170
25461
18327
22397
6515
31226
17544
13057
19031
25635
32660
19278
29259
7132
1767
23025
4085
11059
9285
13455
23735
28539
24265
20985
6863
25411
23641
5107
10543
6906
24300
25028
31005
24671
22907
24445
16779
6314
22728
19978
3124
24956
15314
24570
30843
4231
30739
3854
20482
509
25983
16003
18701
25018
20029
13855
4757
23344
15908
16893
1580
23574
19956
793
7060
21968
26201
15515
31261
10653
13984
10724
17346
11139
23350
10585
30210
26618
28645
18418
31872
6235
2510
31105
20826
29190
21798
2499
18249
15446
21169
4648
22909
22854
28926
98
7478
11488
32103
31151
12578
3945
10439
9959
18041
13902
7162
13637
8154
16332
22550
6133
8676
19811
24170
22113
20885
22776
23611
29499
23650
12493
22073
14410
1562
17953
4035
29430
6267
15014
10719
28050
12433
22695
13815
12651
1490
25078
14420
23956
1787
24983
22108
7791
26792
27693
11403
4604
438
31528
2099
9441
4441
20140
243
13373
19196
576
11769
45
17372
16443
29431
15130
7779
16367
8422
16841
3909
31378
26237
18464
6236
17136
19568
1721
5444
11219
14697
13608
30134
26925
14791
23821
16805
6156
1817
20952
17178
6459
2905
22879
29136
27319
23528
20769
31887
11224
26702
23640
3145
14395
22702
26304
7413
1394
22538
2090
2095
12139
17980
5311
7564
24481
3504
26133
25791
31492
6370
10484
25965
17065
9115
15333
4304
21297
25579
27262
10509
12027
18149
4464
16982
16137
15645
30541
14783
30387
21218
26138
15841
1550
4156
20889
17713
18201
23716
5715
3614
20909
25222
7527
1260
25123
11895
28949
11091
32450
1590
3593
24022
2031
13156
32105
4837
7956
15875
925
28594
4172
21168
28641
20179
10963
20640
22668
5276
13360
15196
20509
27962
25119
3132
24331
20624
1856
8101
20041
26577
24194
14850
3739
12514
8526
24707
18587
31597
21619
408
24970
7108
30676
10540
216
28540
1235
15522
25201
4038
26492
31376
461
19852
24178
14910
27062
21327
28058
9949
13528
2243
20361
29319
2826
5159
4526
15610
10079
5478
18239
10772
13035
30448
32484
25614
85
28757
26406
1400
29729
5798
19862
9976
9658
5771
25789
3266
1346
29732
31943
12247
4634
27809
6894
7933
28208
21920
7079
29569
23051
5705
19343
21935
26008
5675
8980
19726
25010
15829
4324
22620
24179
25908
32533
2380
16957
19376
32537
8194
17798
30213
18528
25162
24423
3554
30154
10908
28388
8003
11731
27344
11513
20366
8573
7841
13161
27247
3580
27107
9286
24693
11556
24196
15935
4969
16531
9796
27052
3186
9118
3124
2651
30698
4092
8688
8728
766
308
31900
4094
30472
25288
17823
30849
11948
29983
6946
8759
16564
5427
31815
21353
31916
21247
15658
31837
5437
678
16024
14945
5194
13411
26002
32663
29900
16180
3712
27524
32366
19014
30773
8279
16103
287
25254
8441
15643
24205
23914
984
16881
14930
497
1651
21234
1420
5508
19878
15014
25062
20224
24243
15023
32641
15442
7444
17314
28064
945
22787
20137
18966
31902
15045
13529
31599
23709
5818
8276
25057
29617
30246
29470
10993
13464
24765
16320
13285
1227
13040
12191
9965
4148
3322
29465
16144
7341
9897
5989
24279
6461
5101
24103
26044
25873
17954
29398
28753
2620
22045
6606
28465
26670
25336
13620
16551
2550
4510
15245
14623
9271
30997
31773
18001
30444
1934
19713
6439
3803
11310
32524
626
8922
20890
13153
28241
2245
30021
28373
10845
32314
26489
1794
25237
16667
38
17706
269
13249
21614
23250
23637
2304
14572
1051
24746
13279
7368
29663
8159
5908
2427
25999
29705
12354
21347
28879
8429
15089
18182
31438
8235
1873
24358
24935
1063
174
20361
15353
7611
8114
28805
19974
20637
17502
22349
1934
17042
13255
9982
12073
20816
13712
26217
4583
31540
3371
26270
21736
9896
19151
1597
17594
29778
12344
23932
15989
2045
9505
7927
3736
29768
30594
14651
24994
13584
25481
1297
8816
25759
8026
3210
25178
6033
26247
14031
9995
2954
16718
25765
14884
5274
917
18883
22160
30059
16294
3795
20389
3632
10410
2122
3584
3661
8423
3560
32285
5318
28601
16142
19641
27497
23378
16323
3303
18619
8753
14980
9204
17572
4195
13007
5884
27610
11389
29806
5705
7693
14420
11140
25199
8919
387
29017
26408
8546
15770
23013
10224
26327
28198
19998
23135
10122
2149
16129
19018
9958
23750
32098
25498
29210
31266
17013
32231
6528
2237
13592
17884
5330
22779
30694
24650
15883
8674
3068
8968
3870
11091
5257
32658
3674
24584
18200
31581
5528
845
5277
20987
24618
1662
22337
7411
2947
14916
4333
7518
30374
22414
1688
833
11344
7249
17489
20142
17380
30720
22027
9881
25882
970
16684
16763
23143
17047
2772
15273
24108
25792
22253
30577
3742
2960
27639
25337
13432
18559
10129
16344
18530
21544
12230
18545
25375
14607
27933
20244
1146
28181
6495
13011
23790
7351
28454
17956
1560
3850
17962
827
21981
375
10315
10788
14427
21558
11102
9380
15504
22667
7095
19406
16333
13763
17275
27492
25561
8686
23202
7923
15332
27225
27599
25772
23602
2002
14799
516
14467
15003
29171
5643
32068
27178
14094
30093
20344
17575
20812
11499
8037
23074
3769
17334
31230
12183
8333
7697
1300
1444
313
6083
4667
20228
12082
13599
29821
4819
18560
1428
1217
13952
21253
5138
249
27537
15758
292
12815
15642
26011
8902
1165
30971
11759
17931
14
28892
29142
28272
18792
20202
24889
12029
7062
31310
4450
31009
25448
18290
20112
32075
27113
28659
31290
31048
14740
3684
547
4191
10806
6601
15395
2350
16289
7374
12975
3395
18197
9418
11821
18042
24431
9336
1786
30233
22543
18031
3127
25004
4746
27495
2903
12705
21269
20522
17513
7588
11180
5979
22310
697
28165
13034
29882
16154
20536
26963
25171
28630
12331
29337
6250
27686
8639
26886
2772
6798
13244
2463
25991
31672
6013
105
18989
