32726
32706
32695
32680
32619
32600
32594
32582
32565
32563
32544
32524
32524
32425
32391
32337
32334
32236
32161
32130
32120
32083
32077
32025
32003
31992
31960
31896
31883
31881
31878
31874
31710
31662
31606
31572
31566
31563
31563
31467
31460
31429
31428
31424
31414
31405
31258
31208
31167
31166
31132
31034
31031
31015
30995
30994
30949
30927
30904
30885
30880
30838
30825
30733
30724
30689
30658
30648
30611
30577
30527
30459
30436
30423
30412
30381
30367
30345
30323
30315
30264
30216
30215
30100
30051
29962
29924
29923
29890
29866
29856
29849
29824
29799
29780
29681
29597
29542
29534
29527
29515
29467
29427
29414
29391
29377
29294
29232
29227
29196
29179
29166
29161
29149
29112
29100
29047
29044
29040
29031
29029
29019
29006
28996
28989
28982
28974
28889
28864
28824
28807
28788
28741
28683
28643
28617
28577
28531
28519
28450
28408
28369
28342
28284
28264
28208
28107
28086
28053
28014
27980
27974
27918
27911
27904
27889
27857
27776
27771
27730
27727
27722
27714
27686
27610
27560
27545
27538
27464
27446
27358
27302
27253
27244
27218
27209
27156
27117
27117
26974
26952
26916
26914
26905
26893
26874
26873
26847
26807
26729
26700
26683
26679
26563
26547
26422
26397
26395
26384
26268
26203
26142
26079
26071
26063
26022
26010
25992
25954
25947
25848
25841
25697
25597
25595
25534
25490
25456
25417
25331
25300
25296
25249
25197
25183
25122
25038
25023
24980
24943
24893
24805
24801
24789
24775
24700
24690
24681
24681
24677
24631
24609
24552
24521
24493
24472
24443
24387
24356
24322
24318
24314
24258
24241
24234
24157
24155
24099
24085
24061
24039
23984
23969
23937
23910
23898
23884
23855
23855
23790
23788
23732
23730
23713
23702
23697
23662
23640
23632
23622
23601
23592
23567
23541
23478
23470
23338
23292
23283
23278
23254
23208
23203
23158
23087
22998
22970
22961
22903
22841
22835
22803
22786
22722
22698
22652
22582
22568
22459
22450
22438
22326
22275
22275
22259
22196
22174
22143
22099
22063
22035
21996
21986
21933
21894
21840
21829
21806
21805
21781
21773
21722
21704
21701
21622
21586
21563
21538
21509
21504
21454
21425
21402
21327
21298
21256
21214
21197
21196
21073
21018
20993
20986
20971
20961
20961
20897
20878
20860
20843
20827
20821
20814
20774
20682
20642
20538
20501
20451
20441
20428
20401
20385
20336
20321
20245
20206
20195
20135
20128
20120
20033
20007
19987
19975
19922
19921
19917
19912
19890
19840
19771
19716
19713
19702
19675
19642
19633
19621
19613
19593
19383
19372
19347
19346
19270
19269
19133
19122
19088
19077
19064
19034
19021
19021
19015
18999
18940
18936
18910
18887
18865
18825
18796
18709
18705
18696
18681
18615
18603
18590
18559
18505
18449
18419
18409
18365
18361
18327
18322
18226
18171
18169
18165
18148
18142
18118
18096
18057
18031
17959
17943
17918
17871
17845
17831
17828
17768
17758
17751
17722
17716
17693
17662
17643
17600
17583
17527
17510
17500
17500
17474
17368
17310
17270
17254
17224
17187
17178
17171
17077
17051
17044
17003
16989
16983
16967
16960
16933
16930
16889
16856
16850
16730
16692
16664
16662
16657
16651
16536
16527
16508
16489
16484
16466
16436
16430
16407
16398
16325
16264
16178
16036
16011
15989
15953
15936
15900
15899
15895
15876
15802
15798
15796
15738
15708
15663
15560
15541
15513
15487
15480
15442
15412
15398
15391
15316
15183
15062
15009
14984
14956
14931
14924
14904
14881
14864
14776
14773
14768
14732
14726
14630
14554
14457
14447
14414
14353
14331
14324
14323
14311
14295
14269
14245
14218
14207
14183
14156
14147
14097
14063
14046
14000
13998
13985
13968
13905
13902
13784
13743
13719
13711
13666
13643
13569
13532
13468
13465
13393
13364
13325
13304
13261
13223
13198
13122
13038
13023
12990
12984
12970
12969
12919
12907
12886
12844
12828
12757
12737
12724
12697
12673
12665
12633
12589
12588
12573
12564
12472
12448
12370
12367
12354
12344
12341
12292
12290
12255
12236
12231
12231
12203
12187
12175
12154
12120
12073
12047
12042
11972
11967
11914
11912
11898
11852
11818
11789
11763
11750
11742
11716
11704
11697
11663
11635
11597
11521
11502
11450
11439
11436
11391
11375
11367
11346
11341
11245
11206
11191
11189
11180
11153
11078
11056
10888
10858
10844
10808
10707
10680
10659
10652
10634
10617
10588
10587
10585
10556
10545
10448
10199
10027
10019
9996
9978
9976
9963
9876
9871
9866
9857
9854
9838
9703
9614
9610
9550
9538
9341
9334
9333
9321
9294
9260
9120
9105
8976
8936
8929
8887
8877
8856
8840
8837
8823
8819
8776
8758
8660
8650
8581
8577
8569
8539
8504
8484
8471
8435
8378
8362
8349
8254
8232
8228
8206
8187
8175
8113
8085
8077
7989
7956
7942
7921
7909
7907
7859
7822
7806
7788
7780
7714
7648
7551
7502
7491
7475
7434
7425
7270
7246
7245
7234
7185
7174
7147
7112
7094
7070
7029
7024
6774
6773
6716
6679
6665
6626
6565
6536
6520
6496
6455
6401
6400
6381
6351
6305
6287
6274
6264
6260
6240
6232
6216
6215
6171
6139
6123
6113
6095
6070
6039
6033
5899
5897
5878
5840
5831
5727
5719
5707
5673
5663
5660
5584
5539
5503
5488
5443
5376
5343
5276
5250
5245
5241
5231
5208
5185
5174
4992
4946
4894
4881
4800
4675
4660
4600
4591
4587
4574
4571
4563
4543
4532
4521
4494
4465
4447
4434
4432
4417
4416
4384
4380
4370
4356
4319
4319
4303
4285
4176
4146
4081
4078
4041
3999
3986
3969
3817
3716
3690
3594
3582
3570
3569
3563
3545
3544
3489
3456
3445
3424
3352
3318
3266
3258
3163
3135
3134
3099
3086
3084
3042
3015
2993
2991
2922
2888
2859
2797
2791
2753
2737
2632
2512
2507
2489
2488
2467
2453
2453
2385
2314
2278
2271
2214
2197
2171
2168
2161
2158
2151
2148
2124
2119
2076
2013
2006
1971
1968
1954
1778
1711
1682
1677
1606
1591
1581
1554
1539
1535
1515
1489
1488
1425
1409
1360
1360
1317
1285
1268
1263
1256
1209
1187
1080
1073
1026
1013
966
936
890
878
773
714
708
681
672
670
624
608
607
604
557
547
473
456
433
247
231
220
140
137
78
63
38
37
6
