16387
14237
17425
13660
31939
32680
8075
28181
26871
32636
13116
5593
7265
22393
26445
31200
20198
15288
21518
8615
5901
22232
31448
3232
5174
3462
12453
7833
154
28366
5740
26348
26374
23845
15165
11884
30807
15410
17441
30730
15540
12128
13743
24651
7310
13605
15214
1898
32089
11023
2286
29260
28167
1683
12453
3624
8009
20117
3210
17138
9093
8630
5235
16524
12949
21857
15919
29356
27973
31125
17251
18315
23691
19824
26917
13651
10372
28799
9562
10822
17203
23751
15824
21422
760
30098
15642
26504
26834
14075
22831
23791
3668
21049
10177
16201
30568
17067
15455
2101
17351
10151
3146
11312
31796
28418
13335
17930
30587
7263
31496
3339
4909
14649
12331
484
15384
14766
15664
32343
649
25105
2827
5030
13889
31021
5198
25533
17976
21338
16708
24862
24596
578
27085
8592
2919
13680
6396
12167
15531
6046
28273
1618
7167
13499
14712
9479
31647
13502
10718
25646
14885
30509
12951
31280
3202
23404
31249
23166
27579
16838
29782
23424
8803
4413
740
20292
13788
19986
13900
31459
10060
3347
3469
6323
18529
20391
20270
20782
8133
5274
22557
22181
6496
10665
31818
4004
32337
2509
21763
31780
28842
21576
6414
16755
26349
10352
23176
2276
25418
29246
18048
7478
25238
29590
16978
29381
16139
5716
709
1651
706
21274
30948
16212
26097
14556
12445
16156
29924
24872
32027
19784
6589
23862
3811
18703
1515
26548
20400
19975
14187
26446
8207
30616
5569
3583
21179
28449
25269
8474
438
12524
31438
13847
6443
13266
8592
28702
13319
24493
21877
2645
9809
32386
26540
15082
20813
5227
21395
15071
7509
19014
4598
32408
13682
22304
25605
27430
24765
5215
21015
5201
5496
10417
23073
20327
8683
30136
2548
9927
1792
13426
314
31277
24734
27754
5934
22459
30662
12704
8222
22987
23150
21817
3746
5494
5408
29927
27802
26084
27218
5398
26601
8274
9092
12764
28403
31972
22556
29341
6359
16432
17921
27777
21868
29062
6137
8087
8445
10753
13763
6854
14277
18511
31220
29304
1321
5439
27026
30212
19127
9487
18802
20447
15075
371
11601
31875
891
26725
23733
17435
1007
11184
10625
8947
11075
32058
5211
19618
14800
13332
23230
13812
25278
22083
19166
20890
2369
29516
31039
27537
5526
7041
13332
20306
7612
14
20568
9406
24051
1986
11438
12232
15606
25759
1529
24288
22519
30240
31163
21539
21087
1100
21038
21828
25922
8063
30756
20024
27300
12531
9887
21156
24686
2065
15408
18951
7982
28794
17936
12967
16530
7380
8448
10044
29090
29269
19424
4959
11456
272
18449
17073
5985
13570
9100
14027
32649
3036
2239
28649
13576
23438
28715
5205
14966
30104
20415
8853
2543
13071
25586
6740
27023
13681
28322
18449
2988
26666
1967
8073
30422
3810
23382
20709
29072
27789
29263
1188
28107
20272
24487
27206
12326
3188
28763
1470
12008
15084
14520
26517
25785
13350
7029
15326
4899
11123
9868
23517
12493
25974
25053
20086
32625
23663
27522
25431
1442
23877
32240
21733
26688
26965
15314
7399
24502
26877
23973
26613
17658
31463
7444
21406
29250
27669
31249
25436
29575
9393
13751
22585
17083
5522
7907
22333
3017
29326
3212
2718
13392
17794
8678
10663
8992
9762
14395
4964
880
8833
2692
26643
32741
9311
32458
19786
12612
24374
10559
18663
15601
4867
25883
24252
24367
12245
7992
23799
23830
9751
11884
851
6739
28573
21930
28929
20130
7535
19415
1364
5901
30297
25965
7983
24290
29230
15314
26415
23669
7648
28278
4247
7578
13377
22959
15615
24545
30615
24404
28348
12431
6114
7451
13838
4193
12780
11443
1292
5888
13077
18848
22096
21059
11739
30938
4706
23847
27436
3621
24549
27278
17515
11055
19076
16314
4676
5227
27802
23177
15408
30640
1956
16238
13511
144
14183
11059
28361
22137
11232
9329
5866
24718
5616
10442
7777
27459
12996
29165
25135
3003
8710
3655
31536
23777
29381
18826
739
29256
4901
8415
22777
7363
3782
16106
13727
23748
18421
15233
5259
7797
6037
6956
17608
7064
32715
19036
10562
32543
23916
4204
30225
9866
17448
13912
30341
7429
29043
23872
10230
11325
567
16539
13640
7942
22331
24634
8000
4526
21585
19971
7562
27678
26178
7019
1158
25014
31610
8880
15318
4838
23412
10204
4520
11405
2275
3450
30404
8466
6821
6421
28501
22339
14185
884
17527
27376
8218
20632
17028
23366
29970
11122
4126
17133
8704
16740
27132
30177
7317
22910
20342
8465
25073
9077
27598
18361
24273
31330
18500
14976
11893
5953
4824
25681
23634
28452
1501
2297
5244
14650
15426
20869
28370
22659
32416
16985
16615
9553
21763
30481
8883
21118
27000
16408
4606
27247
1883
32265
24712
8139
17245
22216
22777
28155
6231
8287
18059
17762
1234
7578
19321
16217
30034
26723
12839
5617
1895
9691
9486
23400
29041
24636
31085
11623
6966
8817
30897
24577
13093
12658
21665
23660
19559
32609
12873
12157
20907
13414
30636
997
22702
26955
18473
1070
8845
28630
23465
24691
21706
17642
7310
29666
14112
2140
14427
17907
519
5782
3875
25445
2565
8174
11699
19197
21435
22980
15999
27134
23723
9566
7501
25703
9418
18563
31139
9455
17609
5081
13297
28865
7459
4863
24959
31479
27111
8809
8981
13272
18243
1791
14956
20434
29396
25461
2647
16950
21935
10088
28081
10166
9007
21566
4357
23710
6269
13242
15104
15061
10464
23649
12183
15251
8906
8080
6648
30943
6558
15706
10546
19152
8258
31267
19363
31872
8297
29182
13605
21710
23197
17862
7160
28380
23311
32254
22637
7748
28447
16233
21336
23320
26537
11625
28467
29088
13333
5656
22546
29139
8733
17448
26187
6801
20061
4731
32737
15526
4508
7553
9397
20863
30428
11861
4459
16810
1571
15255
9501
5903
28680
7175
30146
5872
26108
18150
16220
32674
11102
15885
6629
26121
11069
32202
8695
28372
7914
3709
62
24446
4421
5111
31646
17152
19141
30350
547
7766
29252
512
21676
28856
28304
5645
16727
31637
21682
17618
6315
3663
28412
31463
18824
20922
10452
3384
20431
20306
27459
18596
25041
12350
13885
24407
2169
28680
686
20456
3640
32538
14665
8753
28851
4344
18959
5618
16687
4671
12449
7973
8120
609
28999
19487
15637
11549
23228
29035
3947
32705
6335
14182
9651
30239
25434
26010
17885
23377
22257
2011
16833
23084
16650
18723
11978
6533
28126
8238
27745
24614
17059
10709
9499
31886
12439
19756
13985
27756
19660
1370
11363
32730
6327
27963
14588
29786
18294
26807
23139
17297
3044
2016
5335
8645
15199
32718
28809
26648
20820
21818
9734
26242
8079
5341
9579
22928
14148
13702
25671
32734
22236
32766
7758
2901
26753
6300
29891
27173
23912
1702
6307
9089
29153
21870
27538
17437
9760
11049
17287
5737
30665
29070
15670
8842
10301
27699
18753
12829
7079
22694
24605
21419
7365
29774
2245
6634
4471
1024
7714
4793
27657
14688
32565
12761
25920
4606
5642
11117
19238
3116
24925
31280
28821
19873
27913
3448
2437
6095
25908
23278
23
9732
12348
20490
3677
20802
15200
24401
10479
5599
26158
9550
1583
22237
14512
24914
20055
31495
20566
15851
16455
16336
12194
9509
22289
24043
23702
7299
15424
23465
31197
25787
4844
10519
18107
22837
26494
25043
12726
19266
20547
20658
27138
21788
2739
4372
7085
24738
8575
27138
17039
24016
26461
16140
16367
25856
21139
13028
7926
16610
1349
22458
13268
7228
3710
2391
436
20322
12287
19705
4960
2421
13515
21233
12980
20827
9326
30205
10948
6786
24337
21606
205
26964
28223
24281
20444
17272
5749
30982
13120
26575
30059
2042
27569
2601
14629
2621
11069
3787
15288
5547
13302
417
4061
22290
13661
17731
18999
28561
5261
13738
4964
19371
2855
15023
20165
20526
18689
1607
25102
30918
1165
31360
27021
17504
9739
29498
25914
2880
31086
28582
10882
6881
4879
22400
9939
13200
21268
22540
16102
17351
13215
5330
22224
32074
19894
10265
20168
8195
16629
12068
182
5790
27125
24110
2688
16612
4987
22567
28947
2008
3681
17965
26675
6036
23620
27337
19203
23265
22771
11502
4436
5271
3730
22194
19886
12986
8338
969
31
14161
31057
31686
18885
21254
9872
29714
19741
3455
4248
30120
18186
6015
30764
25238
11429
8891
26413
22323
22983
23421
16
25377
7255
24570
22528
22017
10324
20852
18386
7161
16545
23312
24493
26087
8340
19061
26997
6498
29245
5672
9724
17525
23926
28074
12519
4378
31663
12110
14178
29816
15478
24540
28035
5596
1737
32744
28287
10617
8988
23279
29583
15072
14888
11318
3488
9021
29818
13667
19901
10071
1719
8920
2109
31045
13999
22995
7852
6641
9513
3143
31866
22094
26729
11895
12902
23641
17281
10840
23720
9169
1629
27812
16353
9909
25228
10174
18627
9602
16590
26697
23168
29481
25443
22406
6131
1234
24846
18289
5009
16723
17643
25755
4622
19567
24310
10694
19407
18895
4439
28994
22802
21440
9839
16394
13535
8626
31651
9885
686
6764
3307
21406
725
19984
11545
13355
25016
5075
30442
15869
19887
18296
17102
16196
32693
25233
11639
20544
8918
28021
31523
17055
18007
1024
25514
10906
18082
27149
4935
24014
22776
27572
27686
986
9685
1348
21681
5310
7714
3839
7834
24814
30493
26776
21160
32569
30984
24685
27971
15453
3221
21124
22462
26726
13068
15175
10854
7627
21826
14848
846
24134
5434
16147
32216
8567
3736
25085
5892
12599
12746
6928
2680
28605
9716
23787
29779
25459
23967
18875
17330
9366
18978
53
18942
2192
22988
15439
29436
10005
11478
18369
29074
5375
11532
30271
27994
28906
29749
10611
31976
7567
11591
6332
30940
17889
23628
22697
29606
1769
14610
24116
25116
23394
2197
31166
16573
9492
8493
1486
16835
28657
1400
17801
20458
19185
16901
12017
29187
21165
31173
7390
23351
18877
19762
9404
13340
23251
2108
3082
26745
24724
17144
6542
1497
20282
24840
15960
30418
7146
7112
21118
10003
15830
830
24977
23599
9491
8638
17121
20267
17207
11872
31093
21192
442
31267
6089
4754
16906
990
9029
13989
17259
24298
13186
30786
2709
22673
18748
29461
9995
2101
6421
16196
29245
13888
17935
8247
9309
17871
18375
21546
23297
3357
30834
20596
28029
18609
1689
30356
11006
5448
18068
3584
24167
7296
8136
3758
13291
24649
4512
2143
23663
20747
3148
12974
2717
6807
6460
29148
9672
21456
3931
23640
20099
32022
20236
3345
4351
31093
16869
20092
24872
28306
6702
27236
15487
14161
3607
10869
3509
21831
2749
21894
11789
3299
6875
13738
8303
6235
32080
29429
25163
7512
10069
20238
28211
20832
11898
3449
19511
30983
22117
5281
19455
11733
15946
5032
17579
5878
27177
14575
30315
164
9163
17764
27101
32341
28538
2190
26922
932
4227
4442
28382
8192
22892
8099
9867
18710
17398
8835
23326
24575
3281
20316
28412
23849
20258
7588
14820
20231
23477
13172
26756
6008
18434
3792
14808
5112
28897
30644
13894
7305
27917
1763
15483
1375
11098
19823
3
3918
14518
26887
21930
29428
27105
4355
27030
29350
25836
26673
15137
7963
18035
8029
31352
15067
24218
13474
9205
26725
16840
23411
30012
3875
10534
22889
6167
8974
24278
25546
7954
15137
12787
18909
12246
8831
11853
30704
30534
20579
5089
7973
17243
29387
18970
3585
24256
30692
19146
1459
2604
16948
16615
6180
12163
29578
22278
23234
10924
31397
29079
31244
17456
20391
20710
31198
14744
2872
22221
11898
28547
17529
27706
14938
10633
25007
16996
7352
25555
18348
27596
7385
10871
5117
2294
7709
2708
19925
1252
10440
31025
14780
7511
13198
19414
15351
12997
31200
7912
30134
7193
27385
17861
2304
31277
32167
8356
12127
18183
29914
29738
3915
7383
24814
7883
31831
28844
27064
18406
3613
15610
11602
25759
14826
22476
16295
11900
23338
28873
5821
26559
22162
29416
28613
2437
17423
17907
30948
14243
19314
11197
19391
5692
8152
13602
1225
23842
17883
2755
844
17650
4218
1407
7736
10734
200
21168
22958
152
29784
8234
26956
30740
20068
3060
2871
26171
1983
21444
2025
22910
20865
60
25280
27777
13932
2023
1858
14195
26400
9714
32561
31535
7427
24746
32083
25108
16366
31673
18686
29349
15000
21024
22117
4063
10691
21492
6053
9054
21032
9176
21135
19758
2339
4158
1843
13682
31775
25692
13105
23479
703
19696
32191
22
26577
19637
6265
523
21747
31904
24812
20760
19715
5091
3808
19225
24904
29599
31593
9318
3426
12903
19628
13739
26098
25465
4722
19334
1544
5563
8046
21477
26448
18039
11086
1310
4348
17366
2436
23243
18800
15134
209
1131
14001
28331
3990
8634
6539
20398
10458
26828
3972
30633
13850
4587
1923
15782
27092
9526
21824
25402
11986
1526
3947
5437
16439
22463
9372
15430
13899
6475
21245
22761
5126
4374
28345
26544
8542
26553
8995
2266
7760
3079
6823
26582
6832
15593
14705
7805
32433
21753
22239
4115
4148
13281
8615
30716
209
24946
6856
10302
20646
18051
21298
13242
4578
6032
22580
42
22800
19726
31401
31705
26148
17807
23778
29477
21063
28058
29522
16822
20066
2376
25596
23420
15980
31647
28829
26986
15732
10158
22425
30196
22125
18284
22438
25929
32189
21585
16954
13648
6020
23986
18613
16740
5804
26845
28750
1488
181
14073
22719
7945
25150
3226
16816
174
82
22311
31461
8256
21112
19436
11046
4001
4473
23806
6642
17230
26351
8146
26594
92
2450
412
25055
11828
21058
25961
23299
2062
5588
2043
14672
27182
20380
17768
8467
14049
26815
7281
27414
3894
10293
2979
20872
23421
6048
9263
32685
24449
26832
28298
28742
22149
10259
31941
18110
21247
18237
18090
3865
24086
19834
11162
4252
4829
14294
13865
7997
12621
22153
32118
6089
25860
13060
16460
29399
15296
19132
5626
6768
1946
10937
20722
28283
10498
14301
28452
9195
31870
12277
13336
27303
26658
12161
18637
1596
17614
18500
32085
17733
7978
29834
2093
918
3170
29500
24414
9003
3746
22692
1876
10195
17744
24577
29569
24988
25869
18890
21681
20989
13161
21186
28972
14278
616
4033
25229
28104
26553
14908
21861
2116
11184
14745
9871
23828
11272
30005
31313
25243
11867
15153
10551
4462
24157
18432
7856
13503
29660
15025
1381
21901
15480
509
23901
11406
1314
3600
22482
18135
8021
21271
5328
18769
32279
26766
7827
32476
9902
20807
16030
7488
28963
14393
2203
27864
21624
11790
14070
16125
15016
13162
13623
24371
6243
7165
29731
27414
17542
5703
25490
15619
19292
25646
11791
21893
14743
4161
4658
28550
6924
11210
30140
11058
10546
24982
3703
31658
25944
27011
15563
17262
6826
10446
29728
19335
994
2842
19703
375
4301
24639
7368
10209
1924
19160
12185
26104
32104
2955
32611
25001
25562
13590
1316
20616
9407
5407
32707
11132
2743
23992
19624
28969
28952
23475
11800
8992
30636
17836
6993
27081
13871
28623
30313
2828
11143
28781
17383
8130
25793
323
16414
13279
6096
10628
28237
15707
11780
31916
32120
5605
31307
31236
7940
25415
5931
22771
11029
6807
10363
19979
11944
2595
31973
5327
16239
5658
19227
19014
12656
5114
1756
25664
2652
28861
2469
20843
20144
3523
2872
3605
1165
126
9678
14782
2136
8415
25115
31077
3857
4740
1798
12943
29300
13470
10533
27415
8914
9380
13818
22969
23212
16313
30447
29533
28692
20190
18451
291
24516
18903
32402
2866
28155
23775
15094
9281
31003
7435
8992
25057
23044
6014
16388
3473
28206
10066
31528
23168
10121
15937
30682
11296
15892
3095
17460
14703
24383
12504
7633
6404
30466
26033
17996
476
28345
18591
9085
19682
32198
14049
10098
832
26597
25118
15407
1384
17741
3158
12070
5857
12428
5771
22644
23250
30240
20011
31201
3407
8660
9540
4502
1383
1505
16742
7324
19433
6080
3415
1305
21242
16080
14714
14409
6744
28844
22268
8253
19564
14154
31171
32086
8209
31956
3351
23425
2855
14662
18190
7984
4566
24012
26298
26139
16034
6617
10513
14267
3891
22023
8351
16771
25058
178
23533
6877
12291
2130
1711
19688
8437
8092
29105
6642
16874
10072
11648
16567
28279
23041
9176
14167
13787
5406
23505
6681
18703
23651
21704
18914
15762
29318
9230
30323
12529
9187
16723
4197
6424
7887
11729
24294
19803
30140
25144
13617
5188
10001
12124
975
16922
18118
32161
16783
13366
9667
5922
26694
13573
4854
26788
327
5340
4662
25917
32161
895
9435
30916
22043
30319
25
13559
12016
10231
19745
9583
31563
31477
20214
30276
23681
20329
2575
22912
14608
5055
18866
22340
18267
7900
7947
29884
2083
7914
13839
24004
27845
10468
7187
32087
9526
13536
21547
12476
20926
4896
21827
367
5239
9687
19967
4560
16005
27579
19028
10382
5395
10062
5859
1745
27153
12013
32281
29994
1198
12693
15111
13115
5527
31864
15874
13861
13037
3396
7930
25014
6153
32046
22939
10319
9455
4288
12069
15767
22931
30824
18956
18402
18638
3516
32591
15455
16158
6542
18841
20995
6432
28340
23065
14137
1487
26004
23329
30278
12410
1138
16512
13438
3719
24697
16800
14377
19689
906
22880
24882
6498
25288
26543
149
17274
12768
20717
14982
28987
7961
14082
24418
25521
17439
10298
26455
1829
22415
24551
31954
19219
27457
29877
16811
32241
17241
4299
15123
10399
4621
4007
4153
9644
9267
7606
1983
28751
19090
13750
28640
26400
3045
6092
23901
32409
27566
5732
27948
8016
20929
21708
29920
11250
24204
21392
19927
27391
14375
26259
10021
20551
7199
28914
2627
25128
16898
665
32376
13956
23210
13217
30467
17285
14410
22896
30733
16
27450
29071
7762
4106
24450
24137
30089
30797
18216
20745
18840
5737
23865
32369
24185
22555
19865
30778
15082
28301
19852
18638
29143
31059
12544
11431
5768
25890
2208
1381
18314
31310
5273
25266
31838
22282
6186
15574
484
20829
23022
15641
20870
31974
23785
12252
12069
20561
7764
31862
14787
9877
25641
16079
23285
6131
26733
24255
16646
26286
27968
16676
20459
31627
1445
28357
13547
11783
7954
19690
2315
21595
6071
17335
11835
22320
28046
28236
21313
17698
21031
12447
19049
8695
12081
20244
7913
28060
26567
25569
5398
7907
25216
20004
329
3582
10293
30401
8591
2747
9104
1789
26132
6781
19802
27868
21581
6654
20865
18746
28903
16070
30954
9132
23666
13418
25596
20
3789
20869
25064
12806
23888
8312
28858
2526
14268
14305
12833
14237
18403
7900
24830
32648
24599
14588
5039
7295
25684
30216
22296
27678
6701
16757
28277
16533
2935
28071
17379
29768
26551
5864
21927
6949
4172
14884
11333
28105
15196
31594
9538
19026
22911
22563
7859
26370
10798
16656
20366
4761
10986
22533
22701
7791
19756
19815
23201
20051
7951
6503
7228
27174
21183
3323
3549
19767
20641
30369
13689
3934
16448
22227
20334
9175
13306
24649
12296
2532
25455
16369
12751
27425
8357
26799
15510
17317
29691
24276
12613
28637
2772
16224
18017
15401
25855
32504
8544
21043
27880
7333
14511
8212
26240
17490
19071
5413
24814
7428
29779
20645
5874
16087
14155
7695
27165
3260
29998
23353
25779
28148
12856
9260
28251
9035
10153
24775
8077
13333
29450
4114
24504
12010
28221
28003
14902
14881
31820
19251
5616
12301
22254
16317
15313
17146
10456
32604
22508
25829
202
162
24940
28415
26965
17975
5439
17632
12652
27256
28546
28555
12722
18635
20395
27686
6781
24772
13176
10870
5805
20217
13467
30492
20272
30629
13602
19857
6992
16127
26280
19939
27075
27480
6205
21037
11889
3319
30486
24535
24835
1973
11765
28819
22576
6743
3927
20242
3526
32686
13919
906
6010
1392
19077
3049
24689
13525
20990
23510
28554
26865
16106
24684
18034
28372
9024
949
9573
2915
14201
27624
16324
757
8191
29283
11612
32429
7508
3687
9328
27546
4866
12181
18572
12175
4423
17452
6665
20419
19836
26368
21087
25897
13641
28985
14637
31374
2187
27601
15882
12404
9728
7371
25353
17072
30392
11316
17422
19397
9276
7387
18132
25087
1403
5327
16314
27215
28280
12701
5968
15594
20149
25670
15525
30624
19038
4354
28750
6653
14902
28344
13367
18209
15938
25144
27689
18783
20279
20798
31519
13208
31397
10535
26952
15446
13792
5489
24284
11943
29617
8692
32671
3263
26817
17634
29494
16461
10945
3200
9773
29849
5722
27809
4036
30306
10200
26599
2172
13690
12950
4281
32102
17437
8999
7683
3110
28694
14409
4016
21450
20880
24202
7913
1613
27581
6840
30218
1769
15144
12042
27753
8480
19931
26383
16838
9353
16688
13914
5520
29019
16759
5610
5597
16827
26445
19548
8743
15301
3767
3280
24007
6236
1025
6299
28211
27314
8793
20401
24824
21654
16426
23504
30069
13184
1338
25197
18013
4702
1666
26975
3818
27676
17361
23118
2018
2806
25375
20698
6219
4221
17842
8075
21997
29290
21235
14203
4492
30758
5389
24261
27362
1301
843
25004
10334
15270
5678
10891
20127
17692
337
27777
13231
18969
12029
19672
2560
26607
22924
14137
7975
11942
24190
18578
19034
29645
10077
31939
18091
1537
17489
2827
29953
3391
5250
7477
16859
9193
6192
19842
10949
29849
18580
5973
8086
26793
4470
9889
15214
13183
18571
12819
4467
18073
16020
19455
2374
31324
17975
22027
1863
30620
19612
925
23694
11754
24519
5893
15012
25249
16056
17770
9989
9391
20292
28022
10838
12580
5553
3265
14182
5244
2580
8190
1510
5293
26475
23016
23784
12271
20602
23786
2330
15437
26214
25489
31423
29680
11538
946
18289
31270
22845
30810
2968
9525
25688
7802
26537
6370
552
4175
5407
32192
21536
2963
20282
24889
30332
3685
2938
2654
17181
22265
15834
20334
26152
12799
9421
14376
8285
17364
22777
30929
21303
14443
7350
4612
13000
1530
10053
8508
14675
11876
26576
11810
14503
11113
31782
151
9534
29072
22323
19329
30489
13776
21312
14422
15449
25089
11248
8042
14749
25605
7158
30968
13343
17333
6807
21234
16781
11149
29923
22409
14761
20504
16051
12411
9631
25114
22369
21279
18730
30591
32330
305
8549
5894
13061
2654
30065
21165
23904
6798
21708
7387
31006
8437
8044
17488
16755
7129
29599
17101
6203
21793
7586
19074
9470
23457
25859
15932
26533
17703
21431
75
15096
1349
21242
17460
735
25820
14826
20251
597
26221
10722
21231
5419
8991
21655
20563
18818
27792
2037
11087
5382
16220
7095
24251
8683
21102
7368
31335
28584
20233
21085
22539
17270
32149
30927
13042
9351
29482
20025
3685
24583
3038
19670
5848
20691
15822
12055
27095
26364
4335
6535
28846
11002
18322
1631
14811
14512
952
20200
32052
28195
29979
28309
14040
18938
23545
23516
1239
13749
27807
4824
13217
14253
24505
11680
9519
18640
15195
9829
32499
18968
8398
8013
19072
21968
11035
19475
29945
26758
10841
22875
22843
7631
18359
28118
16586
31933
24137
8474
1916
4129
5267
1086
19944
18049
726
6201
26252
21976
29212
19960
27072
7952
5
27713
7262
19776
13136
30538
5422
11429
19753
30232
19732
30050
25397
12697
1529
1528
3678
18816
13433
18819
14942
15076
22609
17850
25101
13464
28550
3236
17515
21832
28758
3611
24173
12120
30176
1282
13704
11900
2962
31813
16126
15127
17238
10133
28651
14165
636
3041
16910
12807
12646
13203
14680
27457
14837
27279
13879
1717
183
15852
8351
1998
17613
15216
14301
29580
4765
11470
4891
13346
13629
19102
7858
6737
21146
8992
8755
6275
7788
12465
6963
5030
20442
23561
30938
26062
17900
26170
1066
28297
1716
30312
272
19713
1340
18249
21549
8149
23086
12380
14689
26292
23366
1768
22299
25021
15736
4795
14947
2714
11744
4768
1956
854
3438
3229
27707
5890
15182
26097
7360
10252
6680
32464
27671
10330
15292
19932
18229
30505
24619
14179
8626
16553
12998
7259
7955
15188
29319
23838
1237
24338
28914
19430
16697
29198
5049
19206
4819
1878
17714
4846
7376
19253
32633
23516
29706
14672
24165
26467
28877
6275
25643
9629
20839
22649
23764
29231
31090
11533
3168
9473
23008
868
5048
29370
19915
11463
14421
22782
30714
23361
31409
4711
27954
19452
10096
20036
14147
15196
20302
10260
31950
32472
20936
6849
22999
24733
26250
27548
13582
6369
20891
18716
7645
263
11850
6486
32560
23672
31960
13372
13064
21307
24290
1429
17087
31322
11925
21184
24601
1525
23696
8232
25358
291
16535
29318
22618
10124
18686
26586
27840
15559
13520
25639
16674
32116
17602
19953
29506
1561
3802
5751
26454
19389
24799
2481
7757
582
23935
8712
9444
3219
16451
23511
26471
21081
29747
17574
30280
6078
26952
16928
1889
12983
21654
19674
16393
14882
18230
6851
5080
2723
18420
30057
17466
15679
23486
14321
19638
27577
10439
12499
18428
24239
8318
25434
6576
372
23602
25815
26873
14253
6274
20904
14280
28842
31622
5612
8937
5258
4542
1539
5835
9997
11710
712
1294
15415
5783
9614
26321
6826
12549
12251
6073
10177
3930
15079
21954
31084
5165
25298
29125
10702
5057
27049
31949
18584
8247
3607
32282
1571
27764
4587
32241
29776
29136
11341
28969
31008
17540
25536
20854
20242
17104
3031
28276
12096
2799
25271
17267
312
25531
2640
24069
11419
1056
22874
8520
26744
25922
16401
29172
9318
2926
15537
5923
26467
29122
7089
23524
16495
1179
32703
15742
9448
22209
28030
12932
22692
32084
22274
22173
15312
15990
25351
1808
6795
32438
27637
15378
23106
6463
29332
10959
8393
3781
143
31802
20798
14123
13994
9365
31390
25076
707
10175
5156
4464
14730
22081
9062
15522
4095
20247
10285
17396
12464
21054
27159
1178
26800
12289
1006
14022
10326
24836
18631
656
21435
4877
24283
30627
7921
13974
11301
21417
29188
22803
28863
17268
4273
22531
11005
2801
488
14521
8518
16333
29443
12519
11702
740
4804
11247
10101
25710
8209
22762
1494
24296
10350
3444
6447
5316
12862
2366
30075
15568
20153
26193
27312
26982
20396
16931
9953
5721
7412
27483
24084
10650
26040
8292
5089
21166
10602
10931
25295
29904
21627
25305
23918
2021
27873
26952
25908
7204
2633
8165
4888
27778
5660
12369
3568
11230
3892
10999
27275
30961
19803
2773
29070
9459
135
10763
26383
14606
26584
29478
12275
26244
31821
23337
28936
19871
2890
28767
993
18268
31946
2531
23925
7638
16740
25579
17014
24436
9215
13529
25971
14546
31572
1792
19117
368
30504
25398
3513
26397
1351
6174
25817
25633
2623
10802
32283
27693
27106
14483
4655
31747
7033
25232
18697
30693
17864
31224
19515
1215
7878
3616
8976
18451
2841
7091
13416
15016
14675
27964
2646
31218
13551
30836
13178
17472
11530
17485
24095
2984
27361
9147
2325
19378
13326
20805
26189
3527
5250
14159
19254
18520
19521
28964
19162
1230
23776
20678
21943
30772
29376
30069
31582
31398
9736
16129
10702
2425
20324
10704
1678
16424
27775
24495
15756
29697
20545
2393
25016
24211
6856
11463
15200
726
13608
9277
8266
14617
19683
31249
12691
3500
2855
13626
6986
24145
970
25244
12747
25187
6150
26389
2269
2500
18676
26183
24715
24200
13769
18980
963
21859
16852
14139
29872
14547
7731
31172
727
6924
13144
14188
9971
31400
9792
29153
16529
1547
30061
9757
4459
10647
27048
5235
4742
21653
22136
32091
32522
8414
26208
24318
12517
18765
28380
32640
11038
6884
2074
20495
28153
19649
25721
29872
28880
27327
9154
31940
23980
16107
7720
6237
27302
26029
25345
22083
27904
30898
26434
14020
514
31900
8125
7999
27030
32105
793
31343
28323
1444
12181
4472
31017
23630
12412
27059
9761
13705
8039
13114
274
16906
7477
5170
15219
18748
24267
23771
32196
14901
18828
28761
11883
24410
23447
28224
19023
8400
23491
26849
11062
425
3420
13398
22495
17355
25498
6735
14815
24224
28901
32411
21820
13440
3531
16502
24011
13022
29629
25749
17993
18740
18317
21490
9532
25263
20392
15191
2951
20122
21011
22445
10448
17292
22054
15106
22930
26962
17931
22107
31489
5530
11254
21567
8353
10084
1826
4096
1956
11560
29839
13768
25608
16840
10108
22375
25453
19508
28070
478
439
3551
15167
8107
2920
11237
31405
13266
27066
7929
7175
14768
5247
13840
8272
13695
17849
6095
7281
16808
19193
28341
28664
9420
4216
11272
11155
15504
16887
3457
25418
18732
7510
20918
26752
26035
21238
18251
10152
14624
4048
8920
9670
11300
3410
18329
22956
12210
17149
28377
23794
24646
5568
23067
12466
4601
8466
31757
4616
4422
30161
17453
6733
9370
27357
31032
9998
6813
23411
20055
17870
28995
28491
7945
8064
24977
18545
32207
8131
23599
13029
409
21467
17075
12785
32243
15731
27047
1868
4591
5397
12128
4083
14801
14437
13182
4803
20349
16417
31554
23767
9633
31193
3731
18340
10658
16749
22990
1237
14408
30283
24657
19431
4392
2149
3013
17797
5333
22773
9263
20641
14789
27376
15542
32086
25605
8011
8498
22913
2973
30960
4216
27417
24001
9343
20328
29778
17596
16325
24755
23926
668
7421
28013
24702
19102
32201
10838
21107
1368
494
17896
9863
11177
17874
11040
1778
25696
27831
9485
8077
20655
4789
12057
30257
13134
25209
32282
27854
24174
19136
3608
18762
5220
3985
16604
24351
18194
13117
22845
14003
25109
29463
24362
20086
2992
21492
14454
20926
2171
31329
615
24930
11723
19111
30716
18968
3808
3199
28930
17551
20690
3733
17877
6987
20792
1471
9207
21060
2973
9210
8018
11326
27044
9001
3149
10727
27125
16268
28305
24242
18926
24065
2200
14198
7691
23038
22522
3781
1297
14154
2679
11021
25085
13182
14275
625
18608
29503
27669
24677
2391
18232
20334
18700
1692
17626
30121
13905
17038
11987
9031
2759
20049
26959
4856
22081
2181
30193
2025
18481
22135
13200
14545
27585
17418
23986
24505
2483
13923
1993
31374
19449
7512
4143
2151
32531
20374
18147
20375
3372
32148
17409
30834
3828
26427
10755
2272
3644
16466
20410
3235
22099
28587
3594
30312
28194
5391
11624
1423
6153
490
12053
15546
29560
4279
28183
13591
7246
1834
21500
23150
25586
28447
7502
23529
50
4677
27093
23975
19422
1161
5263
14079
29987
26949
3952
18836
13737
24357
16090
15645
28780
16093
4314
11249
20827
6285
19496
3157
19122
7151
21213
25222
3096
22342
21746
1925
20344
30982
11900
4261
6047
68
28074
9173
15514
2012
15482
17582
25037
6244
10814
26171
12755
11476
4306
19852
31769
22001
4506
4345
4154
10366
26174
16439
29464
25122
293
284
18878
28952
14770
11570
5624
19096
65
15357
8368
15369
21984
1548
11783
8931
973
11458
22327
14182
20148
13026
9771
22012
8613
4572
20187
29551
27863
22489
8809
10187
13343
6792
6141
31761
2350
19110
1889
26272
28045
13392
29019
8803
22618
14344
29134
19643
23488
2185
14223
30251
9783
31050
7688
4550
23425
10708
17551
28505
352
6596
16260
11352
31767
29087
16173
18313
22183
3162
18513
17266
21190
3492
23190
900
31903
4345
8346
20484
15949
15719
1492
11453
12053
18975
20009
28263
6757
16315
2894
15061
31376
593
3040
24546
25415
28731
8260
11546
6103
8612
20800
15399
18725
5331
25686
21506
14185
21303
18916
21205
13229
23351
20733
19122
15620
23222
15621
15606
13707
1640
6415
8315
27425
6615
25846
7809
28646
19508
30781
12890
32372
17886
13991
6103
26080
25268
29333
13429
14703
19739
6436
26439
16408
15822
1027
27555
24510
27752
3349
14988
42
31923
16330
5859
8650
29870
17469
12364
9259
1888
24589
2273
30776
16479
10493
2457
14896
23583
17739
29047
28520
22780
21969
2930
25542
3333
26076
22311
25337
19598
31951
4161
18809
28020
11640
16548
10562
13102
16174
18780
32336
28569
19631
3657
11993
25728
29883
12422
21325
12780
30831
926
526
23857
25443
10606
6895
15541
6531
216
20078
21631
26286
21292
23729
28547
27664
27735
18499
432
1855
2505
30859
7861
3864
19496
2064
4503
600
6070
14959
24820
1017
3970
22039
19476
16723
5970
24011
3253
7662
2124
26069
27027
16680
1126
267
26041
24971
5267
387
6282
27115
32171
2325
31374
21570
30742
9621
13054
22092
13888
29901
12814
15330
26045
3133
9213
2840
5943
8338
2269
19989
14619
10470
32034
7861
4359
31165
32493
20448
24562
5051
15382
20648
7449
8743
13563
9509
29613
25888
16396
4368
28478
929
14866
20514
741
310
28482
30762
22324
21371
2309
24817
2782
21338
3205
11725
21031
1536
13815
21767
8458
31140
15531
16622
19500
12791
19413
26296
19587
24681
15385
28444
4549
25634
23000
19631
3987
19899
17469
23554
29026
25280
12549
27001
8493
23783
8466
14570
3293
24845
20911
27385
22131
27124
30369
23606
23291
8894
2290
23027
15409
27944
13949
18662
22768
3976
15928
6532
24670
18053
17732
9752
27609
13976
28854
22181
19360
31045
20515
9857
29250
16922
25838
26542
10951
22372
21073
24567
1439
23220
556
7119
10318
7445
19088
4841
27605
31498
24587
31382
30175
31818
8369
25059
14513
13114
1007
29550
1486
6190
15119
30988
8045
23648
20106
32029
29852
28844
17425
9641
29744
15377
6490
9539
8819
15848
8107
23962
23949
6114
1063
4063
31918
15299
4315
14043
13825
14560
29320
26316
30544
25945
3886
20227
7543
24343
14685
14654
13962
8324
19515
8902
15046
9485
31828
19272
26680
22873
26917
21876
11567
21318
15206
21847
19811
3496
23579
26745
11746
9152
4185
13238
29630
18558
1497
25308
24952
30071
7230
1546
7979
3492
30502
26819
22904
28640
9458
16085
25397
13600
26198
17132
17876
5743
25247
8949
27797
14001
21703
22068
22124
19476
32058
14628
31408
25941
25702
2834
19592
18104
14853
10616
2325
6852
23850
9498
15455
29378
22797
3298
10497
21236
25238
2684
32404
18070
8874
11441
2781
14230
22841
31620
20918
1554
9476
12815
14269
7061
31791
14874
11198
30225
8586
17792
31457
26268
8863
8514
15251
32747
10875
7784
31541
28815
13629
11420
6791
17649
28768
644
1235
19726
21448
28642
11737
8691
16270
13678
637
1784
10891
32367
14387
8892
11686
22555
10022
19428
30686
17076
6955
26002
30486
14431
18281
1959
16804
17858
18628
28345
3223
4197
25358
28627
15052
26310
25837
27631
20656
13881
24202
32564
22738
646
5886
26608
1328
15169
27773
24916
6461
2791
2880
28145
26805
31677
10036
19958
30497
3689
9316
7462
1065
7757
23079
21660
4253
12199
23817
11327
10306
873
31610
6147
31836
3289
22841
23780
6912
9449
21886
31139
20246
5972
10218
24383
30000
25981
24623
13618
20750
23303
13439
9585
12269
20531
19126
27681
25492
13821
26694
10009
25116
18422
13542
8475
5762
32736
31738
5330
11758
9995
6337
9099
28096
8562
31040
31667
24160
20116
25586
27413
22210
7188
27692
22736
13499
9744
16722
25369
19975
321
17596
7350
26134
2775
4709
9781
13467
23058
26713
7920
18642
12192
6365
10690
21907
32442
29531
391
12827
27644
20500
22869
7062
24072
10884
1148
876
31707
30356
8766
30288
13546
7298
18766
26633
12036
18321
28426
28670
13799
29552
1656
17028
2207
25707
4866
29416
8354
30291
10993
19003
20141
28206
9643
16096
18781
15007
29100
22742
2444
20244
20038
3782
4209
1457
25881
26572
29558
13312
32592
28165
18904
24149
21152
15837
22529
13826
8705
15894
5285
20032
11819
19607
25502
13272
12751
27642
8840
21396
26010
15827
25372
23401
18411
21953
28493
609
9294
12599
29476
25418
5824
24584
26716
22049
1698
10676
8125
29755
21881
15220
1081
13113
15723
11015
29640
17065
7033
23099
18947
6268
8573
1850
30850
22572
11235
5530
18679
170
14119
23586
9479
3336
12562
861
32748
29675
8628
16609
15819
12718
26656
31580
13526
18775
1770
9059
9249
26682
15457
19707
15429
6255
25229
21987
5559
11765
21223
9383
12518
23203
18907
19558
23574
5330
1534
8542
6911
15564
7951
2620
27684
11507
20655
6693
2037
8369
13536
16260
30116
7715
10815
5010
4551
20101
25089
5798
25266
29020
20911
25922
22162
22117
1185
12761
18250
2624
2364
3938
24589
8668
30187
22685
16576
20641
16862
16424
31501
13664
28037
21825
17735
2556
14027
2392
32512
8661
21779
604
25452
25336
30963
17858
1396
9735
2995
2133
29082
10473
27268
11969
4495
50
6528
19165
11670
13137
10854
8635
10134
28540
21265
1649
19458
32092
28605
5542
21609
25976
27898
7644
30684
28514
21868
16511
9475
26531
32584
6065
16894
22630
5518
27859
3581
8424
30982
19411
158
6043
13565
32568
17162
8989
956
16623
7885
30172
7885
11219
32377
22661
22253
14845
23546
12081
12240
23505
14520
9551
31639
29637
31599
11343
12817
17136
20430
14611
32693
4695
25553
27670
18524
9462
7902
4186
6590
16016
11938
7443
18867
19254
1449
9749
15397
29594
10175
26366
3288
10769
24586
21795
6361
31849
15588
25660
9159
13937
28026
27086
5317
8513
23846
19292
1850
27469
10380
25420
11087
1325
18550
18587
12838
32554
3696
25920
16859
13192
20259
1889
11579
18838
22130
22840
27463
23926
342
27588
2663
22700
6522
16431
7022
18281
20117
31746
20561
13973
27019
13323
19111
26271
5443
31242
21984
24324
22854
6430
2373
11936
8733
11506
3507
25784
29543
32679
791
3779
8124
23167
16808
18171
8773
13647
29416
8104
30231
28835
15960
30503
1876
1710
1534
189
6656
24312
28311
3614
17060
12486
12188
26043
19621
8264
26359
12751
10849
645
27778
21544
19215
29703
24900
10933
29267
11846
30314
4308
28068
18389
10247
10586
17246
19278
26507
15711
14246
20735
29189
15310
17154
1873
19992
9648
22196
22012
11711
29491
2777
2029
12224
15741
4678
10226
15601
14643
4126
31787
32046
19911
11059
19505
8214
21893
31522
24067
30088
21085
11053
21941
4576
9070
28374
25559
31217
1879
9281
28326
4802
30524
16455
8693
20745
9882
24665
4569
25705
13259
7707
23575
23146
21848
188
29774
30012
4098
10263
1764
12843
16783
3467
7858
15330
3157
30363
31087
17504
28552
30020
14045
698
6211
4642
20149
20629
14167
31809
31059
9058
26583
23236
30498
23896
29280
7224
25285
12851
31017
24501
31243
7086
22734
21434
2448
6593
18908
9926
26418
15002
3867
26038
10042
9821
15519
25570
30791
10908
25485
2294
20986
405
11950
8336
25187
20782
15285
1950
26158
7601
15696
21365
22413
11335
12785
20146
8165
4406
15193
26577
14392
26074
25321
28047
25685
25189
22184
13567
29889
22358
27411
1390
15204
17082
28072
26104
7923
32038
5169
10471
31009
14960
5329
20687
11141
23088
13007
11114
5961
17401
19494
15924
25496
19287
13256
24774
16069
22408
25782
8435
1596
19195
22977
19620
297
26250
5661
15731
6634
9334
10923
16906
16949
18214
17411
16698
28169
6047
3395
29402
20822
4034
29593
19046
19563
27721
5778
28499
13091
25216
28961
24371
23247
30147
1903
5517
6882
10427
9574
21882
11359
1623
31227
28928
5123
16012
6974
10798
818
21197
16162
2555
23458
3657
13581
18655
16841
17896
27678
9519
27143
7171
4674
17209
3220
17381
6134
29475
11303
262
9433
30852
7019
24065
18681
12223
27939
22363
30426
11556
15127
30194
4677
12741
28614
5446
8151
4632
32458
20843
24901
27217
14345
22730
27248
15485
8608
7579
31532
21598
1168
8995
10704
3338
6182
25261
10877
21570
30764
1097
16175
1939
20946
26439
7301
1838
29529
13937
20304
6792
10885
1036
28381
690
7616
10637
10243
22133
3086
26396
27883
1077
8116
32457
21922
5507
16296
18321
32096
4223
2999
29711
26774
4851
28537
2306
16313
817
30709
16258
27345
29352
22547
20225
22976
3657
18373
23300
1363
14492
10740
159
29962
10656
9516
16306
21927
12391
6920
15334
27769
29294
10844
4453
29541
17597
10276
14684
10681
31427
15151
14897
9648
18159
1675
8068
12997
2318
3759
30183
18616
9832
17771
18014
26465
18328
26768
19861
25400
6191
8031
27364
28320
25608
690
771
27638
11881
31724
21132
21597
7902
9890
27702
16199
24534
8454
24267
22212
19194
30488
16110
17547
32593
5259
4239
25545
15637
27000
19498
17323
9042
11716
31682
18093
11076
28498
11169
27296
32110
22249
10956
1406
31866
20452
22344
750
8660
32412
29200
28309
2052
12694
14033
22306
16079
14699
13163
22040
17677
21371
6952
18522
17481
4945
4538
888
27163
30420
10743
5052
31556
4403
5203
20210
31886
30862
14625
18427
3425
25189
14985
28433
20517
6849
6728
27351
31835
16932
32555
30248
30331
32305
22089
20124
2443
2332
19459
32730
7812
19408
22716
6048
3428
28385
23897
3731
25618
3640
2935
29127
16118
31608
5487
6414
3924
15154
25099
30209
27501
10446
16389
18384
17492
27956
21827
16329
7569
13373
17877
25257
8823
19677
20138
12966
13637
8204
20502
28216
21503
10873
1028
28587
28426
25838
23546
31078
3466
18305
17106
31481
23420
21376
15922
6888
32146
20506
11216
4409
18130
9677
5735
7871
11245
1172
24184
11557
4192
16588
12993
25529
18764
4842
5246
15614
29206
9695
25442
26864
28350
8262
11604
2069
14336
5203
15850
2888
19757
636
10662
17477
26566
23268
20723
29427
19677
10636
5853
23413
22572
22841
18324
12527
7410
14627
27295
24856
14481
12642
31967
3204
13033
21016
20043
14255
2162
10591
32613
201
14876
3057
23167
26179
32486
15514
1199
27166
29504
7774
17043
7662
25121
23914
19653
25520
1000
15035
28701
28497
20212
26256
30121
21754
13826
5521
3693
12317
28745
15548
16091
12097
10071
8211
1553
4237
9898
8199
15573
23318
26893
29090
26705
24808
8120
11639
31886
21974
3879
24907
19121
1794
23990
4225
5880
32555
12289
20294
4724
9145
12030
25729
13444
5770
21463
7800
12309
26746
5512
17986
155
26805
21565
24048
19150
7356
7785
5498
3365
11576
11174
8811
23571
21378
10576
26188
9732
5102
13535
4050
15126
20699
8200
8902
5272
635
23187
4792
6211
8035
7675
23651
21306
465
14023
18911
26819
21953
1963
19849
12483
23470
8797
8114
16891
3112
4664
2826
25605
26651
13460
5067
9484
473
15072
26021
3918
2796
12932
13420
14931
29342
11896
31620
13291
24900
28324
18440
31977
7247
8438
31165
5536
7953
6213
9914
22049
29774
5353
3539
3635
7306
31510
17354
10511
3341
4861
1844
20704
5046
11937
26412
19965
11141
20857
10427
7652
3558
13771
5891
32246
3262
19395
10798
26101
311
3670
12568
11837
23372
18905
27070
24005
7699
12383
13414
23509
21709
22487
19852
389
19631
32226
14992
18169
8046
11638
21793
2142
23181
8756
8551
7843
20326
1417
23283
18424
22522
24966
25703
7175
7288
25984
1509
2037
9615
22631
9784
3607
18291
21735
27333
17780
12721
11072
27183
21759
12211
1254
24013
26257
26131
9688
32205
19880
6304
26560
29733
24034
17713
19152
4669
11575
7980
14423
13661
15865
14292
21285
1496
19597
24407
29092
31990
15591
2707
7603
23971
25543
18860
13889
3032
10165
6990
3758
28365
13757
10435
10209
18907
17899
14004
24361
14387
11141
22206
11989
14145
11531
9660
23698
27614
24559
8911
12679
3640
1044
27437
6194
10369
6921
26287
15360
5210
14082
12568
1711
25342
15770
19494
5988
7215
6731
26203
3979
32736
7337
17032
20850
13991
32353
3102
3237
7393
19701
9268
13319
5282
13109
13144
14773
2660
24188
3094
11418
6251
31664
10825
5074
29945
2039
23332
9152
5943
28986
23038
10478
16094
16986
28130
17575
19112
22325
21458
22358
2426
21591
479
13469
29262
24192
3818
32053
28386
19930
19255
14984
9506
22775
21943
6160
27478
29580
14866
22125
21259
23791
25462
21577
30403
6738
28706
18668
30300
22717
12721
3230
20032
29389
26151
2752
30034
5678
30141
14761
28052
17625
16748
13377
13208
11790
20027
20832
14508
6929
22857
21732
21445
27556
8346
5780
21799
24135
27809
15032
10458
8242
9873
22644
13261
24847
1892
10728
22470
26232
11176
8713
18961
23347
6156
1086
10469
22063
31406
22970
31636
21821
13602
24732
2427
10128
31554
20680
13220
1011
4792
4739
15675
18124
32588
17105
11959
5076
10222
8590
16324
22420
16515
17743
29682
25758
1136
12534
22048
10385
3559
10007
32422
13514
22004
22286
20549
5866
10566
16348
6096
15628
7614
25798
31383
25027
21689
12204
24470
15318
5662
7466
16226
28091
4134
3696
1743
28884
18414
23777
30818
30827
1726
2926
14458
2159
20503
12721
28733
15340
11390
31945
13123
30540
21771
25080
5125
591
2992
24318
4868
17868
11338
25651
21689
10533
17002
17510
19008
19339
12256
18040
14531
5367
12299
13496
19367
23267
17379
1533
7545
5324
21187
31878
25495
23657
3063
22162
10398
13736
21770
27838
16791
23149
20684
23073
27104
1546
19237
2600
12764
31868
5533
18483
11354
18795
8359
11500
1734
29408
23985
1387
30738
7108
13804
4108
12898
21020
8667
11019
17274
1286
11677
20708
4072
24179
30203
32364
21744
31906
27185
24239
23868
18272
24189
22665
21568
23809
15208
23043
25711
21276
21975
32115
3103
18186
15313
25682
21820
31261
526
25563
23472
30113
24131
24425
20110
29332
6703
27790
22529
292
11109
7410
6135
11245
31704
2546
7565
4847
12072
32244
2873
14929
28847
22412
20921
2263
5706
592
11711
12836
9191
8571
21593
2225
31699
18500
31266
29577
18369
23548
8491
970
26265
31722
22951
26076
27399
2790
24920
10862
30398
14008
19901
9013
32400
6446
11512
20324
17199
20223
18817
5098
2752
8291
31885
15214
26405
5998
15164
31243
5383
8240
19077
28875
16294
3726
17889
27877
13664
9695
25786
24246
22787
32326
10898
17537
23506
25554
28148
1255
3161
2902
25115
29988
17905
14601
3939
1807
19729
13534
26227
23248
9307
10402
23080
12382
9826
17367
11328
29888
28733
16722
22731
26367
26829
10902
19538
4333
28877
29935
20676
3993
1950
21582
23844
26509
28880
24552
13301
24782
9840
25741
31841
9873
9236
200
16939
9917
22183
26300
2138
27941
15605
24505
23203
30337
1270
28065
2451
14129
12762
9725
32129
20914
5848
8926
19510
14556
12983
9589
32088
14817
14361
18034
10651
10758
20106
20509
24744
13343
22604
7733
457
459
18656
8076
29529
15476
22612
21854
25837
8709
8016
27765
2114
10602
26590
19455
27878
29385
16124
13867
27303
32642
4835
22149
18108
28135
27158
23063
32692
13499
32553
27963
27682
6764
19798
15169
6150
25616
22977
19398
3322
30753
17799
22991
28961
28921
29833
168
10447
23308
21753
23167
26360
6887
5033
27839
22618
14060
18702
32302
21866
202
27415
12997
18176
23231
4016
2387
10689
5261
19476
5840
23632
7229
15575
7042
9268
32407
687
19922
5511
29532
16390
30443
18788
29002
25408
15640
3854
1485
18892
14298
992
27781
2028
10700
15865
8827
24901
31799
30115
28963
15910
22645
22920
11537
10648
31494
31123
9339
9258
7284
29863
31091
22393
3047
21763
25569
30337
22406
18288
5954
22183
7828
6447
18466
3458
26951
10406
3418
8045
8808
13508
6410
2765
3756
14137
1365
15395
24020
13656
12511
14032
12678
13255
26376
32427
13801
14572
20453
3653
10244
2583
25602
26103
26068
3951
24538
32688
25647
2718
29459
13184
9819
3132
10106
22755
4973
21500
15297
12494
17763
1945
28154
25723
11777
27774
29138
9461
11628
4152
3726
14179
30343
2972
8391
31252
23825
19640
31717
11854
27003
4986
26461
4822
20106
3362
13226
6975
7345
14953
8972
20467
20268
3182
8707
8963
3804
25701
2954
17838
18150
25086
29972
19123
26378
11415
15944
8534
28611
8993
24699
13620
9251
7890
14833
16072
32109
13455
20692
4281
15472
8472
18928
28137
13478
19441
3892
13374
11536
3348
25065
26670
29391
8536
21679
27917
31106
31135
26940
30230
9571
20674
19924
31803
6944
13374
30344
17580
12667
27547
3630
17449
24736
27296
31524
27400
19273
14904
29636
9734
15764
1058
24229
8141
15775
11612
31383
3913
2537
11085
2653
7851
8552
32693
40
14137
12650
1877
25816
15836
1324
1885
30450
3176
21308
9626
15711
13225
1166
14172
2538
21041
20833
4904
10103
3044
20431
20771
12292
28224
20535
9785
18017
19821
9035
17936
12207
26120
9720
30640
2202
20399
12025
18670
4694
3148
14905
3229
21339
16418
28141
3956
2015
24217
21870
12222
7703
22474
28119
17348
14894
4808
24674
31482
32258
16564
1667
9708
4257
21631
5058
4326
8582
11134
345
23910
25491
12975
6033
1603
15310
5325
12509
31385
8156
15637
4787
31611
24638
15062
30766
10328
23117
20923
10853
26153
19958
17113
17033
3424
21302
6775
29120
2705
11092
3743
27333
24029
27106
14952
18748
9506
12657
16897
4822
7395
23
11134
11817
17401
18338
30818
27468
3575
19865
19440
31286
20574
3830
10802
27348
22149
9126
7110
4844
18503
23996
17004
30132
20330
8313
10831
2353
10194
11004
25622
30033
1642
21193
13226
10439
717
27132
24518
24490
28600
19785
28224
30669
20017
21947
22809
11996
18291
10792
2118
9787
22944
11382
7227
18590
8997
32401
21821
28008
30956
23336
9061
21957
13125
15914
11123
24454
23954
6403
19544
2495
13492
3735
29057
10018
8249
29435
15845
23066
4674
2806
23501
13991
31286
18234
32102
9724
13864
30562
23048
26586
12040
12459
13380
19882
2957
25714
13488
2909
9694
25201
9586
14852
12291
17081
23181
26670
13071
29551
21230
21509
21769
26182
24117
11048
4511
6592
21317
27718
20873
31268
9098
18046
3262
22078
22285
4729
25434
25561
15673
16709
22858
4093
24170
23792
8381
5865
31291
30441
8010
8143
7820
8214
6625
22610
9045
18100
13171
19392
5934
5619
10849
29199
26778
13133
166
12953
22551
30122
31427
22167
32486
29237
8558
10079
30362
31484
12793
13405
28003
27466
10627
31955
13080
24004
22242
31056
2822
10310
8012
16625
20091
14715
25032
18011
11280
13374
9559
26740
4026
25780
32225
21220
32656
27430
21473
27214
31065
14495
31440
16462
7389
14665
16978
19251
12008
18568
28195
23929
16670
19155
16576
6413
2690
2391
1237
23104
15557
11082
16745
22151
25166
26895
1228
27384
4365
21774
29244
22148
32256
22097
32345
23541
15746
12511
1615
1958
15446
14297
11709
5382
15735
1366
12136
12235
26781
21502
3233
3317
13711
22120
18294
6025
16428
10292
5019
11530
20791
13544
10774
9656
10213
12427
11182
9352
20520
32259
15889
27366
4537
7983
20424
11309
17384
2756
11995
7394
4643
1000
24131
14772
32072
20368
22036
564
9642
25498
6759
9044
10725
27562
21769
19873
9826
16325
24037
13120
8617
10414
24113
27050
29034
3587
31323
11047
25673
27159
11954
13324
15469
8078
19157
14260
18119
3259
14300
10559
6946
30906
30024
21517
20719
13900
30891
32760
13518
6261
23574
7509
19164
5335
1863
13482
10687
12237
16271
5676
31346
3655
19077
1279
10449
18792
3949
23084
4324
24545
25445
23393
13547
24843
27733
16748
18478
11719
18068
10870
6785
27413
22875
29695
12441
631
1514
14493
5394
19460
7548
28020
11836
15947
18924
23412
9385
16365
21795
28758
9847
30456
31561
9044
4958
12805
13223
27051
23928
18194
7262
30417
10963
1053
29898
17526
952
3461
21171
7741
6586
17952
32313
11575
29565
7451
8318
16163
2380
23957
12561
17768
7768
23547
19997
18382
25297
7457
27478
18176
10919
21285
927
19138
17693
19460
14715
6130
16658
11769
4666
19008
10767
7577
14304
19885
2575
10672
28116
29637
15378
6361
9293
8347
23392
29919
22140
19337
23454
28631
8057
20388
5522
32505
12784
18434
21685
18243
7816
29611
12670
14284
5398
23904
17513
28137
3206
17166
32201
16129
32133
30992
11859
1072
7152
17704
3174
926
15100
27963
16923
5022
18474
30160
20497
21382
2280
19527
20725
5713
1799
22745
27092
23285
22497
13395
29472
28293
10822
32146
9860
5127
18219
2749
23911
19987
28945
29253
11330
9776
20022
10142
26274
3566
18814
10170
22524
13763
5664
29002
15668
30118
16913
17587
19180
9069
816
26578
19597
29415
11062
26992
10262
15289
28252
8324
21159
16633
26825
25387
460
22156
3778
12648
9611
64
29584
20379
30508
26280
4912
3267
10443
15803
2749
12403
414
31019
27550
19605
29447
27271
5487
28386
29273
9487
17072
28189
9066
17243
13360
20242
8157
27306
10039
32082
26412
10251
630
21419
17271
814
26031
12394
12048
25351
2084
4432
1731
8232
4545
29524
5350
24795
23305
29214
16675
6914
16321
25408
28936
22448
28765
26930
25931
5251
28206
14868
8158
24263
7753
5666
7863
1100
7991
10742
30557
30211
19806
22657
7985
14427
8754
10440
27778
32094
23067
21342
7246
17546
3365
11173
26841
7280
9834
24771
31984
25102
26175
21094
20474
6637
23329
30008
14019
16123
32093
801
13576
8998
22915
29504
23490
15805
30088
30119
16435
902
23742
28376
22450
9374
32372
12035
17461
19476
19308
24829
23971
15684
15873
27904
983
27381
14613
19237
1396
25650
27068
418
10091
13033
6058
19139
6477
2117
4189
7850
25169
21195
6409
7366
4901
6710
4936
4372
18549
15635
16510
4376
19004
27676
20493
27802
21453
32598
9278
28193
20640
233
31210
10033
6621
2499
24300
17475
170
19435
9031
9352
12597
26277
12566
12638
14976
24651
30519
12687
18160
25062
21174
5196
20883
4239
8955
28652
25652
8328
29876
12388
10785
32281
28544
12677
25527
10284
29280
16633
1714
6312
2782
17403
5942
22157
13051
31961
1436
3540
474
11307
7422
18692
15149
2513
20097
10388
26979
20910
25957
13316
28302
24614
28622
8378
14358
6744
26703
10909
288
7707
27707
23155
20412
30138
2732
22011
6352
19312
30800
5578
14024
22690
13303
7398
7931
3294
26589
3620
476
10391
5047
15169
16869
18334
19327
2499
27971
5984
5887
18829
9794
13538
15903
22853
9847
28285
3567
13414
18607
25945
25204
18212
17818
19114
307
9219
3895
13485
4223
30517
30463
18273
14209
21432
2769
11526
13068
13868
21664
6743
27422
22901
26846
23174
21813
14613
28583
7931
12120
23878
5294
3789
24544
19674
2536
20988
1547
16595
2298
5237
1855
30146
32611
15555
9502
14048
20841
21140
26701
32494
24517
20723
27652
19148
15374
24639
22101
31195
14310
13294
2365
22548
15078
2052
22637
11749
2890
31313
20437
29135
30044
15213
22261
30657
32161
21364
15587
14897
2502
30338
31003
6400
11337
9453
11529
10763
32488
4933
12888
30608
14282
5644
16888
18503
25966
3382
32754
19772
32087
2911
30699
20846
10612
13518
22137
18218
81
4654
27433
20260
5120
21254
16204
5466
965
15357
19846
8105
31876
15568
9748
27180
21483
27151
3040
27992
10847
22171
22086
27096
16296
2271
9124
5673
26203
2001
10404
2549
16907
15271
10313
817
15407
7770
24762
24821
23505
30684
30929
28702
27644
8728
14947
26022
7395
4269
9550
8894
3025
6250
10051
7856
24020
12937
1112
4728
22825
14252
15437
16924
10598
20121
30874
32719
14954
2740
20285
17609
22020
30272
26180
31715
28774
1109
17436
23030
20296
9888
22680
24562
30684
733
2753
25277
3957
1045
22368
13521
6901
17304
19532
19860
18683
1466
27764
2678
13002
17997
18603
26061
16376
4322
22838
16240
6363
8382
25623
4885
21427
1182
31767
14443
18583
16939
25750
2294
14369
13627
26131
1966
12504
9934
24441
26199
24418
22467
8239
1183
13670
31581
22237
17657
4930
23930
8448
21308
24690
12429
1836
14586
16059
16224
29220
23457
17435
32396
25756
16468
26480
14771
1480
12679
3050
22660
18604
8796
22322
30572
15395
27585
15959
20508
20396
16198
30077
11712
6392
27583
11844
26873
26164
20382
20729
10142
10518
5389
7295
23607
1705
5070
22780
16693
6105
29907
2371
19443
9918
29596
18180
21357
29865
22868
13749
26306
21743
3499
14399
3947
10360
22898
21865
31545
1542
14072
30469
18960
6981
19494
28636
31590
4759
27228
29787
14201
2462
12298
29178
28755
25734
10255
29040
5758
2583
721
28568
23943
21630
17697
22817
19509
17110
2252
5369
5255
14201
11008
18807
28526
20234
1125
18506
30799
7230
1783
19749
17463
21613
23973
31528
12508
14556
27051
17677
10071
18631
14768
11287
20131
2097
22175
443
27093
26476
581
6155
24089
5992
17327
3302
7280
22203
23873
7137
27435
884
2198
8948
19239
32159
5147
17892
29894
9880
15979
23668
10416
2320
27496
5963
20558
30177
3869
1956
10755
8593
27222
30136
32040
3752
29949
12779
4558
20658
4659
19640
26675
29715
27186
24926
27648
5773
1509
24392
8008
31890
2116
32317
31041
12107
8561
18764
29888
28516
6036
27765
2678
2206
375
12567
4845
21010
3808
21790
19520
26438
31410
10472
32669
26097
706
8188
636
15502
378
16490
3996
21923
1328
7423
13250
11214
324
17969
18993
4756
29948
24005
17640
16361
9247
14658
15518
25215
15699
16150
1150
20687
2614
27273
15778
7400
1343
8805
9809
6394
29011
20066
8441
6305
20263
22356
12011
31475
19544
32275
23256
18760
2123
13614
20239
30412
19142
26958
4980
3270
2123
25708
12096
20389
20536
14258
10874
10447
160
22578
11065
24874
23527
23113
10902
30822
23584
30673
32115
9489
24614
19722
11503
18776
3708
30790
23205
26782
2533
2134
11431
27071
21442
26039
32061
12833
30768
8829
19037
25983
24542
23803
8426
22132
25518
8503
32685
29641
32275
29969
28180
16000
13861
31533
17069
5277
8324
22693
21856
23735
4595
18800
6511
24130
24496
3985
23343
21145
18837
10495
7555
31438
27119
30808
21277
17970
18209
19524
28532
21923
25337
29098
2949
26520
25549
15509
6729
30957
13150
13285
26873
9839
12137
19382
26372
6951
18444
23184
29132
5991
10207
13651
8228
23702
16846
7648
18827
2491
24760
28808
17701
13514
5321
15413
7293
19633
6807
12634
11772
4130
6143
5020
31528
9503
19134
6717
7838
7495
1230
27469
9678
29410
4742
7567
19064
19118
26225
27948
18410
1639
9962
3866
18422
29720
31100
20298
9141
9764
10235
26004
29695
16403
31585
11619
11686
17437
26730
11296
17781
11640
27119
4703
6123
25442
9476
9164
4279
20718
13008
12755
19955
11662
11311
5394
15137
16996
21257
20864
24550
14408
30064
20826
24200
15000
26236
25297
24105
31427
10470
25717
23745
24724
10087
19551
9436
29504
5838
30241
25369
18222
24036
25455
5982
31880
7935
23434
24028
6790
16232
5488
19398
21365
2158
22725
23504
32137
15943
16767
9834
19560
18602
4692
25017
6003
18732
16869
25946
14546
15198
11943
11734
20806
31396
9622
7139
31918
18900
10136
27488
17238
14482
6577
7694
21507
622
19436
22032
21183
17338
773
23585
18532
8236
28887
19863
32491
14137
18312
11803
22130
556
21366
22821
24335
30728
18400
3898
17239
4899
10837
6885
20396
5247
2269
18807
8778
8423
26344
13182
20497
5070
3322
4358
2576
9191
10004
5522
4053
13699
24034
4056
31351
30382
22182
18752
11360
8457
17895
24859
29147
32102
216
8099
7777
1317
14730
31927
12963
15697
20945
22099
22359
10106
28920
4816
14530
25680
18468
10977
3850
25604
12680
22345
24377
16479
5710
24157
16657
7327
18241
15678
13714
10004
13370
10450
23116
6271
11857
8839
1381
19749
8383
7367
5737
21430
27797
27449
2004
3553
21278
31422
3425
16052
6933
3366
19216
8885
23687
29878
28922
28096
8070
2906
18388
19110
14739
25002
31301
14466
5577
24991
9959
25051
21449
24850
1823
18812
26985
24568
13981
26898
13084
28255
26546
7562
7967
30247
4181
32040
24425
25729
23539
29543
20048
28457
28154
16020
29179
29027
16676
11049
19083
7351
12164
10474
22280
31083
28497
5569
32013
29381
4213
23130
16180
27389
18133
13438
28223
4868
3423
19248
16651
503
28117
26762
32565
18530
31067
30036
10889
31541
15809
4713
21295
29318
17297
27594
660
14348
24792
8575
26905
24919
27829
25138
14974
20945
8099
5001
25869
8309
11397
9286
3974
7505
24182
25633
2510
12988
18255
32097
7254
7768
19189
27708
25164
15814
4967
4084
6788
27436
14731
12717
6949
9576
11955
7440
21523
17
13042
9890
3104
5938
25634
15330
17650
709
12720
22820
29106
1521
16686
304
27770
30211
3990
4762
22139
5422
23391
5855
20209
23811
9026
26436
11464
29870
17865
17263
9995
20214
3484
13762
6161
11250
13963
24955
18278
31372
14170
5772
26234
21943
23632
18235
11276
6512
32382
15226
14932
19318
25552
7684
15347
21448
5077
16188
25499
16611
11598
10693
14974
5048
2168
25824
27000
20335
12825
137
26875
18654
2893
18257
17342
29128
6670
12794
22565
7125
22148
30932
17519
28501
274
24282
27041
4533
19740
4747
12598
14269
27802
16522
387
8079
18526
13301
3308
11872
28965
8325
26569
11763
5471
29290
4374
26074
1982
16356
23005
3180
8833
14497
22371
19333
4989
11993
19477
21760
23792
5675
13104
17141
5893
5174
23347
16307
15911
32504
15110
12668
6662
25830
28135
26115
2410
31439
537
31142
16058
2929
1611
30315
14667
17624
457
26300
1898
32634
17252
22499
7464
23316
13090
2116
19432
19778
4774
15708
9897
32225
22622
32125
24340
3365
4463
10566
26437
8057
30304
12516
25689
19226
7816
24844
15804
17266
32312
948
21807
24117
7081
20628
13212
20029
9892
26976
13977
12326
24308
24002
2750
17577
30091
29465
32423
29881
21622
11252
31432
31583
31106
19276
10739
20822
20396
20357
7850
13926
13130
8483
294
29825
3322
29004
4644
14495
12110
1026
3698
7513
25396
25117
16189
17223
20262
12041
17175
4891
9495
7749
23499
1402
17177
17559
19681
3230
13006
16655
5872
31660
13205
31170
7078
2006
15216
26692
30360
16176
6839
12770
5834
4435
11902
1956
25854
17844
19911
2566
701
31682
23912
11376
28198
4289
14011
21627
5753
1897
19719
12514
11619
19773
15793
1098
16647
31149
14114
24498
27345
25323
25207
2232
7929
9357
15340
1937
26841
29671
1542
6342
8176
24102
17282
32431
25010
19501
25600
28336
23573
26671
3951
5687
13532
16657
15416
29553
6562
18301
31786
32207
17573
198
11304
23100
600
2942
29332
5914
935
20953
14458
11266
2312
1472
2429
14648
12870
17077
1666
17136
32524
29033
22302
25668
19508
18719
17856
13808
22989
2750
29342
25811
9710
20921
18784
13350
10301
5791
9615
26489
14910
16257
20924
20594
14429
23047
19824
31813
10170
23377
1495
15602
27830
399
27947
2626
24129
13151
7393
30335
16866
30953
28310
13046
31875
27324
14264
24621
1026
12903
5108
9700
23928
30935
27235
20174
13383
24180
6516
25612
21990
22778
30103
1134
7788
4888
1711
29545
8669
10698
12341
7126
7736
25462
12331
624
572
15560
8392
25611
5374
26447
26845
31637
2604
5588
18185
11214
3871
12926
25504
2247
7330
23207
5468
32028
6532
15484
17601
1776
6624
12887
6738
18605
18215
14300
25461
27001
15602
5333
23079
375
26249
22990
15199
3522
10546
2672
22595
10282
26427
4510
3598
32428
10183
23377
20668
18099
28504
12340
13434
10257
5408
12030
