12617
19551
32037
9493
13980
21521
5167
5139
8797
14234
31623
23774
29387
7488
4747
30350
18966
28709
32426
18396
6862
12865
23472
24449
12044
29217
9423
22092
30306
24673
8817
14086
18052
16618
26816
2054
31411
13292
13041
21138
7661
4762
10068
17404
3030
23465
20509
17529
13412
27526
21744
8128
28238
31834
16686
7015
1074
10686
25345
5884
26761
29758
3881
4582
15435
143
21893
13050
5217
3728
29281
11740
10703
25603
2178
8732
24734
9992
28658
20492
20874
25693
9612
16227
17008
15703
10054
13203
14710
31135
18753
2538
5880
30893
20370
23914
25141
16134
22734
3177
13502
6965
25944
31721
28826
7819
1898
13493
11578
26006
2020
13888
1824
27746
3031
6973
15949
27250
1745
27645
20335
29308
1510
14989
29639
20968
8067
25739
13276
27655
5106
5836
30945
3347
27308
28336
18663
28907
6242
21824
6595
31115
31178
28684
26301
20813
12074
17351
29949
29921
9381
25759
29366
24845
21320
20573
23823
24614
1748
20033
22742
13130
13385
28827
27108
4962
11575
5161
13646
17883
15300
31028
14928
16671
29564
21097
11770
7382
17116
25976
26008
18910
4508
6510
31714
19978
30656
3795
7400
32670
22877
7555
9404
31879
29484
21581
31964
22874
9168
22093
25702
17427
32231
12809
3835
5770
28370
3662
18030
5300
1604
18632
31541
21151
10893
25188
28556
32299
17828
21862
26986
2185
14070
12617
5925
27509
5617
6234
4836
1587
4431
31507
12488
20043
30499
11576
986
20484
12709
12467
17843
15009
17597
21040
3309
29790
6224
29560
32332
29224
6990
8079
25772
20256
2936
17548
23466
24526
28146
12091
30994
15653
1164
9331
8460
827
19408
13368
28933
16324
19915
8849
27999
19539
21916
552
24023
4177
20414
23715
1210
26297
25365
1221
7367
9113
3770
28227
18915
30025
22662
10087
26751
7528
22624
20583
26569
15771
11335
11394
6806
13316
8478
10464
11018
17284
7226
29991
7437
945
4525
2524
2925
21654
4945
14464
3027
21037
17555
8551
25959
925
16133
11094
1603
16947
13218
22756
25497
5154
21726
6029
12451
30459
21877
25751
6221
21994
2032
25509
26021
10166
27383
17180
18174
28791
11866
2617
6119
8980
31966
11503
24016
7811
5831
385
25461
17088
2345
29668
7953
22922
3567
4818
20292
20192
24744
21166
31424
30015
5141
8731
16055
20888
13427
11354
6149
11027
17033
25959
4892
23174
21360
15315
3763
5556
24869
3168
32046
12870
6096
13150
20684
7306
11217
22472
32403
32237
1168
19486
17403
20281
18433
8448
7005
21135
4857
17807
2841
12580
27188
20867
15242
14523
12322
21772
32683
29926
11125
19050
15494
8188
27244
1355
23392
10201
3804
15336
12966
16984
20227
1502
4502
19858
14092
27853
23213
30675
30562
27314
22739
27488
19381
29188
15177
31211
18125
23441
25678
978
3857
22039
30356
5916
22486
13218
19814
561
9065
12457
19350
22107
6619
4326
11560
5632
143
11769
18367
2716
7812
21435
26059
32385
6499
1635
10352
22094
5960
3675
7221
17969
12624
26080
27761
7900
743
25692
24950
28232
25038
17283
5498
28716
2799
23087
3145
2620
20449
10492
6573
20514
4409
5283
17049
19261
4502
27159
1304
540
28011
2145
13048
31673
17291
19516
19253
14965
23158
6512
32295
27351
20069
7663
18539
16901
5143
10929
20627
18430
23641
15951
29581
2461
9304
7521
11220
28238
32423
5273
16216
11661
24846
16540
24622
8227
792
30628
11255
26912
6491
12503
13842
12951
31109
1380
2177
31260
29483
10083
18332
10494
26961
27242
25720
29764
30905
14830
2580
16490
14060
6496
12617
1240
22026
2563
1904
27431
14673
29327
5073
9747
18030
25736
18382
15422
32646
23387
26068
17066
12804
20797
27389
17140
17953
17859
26501
18769
31540
4673
29171
22090
7359
10212
8451
12343
31797
5007
14422
20605
15244
25462
29656
26759
13447
19067
7669
14981
2241
7499
23675
16871
9848
1336
24653
26520
19999
1237
25549
15867
25762
10835
9223
166
7799
2974
16542
21473
20329
26679
11895
32733
27427
3280
10535
9140
639
21673
20253
7204
18828
25773
21647
6667
29281
31819
31013
9378
26789
30741
11368
889
14810
25115
3305
19510
13932
11269
11825
4109
6013
28403
20844
25854
13678
19733
31956
18130
6957
20745
7647
3027
577
26360
8743
26958
918
19311
13085
17354
2313
3069
110
18181
19379
30098
17713
434
27382
3218
29653
245
26697
27324
13517
10138
5059
7870
9208
15641
13673
27028
30930
28746
32567
30116
1373
18920
5104
25499
14285
19143
11941
18693
2806
12757
14087
31919
4470
9682
20078
19644
1954
16079
8613
31369
6193
11112
2940
6210
16298
28097
21515
9281
31375
27713
6342
32298
10823
21009
10565
4551
23756
31571
25809
21412
25369
26914
25774
27498
25169
31054
32555
10236
19375
24020
28522
6483
26417
4127
11759
27674
23812
15361
17899
25353
27054
24176
13126
2561
10493
5121
5487
32492
9139
21285
17123
27731
3054
3621
2430
4540
21593
30942
10116
30153
3605
28221
18799
7697
14693
12665
6262
26813
29980
1811
9698
25571
14534
24975
16144
16034
1433
7663
30277
12290
14874
3060
27700
28552
29839
15892
9809
7068
12328
23866
32212
10652
2284
31808
29580
15292
21092
10029
29800
30884
27914
10798
23238
16583
1648
19542
14459
23940
12337
31253
13727
1535
31128
7034
4125
21950
30738
4648
2046
4355
27220
6937
17520
21228
25163
4118
32153
331
8648
17650
30494
8774
5608
31882
6001
28590
7492
12668
10206
17440
1245
11946
2389
15838
26566
13165
27125
13163
23951
8089
18269
21992
9077
25397
18865
7473
11339
11767
17262
22966
17190
6785
25070
2075
11468
20830
23226
17039
29658
24507
8595
27629
19383
15845
29503
28820
13884
16774
16660
14599
22560
30623
18758
10819
10277
8773
26608
20452
25860
22043
27875
3062
32281
29587
562
26780
23246
30692
28538
26467
11465
25033
17906
27236
14549
9728
16694
4892
17041
28542
26834
13066
1755
10098
16017
10765
28922
256
1412
20092
30349
1210
28113
15107
17975
22494
12609
7744
13576
15186
27783
26657
5802
32352
16721
28924
27728
24881
3344
30315
5726
8971
16520
2541
29912
14410
9239
19774
8844
25632
5317
6258
14079
12812
1551
26068
15129
2843
21619
8064
15504
25313
13499
