15
17
22
22
27
80
94
101
108
120
221
242
244
263
272
273
277
281
321
361
394
400
403
448
456
576
586
592
613
639
681
687
691
692
714
715
736
783
810
812
963
990
1014
1052
1109
1114
1173
1226
1264
1281
1287
1359
1414
1455
1483
1487
1503
1525
1534
1538
1700
1736
1739
1813
1926
1970
1982
2023
2046
2056
2126
2126
2166
2168
2176
2188
2229
2324
2349
2355
2364
2386
2421
2427
2461
2509
2532
2699
2722
2773
2775
2838
2850
2858
2906
2930
2938
2938
2943
2958
2979
3006
3034
3150
3162
3171
3188
3254
3256
3280
3287
3311
3311
3354
3407
3471
3505
3517
3517
3520
3524
3532
3544
3570
3586
3623
3626
3665
3769
3787
3794
3796
3797
3864
3873
3949
3971
4032
4080
4097
4134
4136
4144
4163
4177
4177
4190
4192
4209
4254
4316
4340
4383
4436
4448
4452
4454
4468
4479
4479
4490
4492
4532
4546
4698
4775
4786
4839
4859
4872
4940
5016
5019
5058
5061
5103
5115
5129
5145
5192
5226
5245
5344
5411
5532
5534
5643
5772
5842
5867
5896
5903
5949
5965
5982
5991
5993
6069
6172
6184
6187
6239
6253
6258
6268
6315
6481
6520
6559
6576
6591
6694
6716
6755
6829
6832
6836
6851
6860
6910
6942
6947
6958
6968
6978
6980
7005
7015
7031
7045
7106
7137
7237
7239
7241
7248
7274
7291
7376
7385
7390
7400
7411
7615
7640
7696
7715
7723
7790
7838
7838
7929
7983
7984
7991
8081
8125
8132
8169
8185
8186
8194
8217
8223
8270
8272
8293
8297
8300
8327
8339
8359
8387
8396
8422
8424
8540
8573
8583
8593
8654
8658
8676
8716
8731
8740
8873
8912
8957
8973
9020
9029
9126
9187
9213
9289
9296
9352
9366
9405
9434
9457
9458
9541
9549
9563
9611
9630
9650
9685
9689
9703
9714
9818
9963
10014
10042
10083
10089
10099
10124
10202
10219
10265
10293
10350
10419
10448
10481
10546
10604
10605
10675
10699
10728
10762
10775
10776
10779
10783
10788
10811
10837
10866
10881
10947
10965
11042
11085
11165
11194
11241
11285
11315
11368
11404
11414
11479
11507
11549
11626
11657
11727
11748
11820
11864
11866
11880
11893
11939
12031
12034
12063
12092
12099
12113
12125
12136
12177
12209
12272
12272
12296
12304
12317
12348
12409
12446
12504
12517
12526
12554
12572
12664
12772
12855
12867
12892
12901
12911
12967
13011
13014
13028
13045
13111
13114
13147
13174
13206
13226
13263
13266
13379
13382
13492
13556
13563
13571
13637
13639
13644
13672
13709
13769
13833
13847
13851
13866
13881
13984
14013
14024
14046
14177
14235
14254
14280
14324
14345
14355
14361
14372
14373
14414
14497
14509
14592
14614
14654
14665
14726
14752
14757
14787
14804
14813
14820
14843
14843
14872
14892
14895
14921
14986
15037
15038
15093
15113
15133
15197
15213
15268
15291
15304
15391
15424
15517
15522
15570
15576
15580
15587
15593
15664
15665
15700
15768
15777
15881
15922
15923
15941
15975
16027
16044
16122
16168
16175
16232
16265
16312
16332
16334
16384
16524
16554
16557
16585
16587
16657
16670
16748
16749
16764
16779
16837
16866
16908
16944
16952
16980
17004
17045
17096
17111
17120
17128
17134
17163
17163
17164
17165
17183
17246
17305
17311
17347
17374
17470
17478
17501
17503
17512
17528
17579
17633
17655
17694
17788
17834
17899
17918
17935
17953
17960
17980
18013
18050
18097
18149
18233
18281
18296
18439
18452
18453
18491
18510
18570
18591
18603
18629
18656
18694
18714
18742
18783
18919
18922
18963
18980
19052
19068
19094
19111
19124
19170
19185
19244
19267
19284
19307
19320
19334
19335
19338
19349
19355
19359
19423
19436
19447
19461
19470
19516
19535
19553
19569
19573
19629
19651
19796
19817
19842
19871
19922
19943
19945
20021
20109
20110
20112
20125
20135
20154
20230
20270
20350
20363
20390
20438
20449
20449
20454
20468
20483
20495
20548
20613
20640
20708
20731
20739
20747
20770
20804
20824
20831
20835
21012
21020
21043
21098
21109
21169
21192
21204
21211
21227
21305
21328
21332
21353
21364
21368
21408
21425
21479
21522
21538
21556
21653
21669
21735
21751
21755
21829
21837
21847
21907
21935
21951
21959
22005
22021
22076
22085
22203
22228
22285
22334
22338
22357
22383
22420
22483
22513
22544
22574
22576
22582
22584
22615
22623
22654
22673
22721
22759
22799
22814
22820
22886
22887
22928
22953
22960
22969
22973
23042
23193
23201
23309
23353
23366
23371
23453
23479
23612
23644
23670
23739
23769
23783
23786
23854
23855
23865
23996
24099
24116
24132
24183
24266
24349
24359
24385
24423
24438
24485
24525
24628
24666
24696
24759
24862
24889
24989
25010
25027
25105
25167
25184
25186
25200
25470
25508
25523
25527
25607
25624
25664
25670
25754
25820
25859
25874
25882
25888
25902
25930
25983
25987
26020
26037
26063
26081
26098
26166
26217
26276
26286
26286
26321
26356
26385
26411
26425
26474
26483
26493
26511
26512
26517
26525
26555
26591
26622
26634
26653
26691
26692
26737
26741
26759
26780
26815
26877
26914
26921
26961
26963
26966
27005
27074
27120
27136
27149
27174
27177
27178
27218
27234
27241
27282
27328
27350
27375
27384
27449
27488
27586
27589
27594
27638
27641
27679
27684
27707
27720
27745
27773
27788
27806
27809
27890
27892
27900
27990
27995
28016
28035
28101
28196
28205
28206
28226
28227
28272
28279
28293
28308
28309
28418
28433
28496
28508
28519
28546
28551
28579
28649
28712
28717
28781
28784
28829
28839
28978
29058
29074
29131
29173
29283
29284
29304
29322
29351
29369
29413
29497
29505
29524
29554
29567
29597
29631
29806
29825
29837
29843
29894
29914
29965
29969
30143
30151
30192
30246
30271
30303
30330
30347
30348
30369
30459
30490
30546
30555
30566
30659
30659
30732
30770
30844
30849
30880
30885
30990
31007
31012
31017
31040
31062
31100
31119
31274
31287
31296
31343
31400
31407
31435
31440
31469
31500
31541
31555
31628
31640
31641
31704
31709
31723
31735
31796
31813
31876
31881
31885
31930
31936
31944
31987
32011
32064
32068
32070
32081
32194
32202
32245
32253
32327
32335
32353
32372
32376
32409
32418
32465
32465
32472
32502
32507
32563
32694
32711
32758
