34
42
54
68
90
171
189
199
210
252
333
335
340
344
372
525
598
609
613
618
713
726
757
885
912
916
919
920
949
1014
1037
1047
1101
1108
1165
1184
1189
1201
1224
1260
1261
1268
1440
1456
1492
1526
1574
1592
1779
1794
1850
1947
1953
2003
2007
2012
2050
2064
2074
2116
2118
2194
2212
2253
2260
2268
2277
2327
2371
2379
2387
2424
2446
2448
2462
2484
2500
2517
2524
2534
2544
2564
2672
2678
2729
2732
2836
2907
2931
2936
2942
2984
3000
3003
3042
3091
3121
3123
3128
3239
3248
3308
3322
3376
3385
3408
3422
3524
3532
3577
3588
3627
3641
3656
3726
3735
3760
3870
3922
3934
3959
3974
4038
4063
4139
4146
4157
4176
4237
4243
4265
4309
4339
4346
4445
4494
4514
4602
4692
4768
4786
4789
4822
4916
4973
4996
4998
5046
5069
5071
5075
5083
5117
5159
5170
5183
5251
5438
5448
5496
5506
5526
5538
5541
5544
5545
5638
5648
5671
5771
5779
5837
5841
5898
5916
5945
5986
6061
6061
6106
6176
6196
6206
6210
6248
6251
6262
6275
6366
6370
6376
6377
6382
6457
6499
6530
6581
6588
6621
6642
6696
6718
6724
6816
6833
6895
6934
6947
6983
6987
7021
7078
7085
7095
7289
7366
7445
7456
7457
7576
7582
7615
7619
7659
7687
7699
7711
7720
7723
7752
7848
7853
7881
7884
7913
7945
8065
8077
8078
8086
8107
8149
8192
8215
8225
8286
8292
8329
8376
8405
8418
8420
8500
8515
8531
8564
8570
8595
8610
8615
8663
8728
8738
9044
9049
9098
9105
9107
9255
9352
9374
9379
9392
9404
9410
9412
9414
9423
9490
9519
9600
9612
9620
9646
9648
9690
9709
9769
9776
9825
9839
9869
9971
9972
9983
10006
10055
10228
10231
10231
10245
10312
10362
10421
10450
10501
10514
10539
10627
10644
10679
10759
10771
10855
10887
10900
10912
10953
10958
10972
10977
11000
11061
11098
11106
11110
11118
11132
11167
11198
11203
11209
11304
11327
11329
11335
11386
11427
11433
11436
11474
11534
11547
11568
11571
11597
11609
11630
11637
11670
11672
11730
11842
11878
11893
12002
12040
12094
12115
12119
12127
12145
12304
12306
12309
12341
12379
12401
12432
12491
12493
12571
12665
12707
12736
12753
12753
12772
12797
12812
12814
12815
12825
12841
12848
12903
12941
12953
13028
13036
13044
13055
13141
13142
13147
13148
13167
13191
13201
13309
13313
13328
13440
13442
13455
13492
13498
13503
13584
13616
13618
13619
13667
13695
13804
13891
13909
13922
13968
13976
13983
14002
14039
14226
14345
14391
14485
14519
14522
14540
14560
14563
14610
14680
14792
14849
14861
14878
14913
14930
14956
14969
14996
15001
15028
15100
15114
15118
15147
15195
15214
15337
15391
15432
15464
15476
15513
15516
15570
15571
15580
15585
15588
15598
15620
15705
15769
15805
15813
15836
15847
15876
15884
15888
15973
16044
16052
16165
16178
16224
16234
16246
16289
16301
16356
16366
16370
16370
16457
16569
16674
16769
16781
16823
16843
16859
16870
16955
16971
17067
17087
17097
17117
17120
17138
17149
17154
17205
17226
17250
17283
17342
17352
17362
17416
17440
17455
17526
17527
17538
17599
17625
17632
17636
17675
17676
17736
17772
17773
17780
17829
17846
17848
17902
17910
18003
18029
18064
18111
18112
18135
18142
18233
18240
18273
18353
18368
18390
18409
18493
18520
18537
18550
18557
18626
18628
18653
18697
18708
18729
18814
18835
18890
18899
18927
18942
18944
18948
18973
18979
18985
19011
19021
19040
19091
19120
19289
19304
19306
19342
19388
19472
19517
19525
19576
19583
19617
19675
19722
19757
19777
19863
19879
19882
19890
19988
19988
20066
20114
20172
20189
20240
20334
20362
20396
20399
20410
20465
20485
20542
20581
20622
20640
20732
20739
20764
20765
20785
20793
20794
20797
20818
20857
20904
21117
21118
21171
21202
21220
21280
21323
21362
21375
21378
21379
21404
21432
21444
21452
21505
21520
21523
21554
21557
21650
21741
21754
21785
21785
21786
21810
21834
21854
21861
21870
21894
21911
21978
21989
22008
22065
22109
22137
22163
22194
22204
22329
22363
22369
22375
22396
22425
22567
22592
22612
22658
22671
22693
22698
22730
22756
22770
22825
22846
22860
22871
22932
22934
23087
23118
23122
23138
23291
23298
23358
23368
23374
23510
23522
23536
23539
23546
23566
23571
23618
23646
23726
23734
23759
23839
23909
23929
23991
24005
24031
24034
24082
24095
24143
24150
24156
24175
24245
24304
24307
24314
24367
24369
24379
24452
24478
24481
24545
24564
24577
24580
24602
24645
24760
24792
24796
24802
24826
24836
24948
24953
24984
25025
25026
25035
25045
25090
25098
25143
25174
25185
25235
25328
25383
25440
25454
25462
25509
25523
25535
25541
25542
25609
25659
25695
25726
25851
25857
25860
25861
26037
26064
26072
26113
26161
26188
26234
26266
26398
26432
26434
26447
26458
26468
26497
26522
26626
26690
26717
26739
26758
26764
26772
26795
26851
26856
26858
26873
26893
26895
26936
26965
26973
26995
26997
27123
27124
27133
27190
27234
27247
27296
27411
27428
27494
27502
27548
27600
27613
27628
27635
27735
27760
27776
27779
27784
27813
27856
27878
27902
27994
28030
28033
28056
28087
28113
28146
28202
28218
28229
28259
28260
28264
28280
28310
28312
28350
28390
28405
28437
28466
28482
28502
28504
28586
28604
28610
28645
28655
28692
28707
28756
28776
28789
28797
28806
28810
28813
28815
28863
28873
28900
28907
28926
28951
28959
29041
29042
29062
29062
29074
29116
29144
29147
29237
29242
29247
29322
29335
29346
29357
29358
29374
29387
29459
29470
29537
29656
29761
29796
29803
29814
29835
29857
29877
29907
29910
30000
30049
30118
30130
30134
30199
30200
30259
30275
30276
30387
30429
30480
30517
30700
30734
30817
30892
30910
30911
30934
30982
30984
31049
31069
31084
31131
31157
31176
31222
31243
31254
31258
31295
31314
31347
31365
31423
31448
31454
31479
31515
31521
31526
31610
31617
31632
31660
31665
31686
31716
31723
31751
31881
31951
31976
32007
32027
32048
32051
32059
32061
32064
32077
32113
32126
32185
32207
32207
32247
32253
32255
32297
32356
32436
32460
32483
32504
32506
32507
32527
32537
32561
32581
32602
32754
32767
