32756
32750
32750
32744
32742
32718
32718
32715
32708
32702
32702
32701
32700
32699
32698
32695
32689
32686
32685
32678
32663
32661
32657
32654
32653
32653
32641
32640
32637
32635
32631
32631
32628
32626
32620
32619
32617
32610
32604
32603
32602
32601
32598
32597
32593
32591
32584
32583
32582
32580
32580
32574
32568
32562
32557
32556
32554
32549
32546
32542
32542
32540
32540
32539
32530
32529
32526
32526
32520
32519
32515
32515
32512
32509
32507
32500
32494
32493
32491
32486
32482
32481
32480
32480
32478
32477
32475
32473
32472
32471
32470
32470
32469
32464
32463
32461
32460
32458
32456
32454
32454
32443
32442
32441
32432
32425
32417
32414
32411
32408
32395
32393
32392
32390
32383
32383
32382
32375
32375
32372
32365
32363
32360
32360
32359
32358
32354
32349
32345
32345
32345
32345
32343
32340
32339
32337
32335
32332
32331
32325
32324
32322
32321
32317
32316
32313
32311
32310
32308
32307
32307
32305
32305
32302
32298
32292
32290
32286
32285
32284
32283
32275
32273
32271
32268
32268
32266
32262
32262
32258
32257
32256
32256
32253
32249
32249
32248
32243
32242
32238
32236
32224
32214
32196
32195
32195
32188
32178
32177
32171
32164
32158
32150
32149
32146
32143
32140
32138
32133
32130
32129
32128
32127
32111
32107
32098
32096
32092
32089
32086
32085
32083
32076
32076
32067
32065
32064
32057
32055
32052
32049
32045
32045
32041
32037
32035
32032
32032
32032
32031
32030
32019
32017
32015
32015
32014
32013
32011
32007
32007
32004
32001
32001
32000
31995
31993
31992
31964
31961
31952
31951
31944
31943
31941
31938
31932
31928
31926
31925
31925
31922
31912
31895
31893
31892
31890
31884
31882
31879
31870
31858
31857
31856
31855
31854
31852
31846
31840
31838
31836
31835
31832
31830
31829
31828
31826
31817
31815
31813
31813
31812
31810
31804
31803
31801
31792
31792
31778
31774
31774
31758
31758
31757
31754
31750
31750
31743
31729
31726
31726
31724
31724
31720
31701
31700
31698
31694
31692
31691
31689
31682
31681
31679
31670
31667
31667
31665
31663
31659
31658
31648
31637
31633
31631
31628
31627
31626
31624
31623
31623
31622
31617
31616
31615
31605
31600
31598
31596
31594
31592
31590
31588
31586
31582
31581
31578
31572
31571
31569
31567
31565
31565
31561
31560
31558
31554
31553
31543
31539
31538
31535
31521
31521
31518
31518
31514
31508
31507
31502
31502
31500
31489
31488
31488
31486
31486
31463
31462
31461
31457
31452
31448
31436
31436
31431
31430
31425
31422
31417
31414
31408
31407
31396
31393
31385
31384
31382
31379
31379
31379
31378
31374
31370
31370
31367
31364
31362
31357
31354
31352
31346
31345
31336
31334
31334
31332
31326
31325
31324
31324
31318
31317
31307
31304
31293
31289
31287
31283
31282
31274
31271
31264
31263
31263
31260
31256
31248
31245
31242
31239
31230
31225
31225
31224
31222
31220
31216
31202
31195
31185
31185
31182
31180
31179
31178
31176
31173
31169
31168
31167
31166
31164
31158
31157
31157
31156
31154
31148
31146
31145
31144
31142
31140
31140
31135
31133
31132
31118
31116
31115
31112
31111
31103
31100
31096
31092
31092
31091
31089
31088
31082
31081
31071
31070
31065
31064
31059
31056
31050
31050
31049
31045
31044
31041
31040
31036
31031
31030
31029
31027
31025
31023
31019
31012
31008
30997
30993
30993
30991
30990
30988
30987
30983
30978
30974
30971
30970
30968
30963
30962
30961
30959
30957
30955
30947
30943
30942
30941
30941
30937
30928
30926
30921
30919
30916
30913
30912
30908
30905
30905
30904
30903
30901
30898
30893
30883
30883
30882
30881
30878
30877
30862
30854
30851
30845
30842
30841
30841
30839
30837
30837
30836
30832
30831
30829
30828
30825
30819
30817
30815
30815
30814
30814
30807
30807
30806
30805
30800
30795
30794
30793
30792
30786
30785
30784
30784
30784
30780
30779
30769
30769
30757
30754
30749
30747
30741
30740
30739
30731
30727
30717
30714
30712
30710
30710
30708
30699
30688
30686
30684
30680
30678
30674
30671
30671
30668
30667
30662
30659
30658
30653
30651
30643
30642
30641
30631
30629
30628
30623
30622
30620
30619
30618
30615
30610
30610
30608
30598
30590
30585
30580
30576
30576
30575
30574
30574
30571
30569
30561
30560
30558
30558
30556
30553
30551
30549
30540
30536
30532
30527
30524
30516
30512
30511
30501
30500
30500
30499
30496
30489
30489
30485
30484
30484
30480
30479
30478
30473
30471
30468
30463
30461
30457
30457
30456
30455
30452
30451
30444
30434
30426
30424
30423
30419
30416
30415
30409
30408
30404
30403
30399
30398
30398
30395
30385
30378
30376
30368
30362
30362
30360
30360
30359
30354
30347
30345
30345
30342
30341
30335
30329
30322
30320
30319
30317
30317
30315
30310
30305
30304
30302
30302
30297
30296
30296
30291
30282
30280
30270
30268
30267
30265
30263
30261
30257
30255
30253
30253
30252
30251
30239
30238
30235
30234
30231
30226
30223
30222
30219
30211
30208
30205
30198
30198
30189
30189
30187
30183
30182
30181
30179
30174
30162
30154
30148
30147
30146
30144
30142
30140
30138
30137
30136
30133
30133
30129
30123
30123
30121
30119
30110
30107
30105
30104
30104
30094
30090
30085
30084
30082
30081
30079
30078
30075
30074
30073
30072
30068
30058
30058
30055
30055
30046
30044
30042
30041
30039
30039
30029
30021
30020
30011
30009
30007
30006
30005
30004
29989
29989
29988
29988
29984
29977
29963
29962
29948
29945
29942
29942
29942
29933
29929
29924
29922
29920
29920
29911
29908
29905
29904
29901
29901
29899
29893
29891
29885
29883
29881
29879
29870
29870
29869
29868
29863
29858
29849
29848
29845
29845
29835
29834
29813
29813
29811
29811
29807
29805
29803
29801
29800
29799
29795
29791
29787
29786
29784
29782
29779
29778
29776
29767
29766
29764
29762
29761
29759
29759
29758
29742
29739
29739
29738
29732
29732
29728
29728
29727
29725
29723
29723
29722
29719
29717
29716
29714
29710
29706
29699
29687
29680
29675
29673
29667
29661
29659
29657
29653
29652
29648
29648
29643
29640
29635
29635
29634
29633
29628
29620
29620
29614
29614
29611
29606
29603
29603
29602
29598
29597
29594
29593
29588
29587
29575
29572
29570
29569
29563
29563
29561
29552
29551
29547
29543
29532
29527
29524
29519
29518
29512
29512
29510
29505
29498
29498
29488
29481
29476
29476
29474
29473
29454
29454
29439
29438
29438
29437
29433
29433
29429
29425
29425
29422
29419
29417
29416
29413
29412
29408
29408
29404
29401
29400
29398
29398
29398
29397
29387
29384
29381
29381
29381
29380
29371
29369
29366
29366
29358
29352
29352
29352
29349
29349
29349
29347
29342
29340
29335
29333
29327
29316
29309
29305
29302
29299
29295
29295
29294
29290
29289
29287
29284
29279
29277
29274
29273
29271
29269
29267
29265
29263
29259
29259
29258
29250
29249
29249
29247
29247
29245
29238
29237
29236
29236
29234
29234
29227
29218
29215
29215
29214
29207
29207
29195
29191
29187
29184
29182
29180
29179
29179
29177
29166
29165
29163
29163
29162
29161
29160
29153
29141
29115
29113
29111
29104
29104
29095
29088
29085
29079
29079
29074
29072
29071
29071
29048
29046
29045
29043
29042
29038
29032
29030
29027
29025
29024
29020
29019
29019
29014
29008
29008
29004
29003
29001
29001
28998
28996
28994
28994
28990
28988
28987
28973
28973
28973
28972
28969
28967
28965
28953
28934
28929
28928
28927
28926
28924
28920
28919
28919
28918
28917
28917
28915
28912
28910
28906
28904
28902
28902
28893
28893
28890
28887
28878
28871
28870
28870
28869
28862
28861
28859
28854
28854
28852
28851
28848
28844
28841
28841
28838
28836
28829
28824
28822
28820
28819
28817
28816
28813
28811
28811
28810
28799
28787
28786
28778
28777
28772
28772
28771
28768
28767
28763
28761
28760
28760
28758
28755
28752
28747
28744
28733
28730
28728
28724
28722
28713
28709
28709
28698
28696
28690
28682
28676
28672
28665
28656
28655
28652
28643
28636
28629
28625
28623
28622
28615
28610
28608
28607
28606
28605
28603
28590
28590
28586
28584
28578
28577
28576
28558
28555
28554
28553
28544
28543
28543
28540
28538
28530
28530
28527
28525
28524
28521
28517
28516
28515
28513
28508
28506
28505
28496
28496
28495
28492
28483
28482
28481
28477
28468
28463
28462
28462
28460
28460
28459
28457
28457
28454
28453
28453
28451
28451
28451
28449
28448
28446
28446
28437
28436
28435
28434
28433
28430
28428
28426
28422
28412
28410
28406
28398
28395
28385
28384
28380
28368
28368
28367
28364
28363
28361
28356
28354
28352
28347
28344
28343
28343
28341
28341
28338
28338
28337
28329
28318
28316
28313
28311
28310
28309
28307
28304
28298
28298
28292
28292
28291
28285
28279
28278
28276
28273
28271
28263
28263
28259
28252
28251
28239
28236
28235
28231
28230
28226
28221
28207
28205
28203
28201
28201
28200
28198
28198
28193
28189
28186
28180
28178
28178
28174
28172
28162
28159
28159
28158
28158
28154
28144
28142
28140
28136
28131
28129
28126
28119
28118
28117
28117
28116
28114
28111
28094
28094
28093
28082
28082
28080
28079
28078
28076
28074
28071
28070
28061
28060
28056
28054
28053
28052
28049
28038
28036
28036
28029
28028
28025
28025
28025
28025
28023
28020
28020
28018
28006
28000
27997
27996
27991
27984
27983
27978
27972
27972
27971
27964
27959
27959
27950
27948
27948
27946
27942
27940
27932
27931
27930
27926
27923
27917
27912
27907
27906
27905
27904
27895
27893
27890
27887
27887
27884
27882
27880
27877
27871
27868
27866
27859
27857
27856
27851
27848
27848
27847
27846
27840
27839
27834
27834
27833
27832
27827
27826
27816
27814
27813
27804
27794
27791
27791
27790
27790
27788
27785
27785
27784
27782
27779
27779
27776
27776
27775
27774
27771
27770
27770
27769
27767
27766
27765
27757
27756
27756
27751
27749
27741
27741
27741
27741
27737
27736
27732
27730
27726
27725
27718
27715
27715
27710
27706
27706
27705
27703
27696
27696
27696
27692
27686
27686
27685
27682
27681
27677
27672
27669
27662
27660
27656
27655
27648
27648
27645
27641
27637
27636
27636
27634
27632
27632
27631
27631
27625
27624
27621
27605
27604
27600
27596
27595
27587
27585
27583
27581
27579
27577
27565
27556
27556
27555
27541
27541
27540
27539
27539
27526
27524
27521
27520
27517
27511
27501
27495
27495
27494
27489
27487
27486
27483
27482
27482
27476
27475
27473
27470
27466
27466
27461
27459
27448
27441
27441
27436
27423
27418
27418
27409
27401
27396
27389
27383
27380
27377
27375
27364
27361
27358
27356
27352
27352
27351
27346
27343
27334
27329
27325
27325
27322
27319
27318
27309
27308
27303
27301
27300
27299
27298
27288
27273
27260
27253
27252
27249
27247
27232
27231
27227
27222
27219
27212
27212
27209
27209
27209
27208
27206
27201
27198
27195
27194
27192
27186
27184
27184
27174
27171
27160
27157
27155
27149
27140
27140
27137
27134
27133
27132
27132
27128
27122
27117
27114
27110
27110
27107
27106
27104
27095
27084
27080
27079
27075
27072
27068
27068
27066
27063
27050
27050
27042
27036
27024
27020
27018
27016
27015
27014
27013
27008
27008
27006
27006
27000
26997
26997
26996
26994
26977
26977
26975
26973
26972
26971
26970
26970
26968
26966
26965
26962
26954
26954
26953
26950
26947
26946
26941
26939
26939
26936
26931
26930
26922
26922
26911
26908
26905
26904
26901
26900
26897
26896
26892
26886
26885
26882
26876
26873
26870
26863
26861
26848
26848
26848
26847
26846
26843
26841
26834
26830
26826
26823
26814
26811
26810
26806
26801
26800
26791
26789
26789
26778
26756
26756
26755
26750
26746
26745
26739
26737
26733
26727
26726
26725
26723
26720
26718
26715
26713
26712
26700
26697
26691
26688
26683
26677
26676
26676
26671
26666
26665
26663
26663
26659
26658
26642
26640
26631
26629
26622
26620
26613
26611
26608
26607
26606
26604
26601
26596
26591
26591
26591
26587
26582
26578
26574
26572
26570
26570
26567
26563
26557
26555
26553
26553
26552
26543
26543
26534
26533
26533
26528
26527
26521
26517
26512
26511
26510
26503
26501
26500
26499
26496
26494
26488
26487
26486
26482
26479
26471
26470
26469
26469
26467
26462
26460
26460
26459
26458
26456
26455
26455
26449
26437
26435
26428
26427
26425
26424
26416
26410
26407
26405
26400
26400
26398
26396
26394
26391
26385
26378
26370
26368
26368
26367
26367
26365
26364
26361
26359
26351
26345
26340
26340
26328
26327
26318
26317
26312
26309
26306
26305
26303
26299
26296
26291
26291
26288
26283
26279
26278
26276
26272
26266
26266
26263
26260
26256
26253
26244
26243
26241
26236
26233
26233
26230
26229
26225
26225
26218
26216
26213
26208
26204
26200
26192
26191
26190
26189
26188
26184
26182
26180
26176
26174
26171
26170
26165
26163
26162
26161
26159
26158
26156
26155
26154
26153
26152
26152
26152
26151
26148
26146
26143
26142
26131
26126
26122
26122
26115
26103
26103
26101
26096
26095
26079
26078
26077
26064
26063
26058
26051
26048
26046
26040
26039
26037
26030
26030
26027
26026
26026
26023
26016
26016
26015
26010
26007
26002
26000
25998
25994
25993
25987
25986
25981
25981
25980
25971
25965
25963
25963
25957
25952
25951
25950
25949
25948
25946
25946
25942
25937
25930
25926
25922
25915
25914
25914
25912
25909
25903
25903
25902
25902
25900
25898
25897
25896
25895
25894
25894
25893
25885
25880
25878
25876
25876
25872
25872
25867
25865
25865
25863
25863
25861
25861
25860
25859
25859
25852
25851
25851
25847
25842
25838
25831
25828
25814
25810
25809
25806
25804
25803
25799
25799
25796
25790
25786
25783
25783
25782
25773
25769
25765
25762
25761
25746
25743
25741
25740
25738
25738
25734
25728
25728
25725
25722
25719
25708
25704
25698
25696
25694
25693
25686
25683
25676
25657
25656
25655
25653
25653
25653
25652
25647
25641
25640
25630
25626
25626
25614
25611
25609
25607
25605
25601
25599
25598
25593
25590
25589
25588
25588
25586
25584
25578
25576
25575
25574
25573
25573
25568
25563
25562
25562
25560
25559
25557
25556
25554
25554
25553
25551
25550
25546
25541
25539
25538
25535
25526
25524
25522
25518
25516
25506
25504
25501
25499
25497
25493
25492
25479
25474
25467
25461
25461
25453
25452
25451
25447
25438
25437
25436
25435
25433
25426
25418
25412
25410
25409
25404
25397
25392
25389
25380
25377
25368
25362
25349
25344
25341
25335
25335
25329
25321
25316
25314
25313
25312
25308
25303
25296
25295
25290
25279
25272
25272
25270
25265
25264
25264
25263
25262
25253
25251
25248
25233
25233
25233
25230
25230
25230
25224
25223
25215
25212
25209
25201
25198
25196
25193
25191
25186
25179
25177
25173
25172
25169
25166
25165
25162
25157
25155
25149
25148
25145
25122
25119
25118
25116
25114
25113
25112
25111
25110
25109
25107
25101
25101
25096
25095
25094
25093
25091
25088
25073
25072
25070
25061
25060
25059
25059
25058
25050
25050
25049
25048
25043
25043
25039
25035
25026
25020
25018
25014
25010
25009
25009
25007
25002
24999
24994
24985
24981
24974
24973
24972
24965
24959
24951
24949
24948
24941
24941
24938
24936
24926
24924
24924
24923
24923
24921
24919
24914
24914
24910
24902
24901
24898
24897
24897
24896
24890
24887
24885
24883
24879
24877
24874
24871
24866
24851
24845
24837
24835
24833
24819
24811
24811
24811
24809
24805
24795
24792
24790
24786
24786
24779
24778
24768
24763
24761
24760
24759
24758
24756
24754
24748
24745
24743
24742
24740
24736
24735
24719
24719
24717
24716
24713
24712
24708
24707
24706
24705
24700
24696
24693
24687
24685
24683
24682
24679
24677
24677
24675
24669
24659
24656
24655
24653
24652
24650
24648
24643
24641
24638
24629
24625
24622
24615
24611
24610
24608
24608
24608
24600
24594
24584
24577
24574
24566
24566
24563
24563
24563
24558
24557
24556
24553
24547
24541
24537
24535
24534
24528
24528
24520
24517
24513
24512
24511
24506
24498
24496
24490
24488
24487
24487
24481
24480
24480
24474
24474
24468
24467
24466
24465
24464
24460
24460
24446
24446
24441
24437
24436
24433
24431
24427
24423
24413
24410
24401
24398
24396
24390
24389
24388
24388
24386
24379
24379
24377
24377
24372
24371
24367
24362
24360
24360
24359
24356
24353
24352
24351
24349
24348
24346
24346
24345
24344
24341
24340
24337
24328
24328
24326
24326
24324
24324
24319
24317
24317
24315
24315
24307
24307
24300
24291
24288
24288
24284
24278
24278
24278
24277
24275
24273
24273
24271
24266
24266
24265
24263
24262
24260
24259
24250
24238
24236
24234
24233
24231
24225
24221
24214
24211
24209
24209
24201
24196
24194
24190
24188
24184
24183
24174
24174
24174
24172
24171
24167
24166
24165
24161
24159
24159
24158
24153
24152
24142
24139
24137
24133
24130
24120
24119
24117
24114
24112
24104
24103
24100
24096
24093
24087
24087
24082
24075
24070
24064
24061
24052
24051
24051
24049
24046
24045
24044
24041
24041
24036
24035
24030
24029
24023
24022
24021
24021
24018
24017
24015
24009
24008
24003
24000
23999
23992
23992
23990
23983
23974
23971
23967
23966
23965
23962
23958
23946
23944
23943
23943
23940
23939
23937
23932
23930
23927
23926
23925
23917
23913
23913
23911
23910
23909
23906
23905
23904
23904
23899
23899
23889
23888
23886
23886
23885
23885
23885
23882
23879
23877
23875
23873
23866
23862
23858
23856
23854
23849
23844
23844
23840
23838
23836
23836
23835
23828
23828
23823
23813
23813
23812
23811
23809
23807
23805
23803
23802
23797
23796
23786
23785
23784
23782
23781
23776
23772
23761
23755
23748
23742
23736
23728
23725
23725
23722
23722
23716
23707
23702
23696
23690
23686
23679
23672
23668
23666
23661
23660
23660
23655
23654
23649
23645
23643
23642
23640
23638
23638
23633
23627
23620
23616
23615
23607
23606
23605
23603
23602
23602
23601
23601
23597
23583
23582
23580
23576
23574
23573
23567
23566
23563
23561
23560
23560
23559
23548
23547
23529
23529
23525
23523
23508
23506
23506
23505
23505
23505
23504
23502
23501
23500
23484
23484
23482
23480
23479
23469
23462
23462
23453
23451
23450
23447
23445
23445
23442
23441
23428
23424
23421
23419
23417
23414
23413
23405
23405
23403
23387
23385
23382
23380
23379
23374
23370
23369
23364
23361
23360
23352
23352
23340
23331
23331
23328
23324
23323
23319
23317
23316
23314
23304
23296
23292
23281
23278
23277
23277
23277
23276
23275
23272
23270
23266
23244
23239
23235
23230
23227
23213
23206
23199
23198
23198
23196
23196
23192
23192
23173
23159
23159
23157
23151
23150
23149
23148
23142
23130
23128
23128
23127
23126
23123
23121
23117
23115
23095
23093
23086
23083
23078
23073
23073
23072
23071
23071
23068
23065
23063
23060
23055
23051
23051
23050
23049
23044
23035
23033
23031
23023
23023
23020
23014
23013
23012
23010
23010
23009
23004
23003
23002
22999
22996
22980
22978
22976
22975
22970
22963
22959
22951
22951
22947
22942
22941
22939
22932
22924
22923
22922
22916
22915
22913
22910
22904
22898
22891
22882
22878
22873
22872
22851
22848
22841
22839
22832
22827
22824
22823
22822
22818
22816
22816
22815
22807
22801
22800
22799
22799
22794
22791
22774
22752
22751
22746
22745
22740
22738
22736
22735
22735
22733
22731
22728
22724
22719
22714
22713
22707
22702
22701
22700
22698
22697
22692
22691
22691
22690
22688
22686
22686
22684
22682
22681
22670
22669
22669
22668
22666
22662
22662
22657
22655
22653
22648
22644
22643
22642
22641
22638
22636
22635
22629
22627
22613
22610
22606
22605
22603
22600
22599
22596
22591
22591
22589
22586
22580
22576
22571
22570
22564
22563
22556
22554
22553
22545
22542
22537
22534
22534
22533
22531
22530
22529
22528
22525
22519
22518
22513
22510
22500
22499
22499
22497
22495
22486
22486
22484
22479
22475
22473
22471
22467
22463
22452
22443
22443
22435
22434
22433
22426
22412
22408
22391
22390
22387
22385
22381
22375
22374
22374
22369
22362
22357
22357
22352
22351
22349
22346
22344
22343
22338
22338
22338
22328
22325
22319
22316
22313
22313
22312
22308
22305
22301
22294
22285
22285
22283
22277
22273
22273
22271
22267
22260
22256
22255
22253
22248
22246
22237
22234
22233
22227
22219
22217
22212
22209
22203
22198
22198
22197
22196
22195
22189
22180
22180
22171
22168
22167
22166
22158
22157
22156
22154
22151
22147
22146
22142
22140
22139
22130
22124
22113
22109
22108
22106
22106
22103
22103
22098
22092
22089
22078
22074
22071
22071
22071
22069
22068
22066
22061
22060
22059
22057
22052
22050
22047
22044
22041
22031
22028
22024
22022
22015
22015
22011
22004
22001
21990
21988
21987
21987
21987
21981
21980
21978
21978
21972
21966
21964
21963
21963
21959
21957
21955
21952
21947
21946
21938
21937
21937
21936
21934
21928
21928
21925
21920
21918
21918
21916
21898
21892
21888
21883
21882
21876
21875
21874
21869
21865
21865
21860
21851
21850
21848
21846
21845
21845
21836
21836
21829
21828
21828
21825
21822
21820
21818
21815
21810
21810
21808
21796
21796
21792
21786
21776
21774
21769
21766
21763
21757
21751
21742
21738
21736
21730
21729
21725
21722
21720
21712
21706
21703
21692
21682
21677
21667
21664
21661
21658
21652
21641
21640
21638
21637
21636
21629
21627
21627
21625
21625
21625
21622
21619
21616
21615
21606
21603
21599
21598
21579
21577
21574
21570
21569
21566
21565
21564
21560
21559
21556
21556
21547
21545
21535
21533
21532
21532
21531
21524
21520
21516
21515
21514
21505
21500
21500
21500
21499
21499
21496
21478
21474
21469
21461
21460
21456
21448
21444
21438
21436
21433
21426
21420
21419
21416
21402
21392
21389
21389
21386
21386
21385
21380
21380
21379
21376
21375
21372
21361
21359
21359
21354
21353
21351
21349
21340
21335
21332
21328
21328
21327
21325
21310
21309
21296
21294
21291
21291
21279
21279
21275
21273
21272
21272
21267
21255
21254
21254
21248
21248
21247
21245
21244
21242
21242
21241
21234
21228
21224
21222
21221
21218
21218
21214
21206
21205
21204
21197
21194
21184
21180
21177
21172
21164
21164
21163
21149
21149
21147
21142
21141
21140
21136
21133
21132
21132
21123
21122
21121
21118
21118
21110
21105
21102
21101
21100
21090
21086
21086
21083
21080
21078
21074
21073
21070
21070
21069
21062
21061
21061
21058
21057
21055
21054
21049
21045
21039
21037
21035
21033
21033
21031
21029
21024
21017
21017
21017
21011
21009
21008
21008
21006
21004
20994
20990
20983
20982
20979
20975
20974
20967
20967
20961
20958
20957
20955
20952
20946
20943
20943
20933
20932
20930
20928
20927
20925
20923
20922
20922
20919
20918
20916
20908
20902
20893
20891
20889
20883
20881
20877
20877
20874
20870
20869
20866
20858
20856
20855
20854
20850
20845
20840
20837
20833
20829
20829
20829
20825
20817
20815
20814
20814
20806
20803
20802
20801
20795
20791
20790
20789
20787
20787
20779
20778
20778
20764
20763
20760
20756
20755
20752
20750
20750
20748
20742
20742
20734
20733
20733
20729
20729
20727
20719
20717
20717
20713
20708
20707
20707
20705
20705
20701
20701
20688
20687
20681
20669
20665
20662
20662
20657
20654
20651
20651
20650
20644
20642
20642
20641
20641
20640
20640
20635
20608
20604
20603
20597
20596
20595
20595
20594
20592
20589
20582
20581
20580
20576
20569
20566
20560
20559
20559
20558
20557
20557
20556
20554
20544
20543
20543
20542
20542
20533
20529
20525
20522
20507
20502
20499
20492
20487
20482
20481
20481
20477
20476
20470
20468
20468
20466
20460
20457
20455
20454
20453
20452
20442
20438
20436
20430
20429
20428
20417
20416
20416
20415
20415
20413
20413
20407
20404
20397
20393
20392
20392
20387
20387
20373
20373
20369
20368
20364
20359
20357
20357
20356
20348
20345
20345
20344
20343
20340
20337
20332
20331
20324
20318
20309
20304
20300
20300
20296
20295
20295
20290
20273
20268
20267
20265
20265
20263
20262
20258
20256
20255
20249
20248
20247
20245
20245
20243
20240
20239
20236
20225
20222
20220
20219
20211
20208
20204
20196
20194
20192
20192
20184
20184
20179
20176
20175
20174
20171
20168
20167
20165
20164
20162
20158
20154
20152
20149
20149
20147
20140
20140
20133
20129
20125
20118
20111
20104
20103
20102
20100
20097
20096
20094
20092
20086
20083
20082
20079
20071
20066
20065
20065
20061
20055
20049
20044
20043
20043
20040
20040
20037
20031
20025
20019
20005
20004
20000
19997
19988
19988
19977
19977
19974
19971
19969
19964
19958
19957
19954
19950
19950
19945
19944
19943
19942
19938
19931
19924
19914
19914
19908
19907
19901
19897
19896
19895
19894
19888
19884
19884
19882
19878
19871
19870
19869
19869
19868
19861
19858
19851
19848
19845
19845
19842
19839
19838
19837
19832
19830
19826
19822
19822
19818
19815
19807
19807
19807
19804
19802
19801
19800
19792
19791
19788
19787
19784
19780
19775
19772
19771
19769
19769
19761
19757
19749
19745
19740
19737
19728
19722
19720
19718
19714
19713
19712
19712
19712
19704
19702
19701
19695
19686
19685
19682
19681
19678
19675
19673
19672
19666
19665
19663
19661
19654
19654
19654
19651
19646
19645
19643
19643
19643
19641
19634
19633
19631
19628
19627
19623
19618
19617
19611
19609
19607
19606
19604
19600
19598
19595
19588
19586
19586
19584
19580
19580
19569
19568
19550
19547
19543
19542
19536
19535
19531
19530
19530
19528
19526
19523
19523
19521
19517
19516
19516
19516
19514
19514
19511
19510
19500
19498
19495
19495
19491
19489
19488
19485
19479
19473
19471
19466
19456
19456
19454
19454
19451
19451
19451
19449
19446
19443
19440
19437
19427
19426
19425
19425
19421
19417
19414
19408
19406
19404
19402
19398
19396
19395
19392
19391
19388
19388
19385
19378
19376
19370
19370
19369
19361
19361
19361
19358
19345
19341
19333
19319
19318
19313
19310
19308
19300
19296
19294
19292
19289
19285
19281
19272
19270
19270
19268
19267
19263
19263
19259
19254
19254
19250
19248
19248
19244
19242
19237
19234
19229
19226
19222
19221
19220
19212
19209
19208
19207
19205
19205
19205
19199
19196
19193
19191
19182
19181
19175
19171
19171
19168
19167
19167
19166
19165
19164
19162
19156
19151
19150
19144
19142
19135
19131
19120
19118
19116
19115
19114
19111
19106
19106
19105
19100
19099
19096
19094
19091
19088
19086
19079
19078
19076
19072
19072
19070
19064
19064
19061
19060
19054
19051
19041
19034
19031
19031
19027
19025
19023
19021
19019
19019
19015
19012
19009
19005
19005
19001
18997
18996
18988
18986
18985
18982
18981
18980
18979
18975
18974
18972
18968
18968
18967
18966
18959
18954
18954
18938
18932
18930
18923
18921
18920
18911
18908
18908
18908
18905
18896
18892
18892
18887
18887
18886
18885
18875
18874
18871
18870
18869
18867
18863
18856
18854
18853
18852
18850
18844
18843
18842
18835
18834
18823
18814
18809
18805
18804
18803
18802
18800
18798
18798
18797
18782
18781
18777
18774
18767
18765
18763
18761
18760
18754
18753
18751
18747
18746
18738
18736
18735
18733
18733
18733
18732
18724
18720
18719
18717
18715
18711
18709
18704
18703
18699
18699
18699
18696
18689
18686
18684
18684
18679
18679
18677
18675
18667
18667
18665
18662
18660
18658
18657
18653
18652
18651
18649
18642
18639
18635
18634
18631
18629
18618
18618
18615
18611
18611
18607
18605
18600
18599
18596
18595
18586
18583
18583
18577
18577
18577
18576
18575
18573
18572
18572
18571
18566
18565
18565
18564
18564
18559
18559
18557
18556
18556
18547
18547
18547
18546
18542
18540
18540
18539
18537
18533
18532
18528
18521
18518
18515
18504
18501
18499
18491
18489
18487
18483
18476
18474
18465
18462
18459
18457
18456
18454
18453
18444
18442
18440
18431
18426
18426
18426
18426
18425
18422
18421
18415
18415
18411
18409
18408
18405
18405
18402
18400
18397
18395
18385
18378
18376
18375
18375
18368
18364
18357
18352
18351
18336
18330
18330
18326
18326
18312
18308
18307
18305
18302
18301
18301
18297
18297
18295
18292
18290
18285
18284
18281
18279
18277
18276
18274
18270
18269
18263
18262
18255
18248
18245
18237
18230
18222
18217
18214
18214
18208
18206
18203
18200
18196
18194
18186
18184
18182
18180
18177
18177
18172
18172
18164
18163
18162
18161
18160
18158
18156
18156
18156
18147
18143
18141
18133
18132
18124
18123
18123
18116
18111
18108
18096
18090
18090
18090
18089
18085
18083
18082
18074
18071
18070
18067
18065
18064
18064
18064
18063
18059
18055
18047
18046
18046
18042
18040
18028
18027
18023
18018
18015
18014
18005
18004
18002
18001
17996
17990
17989
17981
17975
17961
17945
17944
17934
17929
17915
17915
17913
17913
17912
17900
17891
17890
17886
17884
17882
17875
17875
17875
17870
17868
17855
17843
17842
17842
17842
17838
17838
17838
17835
17835
17832
17829
17828
17825
17825
17822
17821
17818
17818
17817
17816
17816
17814
17814
17804
17803
17798
17795
17794
17793
17789
17788
17787
17784
17781
17779
17777
17776
17774
17773
17768
17760
17754
17754
17752
17751
17741
17738
17737
17736
17734
17732
17731
17726
17725
17724
17722
17721
17706
17705
17702
17700
17697
17696
17693
17693
17693
17689
17686
17679
17678
17678
17676
17675
17673
17673
17670
17669
17669
17664
17663
17650
17642
17639
17629
17629
17626
17618
17617
17613
17612
17610
17606
17595
17594
17576
17570
17568
17568
17563
17563
17560
17556
17552
17549
17546
17544
17542
17533
17532
17532
17526
17523
17514
17513
17506
17505
17503
17501
17501
17498
17496
17489
17489
17487
17485
17475
17468
17466
17466
17464
17463
17459
17457
17456
17454
17451
17435
17434
17432
17432
17431
17421
17418
17406
17401
17401
17400
17391
17389
17386
17385
17382
17381
17380
17380
17379
17379
17377
17374
17374
17367
17362
17362
17360
17351
17351
17349
17345
17342
17333
17329
17329
17327
17324
17321
17320
17318
17314
17311
17306
17305
17304
17283
17280
17277
17275
17275
17273
17270
17264
17264
17261
17249
17244
17244
17242
17233
17230
17227
17224
17221
17215
17212
17211
17205
17204
17203
17202
17194
17193
17193
17187
17185
17181
17178
17178
17177
17175
17175
17172
17168
17166
17164
17163
17162
17162
17153
17152
17151
17151
17150
17148
17148
17124
17123
17123
17121
17116
17115
17112
17110
17109
17105
17103
17102
17090
17088
17087
17085
17084
17083
17083
17079
17072
17072
17071
17065
17059
17059
17051
17044
17042
17041
17040
17039
17037
17034
17031
17030
17029
17029
17022
17019
17017
17012
17012
17009
17008
17007
17005
16997
16997
16988
16984
16976
16974
16972
16968
16963
16958
16953
16952
16945
16941
16938
16937
16930
16929
16924
16922
16922
16919
16918
16915
16912
16911
16903
16901
16900
16899
16898
16896
16895
16889
16888
16888
16886
16884
16881
16881
16878
16874
16868
16866
16866
16865
16864
16858
16855
16854
16853
16852
16850
16846
16846
16843
16840
16840
16838
16837
16826
16825
16824
16824
16823
16821
16818
16815
16815
16809
16802
16801
16798
16796
16796
16793
16792
16788
16784
16779
16773
16771
16767
16751
16745
16745
16744
16743
16740
16739
16739
16721
16721
16721
16721
16721
16713
16713
16710
16709
16707
16706
16705
16702
16699
16699
16696
16696
16689
16679
16672
16666
16666
16666
16665
16665
16663
16660
16655
16653
16649
16646
16631
16625
16624
16622
16621
16614
16591
16586
16585
16584
16582
16577
16574
16571
16571
16570
16569
16569
16568
16565
16564
16557
16551
16550
16545
16538
16536
16530
16530
16524
16516
16508
16502
16500
16500
16492
16492
16491
16490
16488
16483
16477
16473
16466
16459
16457
16455
16453
16452
16447
16437
16436
16436
16435
16434
16432
16432
16431
16428
16425
16424
16419
16417
16413
16402
16400
16398
16393
16393
16392
16385
16373
16372
16370
16365
16365
16359
16357
16357
16353
16348
16345
16343
16340
16340
16335
16335
16334
16330
16328
16324
16313
16308
16306
16299
16292
16287
16286
16286
16284
16284
16274
16272
16271
16270
16269
16263
16260
16259
16259
16249
16246
16231
16222
16219
16219
16218
16210
16209
16204
16203
16202
16202
16201
16198
16189
16188
16187
16178
16172
16171
16169
16162
16159
16155
16154
16143
16136
16133
16124
16124
16122
16106
16105
16103
16103
16101
16097
16089
16087
16083
16079
16077
16076
16074
16068
16062
16058
16054
16049
16044
16041
16036
16032
16031
16029
16027
16027
16019
16014
16003
15994
15991
15988
15987
15986
15984
15982
15981
15974
15970
15969
15962
15957
15953
15944
15943
15941
15940
15940
15934
15933
15917
15916
15905
15903
15894
15886
15880
15876
15876
15863
15863
15858
15855
15855
15852
15851
15846
15837
15828
15818
15815
15812
15806
15805
15800
15793
15793
15791
15789
15788
15785
15783
15781
15777
15776
15775
15772
15771
15768
15762
15757
15754
15751
15751
15746
15745
15738
15729
15720
15713
15709
15708
15707
15704
15697
15690
15685
15682
15682
15681
15681
15676
15673
15670
15666
15666
15665
15665
15664
15660
15658
15656
15651
15650
15639
15637
15636
15634
15616
15614
15606
15606
15605
15605
15598
15589
15588
15584
15584
15584
15579
15574
15567
15566
15566
15566
15563
15563
15562
15560
15557
15553
15551
15549
15548
15548
15547
15546
15541
15539
15537
15536
15533
15530
15529
15527
15523
15518
15510
15503
15501
15499
15498
15495
15494
15492
15476
15474
15469
15468
15467
15465
15464
15464
15461
15460
15455
15450
15447
15442
15441
15440
15435
15433
15433
15432
15431
15430
15430
15427
15426
15425
15424
15415
15411
15407
15402
15398
15395
15394
15389
15389
15388
15386
15384
15375
15370
15366
15365
15360
15358
15356
15345
15344
15339
15332
15330
15325
15324
15320
15311
15310
15310
15308
15307
15307
15306
15302
15301
15299
15296
15287
15282
15280
15279
15277
15276
15272
15271
15271
15267
15264
15262
15261
15261
15258
15256
15254
15247
15246
15245
15244
15243
15237
15236
15228
15228
15227
15225
15223
15219
15215
15213
15212
15205
15203
15202
15200
15200
15195
15194
15193
15189
15189
15184
15182
15180
15180
15177
15166
15162
15162
15160
15149
15149
15149
15140
15128
15121
15117
15111
15111
15109
15108
15102
15098
15080
15076
15066
15058
15053
15047
15039
15039
15034
15034
15030
15028
15021
15017
15013
15011
15011
15011
15007
15007
15003
14997
14993
14991
14990
14981
14981
14978
14976
14972
14972
14967
14963
14957
14954
14952
14945
14941
14940
14939
14934
14928
14927
14922
14917
14917
14909
14908
14907
14900
14893
14871
14867
14866
14865
14857
14854
14852
14849
14846
14842
14841
14837
14837
14830
14827
14827
14827
14823
14822
14820
14818
14817
14814
14812
14807
14806
14804
14804
14803
14801
14800
14800
14795
14787
14781
14776
14776
14771
14762
14760
14757
14753
14751
14743
14742
14738
14734
14733
14731
14730
14728
14723
14720
14718
14708
14706
14704
14704
14703
14698
14698
14697
14692
14691
14691
14688
14688
14688
14679
14664
14657
14653
14643
14641
14638
14636
14631
14628
14627
14626
14625
14624
14620
14614
14612
14609
14604
14604
14603
14596
14595
14594
14592
14589
14584
14579
14563
14557
14554
14554
14550
14544
14541
14536
14535
14532
14531
14518
14512
14512
14511
14510
14506
14506
14506
14505
14495
14492
14489
14488
14486
14484
14478
14473
14465
14463
14462
14458
14456
14449
14441
14441
14441
14438
14435
14433
14427
14426
14425
14418
14412
14410
14408
14406
14405
14404
14404
14401
14399
14399
14397
14397
14395
14388
14386
14381
14380
14378
14377
14369
14365
14364
14364
14353
14352
14351
14350
14349
14348
14345
14345
14343
14335
14332
14331
14331
14329
14325
14323
14318
14315
14311
14307
14306
14304
14303
14300
14296
14294
14293
14287
14281
14279
14279
14277
14272
14265
14263
14260
14257
14253
14252
14249
14247
14246
14244
14242
14239
14235
14232
14228
14227
14225
14225
14220
14220
14218
14215
14205
14203
14201
14201
14197
14195
14193
14186
14183
14182
14180
14180
14175
14175
14169
14164
14163
14163
14161
14156
14153
14152
14151
14150
14145
14144
14139
14137
14136
14130
14124
14122
14119
14116
14111
14109
14106
14098
14095
14091
14086
14083
14083
14082
14081
14079
14075
14075
14071
14067
14051
14047
14047
14046
14044
14044
14039
14016
14011
14011
14009
14006
14005
14003
14002
13999
13997
13997
13990
13988
13987
13979
13960
13958
13957
13950
13939
13938
13934
13933
13929
13927
13926
13925
13922
13917
13916
13912
13910
13908
13898
13894
13892
13890
13889
13887
13882
13879
13872
13869
13868
13865
13861
13848
13840
13834
13830
13828
13828
13825
13824
13823
13821
13818
13818
13815
13813
13812
13803
13802
13799
13797
13797
13793
13793
13787
13787
13781
13781
13780
13778
13773
13768
13758
13756
13749
13747
13741
13738
13735
13735
13735
13728
13725
13719
13712
13711
13706
13688
13685
13684
13683
13682
13681
13675
13674
13670
13665
13665
13657
13654
13652
13651
13651
13648
13646
13646
13643
13642
13642
13642
13634
13633
13632
13631
13630
13622
13617
13613
13608
13608
13598
13596
13593
13592
13589
13582
13582
13579
13577
13576
13572
13568
13566
13562
13559
13545
13543
13536
13527
13524
13522
13521
13518
13518
13511
13510
13510
13506
13498
13495
13495
13494
13491
13490
13485
13483
13482
13475
13475
13473
13471
13471
13465
13464
13462
13458
13447
13445
13441
13440
13436
13432
13426
13424
13421
13419
13418
13414
13410
13408
13403
13401
13399
13394
13392
13377
13376
13375
13369
13350
13350
13347
13345
13340
13338
13338
13338
13337
13323
13316
13312
13308
13306
13305
13299
13298
13291
13280
13280
13278
13278
13276
13274
13271
13270
13269
13269
13257
13255
13253
13247
13240
13239
13239
13234
13228
13224
13221
13219
13219
13216
13215
13213
13206
13202
13198
13195
13193
13193
13192
13191
13190
13187
13187
13181
13180
13179
13177
13171
13165
13158
13157
13154
13143
13142
13142
13141
13141
13139
13134
13128
13116
13113
13112
13104
13101
13097
13097
13093
13089
13088
13087
13082
13082
13081
13075
13073
13072
13068
13067
13063
13061
13059
13056
13054
13050
13038
13032
13030
13028
13021
13014
13012
13009
13008
13007
13004
13002
12993
12992
12990
12986
12985
12968
12967
12967
12966
12963
12962
12960
12958
12958
12955
12951
12951
12949
12947
12944
12938
12937
12929
12929
12927
12919
12912
12907
12905
12904
12900
12896
12886
12885
12875
12874
12869
12869
12869
12865
12865
12858
12857
12855
12854
12849
12843
12837
12837
12830
12813
12811
12811
12810
12805
12803
12798
12791
12788
12780
12779
12767
12767
12766
12766
12766
12764
12758
12754
12753
12752
12752
12745
12724
12719
12718
12716
12712
12711
12711
12708
12701
12700
12699
12694
12692
12691
12684
12679
12671
12669
12668
12668
12666
12665
12659
12658
12656
12650
12649
12648
12637
12634
12633
12632
12632
12628
12618
12617
12614
12613
12612
12608
12606
12605
12602
12601
12599
12593
12585
12579
12569
12563
12557
12553
12549
12548
12543
12539
12538
12538
12537
12537
12533
12532
12532
12531
12529
12523
12520
12520
12512
12501
12497
12496
12496
12494
12488
12485
12484
12482
12471
12471
12464
12462
12460
12454
12449
12449
12440
12437
12435
12434
12426
12423
12420
12405
12400
12400
12399
12397
12393
12392
12390
12390
12388
12382
12378
12376
12374
12373
12372
12368
12365
12365
12347
12345
12339
12334
12331
12329
12328
12326
12322
12314
12313
12310
12307
12302
12301
12300
12299
12299
12298
12295
12294
12291
12282
12282
12277
12274
12273
12265
12263
12261
12260
12259
12252
12251
12245
12241
12231
12229
12228
12221
12221
12211
12205
12203
12201
12200
12198
12198
12193
12192
12187
12185
12184
12182
12177
12174
12173
12173
12173
12164
12162
12159
12156
12155
12155
12154
12152
12149
12145
12142
12141
12140
12140
12138
12138
12134
12126
12116
12115
12114
12109
12104
12102
12102
12100
12098
12098
12089
12086
12085
12085
12081
12078
12075
12071
12071
12071
12067
12067
12064
12064
12060
12059
12057
12047
12042
12039
12036
12034
12030
12025
12022
12021
12020
12019
12018
12017
12011
12006
12005
12004
12002
11999
11996
11995
11994
11993
11992
11989
11987
11985
11983
11982
11977
11976
11976
11973
11971
11968
11960
11957
11955
11954
11952
11945
11944
11942
11941
11940
11938
11935
11929
11928
11928
11928
11922
11922
11914
11911
11898
11895
11892
11889
11882
11870
11869
11865
11864
11858
11853
11853
11845
11844
11835
11832
11828
11826
11816
11812
11800
11799
11797
11795
11792
11791
11788
11787
11783
11781
11778
11777
11776
11766
11765
11764
11762
11760
11758
11757
11756
11751
11749
11748
11745
11743
11740
11735
11733
11727
11727
11724
11720
11716
11714
11714
11710
11706
11706
11703
11701
11687
11684
11682
11681
11675
11674
11674
11673
11671
11663
11661
11659
11653
11648
11646
11644
11642
11635
11635
11632
11628
11626
11624
11617
11613
11596
11596
11594
11594
11593
11593
11589
11582
11576
11575
11574
11573
11571
11570
11561
11560
11560
11557
11554
11553
11550
11549
11544
11542
11531
11518
11516
11511
11510
11507
11507
11503
11500
11495
11492
11492
11483
11483
11481
11480
11474
11469
11466
11461
11459
11459
11457
11457
11450
11443
11442
11439
11425
11424
11423
11423
11422
11417
11414
11414
11413
11412
11411
11410
11408
11400
11399
11396
11393
11390
11389
11388
11380
11377
11375
11366
11364
11362
11360
11355
11353
11350
11345
11344
11342
11328
11327
11325
11324
11321
11319
11318
11312
11311
11305
11301
11287
11284
11271
11270
11269
11269
11268
11268
11264
11262
11254
11252
11240
11234
11233
11232
11220
11220
11220
11215
11208
11194
11193
11192
11182
11175
11175
11172
11172
11170
11169
11162
11159
11157
11152
11148
11148
11142
11132
11125
11122
11119
11117
11117
11112
11111
11109
11109
11098
11098
11082
11082
11080
11078
11077
11076
11074
11073
11072
11069
11068
11067
11060
11060
11055
11046
11045
11043
11030
11028
11010
11009
11001
10998
10995
10993
10986
10983
10979
10979
10979
10978
10976
10976
10965
10965
10963
10961
10951
10944
10942
10942
10941
10934
10930
10929
10924
10924
10920
10915
10910
10910
10909
10909
10904
10898
10897
10897
10896
10887
10882
10878
10877
10875
10875
10874
10865
10864
10863
10863
10859
10857
10856
10850
10850
10849
10845
10842
10834
10830
10822
10818
10814
10813
10810
10808
10807
10803
10801
10800
10797
10794
10791
10791
10780
10778
10778
10774
10772
10771
10771
10768
10768
10765
10762
10762
10758
10754
10747
10745
10741
10741
10734
10725
10725
10724
10718
10712
10711
10711
10710
10706
10705
10704
10702
10693
10693
10687
10685
10684
10684
10672
10670
10670
10669
10665
10664
10655
10653
10653
10652
10651
10651
10649
10642
10640
10639
10637
10634
10633
10630
10626
10620
10615
10614
10611
10605
10601
10593
10589
10589
10585
10585
10583
10580
10579
10578
10565
10563
10562
10560
10559
10557
10554
10554
10553
10552
10548
10546
10540
10537
10533
10526
10523
10523
10521
10512
10512
10510
10506
10502
10500
10497
10497
10493
10491
10489
10489
10480
10472
10465
10461
10455
10431
10428
10426
10425
10421
10417
10416
10415
10414
10410
10410
10407
10404
10401
10400
10391
10388
10383
10380
10378
10377
10371
10368
10368
10359
10359
10358
10355
10350
10350
10349
10330
10328
10324
10319
10316
10311
10311
10309
10308
10308
10293
10292
10287
10282
10279
10275
10271
10270
10264
10260
10259
10257
10256
10255
10250
10245
10244
10240
10240
10232
10221
10218
10214
10212
10212
10211
10207
10201
10199
10199
10197
10193
10190
10183
10178
10176
10174
10170
10170
10161
10157
10156
10152
10147
10146
10144
10143
10140
10133
10130
10126
10123
10120
10112
10111
10106
10104
10100
10099
10099
10098
10093
10088
10084
10082
10081
10080
10074
10063
10062
10051
10043
10040
10034
10030
10026
10026
10025
10025
10020
10017
10015
10014
10013
10010
10005
10001
9998
9996
9992
9989
9989
9988
9984
9982
9976
9972
9968
9964
9964
9964
9963
9961
9960
9957
9954
9950
9948
9947
9945
9942
9942
9940
9940
9938
9937
9937
9933
9931
9930
9929
9928
9922
9914
9913
9910
9900
9898
9892
9891
9890
9886
9882
9882
9878
9876
9875
9874
9869
9867
9867
9860
9858
9858
9852
9852
9851
9847
9847
9843
9836
9835
9835
9832
9831
9828
9827
9827
9826
9826
9823
9823
9817
9816
9812
9810
9802
9801
9796
9796
9790
9787
9783
9780
9779
9775
9774
9773
9767
9765
9764
9762
9761
9761
9759
9757
9753
9752
9748
9746
9743
9741
9740
9729
9727
9726
9724
9721
9719
9712
9711
9710
9700
9700
9698
9697
9697
9695
9695
9689
9689
9688
9685
9684
9663
9661
9661
9660
9660
9658
9655
9650
9648
9644
9644
9635
9627
9626
9624
9611
9610
9609
9608
9606
9597
9595
9592
9591
9585
9585
9584
9581
9569
9569
9567
9561
9560
9556
9550
9543
9543
9542
9536
9527
9526
9526
9521
9519
9518
9517
9513
9509
9506
9505
9505
9503
9500
9499
9496
9489
9484
9483
9478
9477
9475
9470
9470
9468
9465
9464
9464
9457
9457
9456
9455
9455
9454
9453
9452
9451
9448
9443
9439
9434
9434
9433
9430
9428
9425
9425
9421
9415
9411
9403
9395
9395
9393
9386
9378
9377
9376
9374
9371
9368
9366
9362
9361
9359
9358
9357
9357
9354
9342
9341
9340
9325
9323
9323
9322
9320
9317
9313
9302
9291
9288
9282
9278
9278
9275
9274
9274
9271
9271
9270
9269
9269
9262
9261
9261
9257
9255
9252
9247
9242
9240
9240
9239
9239
9238
9238
9226
9224
9223
9210
9210
9209
9200
9200
9191
9190
9190
9190
9187
9184
9182
9178
9173
9171
9168
9163
9163
9162
9159
9158
9157
9153
9149
9147
9145
9145
9144
9140
9132
9131
9124
9112
9109
9104
9104
9103
9100
9097
9093
9091
9089
9089
9085
9082
9082
9081
9080
9078
9077
9076
9071
9070
9064
9059
9057
9057
9056
9051
9049
9049
9048
9047
9038
9037
9035
9034
9032
9032
9032
9030
9030
9024
9024
9023
9018
9018
9017
9012
9008
9007
9006
9002
9002
9000
8999
8987
8985
8981
8978
8970
8969
8968
8966
8965
8958
8952
8949
8945
8944
8944
8937
8936
8928
8924
8913
8904
8899
8897
8893
8883
8880
8880
8875
8867
8866
8863
8862
8858
8858
8858
8855
8852
8843
8837
8833
8829
8826
8823
8822
8812
8809
8808
8794
8790
8789
8787
8787
8785
8782
8778
8775
8766
8759
8759
8757
8751
8749
8742
8737
8736
8736
8734
8733
8732
8730
8727
8725
8722
8716
8715
8711
8710
8708
8706
8704
8698
8696
8694
8692
8690
8689
8686
8677
8676
8675
8671
8670
8659
8658
8658
8654
8653
8652
8649
8648
8648
8642
8636
8635
8630
8629
8628
8626
8624
8623
8614
8612
8611
8609
8609
8607
8605
8600
8594
8592
8589
8584
8583
8581
8578
8577
8573
8573
8572
8566
8564
8563
8561
8557
8553
8553
8551
8548
8547
8547
8537
8529
8528
8527
8523
8523
8521
8517
8516
8516
8516
8515
8511
8506
8502
8496
8494
8494
8494
8489
8483
8476
8475
8475
8474
8473
8470
8465
8460
8458
8452
8449
8447
8444
8444
8437
8421
8420
8417
8412
8406
8401
8401
8400
8396
8390
8388
8387
8380
8379
8377
8375
8372
8365
8364
8364
8361
8354
8346
8346
8342
8340
8339
8329
8328
8327
8326
8324
8323
8314
8311
8310
8306
8306
8304
8302
8299
8297
8277
8269
8269
8265
8259
8258
8243
8241
8240
8239
8235
8233
8231
8230
8229
8228
8228
8227
8224
8224
8224
8224
8224
8222
8217
8216
8214
8210
8210
8205
8202
8198
8194
8194
8193
8185
8181
8179
8177
8177
8172
8172
8162
8158
8150
8143
8142
8140
8135
8130
8126
8122
8122
8118
8115
8114
8114
8110
8105
8105
8102
8097
8096
8091
8086
8086
8081
8077
8074
8073
8071
8066
8059
8054
8051
8044
8043
8038
8035
8025
8020
8020
8020
8019
8013
8011
8009
8003
8001
7997
7993
7992
7991
7990
7989
7984
7980
7978
7974
7973
7973
7972
7972
7966
7965
7962
7961
7959
7958
7956
7950
7940
7937
7936
7928
7916
7915
7914
7912
7909
7909
7900
7898
7897
7896
7896
7889
7887
7883
7880
7877
7875
7874
7868
7861
7859
7858
7854
7851
7850
7849
7848
7845
7837
7834
7833
7833
7827
7825
7821
7820
7816
7815
7815
7814
7810
7808
7803
7801
7800
7799
7794
7793
7790
7789
7788
7788
7785
7784
7783
7771
7770
7769
7766
7762
7760
7759
7755
7755
7754
7751
7746
7742
7740
7734
7723
7719
7718
7693
7687
7679
7678
7677
7677
7677
7676
7671
7663
7658
7655
7645
7639
7628
7626
7624
7623
7618
7613
7607
7603
7601
7599
7593
7592
7590
7587
7579
7574
7572
7571
7567
7566
7559
7559
7555
7553
7553
7551
7546
7533
7532
7531
7530
7529
7528
7528
7527
7522
7516
7516
7514
7513
7513
7511
7507
7505
7505
7503
7502
7497
7494
7484
7484
7479
7478
7478
7477
7472
7471
7470
7465
7461
7449
7446
7445
7431
7430
7430
7428
7427
7423
7418
7405
7403
7399
7396
7396
7395
7386
7380
7377
7377
7376
7375
7374
7371
7370
7370
7370
7369
7366
7366
7364
7350
7350
7350
7349
7341
7338
7329
7324
7319
7315
7305
7303
7300
7296
7286
7283
7282
7281
7279
7278
7276
7274
7270
7270
7270
7267
7264
7259
7256
7256
7254
7244
7243
7241
7236
7233
7231
7230
7228
7227
7227
7222
7216
7214
7212
7212
7211
7207
7206
7200
7194
7191
7190
7188
7181
7178
7171
7159
7153
7153
7153
7149
7143
7142
7131
7118
7103
7103
7098
7097
7093
7092
7091
7084
7082
7079
7078
7076
7076
7073
7068
7065
7064
7060
7059
7056
7055
7054
7051
7044
7035
7034
7032
7031
7031
7028
7027
7026
7025
7022
7019
7016
7012
7009
7008
7005
6998
6998
6997
6991
6979
6976
6971
6969
6965
6964
6963
6960
6960
6952
6947
6944
6940
6938
6936
6936
6933
6933
6932
6919
6918
6915
6914
6911
6909
6905
6889
6886
6884
6884
6883
6876
6874
6867
6867
6867
6865
6862
6861
6855
6851
6846
6843
6842
6834
6832
6829
6825
6822
6821
6818
6816
6814
6811
6808
6805
6805
6802
6796
6791
6791
6788
6787
6787
6787
6782
6779
6775
6774
6766
6763
6763
6758
6757
6757
6755
6751
6746
6745
6744
6743
6742
6741
6737
6730
6728
6725
6722
6711
6702
6701
6697
6695
6689
6688
6687
6687
6678
6677
6676
6671
6670
6670
6670
6655
6654
6646
6640
6630
6629
6628
6626
6626
6626
6623
6622
6617
6616
6614
6612
6604
6603
6603
6599
6597
6595
6593
6582
6576
6566
6564
6560
6557
6555
6550
6547
6546
6542
6540
6539
6535
6535
6530
6529
6521
6514
6513
6512
6512
6507
6503
6503
6501
6500
6496
6494
6494
6492
6483
6477
6475
6468
6466
6462
6458
6457
6447
6447
6445
6444
6443
6443
6442
6442
6442
6439
6437
6434
6430
6427
6427
6423
6422
6422
6420
6416
6416
6416
6415
6413
6413
6411
6411
6411
6406
6398
6397
6386
6381
6379
6371
6368
6367
6366
6357
6356
6356
6355
6354
6352
6352
6346
6341
6340
6335
6333
6333
6331
6330
6324
6322
6314
6310
6303
6301
6299
6297
6293
6293
6284
6281
6281
6278
6277
6277
6271
6271
6270
6265
6261
6259
6253
6253
6250
6242
6242
6230
6227
6226
6220
6220
6214
6207
6205
6204
6199
6198
6198
6192
6182
6182
6177
6175
6173
6173
6168
6164
6160
6156
6146
6144
6136
6133
6128
6128
6123
6119
6110
6090
6079
6078
6076
6070
6069
6067
6066
6064
6056
6054
6054
6052
6040
6038
6036
6033
6030
6030
6023
6021
6020
6010
6002
6001
5999
5999
5993
5992
5988
5985
5983
5982
5980
5975
5975
5974
5970
5956
5952
5949
5945
5945
5944
5942
5942
5941
5935
5934
5926
5919
5918
5909
5908
5907
5897
5895
5894
5890
5889
5889
5884
5880
5877
5877
5876
5874
5868
5868
5863
5855
5855
5851
5850
5850
5849
5846
5844
5844
5837
5834
5832
5831
5826
5821
5820
5820
5817
5811
5809
5804
5802
5779
5777
5774
5766
5753
5753
5750
5743
5734
5730
5728
5727
5725
5725
5722
5719
5713
5713
5710
5710
5702
5699
5696
5695
5683
5683
5683
5682
5681
5681
5681
5677
5668
5665
5662
5656
5655
5653
5648
5646
5640
5638
5637
5635
5628
5627
5627
5626
5624
5612
5611
5609
5607
5604
5598
5598
5593
5589
5581
5578
5577
5573
5568
5566
5561
5561
5553
5548
5546
5544
5543
5534
5532
5532
5515
5514
5514
5513
5508
5507
5496
5490
5485
5475
5475
5475
5472
5470
5467
5466
5465
5460
5457
5451
5449
5447
5446
5445
5443
5439
5436
5432
5429
5421
5420
5417
5416
5414
5410
5406
5400
5400
5400
5398
5398
5394
5388
5388
5385
5385
5384
5383
5382
5378
5374
5374
5374
5367
5363
5361
5360
5353
5353
5339
5334
5320
5317
5315
5308
5307
5306
5306
5301
5300
5298
5296
5294
5293
5287
5286
5276
5275
5274
5272
5272
5269
5269
5267
5256
5255
5254
5253
5247
5246
5246
5243
5243
5239
5235
5232
5230
5229
5228
5221
5220
5211
5210
5208
5204
5202
5196
5193
5192
5186
5184
5184
5181
5178
5177
5173
5170
5168
5166
5164
5160
5159
5143
5140
5139
5135
5132
5132
5124
5122
5119
5118
5114
5114
5111
5111
5109
5108
5106
5104
5102
5101
5101
5098
5096
5095
5093
5091
5090
5090
5088
5083
5081
5071
5066
5064
5059
5058
5052
5039
5037
5037
5034
5029
5026
5025
5024
5016
5004
5003
5001
5000
4986
4985
4975
4973
4972
4969
4968
4967
4958
4958
4957
4949
4947
4945
4943
4939
4922
4921
4920
4918
4917
4916
4905
4897
4891
4891
4882
4875
4874
4874
4871
4870
4860
4857
4852
4852
4849
4848
4843
4841
4838
4832
4828
4824
4823
4820
4819
4819
4818
4818
4817
4814
4813
4812
4811
4811
4808
4807
4804
4796
4790
4785
4784
4782
4778
4778
4775
4773
4771
4760
4760
4757
4754
4752
4750
4749
4746
4745
4743
4741
4738
4738
4728
4720
4718
4715
4714
4713
4709
4706
4701
4700
4699
4692
4691
4690
4688
4686
4684
4663
4656
4653
4649
4647
4641
4640
4631
4626
4625
4617
4604
4604
4602
4601
4598
4597
4596
4589
4584
4583
4583
4572
4570
4567
4562
4556
4552
4550
4550
4544
4542
4542
4540
4534
4533
4529
4529
4519
4514
4514
4513
4507
4506
4504
4502
4493
4485
4484
4484
4483
4481
4475
4475
4474
4471
4467
4466
4466
4465
4456
4443
4443
4439
4432
4431
4425
4423
4420
4420
4420
4418
4413
4411
4409
4406
4405
4404
4402
4395
4393
4393
4392
4389
4385
4383
4383
4381
4372
4372
4371
4366
4365
4364
4363
4363
4363
4358
4354
4346
4346
4334
4329
4325
4321
4319
4319
4315
4314
4307
4302
4301
4299
4297
4296
4292
4291
4290
4288
4285
4275
4274
4274
4265
4264
4245
4236
4231
4229
4229
4228
4228
4225
4223
4222
4214
4214
4213
4208
4206
4204
4201
4195
4191
4190
4190
4174
4169
4165
4163
4163
4162
4160
4159
4158
4157
4152
4151
4142
4140
4138
4133
4124
4113
4099
4095
4094
4091
4079
4079
4078
4076
4068
4066
4065
4063
4061
4057
4057
4054
4052
4052
4050
4049
4048
4047
4044
4043
4043
4040
4040
4040
4038
4033
4031
4030
4023
4021
4020
4019
4009
4002
4001
3997
3994
3992
3989
3986
3984
3977
3970
3963
3958
3956
3954
3945
3944
3937
3930
3928
3925
3925
3921
3916
3913
3910
3906
3904
3899
3896
3895
3894
3893
3892
3892
3890
3889
3885
3882
3882
3868
3863
3858
3854
3853
3852
3845
3843
3842
3836
3835
3830
3828
3826
3823
3822
3817
3813
3800
3784
3784
3784
3782
3778
3775
3775
3774
3773
3771
3758
3755
3748
3738
3737
3736
3736
3734
3734
3730
3729
3725
3724
3718
3717
3714
3709
3708
3707
3707
3696
3695
3686
3685
3679
3674
3674
3668
3666
3665
3665
3664
3659
3650
3641
3638
3636
3634
3632
3627
3620
3606
3602
3601
3598
3596
3591
3589
3587
3586
3582
3579
3578
3577
3574
3564
3562
3561
3557
3553
3545
3540
3538
3536
3529
3527
3526
3523
3516
3515
3512
3510
3501
3501
3499
3499
3499
3497
3496
3489
3488
3487
3482
3481
3478
3471
3460
3459
3458
3455
3454
3450
3448
3447
3441
3437
3433
3431
3429
3428
3426
3426
3424
3415
3412
3411
3409
3407
3402
3397
3395
3390
3387
3387
3386
3382
3380
3375
3372
3371
3370
3368
3367
3357
3353
3345
3343
3340
3338
3335
3334
3333
3330
3330
3330
3324
3323
3322
3320
3315
3313
3307
3295
3293
3283
3282
3279
3278
3278
3277
3269
3269
3269
3269
3267
3266
3266
3263
3259
3257
3254
3252
3250
3249
3248
3247
3239
3236
3235
3232
3231
3227
3225
3223
3218
3215
3213
3213
3212
3201
3199
3193
3191
3188
3188
3187
3187
3182
3181
3179
3177
3175
3174
3170
3158
3156
3153
3152
3152
3147
3145
3143
3139
3132
3129
3126
3121
3121
3118
3117
3108
3104
3104
3102
3096
3091
3090
3088
3084
3081
3078
3068
3057
3049
3049
3043
3042
3042
3035
3027
3021
2998
2995
2994
2990
2984
2984
2984
2983
2979
2976
2970
2970
2969
2968
2963
2956
2956
2953
2946
2945
2942
2937
2934
2931
2929
2929
2921
2917
2917
2912
2909
2903
2895
2893
2889
2883
2873
2872
2866
2860
2859
2856
2856
2854
2853
2833
2823
2821
2818
2817
2816
2816
2816
2815
2813
2811
2810
2810
2810
2809
2796
2796
2791
2771
2768
2762
2761
2760
2756
2752
2750
2750
2748
2746
2745
2745
2735
2732
2730
2728
2727
2723
2716
2712
2711
2709
2709
2708
2706
2701
2700
2698
2697
2693
2688
2685
2683
2683
2679
2662
2661
2655
2655
2648
2644
2642
2641
2632
2629
2628
2627
2626
2625
2622
2620
2613
2609
2607
2601
2600
2600
2600
2600
2599
2599
2596
2591
2587
2571
2563
2562
2549
2539
2538
2533
2533
2531
2524
2521
2519
2504
2501
2488
2486
2485
2484
2483
2483
2481
2479
2479
2478
2477
2474
2473
2470
2469
2466
2466
2464
2463
2457
2455
2452
2448
2443
2443
2442
2437
2434
2431
2428
2427
2427
2426
2419
2415
2415
2409
2409
2409
2408
2407
2405
2396
2392
2384
2379
2379
2379
2376
2369
2366
2365
2361
2356
2355
2354
2350
2346
2346
2343
2342
2336
2332
2329
2329
2321
2320
2316
2315
2315
2314
2309
2309
2309
2299
2297
2296
2294
2293
2287
2280
2277
2269
2266
2264
2262
2258
2257
2256
2253
2251
2248
2242
2236
2235
2233
2228
2224
2221
2220
2218
2216
2210
2208
2207
2207
2203
2202
2201
2199
2198
2198
2197
2191
2185
2182
2176
2171
2165
2164
2163
2162
2160
2159
2158
2152
2152
2149
2142
2139
2139
2135
2131
2124
2123
2115
2114
2113
2112
2107
2104
2103
2103
2095
2090
2089
2083
2077
2073
2066
2065
2064
2061
2061
2057
2050
2042
2040
2039
2038
2036
2036
2031
2029
2028
2027
2026
2023
2012
2006
2002
2002
2001
2000
1997
1995
1990
1970
1965
1961
1958
1952
1950
1936
1935
1934
1930
1930
1923
1913
1911
1906
1905
1905
1905
1898
1897
1896
1895
1895
1894
1891
1887
1886
1877
1874
1871
1864
1864
1857
1855
1855
1855
1851
1849
1847
1837
1833
1832
1831
1824
1820
1817
1811
1808
1802
1795
1793
1792
1786
1783
1777
1770
1763
1763
1753
1750
1747
1741
1739
1736
1735
1734
1733
1732
1721
1713
1713
1712
1712
1707
1706
1693
1691
1691
1690
1686
1684
1684
1679
1677
1675
1674
1670
1670
1668
1654
1653
1651
1650
1646
1636
1636
1635
1627
1626
1621
1620
1619
1619
1617
1617
1612
1610
1603
1603
1600
1589
1587
1585
1576
1574
1573
1568
1560
1559
1548
1542
1536
1535
1533
1533
1532
1531
1522
1520
1517
1514
1514
1510
1508
1508
1506
1502
1499
1492
1488
1483
1482
1477
1476
1471
1471
1469
1465
1464
1462
1460
1455
1446
1441
1441
1440
1437
1431
1430
1427
1417
1412
1411
1408
1406
1403
1398
1398
1394
1388
1380
1376
1375
1372
1370
1367
1366
1365
1363
1363
1359
1358
1350
1334
1330
1329
1323
1321
1316
1314
1313
1311
1309
1308
1308
1307
1306
1298
1297
1290
1288
1286
1285
1285
1282
1280
1279
1271
1271
1268
1262
1260
1258
1258
1254
1250
1248
1248
1234
1225
1224
1222
1219
1218
1216
1205
1202
1200
1192
1191
1184
1180
1180
1180
1176
1175
1174
1172
1162
1162
1160
1151
1149
1149
1148
1145
1144
1138
1133
1130
1129
1121
1116
1114
1106
1101
1097
1095
1093
1093
1085
1082
1078
1076
1069
1061
1060
1056
1054
1053
1045
1045
1045
1041
1040
1039
1037
1030
1029
1027
1021
1020
1019
1018
1014
1013
1011
1008
1008
1008
1003
998
996
995
995
988
986
976
972
964
960
957
957
954
950
949
941
920
918
915
914
909
909
909
904
901
900
900
898
891
889
888
884
875
871
870
868
865
861
857
857
849
847
838
837
836
832
831
828
825
821
813
812
810
810
809
808
804
801
794
793
792
789
787
786
785
775
771
766
764
763
762
761
757
752
743
740
737
735
734
731
727
727
723
722
719
719
717
713
711
707
707
706
702
701
700
699
696
695
695
695
693
686
684
679
678
674
668
662
631
626
620
614
612
609
608
607
605
601
593
592
592
590
584
574
570
569
569
563
562
559
555
554
554
549
545
542
538
535
534
534
533
527
526
524
524
522
520
516
515
512
509
507
504
501
501
498
497
494
487
485
482
469
469
467
462
462
459
445
442
437
435
430
428
422
421
414
413
409
405
405
400
399
399
398
396
395
392
389
387
384
384
383
377
376
374
369
369
363
352
351
336
332
331
330
330
329
325
324
321
311
310
310
304
304
304
301
296
296
293
281
276
273
266
259
256
255
249
246
241
238
237
237
232
231
231
227
221
209
195
193
192
186
184
176
173
168
165
162
159
151
141
141
136
133
131
131
130
129
126
122
113
113
112
111
107
104
101
101
99
93
92
90
88
85
78
77
75
74
73
69
69
67
59
57
56
52
49
44
43
40
37
32
29
23
20
20
15
15
9
6
1
