32302
31594
31129
31070
30965
30901
30101
30065
29274
29144
28726
28199
28065
27705
27637
27478
27411
27138
26231
25796
25291
24995
24910
24427
24317
23900
23878
23413
23073
23048
22946
22767
22156
21893
21047
20704
20628
20176
19369
18915
18596
18141
17569
17355
17133
16963
16648
15858
15842
15632
14914
12443
12219
12004
11939
11825
11697
11392
11145
11010
10901
10726
10617
10516
10448
10005
9824
9713
9673
9613
9283
9265
9019
8869
8492
8082
7713
7608
7064
7007
6753
6220
6155
6152
5915
5531
5349
4704
4262
3947
3655
3321
2883
2115
1962
1807
1778
1033
788
