32729
32370
31930
31256
29328
29295
28302
28185
28027
27990
27863
27458
27208
27162
27026
26797
26049
25862
25759
25325
24956
24288
24200
24006
23622
23498
23192
23181
22826
22375
22346
22243
21439
21400
21169
21160
20689
19930
19865
19030
18925
18589
18499
18450
18199
18177
17987
17841
17537
16963
16610
16506
15884
15371
14932
14857
14557
14477
14325
14031
13010
12977
12803
12077
11705
10996
10982
10320
9551
9427
9319
9113
9093
8844
8279
7747
7728
6545
6447
6107
5963
5544
5094
4965
4437
4292
4182
2626
2600
2590
2551
2534
1713
1440
1328
1230
918
653
644
