17
167
491
624
1156
1253
1330
1361
1503
2727
2861
3267
3502
3657
3936
4245
4653
4847
5160
5524
6533
6571
7161
7904
8216
8266
9093
9223
9228
9349
9495
9722
10060
10334
10844
10970
10997
11214
11758
12223
12773
13150
13220
13420
13751
14045
14065
14227
14293
14549
14801
15154
15476
15919
16110
16969
17123
17621
18284
18388
19130
19406
19632
20355
20792
20952
21332
21371
22784
23097
23545
23650
23926
24253
25122
25334
25337
25646
25783
25835
26346
26770
26788
27179
28179
28278
28601
28617
28714
29112
29238
29471
29586
29621
29665
29722
30523
31034
31767
