597
647
794
901
1083
1555
2444
2710
2871
2899
3089
3839
4083
4157
4231
4318
4561
4615
6146
6165
6509
7579
7799
8156
9056
9544
9545
9636
9863
10544
11059
11264
11429
12033
12562
12844
13506
13782
13861
13930
14654
15541
15585
15637
15811
15948
16378
16775
17610
17655
17677
18975
19424
19545
20683
21344
21611
22114
22445
22475
22715
22718
23106
23189
23251
23377
23406
23587
23666
23735
24077
24248
24373
24746
25185
25630
25674
26004
26475
26902
27204
27890
28373
28698
28747
29080
29323
29829
30508
30544
30564
31039
31875
32358
32398
32518
32518
32648
32712
