56
254
316
537
794
1231
2210
2424
3915
4063
4228
5412
5445
6576
6611
6617
6746
7379
7681
8131
8366
8669
8745
10006
10050
10397
10532
10909
12180
12392
12423
12748
12775
13084
13246
13356
13844
13941
14107
14629
15014
15074
17426
17444
17486
17592
17653
17914
18133
18901
19152
19436
19820
19861
20294
20446
20458
21809
21937
22177
22349
22435
22582
22625
22778
22822
22998
23128
23361
23687
24204
24221
24836
25000
25256
25377
25482
25543
26129
26456
26485
26692
27493
27932
28410
28444
29284
29316
29593
30090
30273
30612
31044
31168
31433
31686
31748
32257
32388
