12729
15205
14403
11890
13866
7239
14170
23018
1552
24867
23320
29970
8174
3697
5368
8529
17623
32240
640
9214
29336
19301
334
6008
21669
20755
30695
4615
22468
28665
24383
24177
19579
8142
22792
8796
17466
701
24251
3687
5449
30944
21863
29702
12656
28542
4668
23841
15208
26629
7127
364
1796
29382
13387
13701
28703
6514
30707
12239
13380
30040
7418
16144
15136
27996
8103
20173
31144
22454
26473
21857
23562
31600
12454
2015
25173
11678
18244
28589
23527
1626
24052
15837
28058
27014
3649
30794
20142
24385
19804
23671
26740
30758
24996
5159
17600
14663
9464
