11028
13667
28562
4784
31980
8420
31878
11685
18815
9404
22073
14202
25644
23413
28104
29173
13532
25898
6325
18937
22001
3337
20155
20315
9454
19082
30802
20101
12774
6764
6656
26573
14758
27508
26726
16531
5794
6885
4358
10781
21664
15550
17365
23090
21286
11190
18820
4472
8868
7416
12942
19342
2146
13214
27394
21736
21800
20463
16142
25198
31407
5721
7247
1748
3018
27181
7130
8631
4948
22557
8458
9341
28120
11381
6408
18665
4611
12572
10011
5504
29642
20298
18869
19359
28251
4358
17465
7001
24773
15975
22925
14610
26982
4743
9060
12509
27672
17477
4680
