3121
12871
27830
5729
15823
21711
30250
17970
14205
29371
13556
4772
28808
7713
20484
19232
1329
6898
7512
25520
29464
248
25163
32091
12391
399
19616
6210
2494
19747
28754
19323
29409
21613
22041
7857
13859
24941
26300
24952
11921
17446
16154
7281
30943
3868
14582
30754
18196
8078
13445
13714
17140
28019
28345
5287
11057
24375
28747
17472
5968
7474
24971
14354
3677
8428
20199
67
23630
31763
10813
32456
21048
4920
5344
5759
23859
18509
15980
12300
8206
20703
25674
12403
31667
13331
15874
15738
12889
11362
25156
27580
4460
26900
28852
12941
20028
27518
3193
16785
359
31739
29572
5147
27911
29355
16032
24135
31132
20462
5694
12246
5560
24735
26622
26828
25709
27153
26877
23499
26230
6602
28897
14894
2600
13569
31141
9701
19991
17369
20517
1299
25223
13403
16745
29544
30105
12598
20657
27968
5682
10294
16965
4216
22954
15492
1785
3860
12345
8355
21634
12179
5154
5157
30332
30476
32669
305
9271
22801
21893
30135
26437
2368
10438
29805
24260
19112
3716
22928
27500
22754
26380
20316
4183
18156
18811
3655
5267
28612
32304
25858
12650
21705
13299
17453
22892
1489
23522
18908
25665
28425
22559
2254
11056
10384
26939
1895
25198
9170
1633
12915
15143
21158
3138
16281
6734
9255
28356
15265
28709
29523
22890
16485
31883
17253
27266
3736
3081
26098
29968
1850
31130
26310
30077
16599
318
22908
9471
13443
12093
25823
22472
16021
30780
10244
4590
28454
17921
21795
32541
26184
1286
7738
14590
14342
32447
20320
2150
5152
3243
13033
3391
11651
28700
6975
31031
7562
23239
11899
18730
16119
29707
20422
10576
15536
26369
17010
28710
20537
17736
25304
23582
27637
19085
4335
5
19740
19677
10417
2616
12667
26026
9262
21126
11503
8095
17261
23268
23199
13603
22022
11988
26108
11183
640
19858
10106
22480
10091
2819
20747
5627
12861
4958
26208
17428
2029
32151
31967
18365
23377
6288
32610
11615
3384
24319
29110
11257
29255
15901
28622
6571
6804
6932
25802
7425
30468
17189
13740
9985
30820
12957
23508
499
1098
24181
11073
243
23466
27852
16518
7223
20279
2053
21134
1569
23935
14528
25615
1284
5829
29306
4303
7606
25245
16130
29338
23258
842
13475
23038
15594
29400
8971
22221
7943
30200
8957
19536
7296
158
29883
3403
17188
18524
22833
15285
7752
8316
20961
26676
26262
31712
29586
11610
25244
12442
14264
17058
17424
22859
30882
17192
3556
28732
1126
9260
20238
62
29324
5957
15893
1858
10365
21605
346
26295
14505
1936
12332
32167
2171
24155
22665
18576
26878
28967
5557
8963
3660
1051
893
1790
4539
23522
6728
26122
27333
8746
16354
30741
2747
5591
6408
7181
1833
779
26547
9792
32520
16087
549
14454
9894
8894
11957
32716
9814
17390
28761
29775
14295
25149
4088
30300
11909
19172
28269
26042
22082
11007
27483
3700
21794
3520
27827
1911
31704
630
21254
24304
12516
9794
26252
12388
25210
3475
2288
140
11057
18790
14305
31478
5489
1087
11353
27996
10649
29414
8875
7363
13043
5346
5967
20563
26456
183
1134
11769
23970
14303
27692
17599
32470
16009
15287
24806
24078
29459
21267
1481
9000
24905
15780
10609
29745
3419
26488
3575
2447
29344
23387
21661
22768
12813
21912
9899
758
11379
14223
4107
28575
1148
10235
26532
17782
17508
27648
24950
10107
9079
17655
9850
26067
10061
24314
3639
3376
7368
7214
22052
254
9418
18643
29377
3155
20663
1037
22132
5523
2734
26991
18980
24806
17798
18253
13207
3419
12426
28094
25996
14553
27381
25203
21911
30410
29484
1339
21440
1413
19902
29010
8155
28287
8220
10093
30886
32050
15128
19590
164
14537
20766
2407
5308
19600
21557
22264
28816
2846
14261
17225
15519
30783
4550
31583
25113
1444
22684
9663
16518
28234
14196
22972
8469
23722
14157
16256
965
18341
14183
9435
8758
12846
29053
4814
17484
14773
1473
12246
17033
8023
19100
31482
21031
14278
23586
11156
30456
28154
10071
16863
14078
17557
27940
5188
27594
535
30999
25956
19861
29638
2014
20196
5151
29530
6529
3324
18763
7020
11106
30399
10615
22173
5622
12072
11677
13702
2625
23272
6955
14179
27411
26353
13730
29054
32260
11202
28144
16733
12337
31089
11150
30123
27315
22650
2906
6631
13027
2889
12338
20686
4688
7305
340
27017
637
1578
29304
7063
22619
15669
12714
5496
27529
11855
22249
18975
30030
30478
29058
10517
25426
26623
3881
11629
6688
7028
6364
28523
25436
11534
8568
9459
963
24077
536
15539
13543
12890
24625
16
32424
21073
31086
26577
11378
15696
20812
3982
23096
6401
7285
29654
21811
10599
1502
26403
19547
15785
10655
27007
3234
7585
24981
20210
17651
17444
16314
24754
3566
29200
21055
25866
12640
26135
3438
14854
28036
17741
30530
28387
12283
114
28867
2106
1165
16896
14627
23270
13213
12532
1691
10682
19566
5212
20738
29156
5912
9125
10802
4639
10824
4002
16410
14492
8378
4188
25763
17326
10872
924
14148
312
30160
26681
19556
30935
11286
16930
28275
11470
32286
13098
21702
32181
31864
21654
27703
7393
14186
7528
3449
14738
25262
24938
15675
21727
30960
13561
20996
26722
6918
16791
7113
19363
9965
22318
26959
1093
17031
17957
1859
27891
22039
20004
5403
24328
12920
11688
19370
19201
24352
7750
4486
27555
19416
18878
31002
32747
25145
967
1162
14266
13030
21652
19274
16189
14987
8234
23932
5406
31385
30305
270
5996
25022
22459
9360
29514
16422
31464
9174
25435
17268
24341
14929
26857
13951
14072
16174
27608
204
30877
1836
27981
8656
7661
2110
14621
9186
25091
6884
16888
17154
1839
30025
5202
17228
29126
15389
3093
13114
9136
17712
14600
5532
25775
26579
7677
12121
9071
30447
14013
29923
23379
16610
28852
21371
2810
12573
605
21034
1939
28542
19819
18043
14565
6510
14268
6393
2589
28858
9983
21868
6998
7219
2847
722
32747
22020
9078
32543
5500
9174
27315
23220
16321
29861
21895
28577
5393
16480
20498
12443
18353
1347
9745
27580
22493
16117
16836
31997
23192
13153
28064
11379
24884
12628
1209
13388
19873
7387
15854
10889
8053
25946
32210
19065
1471
16748
23389
23033
16780
19582
17239
9837
9525
25130
26240
21885
15470
21333
24192
1424
26896
20743
13713
31241
161
10509
15598
20292
13993
12368
24058
29263
24500
30452
21041
22632
22822
8752
28111
12858
8641
2032
26946
5848
28407
26668
21841
25205
19185
24582
9736
17641
1883
29350
106
15332
4342
17366
14038
29936
28635
24668
8245
21288
144
12315
13801
5306
12748
28136
9333
21534
21258
16685
15084
24851
16336
21824
25883
11614
29628
2689
7286
18754
21331
7477
31683
11198
13705
24101
24968
17033
31248
22774
19765
1486
14433
1095
25362
2984
21387
22413
17127
22364
32446
25262
7533
24664
32407
17246
13431
3311
13097
5181
12768
7378
14031
12717
307
16205
7604
28789
6173
20807
8735
8727
22931
32504
18815
753
32707
17768
20026
28182
14524
4011
23094
29418
25052
27614
24099
10367
3581
5088
4495
23219
16990
17872
26535
27910
5715
10315
1230
3900
8621
13922
224
8118
26087
28510
579
22417
7701
17971
32178
7291
8589
3268
9928
5209
17746
22236
23887
22171
26692
4328
9030
22362
5642
18038
26548
26678
27835
21614
12847
27378
12623
786
31531
4556
16072
17335
15619
18845
15392
3649
2505
10677
17649
6752
12750
1396
28903
28812
18160
31656
26086
3777
2214
8106
24826
7418
1228
6199
25090
28016
31023
20495
26140
17551
16856
5200
23759
9405
24601
15504
17403
6602
26201
14524
5761
16437
21663
8371
31154
1060
12767
8609
21881
21537
28167
25884
17223
17302
22729
19969
32705
22791
14631
9997
19244
1041
20928
7994
25748
30502
24028
12255
3007
24838
21305
18566
13781
16892
29843
23692
24780
22750
245
11899
12693
25538
3010
29992
18696
12416
18818
13963
31632
14572
23917
29793
22422
18128
29626
1667
9903
23467
13476
16132
21892
22572
23617
13326
28293
8045
770
19322
4941
12784
25353
25648
8403
31834
9774
14660
27222
22001
2255
23245
14087
27351
23899
22661
28275
3588
15517
31266
8119
12037
28362
8567
20322
28534
22857
12873
14376
5184
32068
7154
27212
20115
21235
24760
30155
6306
3491
14059
2889
8738
5257
8128
16317
2176
15432
4080
24283
22245
3396
1552
30788
2538
8868
10927
4976
4891
28201
22065
13911
6189
27826
6254
10978
27135
6027
7690
12053
28499
7801
3986
31737
32585
13958
18012
20299
26527
2445
29467
25574
6826
4740
4676
1264
16659
29324
18980
10183
11091
2746
3774
14506
24300
26275
10086
1575
15212
17321
29214
30536
29475
16648
180
30845
21407
1184
27543
19272
6636
24704
30333
9387
20109
17718
25271
18001
25912
3289
2895
32382
7253
27347
9959
15032
22581
3183
19281
6451
30226
13862
3821
9469
21195
27049
25542
10478
348
24750
2156
17741
27935
26747
10895
13378
25540
27187
5984
26880
17169
11235
5544
30127
18011
5708
17828
25626
12224
2926
8871
27933
18729
6617
623
15052
30979
6323
11842
8548
26296
30856
29136
31474
27376
21716
15304
4549
18313
4690
11320
17813
25431
5634
11429
22384
1435
24829
28142
2152
19781
7416
26593
30462
24553
26010
13978
26444
3203
23166
29088
25078
24043
17926
22717
21967
22806
25829
29345
10314
25362
6763
31030
24743
2751
7567
12225
23001
12878
27326
32445
10041
21627
1638
29046
6125
24970
23617
29032
1303
28675
18274
23383
22205
15661
3840
18987
27515
14667
25605
13201
20202
7065
11094
12882
27343
14852
8417
6769
7940
8365
8040
13063
27686
9500
6415
12767
7428
28996
3238
21713
6850
16955
951
13535
22481
22198
25935
12049
32143
18758
10637
32528
18621
21076
14828
26501
16548
11741
2640
1071
13575
8430
14033
8647
11975
23263
12875
14227
16217
11855
20898
24268
23272
24035
16341
25521
10569
30909
9930
19559
31138
702
6355
29079
17626
25724
1795
1222
27328
24322
20532
8307
5626
32586
13523
15858
29364
19835
15218
11531
9220
13283
21003
26962
9247
22962
14357
26948
31550
28028
32073
17190
31054
7021
8497
17310
24154
11081
8053
21006
7609
555
29925
16052
10231
1017
26949
22146
26500
4266
10716
22718
23582
6455
187
10841
256
2146
13518
25361
27080
31530
24228
4165
16937
1289
15870
18843
7253
31731
23577
29524
14887
2063
1723
19050
15636
29491
28672
5743
26832
29730
32482
7461
25791
29061
7305
13276
10274
30890
2648
2703
31998
25598
3251
3261
17867
27979
30354
29705
29154
10162
25031
26768
19620
7528
8207
19214
4970
3376
12506
1200
32303
924
18394
30902
9983
19459
12366
29649
31774
30017
6411
13622
10489
26162
5455
28037
8654
15852
24133
20317
15898
31678
8536
3515
3526
10988
26424
25623
21776
3624
24493
1085
23354
1744
7710
1516
30709
13291
4832
13360
2956
1249
19776
21631
19921
15356
21071
17302
8136
7330
5232
1041
19477
16719
22434
6861
25125
21845
3726
21758
6175
11859
31824
21519
24457
375
9989
31549
6331
12403
26393
6897
4356
27200
8013
30178
14237
7061
27019
31719
13650
27430
17513
22173
21226
15773
3455
9149
23131
32089
21609
31034
24239
8681
21147
3869
5812
13127
5095
11041
13926
17620
7120
10766
29469
9239
5004
17109
7799
14134
19675
24432
1027
18224
9610
10104
30130
12768
6086
6275
13054
16306
801
18499
5847
6434
31334
11360
14418
6137
8733
1040
27153
28743
27613
16252
17520
27935
14932
211
9844
15637
14871
4906
22900
2680
31530
29466
17285
23376
5967
17688
21671
29974
28943
21906
6833
16438
22409
32463
10236
26437
6909
4228
14546
11778
24088
5429
17301
15374
12285
4433
24495
22379
15128
6157
12093
19126
5282
20988
14202
29476
30962
20851
21485
12862
138
20639
12371
16220
6621
13666
30026
5347
21473
30450
5058
30014
17753
16689
23331
17309
7392
29130
17982
11376
9652
19215
10998
22946
19784
30869
14507
11926
30088
16781
29033
18402
8170
1249
2517
15054
15673
23314
23507
20619
11808
31188
22520
14643
16505
13670
8627
29316
13651
15283
16954
24156
7109
25899
7734
17652
3190
14174
6701
16092
4583
30045
6579
17082
18823
22992
17744
21186
2421
22231
17200
1524
5906
30626
20109
26905
14927
16335
23005
29563
14768
9350
10171
2919
2850
31574
1686
22116
17794
31438
6939
20784
7913
10459
25955
27518
953
21221
27868
9074
4713
27560
16121
23768
2064
27346
11417
28712
27058
2657
29240
11578
30286
32187
14040
19913
11684
32394
3501
5033
30662
19294
26251
3784
14693
29696
6416
18150
24793
3991
30353
17684
14317
14461
3781
14574
1648
27103
4916
13720
20861
6935
1373
17017
17285
13513
7082
15290
2337
15295
2324
15997
11929
19845
5014
7390
18996
19140
9555
5546
32573
19295
17542
19425
9690
14415
7725
14830
9100
10046
3957
7329
16517
21478
23012
4592
1453
21288
28233
26482
28531
23532
31331
21655
340
16827
9556
7336
1580
32029
9924
21634
2367
23988
9428
18450
21510
16917
1225
15247
31931
29034
6773
1146
20899
29384
25189
13911
11551
32337
13004
24360
32368
25609
3890
4014
4941
1145
2780
11103
28199
14086
26106
15398
13622
14862
20883
17885
1611
2248
1585
21899
15189
13016
6476
18525
27568
4533
15735
1638
13873
30651
22860
11542
8178
13583
8472
25980
5086
3638
8007
25147
20219
116
22414
16717
17787
28646
28890
19835
19584
7007
4604
23448
5299
29186
23825
16257
16771
9892
13747
5332
10557
7391
15841
22387
2513
3061
13742
1975
15966
29547
10669
22132
16770
15713
7192
5297
2148
10931
5314
25380
638
25810
17347
23919
18987
20832
8925
15645
20980
909
16816
12379
6810
26420
10402
24694
15843
436
32396
25624
23077
25743
23845
6466
10900
11717
47
8969
22603
12782
15203
1808
20507
11290
25373
9929
10519
3945
5064
4203
26587
22121
1031
25521
10912
27698
19880
18009
2562
2883
22857
9304
14987
11803
22728
14301
15111
28055
31852
5388
7047
26895
20181
13687
10545
5166
25507
16220
2766
1685
17641
1185
6673
10543
19280
30096
1448
23890
19723
850
2052
31131
20350
11821
16105
14470
10158
15229
28596
29903
13671
20340
17520
20364
9519
26257
19863
7175
25837
27361
21672
11613
14169
24824
19309
25048
4643
26798
25608
2060
13027
3482
7619
31155
5827
9040
21141
2121
16622
10586
4468
5990
31671
29431
20830
223
138
3734
18725
7836
12947
10512
30717
5688
22576
26793
10950
16987
32535
31685
2586
21974
30535
22378
32022
5251
4272
24953
27881
15834
1953
684
13598
1364
19445
23630
19625
13440
3837
7614
29619
21222
17452
13729
29221
28575
133
23274
13046
26800
25797
10635
18485
19499
32336
20216
9174
12036
19164
608
4412
5556
19167
17578
15242
19087
20153
9266
19626
15846
27297
64
28953
19420
15697
2124
19577
1033
30065
29428
10965
20176
16837
10425
31409
3200
6165
24189
23513
2605
32480
23485
20198
26701
17855
26766
20881
20242
22683
8025
29623
3209
6542
7766
12592
30839
28058
21705
7248
14830
26636
26623
9529
19123
16558
27655
2535
21584
175
27697
15097
17143
4691
32584
16704
10781
8026
25487
28681
22226
27186
24188
28714
11234
3548
23606
28623
9134
20638
2768
770
5063
30062
27971
252
3663
14361
8750
27181
32016
24630
23116
8973
21081
5838
15033
4000
27549
27336
9956
23500
457
12311
11859
31835
17257
9634
6682
13518
29817
3574
22041
11751
12300
9902
12792
26868
10143
10910
13796
7133
31802
19138
1798
16877
3404
18921
6088
28000
22852
10017
8135
9649
19439
737
6038
24224
5780
11001
13368
21509
28113
31034
7772
22103
18740
28901
24918
21499
153
18132
19938
11086
25414
16490
19607
4465
9415
5436
23596
6615
15242
16252
14190
10896
3387
26409
24317
26962
1245
21497
714
27980
28333
4609
1872
16811
13751
13610
8853
1256
24373
26452
19680
12504
24491
11591
311
22386
9667
3678
2463
24669
30440
2802
21266
4929
31141
3463
1344
31434
2492
17081
23046
27772
12806
996
28847
16698
26638
16534
6381
2708
25963
4790
20885
20691
15073
26993
30494
9670
31031
30440
24024
6219
3030
19611
21484
21660
8486
21139
18199
32095
15528
1362
2597
2412
20179
9851
30256
12892
28336
19521
25494
16341
4404
31633
14011
15256
23137
14591
31876
23111
25627
15474
21134
9463
5835
13198
5938
12154
28597
16100
7482
26473
20762
5596
24416
18419
14349
32094
28554
32361
29717
32067
7623
19333
15496
126
4873
11646
16290
19466
23456
7884
1896
30867
7547
30139
20543
23268
30237
12466
11595
1811
15456
15168
5769
23150
8685
30700
15531
14372
28791
6841
16055
25779
24250
8315
7518
11285
14647
28380
2077
16042
23212
26925
24597
28900
12373
1518
3243
18868
17893
12572
32223
3000
5443
1853
30829
9505
5637
13612
1957
12902
18605
2212
12555
32682
14758
32143
17838
13550
14332
21516
27977
6390
15326
31555
18203
5885
14549
23784
15494
29464
22466
21904
24938
22890
21657
26038
32319
13325
31712
26508
8180
29627
997
21891
18827
14144
15810
28057
9073
32160
23058
15718
17566
20231
15728
25316
29041
2165
8372
3585
27721
13862
30956
3814
13283
10434
25372
32005
19318
12617
4022
17125
26768
12220
27096
6829
8878
24716
30279
18290
158
5316
9775
5952
32661
16629
6552
31210
28688
3813
3496
14482
17515
24054
29339
6647
11586
24152
25986
32641
8075
13038
2495
18190
8304
17921
32316
32122
29421
15527
27246
11760
814
13553
24333
23028
11174
15064
1680
26156
12271
8165
24938
2033
2404
8610
2567
32666
24960
2755
15493
11138
22005
15124
7730
16351
25228
16930
202
12098
3263
30889
7533
4077
11544
17601
866
2520
29255
29895
13966
6530
31238
23820
14770
13176
7085
9280
104
5286
16532
27293
1243
19297
26156
14291
32073
17712
9692
23478
27962
27998
24221
11690
3709
10304
23636
22218
19943
14150
6387
4827
22475
20932
29518
5107
28728
32382
30654
29929
4853
31222
5751
26235
5949
13684
25513
834
21307
15066
15706
30294
31556
292
29438
24769
14551
32193
19163
10660
13653
32406
287
9515
5247
6347
7358
15922
6836
14427
13837
3764
31464
7263
2848
4856
2148
19477
32228
25466
18496
20659
22523
8602
7840
16366
28763
774
5041
25417
3749
10217
27746
2078
10310
10193
4834
17517
21327
353
2782
15464
2837
22714
28024
13498
8840
12458
10502
32155
84
2706
143
661
185
6425
1798
2835
6443
29075
4676
30638
6569
26671
25031
2104
10205
738
29997
30340
20472
12055
20078
29179
18251
9747
7132
18400
15526
11306
1500
17502
21105
5796
7266
6231
7820
17516
8238
20459
19430
30078
9160
9674
14815
11534
16444
16186
13662
2681
22933
7399
10162
17645
12060
19566
22314
13783
13134
9896
5490
7695
26526
9911
30644
4550
14319
9681
29802
14123
4559
1999
773
17376
13173
9332
6464
25888
28281
31102
8769
32428
23125
29039
19316
27770
12959
19224
17191
13085
23812
28138
17637
19187
21252
14076
3988
29200
27503
2779
8526
12525
16291
14357
21759
32209
10371
30340
15811
11003
3894
3931
23549
2964
3492
31218
2103
31575
6833
31057
12220
13566
15927
1662
16119
9068
2246
4999
21898
6556
19227
29518
8237
7499
18785
29207
29773
12392
26153
27347
2400
17720
299
25898
27658
18761
1466
2122
1777
29468
25865
28274
23905
16017
30752
9533
21407
17426
1436
26287
8461
22144
26409
22273
18434
5085
2752
21292
12134
21694
19361
7223
14864
9838
24335
27457
30689
15330
20687
14926
19613
353
19294
19921
10380
16112
10229
19197
11989
30078
573
26316
26005
25300
19410
31180
19394
22587
7034
1196
28867
20458
13346
29066
27083
27958
32668
7674
16633
21368
31002
31190
14897
32701
17258
18120
2488
4401
26351
17560
22674
11336
29539
22070
12955
25778
334
27527
14951
23036
20293
15343
16091
29446
30435
7587
3720
25640
30089
1452
9419
27683
1237
31930
3237
29641
32483
5294
5467
31852
19014
10981
13517
2312
2501
837
13206
28208
3029
2058
32489
13497
13787
14926
15398
31528
26398
8026
31295
476
3982
13999
7374
19962
30263
17618
23794
3869
27522
32475
31725
13243
25394
25276
894
22613
12826
18514
12287
32102
27551
30509
24639
12297
6898
19744
10013
4456
21513
16775
23273
26857
22626
20827
15994
11543
19319
8183
8207
12112
13056
22695
2534
22068
16107
7414
24734
4809
5404
2996
2894
31854
7396
11465
353
16261
1603
19901
23096
19168
2270
6915
14973
26600
5823
520
15176
10639
32462
10239
9972
24059
15123
363
10175
28399
26281
22121
17445
23801
6017
16323
17657
16734
6108
26805
24904
709
15238
8573
19437
10406
19667
3748
32500
31088
19803
271
24752
20349
1653
17092
7834
20662
9588
25725
23024
29958
24484
22511
522
1920
23043
25303
30842
3663
20671
14025
23275
17761
14963
14776
3767
6098
25378
19268
27205
17435
15087
4807
6184
5879
21666
8734
4089
26905
20443
31031
16624
19343
11028
13919
19013
3828
14680
32585
23881
4440
14277
28381
9539
32496
16067
5062
20747
29054
2817
19386
6760
6782
23092
1928
26411
25622
22414
17379
24584
13499
21504
17136
6455
16803
17968
21137
10447
7150
20025
11119
18141
25747
14630
13514
21319
21259
16428
14592
23907
31424
32681
22238
2390
31540
25056
15274
28462
1777
31090
29164
20415
27957
1947
20736
15166
4697
10802
22877
1439
773
27998
2467
9390
3605
15641
30822
21487
4426
29286
16061
6711
25777
30802
32649
3335
4307
17580
6021
28076
15266
8324
16914
31767
30750
31844
16064
7036
25802
19537
17308
9389
17618
10112
18492
565
32761
10200
30091
29236
13636
17707
18005
2558
19560
10292
9361
22386
12788
12624
3954
15386
10815
12029
5676
24071
26383
19
13190
19050
19470
7620
22052
9715
3565
18773
8594
1770
6229
22937
13328
21774
26258
25650
32032
19248
15103
16007
28880
30351
24879
4740
9159
20466
26336
789
7186
19080
30624
7264
25260
29823
18237
3013
8655
1382
14062
23446
23549
30275
8514
11926
1997
32628
30924
14131
7286
6214
9611
26243
23325
21591
19740
3840
24798
15020
29086
30468
19868
29329
4969
5891
2953
25140
16750
32650
884
6912
17516
8955
18902
12218
20696
32517
4250
20574
27529
25062
27056
18359
27943
18272
9808
14017
20562
2428
24335
10687
13969
24833
28835
25370
20481
29107
31093
30720
4538
24140
9196
6840
26368
8252
18804
11975
18734
7967
14928
709
27235
17410
13861
19452
24297
1110
24897
16326
29033
8368
17072
26275
3537
4934
5885
1308
28417
27178
969
13915
31544
2372
30733
5255
31553
4112
17710
2785
6237
24349
15558
11680
19695
31041
24364
13196
13290
15517
26313
27997
25339
12116
15386
22225
15221
23562
7812
7567
24065
31262
3547
14782
11522
23976
16561
29796
2505
27441
13150
30593
14461
2869
7124
17384
5832
22873
20000
10464
4418
2924
23999
6526
926
19488
1958
31680
28566
1413
12559
19818
13976
22345
1797
15009
16942
13489
2734
584
18222
26198
5724
17438
4005
27552
10066
5268
30596
30724
30806
29295
2056
2045
14587
31266
24043
18891
28075
29417
17996
21998
17526
4517
15967
29537
27294
3450
16852
25495
11998
25130
5128
29239
31870
23600
28654
17558
31512
19100
19132
9464
24359
29361
5461
17798
14165
8512
10361
14095
17025
30147
18351
3967
6802
17209
26350
31776
16382
8900
7950
15250
21017
5123
31985
15243
30
18224
6000
22095
32510
27897
6151
27630
4076
10271
8769
21313
25509
31953
17890
24226
26240
22982
26582
28782
16697
5917
19932
23356
6781
1780
14578
2522
25909
29642
14975
11020
18323
10389
12355
23811
26333
24226
4863
5279
9212
11569
995
15460
5315
22220
17595
18238
17921
4203
1754
13045
4677
7753
15554
13934
6516
25220
23192
6055
9483
14711
12619
25968
1333
16344
20606
4330
12940
24208
6969
8897
16559
14430
31572
2089
28040
21802
24479
13209
22874
10026
28882
3402
13197
17846
10552
28526
26681
31212
15130
10801
6772
30979
29164
19312
30556
26736
31290
9788
11747
1978
15440
22029
5981
7198
13740
14790
23755
31202
32036
8813
9445
18297
24023
12710
5865
22108
13525
9204
15910
11683
32142
688
6727
8806
14587
31173
26720
6613
7054
19761
28858
20761
11738
10811
25951
18153
19458
20596
7524
8941
12259
20080
14585
14035
29185
20034
31281
30002
11570
11704
24210
31265
12557
24155
17756
406
28432
18725
11930
26496
3731
12800
24298
3492
21360
22275
29707
17209
17263
18283
13867
2626
13940
11867
12782
22189
15720
3412
26430
9008
3047
8818
6357
30687
20654
30316
2188
16013
10434
20041
11361
233
6497
31971
10313
27732
15530
20509
6331
14211
3339
5604
31225
17881
31598
29926
14364
9346
15395
5397
13287
15695
30348
21466
18504
23380
17290
25
7341
23875
9899
23017
20493
12679
28176
21008
18609
30752
9503
17729
13510
26177
1518
12053
1956
18347
5482
4297
32732
14791
22091
1981
516
31878
16056
20392
21569
29945
23737
11420
1689
15791
21856
30910
5110
24786
10935
20929
2041
6144
29800
8743
13700
11755
30511
567
18950
23983
18176
11453
18821
19446
24567
900
16237
30158
25092
24468
12314
12613
23379
10539
5927
7114
19836
29566
32372
4675
22895
6188
31225
3821
15901
3718
5198
2295
5607
31362
30710
12766
32455
12152
24943
11399
6465
8866
9722
6686
2567
2390
23338
6321
27247
7936
27439
3979
21397
20193
8672
25937
28752
15755
32394
31710
16853
28184
22138
3552
813
32557
5196
18991
22360
15282
8178
18673
11839
31567
15235
13934
3163
3749
24777
20404
8486
13137
27529
3306
22596
19361
7312
5493
20849
22036
16770
22988
27434
24724
3426
28443
19483
29554
28128
2203
5963
12325
26982
10924
14089
8130
20961
29623
27285
27963
22608
5830
655
1880
19725
25568
30753
26229
6366
31270
19179
29184
15035
32686
20913
16817
22109
31523
27079
13960
8075
11033
12600
10120
11811
30513
14265
7733
1771
22257
21072
24270
25877
19040
32195
14411
4244
16484
31683
22549
19745
1756
5846
7560
11788
8317
14597
10537
23235
7277
16713
9127
4132
19361
17334
30867
27266
28663
8293
223
17529
16658
7458
22808
13938
25337
28122
24419
757
10863
22467
5433
31665
19216
23369
24802
11085
19248
4284
27314
20460
22899
9146
4614
29314
24620
6494
13822
9946
29303
19749
19959
16483
28437
20644
3535
1982
29962
6636
4568
15624
1528
11449
20120
29415
29241
10845
16455
3670
27328
29807
5638
30513
21677
20018
21727
17792
15025
10439
11904
30595
30760
1555
1975
31873
31215
7790
27309
8273
12554
13584
24802
9125
4855
18236
28908
3354
17360
554
15343
32512
17955
11189
30427
7657
19602
27081
15208
21491
2345
5258
27859
31957
5762
32581
11349
18092
22171
25623
6504
21379
25458
24159
22969
26532
28005
8165
9451
12449
9037
19655
20498
28961
84
10792
5354
7531
7066
2966
4315
13492
21899
11071
14253
25385
32510
22740
13835
14523
22030
11065
32697
173
29881
8433
1429
1502
3386
23372
20303
20438
4134
24653
29928
9363
6217
3933
13291
23313
14398
13491
7278
19100
1488
26494
4552
25301
32532
7895
6927
14470
9538
10601
16216
4901
26967
29662
27054
18218
18029
18952
4302
26897
9685
32468
7848
9517
26874
9967
21399
18483
13557
21045
8538
17538
23535
28638
14810
16435
58
18791
19867
30693
19759
16450
13821
581
25029
14909
1851
16479
18678
26802
17954
1704
7122
22132
15756
19143
10592
26740
12196
25127
16440
15671
24280
7486
30177
5880
10908
19354
2027
15516
15333
29872
13004
32090
32096
20836
6779
17190
23414
21080
8398
24546
2049
16117
17812
324
15819
14650
27762
30597
16331
12871
9342
15055
4126
7080
19869
23396
6854
24930
14236
18574
20518
30912
5905
6730
27449
4058
27632
18867
24470
10730
13804
1072
11044
13390
4755
1373
1949
24668
8488
9146
14276
19946
18495
31766
27749
21144
14619
26553
32017
27108
19656
10580
28822
6635
5879
31913
4416
22784
19100
29946
2258
16366
19529
22067
16451
5389
3656
21718
32569
31751
4731
26794
1862
22120
11764
7715
9957
8423
27220
4752
51
22902
8420
1799
32621
14859
11125
13840
15661
21548
18168
22548
18532
22845
988
644
5142
7049
24619
19913
1241
5138
26467
28142
23051
31001
29717
10767
28374
12652
28479
24193
3813
12402
10602
30142
23267
1783
10628
1047
30904
13496
3451
29208
2946
1710
22685
25018
12117
3611
19378
14924
29875
31829
8919
1822
6090
28501
21785
5362
28528
31487
12757
31267
20447
31535
30674
30099
23856
31367
16923
20566
2457
14843
26269
11808
15206
9497
8837
30830
22200
16153
12375
20599
9985
21673
9167
13265
25659
32373
10104
16356
20459
16504
30733
16399
9689
20997
14739
29340
23692
23188
562
12388
29063
12109
14039
25410
15686
23894
5516
30520
2807
3293
2450
12899
28665
2276
9540
8097
7957
30671
23979
30716
13183
4271
25568
14045
12171
22860
14373
17649
11055
14581
21186
26074
28220
27655
32417
21654
29275
9278
16808
15024
2250
25022
28378
28200
8148
20704
15917
8739
25618
14525
1577
30291
14691
18045
29509
4388
18348
16733
22785
12460
5968
29569
30914
24144
31086
21375
23154
12597
14302
15015
4820
19309
18665
13332
5032
32222
714
12404
24962
16114
2792
10903
19306
24577
31953
2232
52
11646
1270
18062
7582
26083
27433
13330
5419
13149
18647
21775
706
5175
26373
11627
20741
24072
11
1591
18291
18333
24851
30584
24124
9636
10065
17075
29671
17949
5376
19002
16550
5760
14880
12601
9077
175
27889
28800
9461
10906
20013
27662
19466
1204
21769
21857
8246
21273
7914
26240
30131
7548
32487
16836
24403
12754
2307
618
25112
9664
5415
18906
18067
709
30177
21941
9213
2343
24287
27297
278
13727
14122
8148
9921
30147
21282
22369
92
14135
21053
28485
9697
15763
7295
30513
27582
27411
15288
30485
5236
26626
3200
4721
32753
21731
755
5211
29870
29540
32557
12366
24200
29187
28036
953
8032
18045
11912
9284
19825
17147
699
18144
31604
20988
30224
19349
26229
1281
1830
14859
9587
25082
1601
31445
14011
7027
26636
22913
1793
8062
2065
7008
20035
10591
5876
14102
24158
16890
12403
30944
16237
23293
21790
8104
13797
28877
17365
16074
3697
24369
28422
28836
19342
21697
2468
9696
4326
4365
26598
7553
26734
22924
12228
20910
15678
20811
5426
25921
10291
8017
7707
24079
27206
4053
10780
14325
12459
7199
14853
7335
32425
1342
13072
19512
22844
28015
6623
617
4204
7240
311
25777
17003
22951
10367
17680
29810
2910
1526
17812
23896
412
14519
10408
15863
7706
7790
23072
25406
16905
2264
32004
11798
11966
20220
2592
15606
17691
13867
19272
4933
20413
28345
16235
23155
17383
8312
13151
6357
9521
17144
7014
31301
30704
15745
31107
1654
28260
2765
23679
24855
15525
23686
17338
28591
16202
31362
29618
307
24798
22976
1877
21352
27139
10018
18950
4603
10340
16872
9841
11106
6236
25072
13839
6000
32104
26032
15736
27579
5453
1007
8556
22958
21000
23878
8351
29293
18042
10586
24136
19564
12752
31702
2408
26317
21940
23851
11483
26238
821
13063
29728
2319
2679
13462
28904
26964
31002
26235
11616
29118
21355
23181
5950
6266
13389
12114
3981
16711
32741
2876
11065
24856
5385
4006
28762
16237
10598
32652
7232
29041
15475
5645
15939
27348
19737
18594
13127
16486
15903
28956
19985
30840
5463
7007
14413
1267
394
29408
22619
17205
21284
3040
18397
7599
21408
1125
9986
11071
10161
14589
22671
26702
10294
2354
29362
26025
24027
26572
28806
2337
2958
13001
28773
15329
29608
3869
2801
8850
17368
17450
3809
15152
21455
21246
11661
31914
8878
17742
25656
21564
16175
28726
11807
7309
1685
9902
19269
27271
26196
6092
10236
19450
3201
21692
12595
21488
13048
14975
8579
4302
29007
15206
4856
18479
16765
17485
24991
5248
9034
14744
10964
16475
2678
18415
30024
31653
937
1209
19924
18022
15390
6745
25857
11627
22541
31787
31060
13469
17373
24125
6746
2848
27654
27854
4214
25899
1992
32647
30061
6058
25229
17531
18862
20885
20511
7904
4706
3854
14218
13707
19512
8765
24783
27949
16110
28140
29005
19023
32158
11745
17135
30479
8142
26879
534
26776
32565
26907
15941
24674
1614
21663
22927
17711
23455
17889
705
4033
30150
31809
9807
18268
25672
772
511
18942
22809
27123
18263
23649
16107
27571
30920
15789
26679
7651
28055
15101
8972
1784
10383
32408
15770
13784
28008
5868
18301
14135
16629
29001
7115
1205
16401
17507
32732
18868
31047
9862
25308
6651
13636
19351
2577
30220
23038
9934
13805
14661
21664
27701
3027
19897
13884
11743
20649
16844
28463
4329
16418
7056
21843
22066
3272
1507
24808
13018
21708
13124
19519
13435
6030
4730
556
11562
30698
12515
1833
25388
22344
26268
18762
120
5474
10326
741
32241
212
6899
7165
1632
17509
17636
13939
3379
23831
31042
20715
5367
25840
22701
11391
24983
16007
1000
24870
4690
27982
23601
19683
24446
9889
28001
18861
30718
26514
24008
22049
14980
7025
32710
7402
18055
7966
24873
1772
8451
11536
29770
17459
26868
32289
12006
30623
22416
11039
15037
29003
2119
6931
5101
9154
17531
2639
12556
16353
20223
30265
4359
9098
27473
31194
19132
1805
7320
26406
31322
5463
22620
10505
10356
23256
10503
14902
1768
14134
31775
15534
8050
15795
6209
32274
20495
12382
30428
29866
12563
509
32179
305
16649
2741
21521
358
29262
23423
20425
32596
30316
23627
13812
2396
25400
8433
19306
32519
3498
8412
28924
24205
13951
15733
18296
24356
25744
17233
5978
25610
2288
21017
30802
5201
18633
22333
29818
9070
2292
1880
9043
5759
5977
610
30853
4704
3596
3736
16979
32364
19492
5675
5087
2067
8283
21418
5923
21280
359
22833
683
25287
28699
24143
12052
1906
24380
184
2117
23880
15652
25520
22127
10113
31513
23090
6853
5229
11883
2018
31739
13885
10063
9401
32384
15512
6526
20330
1148
15070
12941
6807
20872
1850
14859
16565
3632
32362
5980
10943
1834
14414
22872
13726
9299
31026
7075
25171
21357
27611
26058
23786
25242
28755
24611
1567
1687
2932
31329
27597
2234
17207
24569
23578
22698
29626
22072
32612
32224
26899
24609
9450
9441
18903
17416
11834
17464
7784
20207
17759
5429
258
29092
18886
23656
17028
5014
8180
15836
4096
14203
20458
6420
25857
19876
7763
10439
22175
20507
3188
25179
835
1154
27344
20770
13115
32683
27294
26966
30205
18166
23020
3797
18491
11118
30351
19357
3754
15011
977
29191
29074
24901
3802
9924
25878
7045
3546
3736
27201
20268
17916
7128
21716
11127
9226
14244
8658
10937
29664
17125
10951
4527
8850
11013
16860
2210
30557
3697
668
10815
28494
11472
25476
9270
10164
7936
21581
17813
839
4821
29944
5857
30229
1680
12701
22521
9264
16417
20212
32683
16153
31773
13216
6419
19947
4221
31295
6840
19527
32540
6195
4964
19459
13295
9517
18631
1425
27394
3966
9162
817
31286
18717
1716
21206
31420
14711
26880
27354
3664
32762
21752
11617
15414
21343
8985
13965
8693
2491
3879
24934
29654
5445
778
12167
2331
485
13167
32649
28672
16257
27167
15921
17779
17670
6685
32345
19602
22584
6530
9119
488
1594
7449
3023
9832
6365
20922
25361
32293
5289
12135
3794
16087
2988
25128
23411
27150
20740
25766
22708
3891
22830
10378
4319
12612
21261
26771
1716
19531
17850
121
9751
13987
16142
26245
4988
23018
24304
8941
1550
32709
19295
24817
6306
11863
22846
30134
15711
20607
30179
30949
16425
9684
7518
19203
978
13920
27017
9615
26111
17952
1492
4317
30172
1080
5069
23477
27007
29174
19570
28842
32285
15757
27191
9532
12015
3213
10198
24237
28386
29221
24537
10404
20737
3353
6376
6531
19363
2433
2771
8328
596
583
26718
6565
17028
32350
31184
17184
7922
1475
21562
28906
21974
2612
14728
6593
28113
8115
27977
6660
13717
16569
2622
18521
4692
6715
9380
14337
18665
7006
17729
17654
11721
17657
2352
17866
26536
29902
29293
32574
12523
10376
13600
13733
17360
29812
3498
30711
23903
10751
27504
180
784
27124
31850
18558
30521
7794
25962
9845
2110
6318
13101
6738
9847
20078
20515
7235
27871
29505
2814
3720
2178
27007
31228
11474
10917
18180
18165
5462
29106
27051
12324
18356
29930
22412
18869
13707
24265
26358
19474
16600
16952
27179
31469
17427
5749
23262
28941
8
1475
16749
23770
2934
31441
21470
31143
8297
6379
2203
20929
25431
2786
6381
5435
32765
21692
12090
4471
14327
5148
15615
5493
16162
23408
13451
20188
434
5084
8833
27592
12306
4586
25355
3417
11391
18670
28382
22263
13922
18746
31731
9831
28530
29959
28159
16527
5766
6174
21174
32521
5179
20041
26052
19050
13642
25725
22664
27983
11942
8388
22927
3115
18264
7404
6099
19923
17435
8177
15800
198
28855
8747
8130
18750
25373
26680
6935
9207
21575
24743
24505
18882
10958
12393
8831
16328
4936
6648
29400
8351
16999
11077
12351
27151
15571
24162
23421
23457
16578
6388
16290
12779
11613
13910
11969
19102
979
2190
20078
32076
24121
31728
12281
13562
30760
18836
12391
5738
9493
25721
23604
16165
20590
3446
21195
26954
25466
14820
26049
25
11502
14605
28629
28990
9806
17491
8104
18143
13065
26144
12860
22116
13651
25489
22831
4105
5314
5346
18612
15141
4776
22679
10581
11063
2099
3440
26986
14774
27205
16138
10839
4245
12052
29013
17801
4504
29057
14009
9520
26201
28218
32007
27834
1305
13966
15650
11538
13896
13587
31082
8349
26322
24570
14060
10993
21295
13613
23882
6227
22313
23597
10603
22775
28268
2478
7907
13302
12751
239
9249
11791
23909
20187
13659
8222
11074
6881
23098
14684
3853
10644
19013
26972
7754
27906
27661
28097
12645
16084
6942
32704
2429
8234
24736
23897
1782
6963
2769
10836
15549
8848
20259
25854
27738
2662
25396
27297
14007
30533
14450
18372
3506
24252
18058
20519
12900
30136
4245
14973
19503
10401
20737
15335
25738
31027
30785
24373
21388
24092
27188
5083
26937
90
9814
12469
24463
29267
18089
26234
24912
15537
353
24066
12686
23812
6482
32312
16376
4629
26906
5597
13798
4619
29966
25858
18470
1600
12262
16962
22916
26849
24103
22467
14875
8263
17492
13292
3935
29721
3027
10723
12518
14366
2721
15821
1529
18659
22965
6341
12254
13840
26165
16537
3299
13963
26971
3911
24618
16970
29478
9786
10808
28152
29632
22852
32316
25679
28594
19803
24607
6448
19146
18195
30543
4739
21960
25823
8779
25297
2763
16647
14063
12706
9342
14184
31613
28056
31745
19183
9327
1096
22937
26324
25343
15324
9240
30614
20594
2665
6923
6073
16936
1809
1957
19522
21093
20696
4206
3311
10717
1863
7083
5174
22017
12483
27788
13060
14348
10922
26392
9266
22732
32562
9945
7111
11569
15618
21575
3568
6039
11406
25845
27072
12755
32563
12925
17320
11263
21526
5164
11188
19462
11964
26478
11147
23022
15209
13048
10276
1256
32058
20664
9032
3353
16897
19068
6349
15910
30692
21860
29580
1666
16565
6153
22055
14199
24335
10090
13180
14837
22836
26266
29415
17438
28073
13612
7228
23437
13710
6234
18304
12394
4287
19192
19562
7470
14253
24603
28060
22327
3834
25736
31649
7179
6358
10974
11173
26476
8220
11907
7672
32288
31019
14672
20545
22909
29829
14332
30594
16310
24362
26953
32207
5352
11442
21488
8142
12516
10029
12109
26093
17850
16571
10955
30054
8970
25322
16397
29940
25098
22482
31713
338
18006
10482
27110
28024
24443
4041
3831
19093
14146
21556
7774
29643
6332
13450
21946
6572
15378
13177
11180
2424
25353
26527
15684
11285
12888
10472
9774
30922
21418
14250
12188
22468
11377
14722
499
12357
13680
10220
17717
7853
16135
3236
23601
3626
11837
10176
9836
12862
32399
23434
29902
7158
5243
31263
7436
26340
11467
20681
22489
14817
29858
3356
21964
6020
5704
22482
14095
14944
18101
16742
20941
30977
8159
23667
29529
28069
21443
8651
2079
23995
1077
31319
22091
7453
19305
2738
14139
26892
16701
7300
31653
30447
2380
16798
26248
13003
13747
3290
27348
27010
2721
31920
6104
23243
28321
29593
24687
28405
5031
23076
10474
3163
9436
18137
18364
18598
1321
18385
25832
29125
27269
10769
25643
10925
25087
23211
17897
6097
2186
15763
10968
22369
1164
5698
26222
16706
3109
24076
19467
10960
1087
9282
8934
10838
1114
21511
27833
5705
19221
31731
27436
15432
28539
29545
4099
3028
23315
31160
17414
12495
22694
10996
12468
22966
17358
26259
30886
9630
9539
967
2757
30191
18405
28573
31787
8163
4745
4314
5338
14782
12931
3472
31519
32715
25336
20100
10692
3354
23776
23616
7417
25595
15326
29174
25087
568
25536
25115
30106
32022
13012
10431
7476
24842
3312
18350
9937
20796
2879
18505
15286
8893
23757
32545
12761
28551
9170
27992
2055
23864
23487
23480
30935
5006
5129
2960
20562
7841
3000
6483
28767
14564
31150
27886
12273
14554
3512
21484
239
7831
30294
8524
2278
31997
30539
28446
6257
15028
23779
24032
11620
26342
22535
28058
27579
7616
3842
19643
14661
14504
28432
14514
26640
17982
2731
19532
7059
1557
4246
22480
21662
25646
10150
7900
20482
12344
15187
6142
9216
3210
1282
2577
18546
20700
24080
9054
30139
23753
9886
26222
1648
5637
19743
2224
18371
3678
17058
7888
25780
3444
26592
13009
22518
31287
16133
8176
4258
24613
28223
20537
13725
3137
24327
14310
13258
32210
1586
10875
752
9953
8374
26018
19818
14447
28989
28102
26257
30330
19052
6258
15337
20398
29168
24680
11534
13548
10317
24449
30301
27772
24933
2632
6754
23824
31178
2388
30212
3200
29893
19561
27506
20031
3875
13134
20428
23968
12994
26732
1938
24523
5855
18731
32205
2429
6429
30732
25087
25731
6996
29830
22731
28916
29215
21666
2917
7729
12324
31829
16824
22430
23074
28321
29528
8477
20412
5226
31534
32591
29959
5401
23005
10121
26837
7410
13046
13208
21439
11574
28897
21813
7156
20984
15238
17735
2500
22975
11710
27355
10476
27361
30077
30179
29343
4762
19131
27058
3161
10735
26919
21299
10083
11333
30859
9965
19748
23488
4093
695
9262
20317
16331
20282
31236
18126
20004
32043
7597
24600
4742
23109
22266
2799
7147
14857
1686
21965
3507
28213
15058
28884
24400
19206
17710
617
27316
13101
7334
10636
30074
26513
6338
18937
8406
5834
20829
32256
27710
26713
12080
18981
14037
32681
31014
28279
27548
12999
27230
29105
17496
28896
7423
16914
20289
5246
21952
2044
9071
7554
31795
1615
28676
3808
19412
9347
21018
27677
2517
32391
7531
4746
19367
5725
963
27198
6728
882
18214
10964
32335
15294
25281
12265
16569
21152
22161
6484
27761
18807
469
13092
23713
19968
14388
24922
25531
626
32174
2923
22342
11099
5445
17268
3177
24376
20071
9531
4408
5079
15650
10474
11970
9581
18694
25994
32727
13175
16089
32576
10393
28497
20734
15691
31433
14487
12962
953
4815
9023
14764
11500
14727
17266
13154
32464
5838
23343
22491
14297
207
17823
2088
28607
29709
15414
17217
18425
49
20878
32177
10235
13713
15874
18433
302
24452
23053
28646
22195
5992
25185
2089
1240
31856
25031
858
1110
7214
23737
19764
9553
22500
6849
3791
32268
21130
10639
2440
2415
13215
30173
13488
12603
19120
5635
2551
16391
24489
8793
11415
30466
15327
14160
22336
17255
14297
32079
15558
20414
23009
21071
18317
27865
20815
28981
25520
3722
23184
13043
16372
22565
22521
17757
12655
29881
11086
29644
9720
14093
7184
23924
20814
15708
22154
13701
263
5328
20378
26884
17214
6336
6464
18024
19452
2474
29672
756
17763
6127
10359
14807
30364
24145
30487
16645
28038
2093
9923
28627
5915
8055
402
13141
29346
15994
18883
3192
19351
8525
29580
21470
9818
21268
12194
24445
19354
29436
4744
26102
7807
19700
25752
15286
10650
16940
26322
17870
3725
15695
6248
16019
17530
11903
18693
10229
20780
19220
993
1952
26888
3349
8070
18644
8625
11890
32351
24581
9086
7175
19461
3122
1437
7249
17225
20997
16644
9710
18689
3247
26139
8662
26515
12417
298
5468
30531
6987
22916
28642
32572
3701
30577
30815
7008
11998
7388
5778
29391
9848
7361
29699
2873
17312
15701
12478
1252
12862
4338
10191
2940
10913
29129
32636
1950
12823
3142
325
23843
18767
9282
30108
16940
9328
235
32613
31474
18677
11123
13100
1610
11599
27771
26152
1787
13881
13374
28915
30144
11737
22910
25095
26651
4251
23342
23544
30688
19405
4324
7027
6013
18938
30205
24826
24330
26888
31629
14941
7700
13841
3342
26615
15913
2817
13252
22958
16931
27124
1265
32680
28213
12877
18109
27342
25783
2965
30692
30978
17329
8730
9757
2335
3881
4420
16206
29364
29740
6070
18801
15744
12447
28968
11588
21677
11203
29191
32691
12749
2953
16585
30214
15253
21147
18706
28874
21595
21286
17544
18817
21585
617
30071
20233
27519
30975
28452
7372
10114
11244
2033
14509
6406
10857
20789
9133
21765
27760
12504
18785
19901
32262
30897
31252
16242
4939
6049
23483
11496
20802
16492
32157
10143
22369
8794
31423
24524
21976
3986
22289
14364
15521
11569
857
22824
20300
2349
13283
182
10632
12781
30182
2229
113
11172
12212
25079
11419
24433
30634
32428
18658
24632
28114
26786
29168
8510
1112
32574
29323
31366
25267
6458
26788
5871
20367
1564
12063
10250
19836
11130
6243
31677
22105
14831
17825
20377
24958
13787
9957
32251
8364
20446
28638
24804
8118
18708
3437
1688
13035
24334
26608
5114
24650
31635
32331
28834
12133
9243
9659
6340
3089
25863
31322
12480
10195
13473
19569
13960
1546
2520
5760
27830
7900
8888
18447
23401
17633
13995
28979
739
14738
4210
6879
7139
7280
19425
22512
451
8436
13149
23286
8786
14137
30998
7363
3951
4972
18437
24502
3690
16367
26789
7109
16666
9808
30065
8011
17598
15085
23328
28823
25236
14179
8355
15408
11835
4027
13018
23530
11721
3667
12314
17066
26540
17038
28512
22776
29249
11835
16209
5705
24886
24006
6393
25354
11424
22305
16960
3948
28123
2928
7211
27378
3621
14199
6360
18620
17146
24259
5432
31889
29741
19867
4746
7342
26571
19878
2971
5200
20399
31065
25023
21251
5349
23078
7565
9385
31936
15718
32606
32329
953
27650
7045
19357
2574
12517
32331
2394
11799
23074
5041
14397
28774
8420
20197
29914
32166
9241
19840
16420
14896
25054
29317
17595
27502
23465
13594
9464
6896
20792
7940
7610
3920
15933
14052
2543
30406
1734
21043
4833
8074
32366
2814
6470
23021
13894
21858
8966
24630
15744
28871
22986
24637
16609
12508
26185
713
13541
23126
13393
3243
30383
3944
27544
30103
4023
2049
10560
4293
2098
4552
17964
9036
29760
5080
13829
1081
10200
4667
19210
8818
15731
27944
27292
3149
23419
22524
32389
21743
25714
17402
12044
29542
32227
15043
12729
30598
6665
25748
14568
12420
28736
13889
20496
8532
4143
757
12497
24258
31667
28071
23743
13138
29578
30299
2032
9433
25284
7966
8263
14296
5354
25790
32127
3228
8939
1869
1527
12822
17098
24149
21567
19066
26121
13528
10598
23962
21204
26894
14338
29953
9198
19421
5116
24015
23388
31768
21280
11352
29652
14712
10856
23931
7395
27483
5123
12738
3552
22334
18985
7742
7059
17147
8862
28448
31909
32452
5895
30744
26823
4827
1520
28269
32418
3351
30873
18657
7298
10775
31108
16706
6082
22083
18367
21456
32501
17031
29425
22610
21209
2254
11303
4343
25084
7232
22364
19181
13100
316
10698
27843
10912
2324
24819
3711
21991
3467
24174
30591
2708
26639
13426
7696
17319
8375
28452
1232
27066
4347
9888
4548
29168
30261
9673
15160
32669
12251
12753
9818
29877
9593
16007
5013
7414
4209
7011
13486
24533
9587
25939
18593
9514
22970
18755
6457
22682
16395
25455
13938
14280
14703
18280
2959
22331
30123
31975
10745
2573
32644
32085
26078
6233
20660
32278
8325
28770
10666
5017
23667
16003
10501
31009
30528
6107
24271
2384
9526
9140
22393
13176
2734
28600
23194
31137
3883
23250
22888
17242
17971
17125
18674
4416
2545
24880
25635
23888
9100
380
4471
13292
7493
10
26746
20910
6739
14911
4869
20976
20606
24077
1592
14872
32637
17441
20278
28068
529
16591
28579
22265
21726
6077
1503
20715
12044
32337
15615
7435
2209
22747
16528
29364
10909
7810
12298
29396
9427
4080
19990
3195
17802
11453
26496
7717
28375
5020
11770
24520
26040
14664
662
24988
30449
8748
27649
11181
3494
2773
13440
18977
6077
11032
27564
21065
21490
2
18414
11370
26039
18564
9144
11850
19153
8411
4744
21113
3763
26817
18846
6244
22425
24661
22648
22811
10596
10187
27922
7389
31288
3539
8158
15721
29911
22731
901
24836
1212
30372
29788
6729
2039
16276
25509
14515
17099
14208
6794
5611
28937
31272
12505
27603
4395
15888
13184
32590
17712
6706
14024
11222
25913
31333
20561
7099
8168
28299
13522
14652
17524
16509
30093
9287
4748
31927
6547
14608
11249
22980
3772
29524
978
10856
11877
14954
26598
18063
20968
25102
32588
5880
13020
27629
23330
12193
4881
22000
29927
9457
26698
328
13969
1960
1977
32318
26733
13191
3387
18616
8379
23742
31320
16778
4357
2074
18680
28802
19779
23019
28134
23346
26800
26550
1798
31867
1130
30879
12630
10462
11212
24725
17063
27522
6796
25147
25367
10245
18579
17306
16981
3331
22431
391
25748
9063
16027
19925
17228
1652
20154
17467
15795
4242
28245
516
5375
2265
9610
3193
28760
7519
22672
12814
9375
13890
19420
21071
15329
28020
19957
14472
30873
14153
8984
30007
20649
1986
3723
25138
7191
151
5569
15768
29576
29702
22835
1913
31357
18526
7929
3653
4431
2122
27434
22005
10987
11230
16889
17915
16974
26211
28556
18922
11200
1250
29083
20710
15824
10611
24270
22473
3602
28483
26579
27162
15771
17254
20033
17839
4409
32354
27951
3356
20851
2679
12179
13538
11844
8880
4188
5976
8854
30378
79
23384
4992
16167
19875
6571
10047
3922
26971
27954
4086
28368
9829
23001
17957
2187
20087
13883
28395
31293
10405
1045
27131
4286
19906
25453
17248
32014
26237
3198
1264
20002
12087
31850
9105
15215
23973
16542
1071
3127
17450
3332
21625
10134
20210
2284
13150
6475
14030
32440
25931
5959
1490
23113
4129
21496
18864
8749
15096
10578
4051
22405
3478
26786
1851
26807
2989
23314
25627
8921
18392
16123
24884
19928
19028
19950
31471
24428
10110
6016
16445
28860
528
15577
21807
25296
29979
22779
852
23995
8644
8659
29654
5764
23742
3586
28499
2008
14219
2920
16252
2418
24946
4725
3696
29254
7231
8750
24534
12657
16573
28929
32701
2528
3828
24138
819
23746
17955
28833
13991
11950
16508
27882
5631
21396
3746
21018
10872
28005
20195
17865
27201
10626
15413
15741
30167
26854
12530
28848
20255
16146
6483
24487
26181
29627
4526
31474
6231
29494
11375
14273
31648
22943
7128
7405
5573
1229
15224
5314
22433
22774
13677
3982
31458
9249
16217
17131
7520
19535
11045
4555
13889
13416
18296
26952
16589
999
19446
7721
14610
15685
19769
5940
17975
20262
29840
20534
11937
3142
30586
467
29127
13858
2784
31246
9173
1638
19990
29079
26372
25369
27024
27096
7860
10634
23908
24510
14414
15354
15235
24391
9692
15878
18871
17360
26213
11227
18268
12572
14346
14360
21214
4387
20449
7297
10998
8865
13205
18794
18339
25690
4282
8158
1771
26925
11761
8850
26959
24799
20928
18828
6671
24997
15150
25747
16162
15983
2081
14421
19699
30199
9592
16987
23005
1676
9448
20397
11621
12959
5271
21060
1850
522
13434
8500
23021
3108
9583
3990
30064
22149
28185
1591
23888
21658
29055
3074
18098
21479
13156
26925
31247
24863
1636
20774
5295
29158
32723
16188
26087
24416
19797
29198
25618
32129
18493
12724
30032
23316
25255
19631
2049
30344
19028
30609
14080
29565
23880
31595
30111
7442
19493
24315
32615
16621
1605
30354
1932
12039
19354
1735
25650
27197
71
26078
12642
21910
7674
18421
10187
27221
24336
8692
9016
17086
32614
20274
5333
1449
12032
26088
23841
32456
4700
26198
18866
28599
27796
12471
12972
26056
20278
28134
29695
8332
27620
22220
15972
21793
25514
1681
31765
23103
12322
17278
17743
2305
586
27316
8328
24179
13088
27279
2672
10719
8706
30679
426
21463
7368
27052
4679
2562
11679
26672
7431
23463
27300
23026
22094
4859
9028
15389
14568
22314
1878
20837
26748
25383
9205
21421
16338
23860
21023
5240
1732
6960
29455
14358
3077
24484
5722
30603
7829
23436
26060
5438
8960
229
29440
28774
16474
29179
17089
25396
24826
6511
12836
22464
761
14090
4449
16309
5225
27973
4213
23229
22357
7060
22906
30634
2429
4470
29889
7273
19406
26174
21173
16551
1443
414
5999
1856
16318
8440
1048
8812
13060
25957
6658
20137
1788
13953
21382
4198
31750
1533
3739
8308
32091
16354
1339
13101
22216
29606
28534
1633
2602
496
11090
25093
168
23339
1642
30618
5043
6860
1346
19550
10687
2916
17515
6709
25278
24421
20314
21334
4193
10932
2313
13494
30222
26866
587
4916
3231
7306
23024
20361
17888
21114
669
7405
3015
5858
2664
1674
30577
9807
16438
24482
31713
26564
21204
2687
119
31628
17880
16926
10034
27330
22582
21146
15013
17309
14497
27738
32699
11900
9127
32250
26410
18357
18315
16634
23224
18973
2529
25897
8752
22103
2796
1743
7203
25309
696
23453
18015
8400
21494
16981
21041
24959
28826
8505
16474
18617
27702
16181
16594
22483
22548
972
21055
7544
17686
18882
23859
5683
1870
12430
18217
2494
5981
6270
14653
28936
11660
13736
5806
12552
29356
26005
24342
13892
25262
13227
30819
15648
15617
14430
7325
21223
7854
16150
26454
23451
8758
24287
16112
10364
8487
29139
5522
27482
29568
5959
15847
4764
18634
11448
20380
23052
30450
26995
22424
7272
23273
2312
20474
12713
9978
12396
7124
26128
15086
31217
681
22006
25057
21478
26534
14929
4579
7693
14499
29189
2382
12737
20697
21489
26090
16612
19297
5556
4546
14218
369
21315
8643
3175
12373
812
538
11257
815
25511
3147
27252
31854
11361
25362
10354
31503
4360
12282
5719
22422
24726
7870
17029
21707
19807
12899
24133
24629
10713
20497
25968
24152
9773
7093
5345
32430
23169
601
23451
21350
10755
3646
12985
10462
19125
24766
2073
22754
32251
28133
10183
5538
17894
21961
20523
26741
9022
30637
23795
24656
10321
6873
13502
11268
27774
18743
25997
7227
11392
14253
7146
18736
9084
22590
24790
22578
26825
29152
19060
7382
24193
23067
2934
4607
31947
11366
3403
26255
1510
6977
261
6634
28406
14097
4876
25647
2447
18112
11653
26165
14850
3601
30079
23879
18026
7620
28387
22176
2676
2413
29466
7845
7154
7956
26236
26597
11295
31885
22652
26065
12720
7830
31380
22330
10143
17842
6641
15503
27830
19656
2015
13780
4062
19834
7410
17506
5413
11847
17146
27745
32657
30303
12708
29189
11175
841
18928
11915
18105
31799
15447
14578
28403
7973
26040
24186
18468
17332
3846
9950
4429
12232
31667
24656
1772
6626
29403
28473
7685
30015
12081
23981
25589
25518
25002
26288
3830
26930
13035
31019
2929
15707
28531
28332
4615
22117
19080
29153
4702
2573
25571
20690
32427
24631
31771
14049
17412
29505
977
2691
31587
31269
29089
27324
8057
22609
2756
2140
21305
20294
2693
22267
1311
11762
21609
20917
31556
6606
7453
20390
5155
19895
13855
9252
18473
27278
26669
1727
14334
13710
2158
32506
21398
24688
13409
20422
26102
14144
24713
7874
4551
20477
9685
21301
2716
6131
31185
26823
5891
23257
15759
12802
10061
8106
20307
18061
3357
30532
2817
6434
8115
6337
25927
29012
22774
26521
3466
17667
14147
16244
17042
11674
28664
8656
17908
29967
16062
8535
6723
30360
23962
9982
30709
20270
29107
27869
9495
6595
30945
19153
7089
13122
1018
12499
10999
16971
18907
27415
32564
32427
24376
3044
15478
29853
7972
5942
6138
16322
4191
19477
7254
31202
21347
10163
1129
22880
25901
32328
22786
15231
17100
17838
15699
5719
14762
28092
5652
3733
28829
25186
30583
11509
30125
5001
1487
28545
23715
7848
13566
12935
14934
30246
4771
11611
2229
8819
1793
32465
16275
30948
14510
1401
11830
25683
32512
32665
24990
7026
3895
12011
9109
24819
20586
31771
24187
10586
563
22015
29134
17053
8729
18580
17275
22913
15298
1980
6632
30899
4053
27066
2750
23977
15792
3433
2679
16182
23503
10303
26795
25072
10999
14341
17690
5698
20518
5204
18808
31824
16698
7119
13308
10638
20579
31010
32423
3102
586
15293
12117
10222
6910
16465
7301
2445
3491
9479
13031
2770
15065
17795
1962
17707
10733
31387
17284
19910
10434
6615
12926
5986
32382
28840
1157
5618
7412
14185
2736
32758
31956
14359
32082
18841
4244
9423
5823
13707
31261
23051
3807
6044
28470
2203
17268
9501
30897
870
6443
28407
30807
11486
24932
24968
8597
16452
20673
26177
20707
29345
21104
768
28152
10112
17465
4910
17583
13676
26438
30360
183
30252
4534
21006
14333
7873
27872
15806
12251
6940
19559
32078
18685
27039
27138
7611
15895
12890
4616
5364
8521
5634
3262
16181
17485
28849
20577
22053
30566
3168
18418
15790
19208
32548
15044
17056
16456
12587
8390
9989
5122
18038
28561
6210
4300
26708
11312
27378
5022
10914
19891
14466
12093
2244
15474
14988
6764
13921
31266
32757
21714
16354
16025
22469
11946
13994
5473
3529
7981
25875
18430
21738
5567
17963
8447
31564
12763
15667
21447
17446
3520
18643
5401
868
2009
11807
12389
22270
14061
22346
9684
6678
29963
25132
7445
28116
11571
6773
14565
29697
22468
23471
5985
5990
20905
5877
2827
32227
31299
30837
22686
78
17430
26791
1426
17425
9267
25930
877
21122
3175
28195
17360
18945
23592
373
317
1235
29755
25663
18601
20929
22822
12856
4037
6768
4186
29067
25612
4991
9244
9810
32397
21091
31287
8660
18550
25858
26979
2431
7268
18192
14708
20900
20588
20781
31298
10229
21737
32187
23900
2494
29699
8065
32363
486
32260
26113
18024
19109
28251
19353
21885
20227
21868
18780
8124
18452
4893
27822
10370
29173
11809
10913
2217
5253
21506
3347
11121
23523
19953
5507
28204
15532
30285
29111
3755
24561
31477
24080
5227
21242
30798
20904
8319
30398
14611
20529
20541
27421
9951
32141
7848
29155
14204
20269
28833
1405
25321
30506
14284
8057
28205
25892
22595
27327
5854
30942
15613
23953
27504
17046
18173
30532
23615
27941
826
7612
20826
11739
21330
22185
20757
22040
29933
22659
845
25258
5106
12102
7545
9450
21356
28909
886
24981
31035
15792
10511
363
10362
2046
78
12170
22196
24633
132
391
26566
16437
4634
1361
7314
4718
27414
20678
16488
28939
10349
28435
16693
22678
12299
18380
7785
19065
10147
23503
23210
6968
3126
29656
23610
26736
13925
7396
26665
29331
22391
3655
9274
22112
15146
21900
19350
25125
23098
25616
563
692
2482
23133
29442
1063
21237
11592
9435
8787
16523
201
12841
9485
11181
21661
20309
1055
22159
24221
19443
20232
24432
11996
31407
21623
22626
31108
11253
17798
4057
8813
10083
20663
22006
26242
20464
28847
19089
16084
24281
27316
9
22907
24911
14568
32459
17457
25826
23619
30115
9388
32427
21074
8901
6847
6460
10929
16794
10287
13641
30793
2380
14934
2323
6730
2064
12666
10904
6375
26422
491
12412
4565
25586
19166
30133
28801
2280
32524
27641
28179
29817
31498
10473
5415
14288
9575
6650
17734
6827
29831
2856
29222
20457
30274
27737
6822
26328
13628
401
13192
1340
6146
27099
492
13855
5610
10483
8592
22876
23975
8116
13001
32745
18862
8004
27712
16615
15948
769
3181
21355
19844
32042
26325
30986
15530
590
2307
1319
18368
32629
13128
3324
16020
18191
8498
3177
22421
24736
24013
2943
21625
10025
8092
4300
21649
25174
26709
27748
28903
18025
25696
10164
32285
1769
17934
9734
4101
26633
6297
16851
6911
31450
18144
29388
20246
28720
20959
18599
2266
11862
29424
18090
29691
5489
9667
27640
15274
7860
22046
29854
25775
16969
11605
8029
11594
20475
15241
1077
3787
9891
30880
18358
15600
30296
22792
14086
16130
31062
29227
6321
32430
20394
27312
15924
26788
27043
12920
8775
31473
11513
15955
8174
23837
16570
17286
3646
24068
11256
12030
19696
29557
13108
21584
3495
6028
8329
4216
26113
8144
25240
23630
30303
27147
11831
2759
12661
31469
3801
12017
4240
27231
4539
26028
16554
14760
30676
32553
5167
28482
6778
17444
17805
5242
28372
21217
22142
28874
21507
20456
6165
7927
6159
26240
10122
22505
24467
21740
27589
3917
23593
103
24492
15852
32147
19681
13612
30153
2478
13432
7433
7165
18199
23221
16230
25683
9882
6027
12564
27299
5983
13840
29082
1519
29139
25336
15880
12607
9559
1750
17532
9788
5291
2067
1137
1423
19737
12458
26571
10487
1121
13225
24739
31532
2408
3687
6098
29047
5023
16774
30783
782
7476
7591
8937
14897
13307
8176
6067
15109
27931
6719
7923
23603
26488
9003
16313
11584
2276
2495
20191
1707
25093
18677
25301
32712
25860
14068
14377
26207
23291
27657
21209
5123
17435
7527
26712
15668
3744
26527
24162
5684
20598
17629
27264
27049
28584
10984
7770
31992
25997
3288
27840
24156
2225
15508
29559
30920
2436
26642
5571
2434
3525
11854
13241
21371
5804
2055
2625
11377
7642
60
2029
16323
5377
30826
8829
8983
13395
29826
31022
6318
17324
10924
20423
7042
19070
21182
11873
4389
21120
29051
12793
15704
10518
7052
22967
21358
19327
27710
23803
16735
27072
11265
22061
4267
11348
25244
20033
30964
10384
20785
29965
90
12248
4085
4682
17814
25988
19371
31596
20437
18320
24293
6690
90
5637
17146
20395
466
17707
5318
16607
20854
26220
10532
22264
15843
13318
27948
293
30649
11128
3629
717
4085
25258
9577
23203
15
986
25491
3694
6099
7243
30729
26518
27904
10668
12242
27757
10402
4681
2134
8771
20015
29683
12767
25640
22628
30128
15827
23167
18397
2083
29870
24391
32631
16570
4034
23337
2662
15257
21166
26433
10261
12362
16544
16301
14784
9505
26954
21206
28115
28016
2469
31105
17666
24176
31848
9108
19749
26346
13895
1449
11737
30120
18924
4948
25303
23199
12214
21044
16402
3801
19764
20924
7059
3876
30816
21439
14613
13693
29339
29117
21343
15674
5996
19183
24421
24057
15096
1812
