36
124
230
291
316
335
369
381
397
429
432
439
487
527
541
545
695
696
724
740
753
900
1023
1048
1089
1090
1161
1164
1312
1323
1328
1329
1356
1441
1447
1459
1462
1483
1533
1574
1644
1658
1674
1690
1701
1804
1841
1877
1911
2014
2057
2105
2133
2167
2173
2187
2255
2259
2276
2288
2394
2399
2406
2436
2469
2522
2537
2539
2605
2611
2652
2770
2827
2827
2859
2876
2931
2937
3042
3094
3100
3112
3118
3122
3134
3136
3146
3197
3214
3261
3299
3434
3442
3448
3478
3531
3532
3549
3690
3712
3764
3766
3888
3906
3931
3938
3988
4066
4073
4090
4090
4117
4134
4160
4164
4168
4209
4212
4290
4304
4386
4422
4431
4439
4504
4569
4596
4600
4608
4622
4667
4680
4703
4713
4743
4747
4750
4792
4866
4890
4927
4961
4963
5027
5044
5061
5086
5098
5128
5195
5197
5223
5235
5268
5280
5310
5333
5346
5363
5397
5471
5480
5539
5558
5591
5631
5671
5706
5712
5839
5907
5956
6004
6020
6073
6083
6155
6234
6274
6297
6319
6359
6388
6422
6428
6489
6503
6519
6536
6602
6621
6632
6658
6687
6750
6758
6758
6798
6885
6914
6916
6964
6968
6977
6986
6992
7009
7014
7043
7092
7131
7151
7156
7158
7169
7236
7245
7254
7325
7377
7406
7422
7464
7467
7510
7511
7512
7542
7557
7575
7592
7631
7650
7698
7777
7821
7835
7900
7935
7938
7960
8006
8025
8095
8120
8135
8222
8245
8280
8286
8310
8378
8411
8461
8463
8478
8495
8535
8546
8555
8562
8610
8670
8678
8686
8705
8709
8749
8771
8781
8782
8844
8857
8866
8866
8892
8893
8896
8978
8989
8991
9042
9104
9115
9134
9143
9201
9231
9268
9319
9343
9419
9432
9436
9492
9495
9528
9549
9553
9569
9598
9688
9747
9754
9780
9800
9814
9825
9835
10022
10120
10127
10155
10171
10174
10185
10266
10309
10326
10436
10598
10689
10693
10737
10748
10769
10810
10820
10822
10824
10863
10982
10984
11002
11007
11073
11126
11162
11199
11219
11221
11238
11249
11273
11276
11390
11433
11434
11448
11465
11540
11624
11743
11768
11782
11791
11826
11837
11933
11950
11956
11962
11966
11967
12013
12023
12043
12048
12099
12119
12165
12174
12175
12219
12252
12282
12311
12322
12325
12335
12368
12369
12445
12447
12449
12462
12464
12483
12516
12535
12537
12554
12581
12590
12613
12614
12685
12705
12730
12775
12788
12824
12853
12861
12898
12905
12943
12983
12997
13086
13093
13155
13161
13240
13261
13284
13310
13371
13438
13548
13560
13567
13655
13706
13730
13738
13771
13810
13815
13837
13928
13938
13994
14013
14057
14100
14104
14106
14139
14158
14181
14249
14311
14313
14319
14356
14360
14452
14474
14496
14564
14565
14597
14638
14642
14682
14693
14714
14725
14796
14800
14855
14887
14888
14892
14896
14908
14933
14972
14991
15017
15058
15090
15101
15118
15129
15157
15264
15293
15325
15391
15397
15537
15544
15612
15635
15673
15701
15725
15741
15754
15764
15794
15847
15855
15874
15875
15920
15998
16000
16003
16006
16012
16020
16049
16094
16101
16118
16176
16202
16285
16332
16342
16451
16456
16478
16540
16628
16661
16673
16711
16722
16789
16875
16918
16926
16948
16952
16968
17090
17134
17145
17160
17164
17170
17220
17276
17276
17302
17348
17463
17536
17571
17578
17682
17691
17693
17733
17765
17784
17827
17831
17831
17839
17863
17874
17906
17923
18005
18049
18096
18142
18143
18149
18193
18231
18234
18238
18254
18297
18337
18338
18355
18418
18418
18482
18494
18524
18563
18592
18624
18652
18676
18707
18836
18943
19028
19090
19149
19150
19232
19244
19245
19251
19269
19363
19384
19458
19466
19471
19501
19504
19514
19525
19531
19639
19711
19722
19726
19741
19848
19851
19952
20018
20031
20065
20072
20142
20198
20202
20211
20219
20228
20272
20392
20422
20438
20439
20538
20570
20573
20595
20598
20708
20714
20742
20747
20748
20758
20779
20779
20830
20854
20870
20917
20975
20975
20984
20991
20995
21021
21030
21052
21052
21067
21122
21181
21255
21255
21291
21336
21352
21367
21371
21422
21483
21506
21512
21621
21632
21649
21678
21699
21728
21802
21844
21855
21867
21877
21964
22018
22023
22041
22041
22043
22073
22116
22131
22181
22248
22273
22330
22430
22463
22466
22502
22621
22675
22693
22702
22707
22775
22820
22901
22970
23044
23106
23115
23162
23228
23298
23303
23312
23327
23394
23509
23553
23584
23590
23603
23640
23648
23650
23734
23745
23821
23824
23849
23859
23903
23972
24030
24033
24038
24054
24080
24147
24184
24200
24210
24321
24332
24364
24365
24369
24423
24439
24479
24523
24532
24596
24635
24643
24652
24707
24713
24715
24728
24795
24799
24822
24848
24852
24873
24883
24889
24981
25076
25095
25160
25194
25202
25213
25217
25221
25248
25255
25266
25286
25311
25313
25359
25398
25533
25534
25542
25544
25592
25602
25607
25636
25637
25731
25735
25818
25822
25852
25870
25965
25966
26093
26139
26141
26190
26247
26265
26289
26360
26374
26490
26530
26535
26542
26618
26618
26628
26690
26717
26835
26880
26897
26920
26937
27000
27002
27044
27072
27124
27131
27139
27144
27237
27246
27306
27358
27412
27446
27467
27469
27485
27495
27517
27570
27667
27679
27748
27755
27791
27836
27837
27881
27887
28033
28041
28059
28085
28087
28143
28202
28218
28286
28356
28391
28438
28453
28538
28570
28639
28661
28687
28701
28755
28761
28798
28808
28810
28840
28861
28904
28983
28993
28994
29010
29019
29205
29211
29216
29217
29231
29233
29268
29304
29310
29349
29370
29501
29516
29520
29541
29553
29570
29577
29647
29666
29670
29744
29750
29769
29779
29792
29820
29829
29851
29868
29902
29907
30001
30119
30126
30161
30222
30244
30248
30261
30266
30287
30309
30368
30485
30566
30609
30622
30635
30684
30695
30711
30766
30780
30810
30825
30845
30857
30873
30924
30940
30954
30983
30994
31009
31024
31030
31058
31069
31099
31132
31144
31196
31246
31275
31298
31348
31473
31486
31528
31573
31575
31603
31651
31661
31802
31813
31820
31832
31841
31846
31926
31948
32153
32240
32290
32311
32342
32344
32388
32389
32393
32401
32460
32466
32503
32505
32575
32624
32649
32651
32687
32714
32747
32756
