4745
9316
20237
8252
18580
11653
22605
8445
12016
8232
19486
2677
10904
22357
16880
6665
11275
22148
138
11185
16876
15883
30734
29247
14681
6734
24497
26736
26635
31141
29494
18100
31794
29963
3119
2493
28174
6028
4851
21961
28493
20589
862
17072
29736
23576
331
23725
12860
20430
14546
26092
12584
13323
1602
9431
18668
22968
8669
19232
10748
22035
19286
16782
19239
20830
12555
25737
22827
5195
3842
32100
1044
34
16805
1132
18009
23992
18494
30644
436
12048
29489
21150
3525
28622
14843
29226
5221
28768
29934
29182
22475
14314
30377
20025
15969
6389
16729
22008
16484
25816
21427
15012
4926
27106
18861
18434
11939
10316
19711
4344
1901
27106
4445
7456
7224
10347
22641
25358
12221
28381
14746
7010
19695
8514
10599
14476
28887
22376
31954
3938
30256
13899
25660
31843
7874
29763
6700
4553
22143
29678
16839
6736
3167
8667
12559
31945
15611
251
8924
19549
2795
4552
3226
4514
225
50
5064
6239
22914
17486
24364
19999
26888
8638
16342
32120
1176
12766
28124
29209
868
25780
21711
20885
13697
9364
11263
13553
27781
2198
22131
20206
29160
16825
18087
11032
1816
11988
25091
20875
19289
17216
8224
23432
9059
11335
25018
17595
32441
24907
15219
1354
5835
2742
12365
16541
971
27557
6117
5360
17231
14931
11376
22426
3243
4935
31863
18970
3852
29502
15442
5094
30037
25558
13158
3316
19385
18175
16670
9477
8989
27937
13738
29620
3627
25101
31354
15682
21558
7334
18041
30750
30161
32076
23050
7991
24365
18187
32451
23810
25654
32648
18156
23370
25197
24999
18613
17339
9347
20221
20795
15660
25531
27641
19257
29104
765
21201
21902
26971
24505
2350
17779
17876
21633
9366
4216
10911
18789
18845
23107
24103
28173
29131
8712
28558
31129
9292
19399
27957
3129
3418
329
30730
3723
8299
9944
16276
10936
12570
24513
12992
15180
11990
24202
29033
19417
28492
31988
19113
1868
13205
22447
21474
12298
21535
27104
25738
32210
16221
25683
698
32082
14126
15488
3190
19846
30990
12095
10682
22228
15615
13131
21321
22505
14133
6008
31285
25681
2180
18612
7213
12504
18826
31679
20617
18852
7324
13994
6679
3599
29297
30225
2467
3654
28049
27160
32072
9891
4219
1830
2169
29898
8857
26212
20687
645
30692
12788
27536
16992
1879
6385
2051
14852
31765
1835
29302
30292
11609
7327
15371
9545
10529
8376
4935
29070
15770
27976
6489
31706
11594
3397
16426
3601
31232
2884
32040
25626
29307
11189
23762
9854
28381
3812
17156
29382
26574
30379
25600
3473
21615
11256
16960
6775
31493
16386
15614
30113
8290
9546
31615
2853
16915
23636
16675
18466
18251
12322
30254
415
21650
15989
29012
27940
11821
18371
19974
1814
21836
759
23423
723
19446
28907
28813
8338
11189
27557
12320
1272
31489
27989
2708
28281
28013
19210
1982
25716
31379
24376
9656
15373
30656
24554
22637
3786
8288
23751
30179
32493
14632
8390
6987
26003
14853
29617
22218
18065
10952
30555
8709
9738
7822
7328
31087
7120
31217
27681
7250
16512
28656
7869
16798
20572
24990
16846
19828
8166
3214
25384
21362
15938
13306
210
29117
24905
12469
14466
20687
30572
5079
29402
21510
31567
18466
1637
18152
25889
24118
3664
4919
21949
28537
28904
19385
22402
17348
20951
6084
20723
9678
27678
19339
1293
4697
4050
14635
15724
11806
16278
1653
31260
11897
10716
4985
17216
8405
31194
15831
30821
15573
15438
3269
14756
11591
21491
4575
18041
31689
14782
2738
28262
2873
1249
3846
28487
19678
30333
22511
23924
7256
1317
27538
29081
28232
9239
14776
22612
15806
16953
29972
24467
25702
15573
13652
7596
18802
16916
11754
28217
4934
24380
1431
24761
18407
13993
6844
29928
2081
6540
16480
16602
20858
359
16384
23769
29401
9540
11290
12548
8182
9912
20344
164
20353
4763
17725
20301
20498
12676
1457
31673
16339
25607
29644
11364
21231
1710
14212
27111
5305
6584
28886
789
3997
10388
3990
5847
1991
11547
23543
24519
13461
27281
31706
7567
9405
31834
215
14336
14654
5244
19212
30705
25352
9688
19624
29150
3946
30248
31286
32316
28479
21431
29610
23453
1240
27363
12845
22152
9384
30548
18088
4886
21682
19706
29970
21581
14003
29896
14458
23868
26895
22834
31699
18394
2684
15975
4995
28063
19568
590
17322
15840
16459
24642
24370
7659
19268
13454
19355
12007
27925
31655
30084
5480
17766
2348
504
7893
1019
12958
18558
24698
12188
27103
25055
11372
28616
876
22453
30752
17688
9306
16568
4298
23669
5138
21960
14711
26873
28108
19386
3817
12454
28108
32226
19766
14281
22111
13669
21279
14124
10388
6459
32561
18686
11451
4870
17053
30851
1695
13462
1496
8316
20867
27193
15091
17492
32733
1475
14776
20495
31444
28256
16776
27378
15739
284
15607
18675
26571
28207
8996
9951
1378
7946
4826
23885
1022
28962
872
13894
5560
20863
10048
29105
31488
1283
23634
9345
28764
10619
17958
24221
15328
15207
28091
17298
5740
11402
803
507
27816
22320
7387
21932
13248
23106
4332
161
19936
10762
17346
26281
14958
25031
2255
14290
3595
8688
28895
21907
28231
1864
8762
24252
3366
1703
5755
3614
24663
14722
23091
22522
4142
26431
10813
29226
23142
22331
2783
13073
25753
14231
13477
29508
14971
9414
29438
24053
29658
7639
20627
23587
15958
29059
11627
1668
18144
28662
6848
18989
16115
27997
6302
11271
31125
24884
4417
22258
23564
11853
11820
24758
7777
24479
25353
29102
6038
26068
19012
15155
4518
8592
12133
26825
24897
18051
25393
30732
15684
25389
13696
9049
4602
6516
12509
19259
19477
21479
29664
2716
22378
976
17482
25000
19824
13308
14309
9088
3958
31817
3865
4772
18600
8692
7502
22557
5056
28832
23301
16749
16523
6181
32182
28983
29986
6942
12647
28334
9958
6705
20497
16319
10040
2076
12978
31230
16381
4741
30769
30290
7125
19326
24054
4959
30230
24537
1606
12982
20106
26162
18527
23743
7405
4789
26199
14178
16421
23475
17589
15224
9535
23273
32716
21749
25134
30602
31451
22993
16450
9490
17638
955
29289
17098
28498
22653
29481
26649
12867
11565
18009
10641
31414
12313
6819
8885
15965
9584
1721
20620
12606
17072
24154
