6
10
41
58
73
87
131
204
213
217
249
267
340
367
388
465
474
490
515
543
555
564
600
620
712
738
747
796
902
905
931
947
984
1043
1051
1076
1094
1130
1143
1201
1216
1245
1259
1289
1295
1335
1368
1398
1403
1438
1439
1472
1529
1534
1546
1569
1635
1643
1701
1723
1779
1860
1881
1911
1929
1930
2147
2156
2198
2250
2284
2309
2402
2424
2477
2518
2594
2596
2634
2678
2696
2856
2885
2924
3020
3024
3043
3056
3075
3114
3161
3169
3180
3191
3198
3263
3313
3323
3334
3345
3359
3373
3396
3397
3403
3409
3418
3420
3443
3473
3498
3521
3547
3604
3684
3809
3810
3856
3879
3889
3903
3990
4025
4032
4041
4045
4056
4073
4113
4157
4254
4255
4403
4415
4439
4472
4570
4584
4679
4745
4806
4818
4883
4890
4904
4918
4942
4948
4950
4965
4978
5005
5016
5078
5134
5217
5242
5278
5375
5389
5394
5440
5454
5458
5528
5542
5549
5560
5690
5737
5801
5814
5849
5867
5901
5903
5931
5946
6037
6046
6049
6116
6191
6293
6293
6301
6306
6366
6377
6436
6486
6514
6556
6567
6606
6667
6693
6739
6762
6795
6814
6860
6862
6865
6942
7042
7050
7138
7159
7187
7189
7281
7356
7374
7429
7439
7490
7621
7656
7760
7785
7787
7827
7836
7837
7865
7876
7900
7906
7980
7991
8016
8024
8095
8134
8137
8212
8218
8221
8227
8266
8296
8321
8339
8371
8394
8423
8484
8528
8540
8560
8562
8568
8588
8597
8601
8633
8692
8694
8775
8861
8927
8942
8959
8963
9056
9071
9168
9170
9170
9174
9266
9282
9321
9363
9415
9440
9468
9527
9553
9590
9598
9676
9713
9775
9822
9849
9862
9926
9928
9931
9936
10001
10020
10040
10047
10050
10057
10135
10136
10144
10146
10164
10196
10220
10228
10244
10268
10309
10314
10353
10362
10375
10428
10431
10456
10512
10619
10622
10700
10701
10743
10775
10904
10931
10958
11011
11011
11031
11052
11140
11163
11167
11171
11178
11188
11197
11243
11252
11316
11324
11345
11370
11383
11429
11455
11487
11582
11663
11670
11672
11681
11770
11784
11792
11872
11953
11974
12003
12075
12098
12125
12138
12145
12171
12176
12192
12232
12267
12269
12286
12292
12391
12451
12517
12528
12537
12552
12555
12644
12694
12708
12770
12801
12807
12822
12830
12907
12912
12918
12943
12961
12987
12994
13029
13039
13054
13067
13094
13157
13177
13222
13236
13246
13276
13288
13304
13316
13360
13382
13389
13482
13511
13551
13621
13679
13784
13808
13808
13832
13850
13992
14116
14149
14211
14217
14227
14230
14288
14300
14315
14377
14390
14471
14484
14578
14587
14605
14619
14663
14687
14695
14715
14837
14893
14986
14987
15041
15048
15135
15181
15186
15192
15199
15236
15257
15270
15280
15297
15364
15505
15519
15525
15559
15664
15684
15737
15813
15820
15893
15950
15973
15997
16034
16049
16106
16123
16162
16230
16247
16274
16320
16342
16354
16428
16519
16525
16531
16554
16606
16613
16634
16670
16728
16772
16787
16931
16943
16947
16973
17006
17029
17029
17105
17121
17129
17132
17137
17207
17297
17320
17376
17404
17411
17488
17523
17526
17557
17631
17654
17674
17891
17911
17929
17934
17950
17997
18022
18025
18029
18080
18111
18118
18128
18154
18238
18271
18299
18309
18327
18344
18399
18447
18577
18589
18595
18606
18636
18671
18693
18700
18712
18748
18755
18757
18779
18884
18885
18893
18928
18967
18971
18989
18992
18993
19004
19019
19051
19066
19092
19093
19112
19233
19270
19283
19290
19324
19329
19362
19373
19396
19414
19438
19508
19521
19559
19627
19702
19746
19777
19796
19852
19906
19909
19923
19967
19975
19979
19996
20000
20023
20121
20137
20141
20141
20159
20180
20200
20207
20217
20223
20306
20313
20339
20349
20368
20424
20439
20471
20515
20534
20543
20554
20722
20756
20765
20790
20866
20877
20890
20894
20922
20968
21034
21128
21156
21161
21186
21212
21221
21227
21255
21394
21427
21434
21453
21477
21524
21529
21562
21575
21584
21594
21627
21679
21685
21694
21706
21711
21731
21760
21768
21783
21876
21901
21994
22053
22062
22120
22137
22138
22145
22146
22199
22202
22218
22221
22239
22278
22320
22330
22364
22440
22476
22506
22563
22584
22702
22733
22753
22794
22865
22868
22873
22904
22934
22982
23009
23018
23037
23053
23075
23188
23262
23263
23274
23322
23331
23346
23353
23358
23390
23430
23491
23494
23526
23573
23585
23613
23662
23664
23706
23781
23792
23828
23872
24005
24085
24204
24271
24297
24390
24392
24431
24457
24473
24478
24486
24594
24643
24750
24789
24854
24860
24865
24888
24905
24952
24975
25017
25040
25053
25062
25122
25136
25143
25173
25199
25210
25313
25321
25329
25350
25389
25427
25486
25548
25558
25608
25652
25657
25669
25679
25693
25791
25796
25817
25892
25914
25915
26021
26048
26063
26122
26122
26145
26167
26205
26206
26212
26248
26264
26266
26304
26304
26324
26346
26364
26412
26446
26519
26534
26584
26623
26645
26690
26751
26770
26812
26844
26932
26977
26986
26990
26993
26995
27077
27096
27156
27201
27226
27255
27271
27289
27303
27319
27325
27341
27407
27432
27433
27440
27445
27449
27454
27467
27492
27561
27643
27658
27680
27684
27699
27770
27795
27802
27816
27865
27870
27882
27893
27921
27926
27983
28040
28054
28066
28067
28073
28115
28130
28177
28214
28246
28265
28310
28315
28327
28353
28358
28403
28451
28502
28504
28543
28613
28676
28683
28754
28822
28827
28856
28858
28865
28896
28899
28918
28934
28934
29073
29077
29096
29171
29191
29203
29254
29300
29303
29338
29356
29372
29431
29434
29536
29600
29621
29670
29708
29799
29801
29831
29839
29845
29879
29925
30000
30080
30104
30126
30162
30190
30251
30260
30281
30290
30323
30338
30344
30401
30405
30496
30548
30616
30618
30655
30669
30702
30722
30733
30748
30775
30882
30937
30973
30978
30981
31003
31004
31016
31123
31181
31210
31214
31285
31304
31327
31390
31419
31452
31489
31534
31591
31626
31661
31708
31710
31743
31809
31868
31877
31941
31948
31962
31983
31998
32076
32106
32154
32200
32240
32314
32320
32369
32388
32392
32394
32449
32473
32558
32564
32564
32606
32644
32691
32746
32749
32756
32763
32767
