30
34
72
154
160
189
201
222
278
316
330
405
495
517
608
635
706
711
729
756
771
812
845
924
953
1020
1061
1091
1146
1208
1216
1236
1251
1276
1356
1475
1562
1613
1728
1765
1791
1793
1837
1838
1853
1903
1907
1918
1976
2022
2039
2062
2095
2174
2177
2187
2209
2281
2285
2301
2325
2396
2407
2464
2499
2513
2516
2567
2581
2608
2625
2643
2751
2765
2821
2837
2922
2948
2978
3023
3045
3079
3125
3170
3195
3196
3221
3238
3241
3242
3365
3367
3411
3443
3487
3620
3635
3707
3753
3767
3845
3851
3856
3863
3867
3872
3908
3952
3993
4007
4073
4109
4113
4143
4176
4179
4183
4221
4261
4262
4275
4292
4311
4356
4395
4396
4442
4478
4505
4512
4516
4543
4594
4645
4683
4693
4698
4724
4731
4776
4831
4838
4910
4918
5018
5097
5149
5157
5162
5180
5255
5290
5309
5316
5347
5361
5379
5415
5426
5447
5489
5602
5611
5650
5666
5746
5753
5761
5879
5915
5999
6011
6022
6062
6108
6109
6208
6274
6417
6447
6525
6534
6549
6562
6573
6593
6648
6678
6692
6703
6752
6817
6834
6836
6857
6959
6968
6992
7023
7024
7024
7046
7071
7104
7113
7146
7219
7235
7244
7257
7279
7325
7329
7380
7434
7539
7591
7616
7622
7626
7688
7703
7733
7784
7812
7857
7911
7914
7957
7969
7974
8033
8040
8049
8152
8156
8163
8194
8197
8261
8273
8353
8434
8437
8479
8482
8544
8555
8623
8639
8647
8670
8723
8725
8750
8861
8927
8956
9008
9045
9053
9071
9131
9157
9171
9233
9247
9379
9427
9457
9491
9508
9574
9609
9703
9712
9842
10038
10039
10058
10139
10150
10231
10233
10282
10286
10294
10366
10367
10375
10556
10572
10585
10592
10616
10619
10634
10638
10640
10648
10650
10710
10715
10720
10764
10774
10775
10853
10854
10866
10880
10922
10936
10967
10974
11010
11024
11079
11093
11099
11108
11117
11161
11161
11185
11220
11227
11255
11281
11336
11366
11400
11445
11531
11593
11596
11597
11655
11657
11751
11798
11832
11846
11848
11893
11979
11985
12018
12021
12094
12198
12294
12335
12344
12393
12455
12484
12535
12598
12685
12687
12725
12747
12748
12761
12780
12808
12814
13013
13044
13056
13056
13137
13154
13209
13233
13255
13261
13372
13424
13531
13635
13740
13758
13763
13788
13882
13919
13950
13977
14005
14026
14050
14082
14159
14163
14209
14317
14365
14373
14479
14494
14536
14568
14578
14584
14596
14637
14646
14653
14676
14678
14744
14798
14827
14843
14943
14946
14959
14993
15013
15038
15061
15067
15138
15153
15185
15189
15260
15331
15353
15353
15370
15377
15381
15452
15467
15506
15527
15529
15552
15555
15586
15613
15688
15721
15749
15897
15917
15926
15928
15966
15978
16011
16035
16087
16111
16112
16116
16260
16290
16294
16360
16388
16434
16463
16475
16479
16505
16509
16529
16555
16557
16652
16667
16671
16689
16743
16755
16840
16867
16892
16910
16911
16964
17044
17096
17101
17115
17144
17167
17211
17214
17270
17294
17300
17385
17386
17389
17399
17420
17465
17533
17542
17546
17567
17578
17595
17606
17607
17615
17621
17696
17707
17753
17790
17864
17882
17930
17952
17967
17982
17996
18012
18045
18047
18083
18099
18100
18101
18103
18179
18187
18190
18210
18234
18283
18307
18335
18336
18367
18377
18386
18394
18404
18438
18511
18565
18590
18599
18667
18704
18722
18733
18803
18807
18811
18838
18854
18866
18879
18999
19018
19101
19132
19151
19161
19240
19254
19256
19258
19329
19348
19350
19353
19480
19482
19490
19502
19529
19551
19558
19609
19609
19622
19702
19711
19748
19756
19765
19772
19885
19899
19910
19935
19992
20031
20043
20045
20098
20200
20239
20334
20365
20366
20378
20428
20438
20462
20495
20511
20547
20597
20620
20624
20660
20697
20706
20719
20761
20769
20800
20817
20826
20919
20936
21017
21055
21093
21115
21173
21190
21208
21305
21378
21385
21408
21441
21465
21502
21506
21533
21536
21540
21546
21568
21585
21602
21669
21670
21693
21788
21903
21918
21921
21924
21977
22017
22089
22089
22109
22131
22135
22149
22174
22216
22228
22256
22343
22349
22418
22439
22491
22504
22507
22526
22577
22590
22602
22619
22627
22674
22680
22693
22702
22704
22714
22754
22842
22922
22936
22944
22963
22971
22995
23056
23060
23216
23228
23235
23391
23407
23457
23527
23553
23589
23659
23666
23693
23724
23776
23800
23818
23880
23894
23897
23925
23945
23949
23957
23969
23983
23992
23999
24055
24078
24098
24132
24134
24158
24278
24318
24355
24375
24431
24447
24512
24535
24579
24589
24597
24599
24638
24642
24676
24718
24801
24856
24904
24970
25005
25012
25015
25030
25048
25103
25148
25150
25167
25200
25253
25255
25413
25426
25443
25450
25450
25461
25468
25519
25570
25576
25606
25644
25660
25686
25699
25708
25718
25721
25759
25783
25804
25809
25812
25845
25890
25948
25957
26040
26055
26111
26116
26117
26157
26177
26200
26214
26232
26247
26278
26299
26337
26360
26361
26366
26377
26405
26443
26481
26565
26587
26599
26693
26746
26827
26853
26886
26949
26963
26968
27005
27036
27053
27073
27200
27282
27306
27324
27325
27329
27354
27373
27408
27472
27532
27536
27594
27611
27701
27749
27788
27857
27895
27946
27983
28002
28013
28068
28100
28104
28123
28216
28276
28304
28335
28342
28363
28464
28473
28488
28527
28531
28593
28597
28608
28614
28630
28686
28707
28720
28753
28753
28806
28854
28872
28876
28894
28988
28994
28998
29026
29039
29078
29091
29128
29162
29188
29241
29264
29299
29386
29461
29464
29473
29511
29524
29553
29568
29574
29585
29610
29615
29628
29633
29735
29781
29797
29848
29868
29886
29890
29893
29894
29969
29987
30021
30196
30216
30244
30273
30290
30337
30380
30403
30413
30414
30430
30525
30539
30559
30590
30594
30601
30650
30673
30711
30775
30784
30875
30888
30912
30946
30960
30992
31043
31076
31124
31134
31161
31164
31269
31293
31295
31300
31316
31396
31431
31474
31503
31553
31561
31578
31595
31617
31634
31644
31726
31729
31732
31741
31829
31840
31847
31851
31866
31935
31950
31973
31996
32006
32042
32060
32067
32104
32141
32254
32262
32365
32435
32480
32508
32521
32526
32559
32671
32715
32721
32724
