6640
17107
14174
27197
9618
8099
7635
12782
13302
27539
9523
28937
25036
29974
9533
30798
9073
25810
8758
14648
29912
3359
27833
30681
7223
13630
29249
15988
27505
23641
2679
28376
11334
12351
19772
3455
9021
13276
15734
8810
21837
20857
21659
19386
31822
21689
15103
24078
22050
2127
14557
11936
15010
29568
11303
25374
9290
29532
3854
25418
6053
11196
23376
18512
5495
3066
22084
26091
940
25459
4518
18742
14595
16830
11555
18770
6010
7849
9379
1469
24952
1527
14170
28269
13757
17116
13198
12720
24074
18228
13094
11203
23695
19079
5366
13364
25625
23742
16076
25848
9976
26785
29754
14155
10417
25112
20001
4683
32360
7198
7938
10067
10764
644
20484
14360
31808
13163
709
8838
10508
13439
993
20056
31560
16372
23107
22649
21188
25921
32558
6174
22840
31135
2826
22944
6639
5184
25327
27418
26674
4688
13043
22215
16501
24236
16691
26392
4164
31077
26020
20632
4331
31475
12951
7552
8424
3897
6669
14105
18449
9276
7104
10454
21125
18595
18414
31021
11860
30190
8932
13369
30702
17014
13646
1041
24908
14121
21824
29414
24544
17665
29699
13022
19773
5705
31904
1972
26246
14223
3886
11788
22168
21608
9436
23703
14071
998
26814
15083
13177
24794
20824
27167
15541
27082
18155
31530
29993
25777
25217
28409
17709
17017
4538
7250
16795
15929
11093
5995
20795
13358
16510
30537
15601
27771
14042
5338
5798
21921
30547
8145
8950
27324
15779
9541
12702
16771
21666
25609
4259
31741
19280
2761
1603
6660
28322
15337
32157
26235
5133
29469
21023
31822
211
10440
26035
7982
31248
20246
28073
25610
18819
1240
8803
25932
17181
6690
15810
32472
5964
17062
29780
19909
32260
4559
21818
28633
1682
7325
15578
16071
6176
23875
17994
807
28423
13442
26487
23353
8920
9412
9241
20826
296
8951
855
24130
18719
6447
13369
21251
5055
30458
3281
26305
29941
27522
20521
25650
8546
9574
26347
13013
9446
13397
30419
14321
30192
26734
1237
19284
29064
19291
3597
15305
3097
3879
17259
8022
17152
3811
21531
27450
6869
15613
29365
4009
13948
7003
297
4933
21226
6458
3944
27228
13239
29386
6355
1508
19560
28293
11364
22071
12922
5203
27551
15759
9262
14943
3126
11839
12312
951
18559
28855
18789
11430
27286
19765
21743
16593
24146
5452
31490
5908
30184
18710
18924
12058
19809
21560
30023
19646
30909
7834
15877
27941
26853
27875
20288
29080
13138
19639
7103
7202
10366
2224
2119
14829
25869
24605
28328
5981
18875
32381
17795
6633
1541
28346
30940
7102
8599
1573
16227
25874
12408
821
30850
24392
7671
23551
24357
24009
14933
30837
7501
6300
30511
21598
3156
13515
32434
17689
11774
30326
4477
24337
10819
30900
22356
14079
24031
1837
3723
31459
17813
30072
17965
7872
21063
4149
3823
6426
29111
1002
20183
27440
22555
21918
9132
28922
22114
18743
28
13537
18761
20884
28592
17216
27932
26218
11632
14751
8781
23519
31061
3497
28342
6120
22643
18419
18350
16739
11235
11884
28877
17652
19057
6818
31615
19360
2315
30650
13131
32554
24036
9260
737
14384
2667
13123
7653
29189
30703
19024
31614
8270
13071
5553
28061
16987
12771
4485
24846
20555
20715
8748
4672
24030
12987
14465
17107
3864
28260
32215
15334
15003
14498
17332
10526
21954
29639
13136
6263
1661
21098
30923
10954
30447
30926
26162
16674
18121
18708
18992
12991
13924
17953
30356
22502
26529
14669
12934
30062
20609
1745
5257
21771
15235
23789
48
5721
29121
10716
17312
1192
27337
1144
4297
32138
7740
29613
20067
13341
21289
16543
31914
23833
2343
16283
10714
3992
22324
15295
12906
26281
23632
29032
18696
12179
7641
17246
599
12521
28581
5825
24683
22098
16865
435
6656
19733
28844
14531
6526
23911
29043
26396
28589
3188
31242
23922
13880
21295
32143
17320
7651
30170
6911
14657
9356
18516
22933
4237
12003
27430
20199
4239
488
19788
2750
27057
22569
32451
25784
18727
3769
8150
1951
14115
9711
31017
22152
11197
4580
2178
1964
1696
5802
3675
4358
21878
11341
26664
17072
5393
9866
17256
11006
22878
7249
30062
8279
2058
19196
1004
3287
4593
29005
10820
22438
22347
24106
26511
2071
8853
12055
24937
32384
26177
31351
10115
24284
10525
24962
9190
2337
19843
17925
17416
15202
8006
8157
9872
14757
21591
11825
23017
6018
27707
115
30600
32640
6701
4884
10238
5167
9746
31754
23485
18181
28705
25346
17578
16633
847
16741
23654
14561
25211
9741
860
21388
31838
30916
1162
27039
29232
31104
2576
20272
7451
30561
20091
31012
32353
31590
5838
7241
1612
25331
16724
8754
24025
9731
29992
4054
7971
17709
16000
14823
10385
7000
9150
25332
30399
3901
32565
7998
12589
24737
10683
6746
21930
3408
16883
6794
11902
2520
7255
24028
32602
18955
10248
11520
5376
21810
21589
16362
9138
25105
17165
20524
8284
13983
21381
29969
128
18306
21096
9593
3301
21324
23105
31607
13055
30072
12489
5547
285
27939
11506
12896
14677
5002
29104
24678
10031
15943
2442
25006
9236
2379
12004
7079
30325
17562
19721
12635
30651
457
1531
9032
11505
32057
18682
4351
15923
24337
17878
30847
30934
4093
18677
3919
18517
7592
19492
4445
20990
27386
18462
8601
8032
10257
4828
6225
883
19969
22178
23371
9862
6732
28102
7076
25833
17952
12095
5483
27742
30035
30705
11516
17472
6431
31930
1566
11377
17053
12604
28892
32517
8450
20329
18468
176
10141
19408
7713
19440
6028
17065
21080
17145
26945
10657
28036
13413
20921
21094
24370
7832
24438
2546
31004
15860
27457
24728
17479
20930
22689
26320
3035
17371
25113
27331
14790
7962
27941
661
24847
129
8691
28532
4602
28462
17122
9573
21473
18172
32699
969
24781
8696
16561
2738
32471
27786
9498
6376
4929
4191
12779
32441
19283
25113
27638
29060
30455
15798
23010
11268
28948
32193
10734
18269
12714
14651
30565
6376
26034
29766
27616
8383
10419
12183
14398
21767
15396
665
8548
22016
22661
11362
7349
22222
29756
18263
14416
18181
7216
2973
19212
2294
14887
19526
10293
16571
25824
6968
21251
2052
5616
16349
28126
4768
24925
27789
24916
4043
2812
24251
30422
21562
5514
21985
25398
6375
10125
3372
31969
23196
25064
9191
6620
9794
1089
8361
20863
24039
31507
31551
7668
17040
13202
22871
6511
20164
20802
27121
21291
11733
8533
2949
30760
23533
26569
10485
19365
15068
25150
31025
11103
10147
7320
3500
7048
23744
29529
23426
5766
11575
24507
11110
7280
25701
27024
7245
15945
22148
23258
9436
8442
28157
4394
16274
13329
16753
2233
11701
6204
32389
32072
31998
29059
13681
15543
15363
8521
20808
1895
2408
9217
18693
6737
27077
3759
21849
16099
4182
26661
14135
31902
1638
23035
23323
18545
23928
30027
25886
19923
22586
1841
29115
11682
13866
14598
5983
20158
3589
30807
29874
7268
25332
25255
22440
20044
24694
12521
18758
5762
26892
24252
2612
20742
25510
2404
19464
4386
29648
17036
13132
10381
2204
21182
28245
1092
28238
10142
27843
31524
20170
27114
983
27208
19646
30514
2936
15141
9615
15190
16387
12134
1541
9668
29910
3720
32181
13934
25498
4406
15666
24206
9300
9826
2802
12569
6699
28199
6914
7940
24823
1634
13674
15161
1933
1290
22366
16984
8909
15443
15145
25134
1384
9351
29401
31990
10354
1951
427
25682
4267
19108
8245
18439
15501
28872
5974
21627
26389
13379
24029
15600
11090
20718
25852
11646
21678
23714
16235
24786
26623
18767
3931
21929
12621
27867
26401
24586
25185
10944
2207
4678
3602
7012
12146
14768
3151
19767
20957
27421
4843
31631
1144
23322
3884
22339
27800
32240
3089
15625
28029
11096
12647
30096
31807
16894
10122
23388
18037
1720
27644
613
6058
15235
25255
15727
10625
10818
12274
7464
19106
7989
10118
17667
2155
3898
23517
12759
18264
26055
6799
20022
30254
13987
24924
28814
18410
20327
6136
7938
8301
25784
6810
13574
8164
22337
24899
18109
30969
19571
20430
24082
32187
5884
31420
28056
3918
11016
27837
5410
23634
6714
14590
5154
6676
21353
26166
1474
9335
8731
32366
17092
12448
10690
20371
1306
32357
22712
10428
10564
13427
3836
8252
10605
21313
29866
11879
11845
27320
15420
10533
20893
32415
19587
27704
28356
17864
3683
14925
7331
12284
23121
8900
11674
24231
16782
30783
20761
31812
12064
9196
13055
7815
7317
24979
13491
8012
22135
12382
7171
6210
3214
1132
21439
27990
10712
1300
6676
4578
12361
25593
14506
29842
5187
6354
8829
15898
21459
3574
4988
20122
17841
2474
3555
9676
23542
24619
20825
8691
22171
14970
10185
16771
8629
32234
9216
21393
23411
8298
11787
17145
15827
30099
31054
26705
26663
16496
16484
3729
17483
5649
25274
5758
931
23758
16363
25819
28631
29788
27865
1871
2894
21137
7823
15381
15723
8439
26329
18533
1674
10002
7841
18854
30649
3441
6664
27984
27190
17783
584
15267
12973
8679
29004
24841
19502
27697
11020
8780
14064
638
4266
26488
1736
19069
10574
2446
23911
1259
23746
20205
19542
19941
15308
17024
23219
21997
29263
20904
10921
8126
16160
23784
31408
20175
3497
10067
32394
21161
3392
20662
19449
31465
25157
18053
22336
16404
19710
22406
15200
19743
25138
22079
18959
5561
12679
30241
8056
1374
30107
20337
13750
4892
10725
13818
13326
17956
8778
20084
30190
30480
127
3762
1449
23030
8993
5263
1776
7472
27285
32663
19728
10473
28577
14708
6382
19304
1991
22815
15042
24092
13157
3266
5014
12140
20878
13935
12925
15675
13734
10115
2452
3133
31424
9944
30394
10236
12471
11694
7183
6057
16142
1879
17453
21411
6536
16292
20009
1993
8838
3090
23880
11904
22309
7092
18561
20611
8468
31200
1463
30061
27190
28569
3251
4360
19963
4032
28131
31059
1150
23033
6356
12629
25438
8286
3697
5284
4190
7142
31481
12212
16828
23444
29633
20705
10322
31327
21679
7738
24429
18404
31090
15379
32368
20430
20098
20553
10281
27649
30171
28243
13295
19849
31609
14350
19584
10310
21906
16197
8348
27987
11414
29697
352
16443
9959
11158
2660
4827
13400
3178
12180
5141
5479
27268
19663
23865
6714
24792
4929
2612
21852
13141
28800
10358
15924
17834
19305
10405
32585
13020
12985
16131
27704
20873
22890
24223
23408
12537
31956
15167
24500
23274
4223
32265
7502
26136
19401
6387
14100
9614
30012
25840
3868
175
1964
30424
22334
16387
3347
22291
11598
23235
19245
2061
16150
4387
7635
1882
12822
24418
6937
13732
19195
5522
23846
20824
4319
8231
3542
28692
26694
19778
4113
8911
25044
6843
25321
12486
14544
22768
6774
5418
15705
11857
2673
11147
9834
18343
32403
14082
1935
16679
7339
12321
26212
5178
19586
1435
11219
5642
16750
15284
27913
21196
440
5735
18493
20944
1967
14937
20768
3658
22665
28800
18722
12510
11517
30866
8043
21997
1952
5680
29844
27810
21763
17615
7721
31418
29066
15978
26080
20759
12555
16618
150
32004
17450
15952
30989
582
6007
25512
2663
10727
2116
8878
9825
29122
2887
10813
9041
26829
8437
31099
19934
1065
13209
31174
23169
14571
15158
19293
29374
26280
17186
12495
23075
24259
11615
17700
26365
5238
20408
26828
19165
16801
18080
4427
26318
3157
6602
26530
10067
31008
3719
24956
9251
13846
17380
16670
32675
2724
29823
10251
16935
30740
31277
10362
11497
22239
28494
377
16581
31926
2538
29149
29882
14159
3220
19952
22561
10224
26875
17370
7339
19388
28752
31435
17436
15552
11612
30958
28105
30653
17501
31757
32722
12979
29860
12548
10272
4146
6127
30183
28957
15200
15239
4851
26166
14537
12057
5685
1042
30698
9557
15868
28815
29051
16968
7680
13953
24192
13178
27471
297
21518
11719
6907
4983
20446
27901
16261
30464
403
4411
20744
7869
23755
30212
19493
31113
16359
24358
21426
12377
15259
5965
16673
3128
18228
23654
20402
16394
28076
13749
20057
4605
16239
4021
1133
8398
5355
14771
13589
16577
28122
8489
28018
11357
31055
26331
2444
1259
4738
10675
7166
24237
15963
9053
9313
21727
30143
29346
16506
24943
18590
12165
17443
29819
9657
9504
25594
1934
21300
19771
24267
10394
25567
27057
20926
14517
13636
22403
9024
23188
17008
30649
12466
19656
22402
18941
10964
11194
29173
5365
19696
22375
22957
14435
23238
30940
16067
1279
4410
25457
26640
13840
30144
19909
15995
26828
12419
7805
16643
11637
23896
18619
11659
3632
32614
29792
27241
10147
913
28162
31916
12118
32171
6828
5937
967
3162
27480
3685
8778
4039
3117
15575
7847
7947
19321
9349
30834
26714
29805
22754
27176
26605
6554
32170
3598
8625
2863
26214
29898
18865
29935
8894
2494
1860
24565
898
24872
16118
5160
25719
19450
3895
5500
18145
19834
27590
14573
2261
20122
987
3388
17723
11029
24343
4968
10405
29774
23852
747
18131
1512
1100
5562
15618
18468
19027
6138
11513
15358
17587
14210
23761
11527
27427
20244
1927
9473
22791
10587
10819
32060
14750
30628
23141
10675
19181
30812
28757
6629
9071
2382
4871
19317
9849
8601
28752
27265
21359
28530
11756
7106
23465
5535
24395
19560
11042
17582
3104
9139
20454
11257
5031
29265
27706
32347
30904
15227
8072
1712
25232
13261
4625
2062
24155
20969
3921
26053
11649
19660
23345
20247
11445
9195
11759
27319
8126
3349
718
15875
28163
25608
9597
19457
7129
30672
10824
10267
3213
20963
15616
30874
22832
21246
29355
9444
18469
16830
2540
11125
12651
9981
17969
23455
23467
5106
20894
28418
7681
11783
20925
16073
21130
7289
6882
4265
26034
13234
11871
14234
3643
31334
28525
1108
31244
25711
15061
16776
31679
24425
19809
14307
1256
3341
9478
30148
31014
18254
18638
22199
9708
18997
9095
1721
27405
8061
23854
32043
24585
10222
24344
11154
537
24186
28390
23572
14076
12569
3110
31666
12416
2916
31945
19526
31951
28403
13385
14908
20351
13688
407
21008
20311
22680
12229
4491
29922
23437
1400
4285
17846
12924
20235
16057
30849
17303
24452
11795
19928
24050
13367
11546
10688
16934
10044
9686
14840
6312
23698
448
13580
29159
22032
3396
32283
11303
23055
5879
14691
23328
6361
18072
7569
3413
15568
26568
3530
2870
20830
9353
18553
27637
11424
27512
14039
7208
18386
32202
10555
12835
12921
24840
3111
11283
3154
12426
25102
29659
12797
2741
3559
17582
2153
5620
14962
20081
4862
22903
27213
13006
16525
26030
31926
14360
6905
2180
13085
19937
17826
2396
881
16221
30357
10444
17191
12149
22132
24604
30474
15019
29478
7293
21446
23216
12607
29193
15154
26567
26670
639
16992
21463
5417
5050
3174
31571
20697
4598
1515
10186
29637
31171
19825
8269
5503
26053
21604
25476
21136
15409
1254
26511
1315
14343
30808
31646
23669
18959
2728
10063
32504
3478
22109
9163
9034
19685
25956
19102
19417
20870
8856
5722
4434
31798
22546
4331
10190
24745
17974
19385
2748
24832
8058
15744
31628
1290
29941
8687
16160
2366
24492
14082
17907
24949
29339
29727
11015
11111
16773
5875
13712
19692
2171
8714
18786
14830
16431
10544
29211
7729
10998
1931
29968
26306
9886
23413
5625
26432
20214
25627
31323
5838
15638
7383
22457
8403
28530
12877
22649
17784
9890
11591
25496
17887
17135
28497
13069
22564
28317
23828
25854
24340
8443
21107
29605
25008
17963
15463
16385
32352
6065
29851
6972
22007
29118
15046
31455
10858
12602
26572
17336
11600
26260
13972
22407
14873
26953
16039
20843
30734
6197
31886
7439
8204
21149
1000
21652
25088
30200
14157
4412
9761
27776
8678
6876
9713
6269
20168
8704
6385
10316
14869
28891
28967
7986
14289
16117
25424
7907
27781
5011
14053
15824
13206
25317
6608
30260
3938
20978
29675
31197
32544
19780
30269
30394
22132
24147
25075
6185
29397
27570
17184
20735
27295
20475
6964
14932
4599
29564
14142
4883
29027
21662
11745
11333
2597
11033
16664
19992
1114
4570
8105
25010
8919
25519
17002
27576
6335
14008
24887
9116
7396
8846
15279
13226
22243
15664
12721
28114
510
31410
26521
307
25015
23460
29242
31852
25650
5699
18075
10401
3656
9826
26994
2383
3434
28694
6754
3280
2876
24868
30451
14765
7917
15659
20821
25767
30808
145
14036
15236
8412
1583
25115
12442
28156
23484
5417
4893
437
28922
5907
24616
29859
3490
20862
6284
1490
14864
18907
10076
27749
1711
29281
9525
9961
24098
3788
1102
25718
20024
10455
28995
25483
29581
20602
29857
25255
29695
9187
8496
32423
13271
23350
23300
6883
12724
21509
834
12039
13623
22670
5299
5809
15472
7863
32010
16079
21515
15050
16117
19638
17978
496
10470
6915
19554
6255
11422
10290
12165
10147
9086
21248
882
30654
2957
128
26798
26943
2376
2047
289
2611
14893
153
896
17199
9222
19608
6526
22537
19702
32400
29874
14425
18500
29755
17990
23474
17387
17173
1381
9632
25309
21175
12386
3425
28699
16628
29865
1380
13942
27573
26982
24195
2338
15508
18679
8959
18688
4667
21778
9535
29352
25467
20918
15944
312
30763
17107
30715
12766
21447
22712
7954
29735
11716
14144
30937
4870
5044
956
6316
25252
4382
26015
4404
32491
31003
26092
32096
26320
11697
22880
7461
99
239
16735
502
20887
3020
20383
1794
31186
5824
30870
4401
14387
28704
16548
21212
2727
19514
12289
3918
12715
2868
6500
6655
9438
165
8056
3466
17486
6384
9472
30324
21119
30821
5060
28059
826
28694
9795
24191
11036
25721
8215
30004
23514
450
8486
28707
31061
23038
32653
20868
4961
18671
21581
11420
4181
14763
9907
2742
29778
10739
25225
9186
20820
1876
1279
26480
11258
16895
11350
4138
24853
12649
30290
16469
22514
9891
22877
24934
3432
18550
25723
17285
17312
5446
4593
14530
25255
9892
6325
10266
21941
4784
26772
21544
28987
1844
15654
20907
11694
31362
29554
27067
17174
3593
3680
25546
29013
32442
5602
29533
312
16157
15585
17800
19007
5937
31209
27179
18732
26120
32405
5359
4942
24863
14777
29182
12938
28030
20561
2693
13870
28308
14636
29930
1141
9936
26456
19661
14554
1535
12108
11968
6941
361
21208
13255
31510
20905
24525
10382
32061
12880
19820
31853
9205
32569
1167
9244
8603
19370
16025
27701
16210
20271
26399
30575
25740
17463
27731
25748
2905
5227
10805
22599
11632
28370
23672
26232
30206
9126
17205
6051
17456
25075
26193
1483
19074
13045
9135
19770
22213
20271
29718
19701
3827
10571
4833
29441
11955
19125
29801
4185
4522
24053
14131
28842
5767
720
31704
12756
9933
18462
20408
5921
28511
26474
5726
21571
5581
7756
7601
3088
30305
16773
18656
32508
14055
26079
32267
9562
14912
15042
17074
12626
16550
29334
13022
13473
16572
21724
16145
26132
17757
22028
23790
17090
23585
20780
5801
1804
24751
16181
9517
15189
12485
2085
270
20610
5384
18915
5685
2096
27276
12503
1605
9400
22819
15941
9679
7396
8806
6254
8251
20334
21893
16485
28273
29244
29646
18866
3146
14686
20990
28584
6330
29123
16971
9350
19641
3007
21293
30288
29942
20797
12016
25963
23099
17347
26619
2299
17566
24107
15838
7421
1389
13851
10013
22051
13271
14665
11198
6003
2138
624
23700
26014
753
529
29514
13345
18425
30442
26414
26653
24551
29239
707
11511
17836
25515
17925
30383
28643
26925
8570
19969
16576
24147
22013
16958
2233
26527
1354
7399
2033
30076
16200
13070
6761
31478
6170
28781
31462
21565
4836
30787
18592
6360
27997
30706
15279
21928
6169
1882
13365
27300
26516
13043
4172
2126
18942
2989
29870
2296
3528
22663
29735
8632
1267
17905
16827
10028
4371
12002
22935
25070
25637
23481
19640
11990
534
21205
7005
26354
20239
5875
18990
19270
13954
28490
7721
28740
14070
5480
11088
25866
24210
25803
8724
4702
1131
26686
1919
3434
19085
24825
17444
23095
13515
9080
13768
23018
24647
26135
12238
24769
10176
23922
5731
12237
16542
17023
110
20077
7359
7784
3125
32654
7423
30761
21199
20132
24714
16366
9805
28775
15585
5162
1703
29518
10925
15479
31080
31692
13127
30257
12313
2125
11011
28368
10607
30959
17472
2057
14643
22273
18224
16804
8949
6204
31336
25884
13168
22979
2086
20216
1212
20188
27750
29164
22838
24428
14243
28590
14639
12852
12909
25497
16215
7886
11696
15109
16360
17253
3006
14177
13970
14903
20001
30229
10025
10956
13347
6681
23825
13044
13849
29525
13669
25474
26996
16311
24554
19657
6534
25110
17079
22234
8467
10954
27808
24956
20639
3591
16999
26600
28018
25598
21153
9289
5483
3762
31849
28406
5002
8602
21704
21869
28987
26364
30432
9487
20579
24324
10971
26014
23084
5287
3989
32630
20113
25658
13067
2446
168
4048
17795
31534
19378
15704
21369
15726
19684
14963
12877
22642
28147
8727
2990
14439
3170
16357
13252
17980
18827
19786
13856
20513
20335
25687
17764
32192
5693
17505
31154
19518
30372
17496
2517
19952
5336
3816
27442
10717
28774
1105
1132
5880
9400
24071
24282
20250
9832
28681
682
13761
2373
9217
27090
11915
6950
2593
13754
24432
24433
7096
5034
23234
14185
2966
31733
27878
17212
16421
14307
2512
18376
21316
23136
5696
9521
13282
5989
2238
10787
17759
9770
7766
20456
6306
6664
7956
11049
6906
24112
28222
7555
22198
16398
25172
5073
8579
13435
8392
23860
21640
17317
31101
26338
27203
18366
32258
26804
7713
27239
20619
20077
27104
3291
26291
27083
31909
1756
15348
14672
2012
26717
12258
20429
32211
10740
3114
10419
7702
30718
28238
29977
27528
1167
4382
11661
26694
3105
12789
29851
13115
30968
3513
5662
25475
20822
12688
12105
15745
23652
7011
19315
7615
10715
26131
423
13704
26741
32126
24295
30023
14103
5680
10564
16542
23739
25833
18335
18502
4895
20947
23100
9641
20527
9088
20492
5185
14899
23973
1207
25774
12984
20376
13163
1434
9280
3723
19047
15949
32425
22406
27462
30479
3677
5414
9228
11073
6719
1303
11506
24890
29777
14674
14065
17378
26917
28951
5904
14865
14857
1450
23150
6053
3570
26317
3855
17509
1316
25344
19814
29849
23463
14203
20134
20325
18026
9192
7113
7913
30515
32225
8541
26138
29518
44
13329
30815
10482
20920
20995
28395
28529
86
11463
6109
24104
27449
18487
15129
9761
22828
14845
20708
23176
13973
21985
1602
21460
14125
21203
11023
6577
22397
13496
26080
32687
31255
1781
18839
24749
7322
13244
10440
9475
24675
1049
17103
32626
25363
5307
9901
3277
8901
19331
26535
16996
27148
6606
32669
22323
32687
6019
31531
5071
5668
17115
19329
13580
14029
28915
23042
19823
9460
15123
14751
20823
29832
29884
4594
14826
20629
30323
8218
27328
11653
18768
26969
18002
25368
32581
31599
7457
27173
17455
22196
25510
14862
29599
24055
23293
516
16229
26649
6224
14848
13024
20329
5892
18300
7944
6846
16806
12789
15160
7255
7572
8994
1724
8819
1387
12017
14111
5551
7732
8006
16177
8482
29517
16243
15066
16441
25881
25461
19362
20052
22119
9972
12796
29725
17571
8185
12118
3756
14015
365
31969
27741
11999
26965
25376
31596
2759
22223
15922
18005
32517
972
31456
23021
6365
7819
22630
28992
29433
7897
31490
810
2253
13066
6973
3508
21708
181
24060
15156
9548
13619
8518
15651
21561
8662
18899
30908
19837
24554
23896
24922
4139
14445
30100
7311
5742
19341
22554
19459
20532
13286
16093
6419
7322
8568
7549
24101
28182
10346
28500
2509
1382
16256
23103
6049
28476
10845
12844
15068
12454
19322
10600
5813
20031
6626
14758
8317
6680
14003
4558
1915
29796
24149
5260
16007
27365
12663
13203
873
25370
4558
13237
32751
15141
3725
9636
24784
3454
7331
8069
32324
858
5815
826
29279
25049
16612
23916
14641
15858
19508
10587
13983
798
5598
1381
15872
14535
7743
9304
30583
12911
29594
1911
16147
5793
3216
19790
22951
26776
20061
8502
7018
176
15064
6054
23631
8080
553
832
22051
2069
29767
3735
18536
19453
3641
9922
32243
14168
7944
674
4167
1711
16518
21234
1200
21489
8130
26387
7967
26145
20806
21141
1737
20418
11543
24453
6270
2046
28266
22905
713
27288
4902
32092
1997
19095
14110
6650
218
944
26378
11595
32722
13936
10058
2687
10814
6958
10843
21709
10799
6067
29461
23292
20694
933
24234
8110
18147
18360
21087
6767
26270
17301
2312
32129
7110
9862
15428
3173
25901
9958
9597
20265
21519
17482
4766
11893
9526
111
2707
17491
20432
15075
15746
28097
9740
7028
15563
26872
25462
14169
14016
3195
17688
23841
12836
25310
1868
13151
1381
14171
25954
5651
1433
24342
30455
24279
10554
19244
1808
974
6818
12158
16633
14668
30277
19006
20192
581
12464
6206
17968
23415
24645
499
32175
27991
26291
19788
10582
28861
13880
24629
22516
12878
11926
8169
11905
24749
19926
30972
32067
4449
12480
23588
2723
10372
7957
15307
12236
3889
8083
22101
8969
25771
20390
22833
3035
5709
31470
10401
15581
2614
11892
22602
12120
18608
17324
8315
7334
20581
7978
23613
20807
320
7972
23583
5573
18980
30124
6590
18760
1360
27306
6166
2551
12173
16795
31884
1813
26140
16139
11447
22744
22371
2515
31986
31241
4689
25619
15266
16221
24726
30702
9544
26773
6021
13320
3397
10071
3012
29633
18288
14282
5049
28462
7770
26357
17588
11995
25180
8917
22236
32579
23909
28736
23515
8204
14213
25212
13385
11011
6200
28830
28633
28378
4211
17572
1094
14755
6512
24658
1787
20235
13370
13261
21893
1623
30200
504
22713
19488
3321
11922
20133
974
2691
21004
18231
1238
32091
12075
16303
12211
10516
26210
2246
22181
26136
749
25499
30252
30328
15789
354
31043
23411
4551
20939
1373
30664
32507
19508
2593
2747
5572
8078
4324
20457
10548
29967
2026
20429
17038
12700
1373
11534
12961
25077
15881
31374
23783
15774
11229
26163
6241
27793
8226
17523
16944
31653
15736
18594
24051
11196
5525
30203
24548
1967
26301
5488
31921
27899
13569
15409
6940
29480
15159
12030
17233
24061
28605
11821
10250
1637
6381
30331
9573
26143
11614
658
20864
12841
31712
22878
31450
12266
22326
29968
12393
12578
16785
3822
12155
25234
21457
23521
21325
22890
23675
1469
25197
2935
29304
27982
21967
7689
30611
294
30130
14245
18096
13609
26672
16496
2509
26325
3496
15702
29626
14930
18124
12797
22936
15421
137
13677
26643
21556
8602
9595
28767
21537
13802
9466
2292
12359
29614
20641
32264
11278
30271
22203
19920
1935
19128
23953
11383
31197
10835
25751
19419
1049
32388
3161
25354
26932
2771
28963
12671
22147
22650
1139
31260
2308
16322
4384
12775
31602
11038
22086
24197
26890
28676
25848
24695
12571
22927
11429
9494
26448
16598
25158
31823
7358
20234
11853
3615
11692
17745
19790
11213
8228
26214
3946
30955
24381
24045
25215
10250
24358
16791
21264
18240
30195
2042
12278
22619
29991
4397
15556
12514
20485
7463
7931
24015
23191
19413
29170
1807
28027
765
11652
3765
31345
21973
19319
26626
23972
19042
22447
25109
30651
6290
22295
25202
23711
16152
12618
19253
8971
2571
2309
2322
8405
26430
12110
1300
8190
9309
7520
30225
22651
29388
8541
19951
15040
19775
10674
16026
22290
6937
23369
4801
28042
11654
24178
22099
29416
29271
3727
2748
5661
30880
30849
25312
4758
8979
21462
17108
23370
9243
25263
32607
27266
8120
25715
6451
17003
3869
1845
28651
27229
16907
997
10436
29929
6635
20794
17691
23205
23214
6491
9386
13751
11621
24144
28546
10786
12447
31020
9160
1747
12934
24566
17199
27498
28857
24156
23609
32458
31207
11542
27437
607
3375
5147
20183
20018
4922
903
19714
430
3350
20295
25270
29999
5329
31114
23602
14416
19418
14311
28840
10481
21271
8014
23995
28426
10437
8880
16057
26931
2068
20590
7064
21999
9854
31363
27570
17852
27371
13680
2112
8667
31366
23019
19096
21471
14173
30022
21030
23032
3259
21664
11820
21501
9541
5839
26425
21819
26327
28937
9322
1792
20508
4693
26724
26597
5103
20916
8717
13279
3701
4878
3341
16645
28663
3806
7687
23838
14720
26781
30359
30706
26426
16367
7436
9805
25737
10384
29666
18899
9700
13565
11526
27015
1144
32738
13513
1818
14203
24646
20640
31987
1872
13433
28065
12546
5727
28601
23229
10309
23474
22182
27326
18199
11088
5740
14847
19003
26714
8874
5103
17580
15591
1573
13380
11810
29599
4654
24574
20068
20249
6355
4642
4433
31477
7624
14387
4012
29369
10771
14961
22698
31340
11899
19409
18493
1268
8366
15807
30238
9264
16181
21398
2461
24277
10264
20955
32296
2057
11856
17725
9373
29889
6641
15693
27983
10971
16148
30461
18138
26107
6022
13018
7591
3622
19250
13065
18494
31775
21326
7427
27727
10116
9288
15120
10366
6824
2671
22917
3826
18479
9570
15293
15516
7788
11833
25816
6471
29819
29813
12342
3172
11549
15784
30129
12947
11094
29667
13726
24561
29896
20196
2179
31524
7630
25596
20117
32039
23384
18626
23288
8662
22153
13434
5813
5433
7698
19522
22394
10640
20812
1538
26133
25123
24856
19985
28847
24262
630
23464
25800
29742
12008
24583
27894
31991
20101
31849
3677
12145
26588
10921
8685
1070
29070
1200
9567
31052
8617
5798
8173
16003
22214
10196
5844
5613
30435
9819
19850
30104
24574
8599
19903
13773
18038
32592
29462
22559
7457
22438
30368
13106
25388
9147
13852
3921
29622
11038
13041
32685
13100
23546
1255
1142
13922
31235
15529
16796
16246
20508
29179
22114
11365
20680
31163
8615
13162
20823
32665
32500
2330
19405
32662
18500
19521
21393
23358
10391
21370
10458
1700
2869
14480
5849
2338
13251
15768
2214
19917
19207
26570
237
32699
27770
27684
24661
28148
147
18877
9907
13113
28622
11754
6899
7543
31358
32274
1474
4361
16728
9041
27389
25521
19131
29647
28121
27476
4288
21983
19415
15481
25606
30935
6757
21632
12090
16306
13140
11170
26473
14694
31742
27308
13573
17158
29491
16507
8633
12184
12776
4918
22252
4532
19102
2382
14615
737
13203
9783
27591
1199
10155
30435
2673
22420
10781
2563
8697
25479
6366
12284
14081
3678
31181
16043
25842
7144
28323
21721
25035
29642
31641
22909
29356
26906
3286
12980
7457
24509
26271
28801
8496
27521
27709
26436
2081
17657
27053
30204
21520
12316
19466
29756
7219
12444
29883
1006
8684
10248
4956
17099
10894
14752
12909
6038
10735
4092
25277
5915
2482
24667
12692
15595
6481
18380
21923
29652
29420
24063
16044
10787
24789
6632
29681
28057
4056
25625
27998
19245
6731
29404
21366
28295
14296
19475
20990
15673
7693
2257
26986
27067
23968
14004
27403
14893
18563
29448
3062
32459
11436
7069
15028
29743
28578
12644
9131
3402
22214
18636
4175
24865
2151
9183
3336
14407
4483
21019
482
30238
31838
29201
10743
22988
17349
28863
5532
21247
12063
25262
9038
26209
25400
21196
7002
24026
13261
8967
23120
16521
471
23214
13861
20096
12952
32391
2603
31809
2919
20143
5553
10748
32314
1589
6521
4742
13048
30837
24542
11801
22908
10294
7106
1230
4201
13443
19001
11483
27824
14154
759
28812
28130
29110
25466
22531
27446
25164
246
4783
17754
8391
3333
31885
26874
7092
6411
15137
28177
5069
9322
11827
24562
28951
24939
12362
31253
19898
23783
25322
26018
21156
29881
652
17343
16860
18660
32353
4250
19110
4995
20423
11061
860
4980
19848
3573
9479
30147
30421
1000
25792
27096
29189
26329
1737
19553
15117
12822
1898
5373
15806
30204
30093
29357
22466
30791
23321
17147
32340
3355
20238
20456
962
29905
3429
151
14500
19075
12453
26810
25818
20310
26949
25280
21575
7818
20165
8379
29519
5699
9867
24595
14097
276
15486
11245
19812
19536
10596
23129
20627
22289
8956
12349
31449
9733
12763
22533
5531
2044
26887
5896
8295
30514
31573
28089
27568
17244
19074
3730
9031
20596
19476
22464
1177
30276
24558
15247
15531
19636
29878
17300
10710
28884
5607
6812
32066
3753
16309
18775
30755
15288
5284
4548
16566
28244
20710
5468
2810
7590
6009
12798
4399
22145
29949
16797
6160
20707
13398
10411
31439
21066
24838
24388
31444
26813
4935
24859
20278
19093
25067
12325
12277
26384
5620
22023
22782
29588
31731
4160
16604
451
28449
4886
32573
27202
31295
3906
7980
6217
10797
26203
22792
490
28236
14851
28743
22818
8853
16851
12525
16802
8054
5127
18634
5978
27504
19689
30838
4554
27250
16638
22541
20488
9970
9715
11179
6544
4305
24134
934
24526
19948
21429
9358
19565
30849
3175
29413
26717
26440
26331
24223
10151
23373
10388
2648
26096
12175
19329
10839
8142
26203
13870
22343
29902
12389
19117
20655
15937
18859
30786
27446
18123
18442
15313
9881
28329
14237
15112
10088
18629
8409
26188
4228
31867
21609
19813
30808
30761
6346
4840
30170
16505
5542
10856
320
26734
6386
19804
9347
32303
4550
21198
14229
30870
23807
21961
9313
29048
16279
22144
28294
14515
10943
16958
31443
3064
9665
3601
21122
32605
31129
20534
24117
25250
31309
1091
21682
12095
2576
26135
22877
19250
12826
3969
1657
11401
27972
17587
24350
10673
103
7013
25849
637
31859
26825
19910
28150
17998
8754
5262
14565
16498
7298
25249
16673
29253
22104
3155
22937
18743
14583
7542
25376
20382
31733
12699
9723
30033
6056
5127
14380
17926
29264
25463
31868
10604
13316
13716
1611
2311
27998
30260
28184
30671
31973
32343
25294
14216
24383
7900
980
14304
22035
6918
20434
27466
4543
20147
13381
3485
18879
31830
2497
14443
28632
32441
2313
24866
27144
23157
1233
7397
32557
27436
29773
17960
25207
10381
6785
24589
2447
16133
22088
21378
14724
30789
26401
25111
30330
12153
12989
27296
16913
19778
22345
23439
21654
1911
5755
28430
15596
24736
25950
3295
4921
9006
11486
28148
10832
21628
1811
24013
27617
23430
1358
13717
19298
22379
19172
27900
31676
24996
2237
23763
21430
14338
9627
3945
3362
2665
7978
15015
19145
26703
28620
16365
4376
2546
1315
19883
7559
29020
4955
32448
18637
7959
20796
5010
24517
22192
26867
8434
7966
12014
10651
20653
15814
27088
17806
4081
12820
20551
10607
18278
7607
3512
14323
30984
3170
18224
30322
24518
28981
27237
30257
27868
3818
28784
1644
16113
14020
4172
31526
28400
2616
7438
5297
20134
11096
3042
21501
29984
2051
24009
18336
13506
11214
26900
7593
22311
17585
16032
1572
15036
18033
9935
12909
11804
22737
29257
32053
9513
31864
6775
1878
9198
4769
28092
21846
31543
13189
17265
14781
13038
32648
29607
6167
15924
22309
3740
19656
21827
9627
4089
17810
4358
10837
2513
5863
9333
27930
858
6640
20402
18681
1897
24409
26853
14834
7855
739
5848
22884
12726
11175
6481
13627
3737
17707
15155
28117
3718
15654
19027
18105
5877
21011
12571
5623
29349
15992
3553
15964
15963
19699
25605
8286
25946
8457
17101
11714
27041
16558
32256
3087
29671
10900
21572
29107
26455
1332
7991
10742
29963
12957
26960
27554
27466
21759
1396
28271
15490
4086
1112
27441
31236
4760
9113
29376
16001
13885
4764
18347
17480
15889
10535
9883
9021
859
27580
10633
29337
6794
31161
12703
19043
15620
16689
1007
24754
943
5256
1238
16031
15931
32209
15918
18700
29494
27623
7223
6424
21709
5453
3395
24670
13923
11462
28707
21744
20180
17331
32084
24854
21382
30257
5866
4806
14388
15599
11064
1763
8057
207
5700
19510
18462
19524
11758
31277
805
13926
25818
30550
32402
25557
12322
11161
28924
14676
7101
6712
29143
7201
14766
8072
2686
23574
22508
20076
19459
9088
10517
10646
30135
2242
19409
13437
30840
7594
23815
6174
25277
6286
194
22386
354
29487
3554
20402
16692
6986
18563
77
7484
4349
22317
22181
9676
3808
24256
31117
27723
6111
28957
20612
24512
1753
14997
17070
26143
31738
6674
27030
15958
17368
4103
13221
30487
5200
12313
12897
1636
15135
394
4199
19932
6719
31338
27431
6087
3591
380
3169
22755
6402
8937
16227
17132
29067
25511
15871
29677
19757
24487
29006
20041
1468
7873
552
17800
29746
19552
30047
11234
7499
15853
20414
19597
3040
29692
32196
24263
29957
569
31520
7587
481
2576
30188
4243
23376
13343
27050
20665
21306
21597
28159
22253
18353
9479
13617
7821
7117
17486
30306
10504
25159
24770
16266
11817
5592
16508
27445
1317
31567
3854
13826
4707
2421
7724
12247
17933
29344
1303
1253
30555
11289
19149
23135
10394
3887
1778
15097
32766
28696
9596
20259
301
18059
14625
23810
21384
17437
2178
19507
8503
29791
16916
10559
23291
17077
723
25820
27827
501
7077
19177
11947
20931
16782
27943
8104
32175
5273
32185
13236
12811
10626
21850
17321
8845
548
8544
27008
32426
8357
30068
21847
20397
8547
15630
26436
7321
1949
18611
6620
28612
10466
29422
2433
6704
25402
6416
9327
20648
2581
25511
20358
32415
13815
6847
3029
27336
25313
475
26858
2420
2431
30641
20444
6319
7955
21929
29461
25114
10276
19220
28384
16007
18917
12332
26294
14166
1639
3280
11080
24978
3966
20220
13644
20171
23669
27913
263
12209
28273
28586
5791
1141
28581
8098
19230
30432
6459
21318
1606
14896
3070
6071
6423
3253
1991
12763
28961
14128
11694
13088
13450
9702
14572
7664
4830
30599
23186
22002
22169
7618
9195
22535
886
27557
11186
30207
3445
11702
23028
4639
29871
10193
1731
5715
20953
5319
22432
9011
8090
947
1958
12984
19596
12060
1654
10939
25108
10701
6630
6961
19426
32115
28265
9256
3143
5883
16956
16256
26938
7337
5974
27242
24104
2552
6157
27298
24191
11573
6792
11116
13561
25306
28392
28240
2985
10923
25653
19348
26822
29330
12298
15998
11322
13115
9473
14662
23018
14959
25564
31965
15556
16177
29560
12384
11914
7067
27506
29787
4192
18549
7574
28094
16406
30362
27148
1183
5686
25099
10817
21173
14541
15056
24214
32144
20218
16275
2763
30874
24888
26106
27946
27342
29290
11463
31859
13370
7595
29618
22667
20277
17620
29954
6627
2401
7114
15597
11177
20575
7308
15029
7345
3669
12288
18302
4898
21025
6008
16113
20192
16218
25351
1427
26301
523
135
6371
11359
16942
12133
1333
25327
21226
25907
23889
13447
6540
28395
4043
4696
26695
23300
13856
27550
18604
30775
14741
26437
29159
29966
27088
3160
26303
27697
24883
1326
30539
26992
21244
26963
8821
13199
7965
14903
4912
26325
18396
32409
13689
11347
9515
10417
7951
6645
29125
13088
18417
1866
3597
8344
20124
25363
5286
19019
17409
21901
7377
10517
15176
15230
18058
1384
6471
17922
27746
14843
24513
19219
5915
30002
28766
4825
3845
9548
878
11703
10011
31566
20062
7953
7644
12467
5622
26847
12267
31696
10328
17395
14438
24329
31417
4362
31494
16054
26332
20116
29691
27091
17491
8003
18821
362
22901
11606
15186
27328
24606
30370
11162
14402
6697
19813
7676
13613
12718
6602
18455
0
24828
10300
4073
24483
7765
4203
5095
16212
18284
287
6368
32086
2207
31935
31122
30808
31732
21152
29705
1958
15317
24847
28859
18961
25996
27677
8037
30623
18301
5421
1443
8691
14117
16190
23378
3963
19158
27641
20646
7516
29487
23930
6666
21533
12381
2270
23995
6933
24341
9617
24355
13973
22861
25940
1014
31958
26301
8465
3854
28065
14617
1630
11527
6337
28683
4563
11930
32552
24818
25100
3258
23267
7773
12157
4720
31167
31557
29944
18551
5817
1550
5375
32407
24103
14140
1995
3778
2215
20469
24089
13808
14539
9275
9399
7866
1921
19686
29906
31160
27459
32098
15612
16284
26116
31022
3840
30987
9686
25872
32358
10303
1115
28696
23493
12381
4338
4187
22731
22167
4509
20333
24845
14593
9908
25243
13199
22324
32075
2797
2323
2213
15460
30943
21282
31939
6357
12249
24539
8402
15352
9588
28286
1930
26900
6251
184
11886
3470
23395
29868
15598
10191
3931
13254
6460
12532
2545
574
28398
30009
25434
15214
856
1827
26655
1749
29607
14703
27288
20967
14526
19389
12329
6810
3280
13820
30272
22193
3778
16021
19210
967
16190
18263
13816
11290
13207
32037
27637
27677
6751
22113
2915
17596
28106
3095
7131
18029
28609
31210
19873
24827
19398
4287
13545
25617
31370
18475
31949
31881
17232
15005
19977
14962
30463
22603
25980
27619
16650
23773
5727
22658
10752
29660
13378
10707
10226
14297
8395
3138
22664
30813
31022
21743
16610
29332
8043
14395
12080
26808
6987
23830
6672
17470
3864
22791
6570
11971
15391
24824
22157
19893
21222
15047
2632
3265
2861
15245
28104
8960
16295
24236
12661
16097
2421
16795
23307
1236
5991
4209
9529
19644
15602
12082
15611
18962
29935
11229
30903
2776
21529
17713
25881
31045
10052
4675
17328
19498
14686
5825
22341
4646
32039
20484
6655
17293
5808
1751
14648
1817
149
29193
29469
5454
18681
30133
12808
26287
8774
2892
413
6306
17314
7783
14758
13604
21808
27214
31407
18732
25611
9287
22625
30176
6659
32416
19871
26747
13589
20604
22114
25849
31404
28253
19285
20359
8858
32629
23343
24750
30165
23468
15828
28729
7409
15985
32043
747
23137
23105
28605
1762
11373
6392
16659
27337
4851
5338
9164
31681
29917
5728
2432
13837
24934
8900
31832
29823
10508
26443
30313
10918
2644
3414
21205
5556
28224
17190
13472
4145
28817
1394
32595
29794
12221
30123
15699
14711
8366
18697
4094
14199
25153
7261
1419
15852
19577
14486
28830
26958
14215
5136
7598
25392
13946
7328
535
31020
16838
5728
16638
13968
3446
6971
8680
27845
1841
1847
21786
22147
14318
23942
8622
16823
1399
29258
22906
27695
3999
25899
11936
32523
9538
14491
18165
21732
3329
4580
10515
30393
7610
28151
24380
31646
25290
22259
27637
14115
18434
26230
27743
25221
2410
8359
1108
11415
25272
29696
28741
23662
14990
27100
22742
29391
17783
21444
17462
30297
23712
377
16704
22131
1110
19393
10323
4339
24131
32754
3569
1683
872
30783
17178
10772
473
27846
32614
30256
31292
18773
4325
22081
6399
5120
11703
28082
26460
12387
17258
27177
12302
2999
24598
19569
29648
32151
4410
21545
10650
27024
21589
31278
18075
28011
30020
9673
18933
10297
30303
2201
18491
26147
24146
19775
12971
15599
1979
1227
22059
25937
20104
32490
19973
23799
14094
30924
26210
7506
27370
20182
10888
29478
10136
7436
6867
17104
31445
31292
18036
17754
26804
14827
17645
2625
22402
24833
19272
18945
23899
14643
22810
21860
19337
12084
14651
11663
5024
26523
21058
4297
25178
13971
707
2058
3123
26180
1352
16712
10180
30725
6160
17025
29152
19518
25737
16775
22384
23838
25231
11406
16654
30722
13154
12150
31844
8608
12393
16857
24387
4343
10665
2516
130
27895
4100
8086
8861
14576
1841
32170
11273
7099
7039
10756
18776
28074
5961
25549
5393
14640
13368
25070
24909
6736
9276
28254
32529
10438
11848
27180
8047
22776
23248
1612
10843
32667
27651
15649
10062
25637
7624
22734
5021
3574
27002
4669
17046
14406
18788
5355
9055
6349
14331
29562
2191
25908
26334
22773
19849
17214
27022
736
30109
4022
20461
20487
8413
10263
27768
28675
29375
8958
16964
32652
18039
9040
22202
7554
19730
12843
25362
17594
29010
19341
8592
30345
7501
2502
12929
529
15812
7071
21748
29774
8004
29000
28473
31967
254
19459
8987
21397
31079
7313
27100
27325
2191
23647
29685
31277
29762
19824
18570
12049
18913
19722
24751
3187
8702
9504
14941
18572
441
2178
7986
13004
30172
9671
6892
28331
17337
31990
23972
3885
19391
25591
1482
24376
31199
26044
3556
25237
24481
26670
23046
23496
21508
17626
8464
25232
13594
16472
11690
22332
10080
3199
13056
16052
28382
16714
12606
21315
15875
30857
9674
22053
5694
30791
836
28117
5724
6143
11583
7443
21156
19581
29628
7863
4788
1685
19050
12856
4378
20615
14240
9467
6322
22061
14102
9309
7106
17387
3175
9343
8406
10323
16711
26580
8541
17562
19332
29548
13824
30655
5822
31741
11462
12405
28133
6070
25833
4565
119
16580
3189
14021
32631
29856
7078
16422
3628
31775
10751
6592
671
10295
31018
8685
12754
3986
20883
8200
17344
6357
3266
13717
19225
23981
27004
13869
7354
12958
1433
4656
8942
24459
6564
16425
10343
21764
21044
20735
22266
27218
25357
6881
26142
28740
12278
9967
13602
9400
10072
19881
19761
21224
10907
11800
1799
11386
8256
27582
20593
10053
3006
24383
19846
27621
18206
9676
20903
8445
14933
15187
27704
8015
11365
2920
1307
23165
2610
9457
17649
2716
16165
31892
17680
25214
31618
27106
17218
24252
1162
19264
21827
31109
27216
31897
22521
20266
16220
3269
5745
32613
11777
23992
25758
22380
1918
7019
10704
4282
10455
13706
5877
12440
20849
18402
1171
21614
18288
7561
13441
30411
26065
15050
29544
31029
28742
6615
22013
32434
18645
1582
3580
25363
25391
17095
4835
23299
4561
26370
6772
2259
2268
7763
7400
4611
12981
13995
24819
400
12892
10661
19324
768
12173
3189
28440
16942
18585
4753
5964
31701
17921
3869
19327
2783
27607
8471
1473
32363
1237
30279
6462
1184
826
20708
1152
13877
21352
15366
11112
3772
15423
6864
13546
7601
26935
32345
2187
15430
31296
28255
10140
21484
13657
4266
24116
417
13810
23361
2030
8701
13826
15696
25704
4602
19688
27348
14198
12422
16387
14092
12586
27850
16656
10656
22917
27960
13894
14990
31737
6999
26675
24792
20134
8270
12628
24559
20817
7730
2935
32733
8228
12815
5841
7222
13864
2744
30431
13756
23427
8271
8445
29397
15217
22675
30919
15021
24067
9196
22067
22315
410
24376
20843
18837
4130
1619
28779
15874
11280
872
4703
18819
4377
9979
13498
24336
17591
5298
28182
10036
21085
12518
15054
9848
3957
23277
30557
24209
8990
37
9333
22089
19878
21441
20703
13357
11209
14163
17685
22524
29095
8221
19617
7882
22919
1303
14644
15863
16974
8640
31621
24788
14781
6565
28143
29966
28269
18610
11465
20962
17804
19516
6277
9727
4181
4298
23944
22586
7505
28839
7627
18164
8527
12072
6198
4683
13348
23741
27063
23811
23843
28602
17445
12339
27483
7651
14040
28079
5523
17082
25860
32057
7686
24199
17882
8294
30175
31275
19037
6482
7283
31653
1284
4099
13888
14177
12053
25246
6057
19013
10172
19532
16239
2169
18669
3818
31983
3320
11776
2931
15902
13787
18437
29997
16708
6496
23532
2966
9851
16317
18006
1805
7399
11687
8505
9281
10162
2977
10038
31322
14030
30213
28858
2025
3946
16851
26326
8848
16433
16957
2015
13681
7493
23278
22981
31319
32767
27422
9780
6567
18019
23895
23660
23813
20068
26628
13537
24773
26845
19134
29330
28696
76
5206
24105
30707
28492
15778
22231
15550
17113
9480
5358
16066
25666
14028
31291
31055
26349
19993
3113
26800
30157
6865
29591
720
7332
6164
7796
3753
26873
24466
24352
1648
7897
26001
9602
28801
32077
27069
11753
23308
20126
10419
16804
26237
16459
6732
25952
2733
16071
18602
4420
714
20723
3075
20174
3078
12126
14128
22635
25346
4926
244
5849
11257
31022
13837
6205
12717
21413
32765
23811
10002
26938
19605
5753
22459
23194
8774
13099
29448
3141
27943
21756
24077
28683
4293
3337
14401
27210
19118
31037
32491
20196
12732
8116
31564
12803
24098
9169
26509
2188
1592
12574
30311
21604
7174
14310
10644
22629
14226
22420
8953
4126
23018
4810
23696
26446
21744
10561
29463
27935
25576
13155
28538
32547
16579
23466
15105
10255
16937
20918
10809
11834
20040
21297
19108
3539
11871
26211
24352
23269
3849
8852
14104
18188
14666
8741
19564
18165
20571
31341
21537
5015
8245
21844
11720
819
18655
2226
23984
30220
21112
18277
32203
21222
30212
18484
20832
20289
9974
32359
26486
32595
10625
16418
30716
27078
16799
30341
26553
6966
18141
13189
7926
30056
10477
18825
7917
13900
12522
16580
496
29361
2921
18005
21081
202
26436
28960
25653
3684
13605
30826
7599
24293
21460
14391
23102
27908
13633
8035
21646
27722
18513
25474
17199
26188
13160
5753
5120
28581
11195
31193
29274
12470
30035
11263
1020
15901
22496
2796
2233
31990
5187
26853
18659
3796
9945
28362
32374
381
25224
18487
9476
15977
12428
30044
23652
30201
255
24220
18970
632
14378
1512
9605
32466
9358
29146
23243
3350
18864
11921
28804
2221
2984
79
7209
8280
1896
9171
12603
5099
9165
14455
22323
4555
10087
12298
12845
28713
24329
24683
27219
15867
8463
4842
15882
26559
14706
11614
2783
27631
2701
20742
31024
23362
28332
2849
13978
8361
9818
29515
27430
19717
24423
21406
21810
25256
8379
13956
14369
23698
9949
30302
2498
28008
32067
10966
2689
12851
24663
4100
13392
21726
13389
17220
11347
23150
7336
29138
9038
6399
133
21802
20687
4482
1966
6433
29978
10552
23647
1987
3545
32493
15830
5867
10624
22517
12188
13221
1410
24808
20886
26436
25397
15901
11466
12866
16262
10215
242
14554
22876
3730
24259
7527
13005
539
6906
9339
30979
22963
26155
32446
32492
22258
5449
21645
13989
16603
26356
28494
21924
12948
20870
7317
4007
6626
9691
9976
5216
8550
4836
178
15325
665
21995
31738
3513
31625
9123
11553
3845
25681
5623
21102
756
8281
10895
23993
2632
26451
7714
31690
19840
8688
12415
13679
7614
22118
7513
1631
14458
24739
21973
1490
6633
29262
18133
31964
2603
5762
14338
1677
20791
13641
3996
5578
15751
21210
1793
31978
27010
1683
7166
21264
27566
26037
19161
21323
23954
24033
23834
4462
25964
15190
22813
8368
11928
22248
24153
2052
31931
10175
31342
8247
17842
13525
17136
14283
32317
8749
16374
6293
1387
21972
29537
19224
23237
28825
2284
13216
2874
5771
31480
25886
206
17207
14357
17863
8449
9630
5456
24939
26112
16376
6463
1429
24205
18219
27597
872
16560
32266
30406
13108
31515
2126
801
5595
29022
29013
24337
12262
20175
25244
22730
31334
7223
17918
6675
1420
1085
20394
12432
10504
29331
11237
20173
24098
31202
19589
4618
8089
11382
4649
22729
27454
21417
19769
30232
16720
12817
21153
19870
15766
15465
8268
9320
9791
30016
19810
12913
3193
22371
16962
16627
23251
31499
29758
24944
27987
25031
8473
2431
3927
5415
17986
8023
31532
1070
20429
17181
14192
19317
15157
24813
28200
21535
10707
22442
6560
30080
7965
16518
8966
1420
26272
9040
20165
1025
23995
9089
4771
19540
7457
29188
12697
31325
15884
4041
14710
28097
14146
11528
15922
6179
3529
12629
28435
522
21865
14441
24962
12944
15590
4010
11690
26064
8698
127
14550
15885
26900
29526
18823
23459
5331
14194
16728
1966
22849
31605
6290
23932
9936
17073
30607
7859
26901
25391
2511
7746
30022
22651
26332
28168
25716
30518
11486
15175
21897
19801
10492
1479
21249
15177
10617
7626
22632
4512
21899
5299
13207
16309
9979
3189
15790
24305
24958
4540
10192
9937
9173
27870
22434
5562
28326
5504
3969
23168
15640
13576
24197
19125
2866
25542
5178
29105
26097
3297
13337
1126
24875
9475
9416
17889
3878
8132
5910
10399
22007
20439
24756
14485
16028
7671
18100
6653
6617
17039
29635
10466
5843
28204
5671
1386
10093
3235
24951
6375
20070
3842
28700
24476
13103
26679
16522
847
6029
10370
19007
4755
2803
25500
26232
24786
30621
19877
2230
23324
25964
15054
756
23987
3716
28107
20901
22098
8615
24822
11119
16193
20048
30275
20650
16154
30351
14823
22167
31064
8872
9159
27232
23461
4713
931
18388
29664
2127
1023
24542
6896
10840
28629
27338
75
5286
9980
25144
25156
31192
27990
7900
32537
27944
189
5627
2744
12868
8619
29349
13653
12014
31403
1715
3757
23122
4739
20351
21015
17962
13598
2662
26447
7572
32571
5375
9218
13742
30936
5400
6681
3063
27228
9332
32454
20069
22663
31815
30287
18758
21274
23661
20637
22231
582
10862
643
11429
7893
1075
26575
8871
16666
17028
6675
20504
12953
10057
26673
6678
11895
13181
15015
4093
15520
24817
28832
12672
5050
15302
438
31371
11725
6056
28808
20700
31663
23754
23040
12123
25392
10406
11617
11070
29706
15986
22803
11998
32647
865
30766
1622
32496
670
19656
6624
29881
13577
4863
29168
13422
2223
30917
24846
15707
25612
18030
28532
5118
8448
1019
25707
17966
15249
10020
2406
1544
12390
5671
731
1949
18175
2899
23269
3420
17333
9555
6555
20289
15733
12347
1838
10426
4924
29524
29636
14686
15698
4008
8472
25677
30278
15180
10702
23141
30637
25968
663
6953
18073
3879
28937
6258
19419
25847
5179
26835
13305
25888
23331
13517
21230
7853
1201
19128
1956
21820
1447
1388
23346
5516
28735
29106
22485
1739
14715
24173
21424
1181
30794
17288
11075
19948
31327
11167
10157
21618
19153
3180
3234
30983
1651
14840
2602
16556
6641
24702
3615
20051
17839
12573
12644
11636
865
11590
15589
14672
10602
15584
595
11523
26614
31547
1181
10317
31702
26299
11309
13597
13086
24385
743
6625
8064
8024
13282
1167
4711
7204
19172
23155
16083
30731
28576
14519
7415
29728
6318
29108
27540
3156
29262
4859
27411
10843
29917
16417
11877
7007
26387
28238
7579
13415
18434
19589
1604
20870
23758
25777
21898
7107
24109
16755
22539
16844
413
9389
7033
3929
23144
6862
19952
3937
20057
30428
14106
9472
6716
835
9989
18211
8727
29535
30399
19193
2345
25035
30391
26905
19878
26471
26323
26995
25648
5931
21584
8696
3861
27311
31070
13321
27979
27510
31351
13473
32044
9470
7555
11073
3825
11144
22189
5023
25328
17319
18179
19981
28566
30347
2256
10923
2850
7946
26041
31564
29991
15219
21146
22569
31679
4115
19742
840
14479
26244
30496
5802
8575
30137
3013
26935
26934
16073
2645
22122
27480
27262
13022
21692
8319
29597
12423
1746
22010
10739
3509
13157
9544
23076
19935
20469
26450
9779
18738
2605
8044
23248
9700
31765
6666
19813
2904
30458
15170
3807
27382
4381
14598
32573
31432
25118
15645
3545
15829
6694
10982
12921
13886
24535
1228
27413
7450
8437
11656
19046
15377
16849
282
25395
17594
22393
389
7258
16821
22689
4941
14753
32136
29008
1457
9530
31546
25930
25256
17944
23729
11584
17054
28404
21196
15034
8171
12830
29504
3776
26136
9732
4147
3916
14544
26243
28058
18287
11944
24305
28755
32325
31630
10471
8962
20634
18195
3023
11435
14681
10841
26929
5396
13496
4569
8636
29400
27173
32477
16151
24395
2287
25785
28261
19473
17333
7624
6042
5757
5775
13354
7553
29867
17406
31295
4745
6236
13460
12002
28243
9108
9571
10598
4092
19189
20774
18769
6442
16858
49
9691
28120
19507
11034
14628
25826
4643
7205
825
30031
4443
15217
24773
27746
18484
29155
4503
30815
30351
20182
10967
5150
4204
23679
28936
8017
15949
20257
21949
12180
1864
31478
5403
26170
239
15577
12050
22226
8416
16820
14426
19067
3114
22700
16175
27628
102
15373
16333
10306
12946
31991
25771
20616
16300
32198
3703
18440
2835
10051
24532
19284
9885
17548
18645
7187
8311
12739
20025
7564
21184
18809
2148
11764
4325
15577
5666
18552
20154
17044
32539
15369
7517
18576
16916
746
6603
5200
2795
1786
10559
32289
19536
24257
8014
13066
14659
20285
10692
10609
23122
7786
7740
13453
14992
660
1409
25231
26708
14940
168
4496
17847
6540
25577
26425
25803
5786
9026
5940
27547
9469
27850
9302
15335
26676
3286
2185
23196
2959
30669
28538
21269
19140
5579
28680
4628
30514
11256
28776
29823
1522
32679
8472
1498
29347
3886
14985
10888
754
31880
27019
12737
14059
1451
5752
2898
29187
9898
29472
7448
10465
16779
31608
29754
8176
26598
21761
20009
1702
8770
14585
13657
31633
20783
21829
11708
17702
1059
20505
11523
19273
25109
23149
23188
7580
32731
32032
21322
4743
16452
3304
27887
19212
6645
28929
13689
10056
24324
10385
10760
30664
25174
15069
24987
30609
5817
32302
10134
23277
960
24961
16884
32503
11362
9457
24396
1510
17233
11493
26757
27673
18716
23545
12888
25062
28675
8109
19082
30243
24990
7120
23783
23920
16940
8362
27645
25163
3516
22508
22942
18897
11006
21593
31507
14677
20454
28720
13600
26786
5126
9824
23484
11536
19624
21099
20877
10569
3758
790
8997
11737
29227
19414
6655
5751
29629
16633
823
12309
4016
2711
9741
29609
29396
14904
9752
8633
23834
20290
19786
2729
4593
5673
31143
4036
29283
20053
10948
10508
7406
17106
27394
31682
12067
16826
4232
19892
1280
7778
4610
24905
4622
10823
27419
1613
12347
20663
19643
27517
117
16703
5376
31954
14602
21720
19198
23182
32194
6608
6711
13575
7610
12921
2521
6454
21247
29333
27578
31231
24558
26493
16148
574
9806
14099
768
31637
5162
365
13491
22008
624
12606
30076
7157
24906
26372
5241
24516
20032
27380
30748
27923
28682
20901
9057
19342
13366
16254
21197
24112
19070
30433
27941
11084
31207
7444
17395
6490
11161
25075
24506
11394
18306
30296
21492
4330
16041
32070
22224
32192
24402
25560
6317
15622
20183
19436
5972
25632
17729
30094
26872
2335
26281
21286
15087
203
22097
13410
46
29042
24449
13281
2951
18035
20515
21413
4513
20618
24862
29749
20155
7897
18546
4757
19488
23738
20760
30951
361
16454
5271
19933
19829
21925
12902
12006
809
13076
8453
16660
1512
25015
29914
25807
12753
1828
14540
30780
3003
7083
13473
21611
29937
14695
15640
28995
24238
20486
27078
23597
14679
18775
19633
28035
7035
27288
1965
26807
23691
32381
23418
29507
8025
5120
3227
3668
2130
24044
14836
32566
7034
32551
299
21118
32300
20418
3259
26105
6287
26306
26584
9559
21208
29868
13318
26007
27201
15058
7287
2866
6605
11104
9001
26375
4792
32293
9148
30217
192
17955
10260
28586
5655
21461
27315
20230
23331
28739
8915
17104
15867
15558
30278
12285
7586
17307
11534
13106
19713
1322
700
19694
18854
3604
12681
9335
8767
25087
4917
3462
18644
18209
29603
15538
19656
16013
28977
22173
14477
13632
1753
17888
3882
14827
7177
951
9582
17278
13890
16236
21233
21625
10354
4229
14032
1777
23570
8108
3108
19812
4096
29282
19015
29758
10522
17764
3270
12328
28830
8665
32548
17683
23620
6464
18516
4615
15384
21532
12788
3500
27161
24412
1867
32661
22420
25740
26625
592
5181
14526
2721
6702
11026
28214
10959
27858
28912
21721
8008
25980
8434
5459
21406
21011
25229
21257
8625
17652
5484
197
18157
18301
32524
21531
28997
10584
13847
926
8179
30855
26498
15301
21484
28212
20837
30362
19493
23606
3997
8744
18824
26467
5668
16802
5813
6808
29995
30035
20345
7817
17148
5449
9231
8777
18322
19137
5145
16537
17909
21585
23900
28144
32600
24792
6718
15182
19441
11558
19457
31169
26010
20586
19645
2740
16428
25439
25887
26875
2967
28214
484
13982
15297
18754
17683
23401
12836
23654
28413
48
25894
26942
23285
29410
8503
19472
3024
16213
16301
24433
1051
2251
28511
28343
26143
28743
27395
25378
6037
5010
14664
6089
25897
28940
21170
70
25009
15411
18745
3617
32042
28405
19873
253
3958
9141
11928
3460
21208
1055
11665
1812
2603
22700
17763
30758
20197
1268
16032
21890
17104
31927
11702
14373
8578
32169
14024
18925
28065
6657
13130
20746
13784
24512
5470
1573
11672
10434
9458
8526
5519
24454
29334
18854
12265
17597
7198
21456
15433
404
16124
31513
14214
4801
13402
353
23334
22607
29434
25041
6299
22058
13006
571
3135
29034
11862
3919
9233
13919
7613
28547
30253
29537
18355
30912
781
13396
17417
21709
24450
27389
19470
16508
624
20488
13483
4503
12876
18645
28224
12168
20055
24070
9789
27338
28567
3785
26241
24339
7578
3302
20082
19518
4842
11656
16865
4602
19791
6859
10651
14901
26055
4617
8654
15942
27718
15076
12834
29405
17197
25363
27539
18091
13964
10990
2064
16336
19224
28343
26581
25608
235
30894
2185
30613
1534
18387
21015
16108
5222
30585
21836
12063
30801
5007
22581
14605
31168
26030
19510
6987
9730
1762
2538
26321
13556
16952
28350
8805
1530
5132
14412
14535
28860
21007
14713
7585
26017
18458
17741
21805
6668
21942
27541
19108
15449
22631
25402
8554
27542
28349
15968
27899
28417
24600
17470
31635
26950
13630
3264
8096
885
19870
14814
9192
19397
32097
27322
22138
17418
54
17532
22102
23544
19674
11502
4059
21269
5482
4822
5109
16000
104
24599
13827
11875
26255
29062
7305
12089
8535
12429
12442
8897
13894
10882
6147
11453
27389
16837
9783
12147
3582
21660
28671
5089
62
30158
28126
22974
19311
4865
22853
11061
20746
9427
12411
28769
24094
17595
3402
7815
12251
17566
14954
16149
13533
9265
13231
27230
5946
17
31985
12819
23370
22179
31679
14209
7993
16045
16323
27020
18253
27569
26099
9839
8952
7181
637
15665
22173
19668
15727
2790
5666
20330
3626
12203
31802
7393
16773
5983
2671
791
14016
21025
7666
1932
32559
30862
25891
7172
19618
6072
8670
224
23191
24805
17547
28989
15903
6412
11236
29897
18576
1039
5509
29545
26864
18361
2869
26253
14364
631
22774
17486
7100
4567
22478
76
11239
17601
6484
15946
18325
30072
16377
4742
968
18254
4124
27609
24953
1066
1484
915
30277
21947
31578
28436
29652
22137
11430
12075
14861
13920
8999
22830
24572
28523
22199
13790
24446
17875
3876
29176
20402
4101
21111
15514
23071
612
27650
28508
22181
31427
22571
7210
14885
1952
8443
7395
17392
10017
30566
179
5616
31184
5464
29488
9112
25879
13444
31031
9101
24954
9707
8069
28689
28822
22062
30484
564
30429
19093
31547
29625
29967
25307
15749
13257
23927
27583
29516
23130
235
20044
16670
18013
20353
26595
24524
29354
26897
22285
30545
11692
14703
18690
19305
8140
7269
5112
5613
19614
17779
10797
10993
31438
26438
12723
17052
11977
22264
19711
1226
9259
9997
24623
12899
29163
30249
24350
2169
17736
28051
28714
14628
24434
11114
28608
5661
16889
5289
8364
18717
13814
19164
5410
13811
6651
16799
7307
25191
8892
12251
16913
32722
31354
22720
10217
29306
27443
26754
19299
29359
32651
24787
32179
9126
18040
20771
7549
15384
9649
22170
23842
7322
26324
8145
8653
28603
27482
28756
18236
12256
13115
24536
21583
11998
8800
20796
27730
31580
12493
23874
2314
16359
29066
11530
18817
30674
7254
82
24977
5587
1547
23407
30258
30815
13264
6410
29317
18369
29952
23452
8604
6652
12253
6823
6415
30822
19701
18362
16448
8961
27984
18210
105
11672
22367
14448
26986
21150
18084
19119
22357
6086
2592
6242
25781
