32740
32672
32655
32628
32598
32585
32519
32481
32464
32442
32414
32311
32307
32294
32282
32256
32255
32237
32216
32196
32174
32170
32168
32153
32097
32095
32049
32044
32027
31973
31891
31879
31864
31773
31727
31701
31683
31629
31609
31582
31486
31470
31423
31406
31383
31350
31327
31327
31248
31236
31197
31192
31186
31139
31118
31105
31093
31086
31086
31066
31058
31054
31046
31037
30994
30981
30909
30895
30880
30853
30844
30838
30714
30711
30602
30601
30534
30509
30500
30476
30417
30384
30344
30326
30214
30206
30106
30061
30058
30050
30035
29989
29965
29957
29944
29938
29930
29861
29847
29825
29804
29674
29637
29614
29585
29577
29567
29489
29483
29472
29458
29369
29297
29288
29286
29262
29221
29192
29183
29170
29160
29155
29126
29064
28897
28886
28753
28703
28686
28685
28549
28548
28532
28469
28453
28435
28387
28386
28343
28339
28318
28298
28291
28279
28278
28268
28231
28149
28146
28142
28100
28070
28054
27961
27959
27940
27867
27809
27770
27750
27728
27708
27674
27567
27503
27493
27472
27431
27405
27374
27315
27216
27205
27201
27171
27166
27135
27119
27093
27064
27011
27003
26986
26979
26959
26946
26945
26917
26913
26883
26875
26816
26796
26755
26740
26696
26670
26664
26510
26477
26438
26432
26428
26408
26383
26368
26345
26325
26320
26304
26295
26288
26268
26253
26128
26114
26109
26084
26003
25993
25985
25955
25927
25900
25742
25703
25642
25627
25592
25571
25550
25503
25447
25409
25402
25353
25300
25288
25279
25269
25174
25104
25102
25059
25057
25024
24999
24961
24945
24932
24864
24846
24840
24791
24785
24781
24713
24712
24666
24657
24642
24607
24578
24532
24450
24439
24426
24399
24399
24395
24385
24350
24299
24290
24281
24273
24245
24200
24172
24113
24110
24083
24067
24059
24037
23998
23990
23975
23972
23942
23831
23819
23788
23782
23769
23768
23705
23617
23610
23503
23434
23383
23366
23360
23335
23310
23263
23233
23220
23197
23119
23091
23081
23079
23073
23008
22976
22935
22909
22898
22719
22702
22681
22665
22649
22597
22554
22540
22534
22524
22521
22467
22387
22351
22350
22311
22309
22239
22180
22123
22101
22078
22067
21987
21952
21943
21852
21828
21813
21812
21799
21765
21692
21677
21653
21648
21625
21610
21602
21585
21577
21568
21446
21422
21418
21387
21362
21338
21313
21291
21279
21202
21172
21143
21099
21063
21048
21042
21041
21036
21011
20986
20918
20910
20873
20779
20699
20691
20685
20621
20615
20564
20512
20444
20329
20328
20327
20262
20156
20151
20087
20019
19985
19976
19915
19889
19798
19794
19762
19757
19724
19716
19678
19594
19567
19564
19543
19452
19435
19425
19423
19409
19337
19321
19312
19312
19303
19294
19288
19250
19203
19143
19125
19045
19044
18988
18971
18964
18912
18798
18766
18672
18645
18640
18606
18590
18520
18502
18490
18438
18418
18374
18373
18294
18280
18263
18229
18147
18119
18020
18006
17915
17910
17901
17860
17841
17777
17762
17723
17704
17472
17459
17446
17441
17349
17262
17259
17233
17207
17198
17081
17074
17067
17041
17005
16979
16925
16845
16719
16634
16603
16568
16527
16400
16292
16290
16289
16277
16240
16239
16216
16088
16039
15995
15847
15824
15762
15729
15647
15579
15575
15556
15540
15451
15438
15424
15376
15367
15337
15329
15326
15295
15289
15221
15174
15122
15077
15048
15011
14989
14970
14869
14869
14858
14768
14759
14758
14740
14667
14664
14660
14596
14583
14581
14561
14509
14483
14453
14441
14435
14415
14394
14385
14360
14353
14327
14260
14248
14239
14224
14221
14186
14158
14147
14094
14055
13972
13844
13784
13768
13712
13649
13632
13627
13601
13592
13529
13515
13515
13428
13374
13371
13317
13314
13164
13163
13140
13034
12964
12918
12908
12900
12831
12808
12807
12735
12698
12689
12683
12678
12667
12654
12583
12577
12558
12555
12552
12536
12518
12501
12431
12397
12341
12314
12305
12270
12266
12219
12179
12142
12084
12062
12061
12057
12055
12011
11994
11994
11968
11937
11857
11828
11803
11759
11758
11756
11754
11681
11665
11635
11605
11592
11588
11530
11521
11488
11418
11418
11389
11379
11352
11350
11326
11274
11265
11252
11232
11174
11167
11156
11085
11083
11053
11032
11016
10991
10924
10917
10911
10850
10846
10839
10828
10823
10805
10798
10756
10737
10716
10635
10630
10618
10613
10591
10585
10583
10541
10535
10505
10501
10481
10361
10356
10329
10325
10316
10302
10277
10275
10258
10125
10125
10055
10051
10043
10034
9993
9969
9967
9947
9916
9908
9847
9779
9747
9733
9716
9634
9603
9601
9580
9557
9556
9541
9529
9464
9461
9459
9448
9422
9382
9369
9303
9269
9239
9237
9235
9196
9191
9184
9176
9162
9146
9128
9115
8988
8857
8808
8803
8795
8787
8706
8697
8691
8625
8613
8601
8585
8569
8562
8521
8510
8474
8467
8451
8417
8326
8324
8310
8239
8154
8138
8121
8070
8030
8004
7902
7878
7741
7737
7704
7502
7466
7417
7415
7356
7330
7309
7308
7294
7266
7235
7205
7200
7179
7144
7136
7103
7028
7014
7003
6998
6936
6890
6789
6769
6768
6753
6618
6605
6589
6586
6574
6548
6495
6474
6417
6366
6232
6222
6201
6150
6119
6094
6011
5949
5945
5925
5859
5846
5830
5796
5738
5686
5565
5493
5492
5470
5435
5321
5253
5246
5236
5138
5129
5123
5107
5093
5084
5065
5063
5062
5043
5042
5009
4968
4919
4839
4835
4834
4753
4701
4694
4552
4530
4529
4513
4451
4432
4403
4387
4386
4368
4320
4314
4313
4265
4261
4260
4258
4225
4148
4075
4070
4008
3951
3943
3890
3848
3838
3814
3784
3700
3696
3690
3648
3583
3547
3526
3257
3211
3203
3195
3180
3146
3082
2909
2895
2873
2833
2810
2793
2750
2722
2697
2682
2644
2631
2630
2480
2435
2404
2368
2365
2336
2274
2223
2200
2191
2162
2139
2139
2122
2110
2055
2038
2037
2005
1975
1950
1936
1932
1885
1864
1854
1831
1829
1782
1773
1718
1695
1640
1609
1599
1484
1436
1421
1368
1360
1351
1335
1280
1261
1230
1228
1043
1038
1005
955
918
866
840
827
816
786
734
689
655
604
595
561
555
555
528
461
434
397
387
370
350
343
284
269
259
206
187
78
63
54
