32738
32729
32716
32692
32662
32594
32587
32580
32559
32504
32461
32419
32413
32411
32403
32379
32354
32290
32217
32166
32127
32117
32052
32005
32004
32000
31979
31943
31935
31834
31814
31770
31700
31633
31605
31583
31523
31472
31428
31354
31350
31338
31337
31291
31284
31281
31256
31252
31126
31085
30992
30963
30947
30943
30924
30909
30908
30885
30874
30848
30812
30808
30803
30748
30745
30652
30640
30628
30607
30588
30562
30534
30478
30475
30414
30260
30198
30182
30081
30036
30024
29965
29946
29941
29888
29777
29760
29758
29748
29747
29718
29692
29670
29591
29555
29553
29547
29461
29362
29358
29350
29338
29271
29232
29214
29185
29089
29054
29019
28949
28896
28802
28780
28724
28623
28555
28509
28503
28437
28434
28432
28427
28330
28308
28294
28234
28219
28217
28216
28209
28088
28023
28013
27970
27875
27844
27782
27770
27764
27698
27604
27559
27554
27535
27501
27476
27426
27421
27417
27377
27335
27328
27267
27201
27165
27148
27140
27052
27043
27031
27025
27021
27012
27002
26984
26964
26956
26832
26820
26814
26799
26741
26672
26637
26637
26613
26491
26454
26441
26435
26404
26377
26348
26339
26329
26302
26288
26244
26227
26128
26115
26103
25944
25898
25897
25857
25855
25843
25801
25717
25691
25679
25678
25635
25633
25607
25596
25554
25533
25506
25505
25481
25477
25434
25398
25395
25390
25334
25329
25276
25230
25213
25204
25191
25185
25184
25164
25123
25114
25100
25059
24993
24985
24950
24937
24896
24870
24840
24833
24826
24805
24800
24792
24786
24681
24583
24542
24501
24481
24468
24442
24429
24422
24391
24384
24330
24329
24328
24307
24302
24268
24256
24230
24230
24219
24213
24194
24177
24151
24116
24038
23978
23894
23846
23777
23770
23718
23702
23677
23655
23618
23531
23513
23510
23456
23455
23417
23394
23390
23326
23277
23243
23216
23181
23180
23169
23084
23046
23043
23009
22942
22936
22935
22894
22875
22871
22862
22825
22796
22682
22623
22604
22602
22583
22561
22541
22533
22310
22281
22194
22189
22176
22134
22112
22084
22045
22026
21983
21979
21971
21954
21900
21888
21822
21766
21760
21757
21742
21646
21586
21543
21409
21343
21325
21293
21193
21154
21148
21069
20996
20977
20949
20911
20842
20836
20820
20798
20796
20757
20749
20725
20700
20685
20636
20577
20555
20474
20469
20400
20365
20323
20305
20256
20237
20233
20215
20193
20173
20163
20156
20154
20128
20120
20088
20063
19982
19978
19913
19870
19865
19806
19803
19769
19757
19741
19652
19640
19632
19630
19621
19575
19555
19527
19464
19433
19424
19390
19310
19278
19270
19249
19193
19173
19165
19117
19105
19065
19030
19021
18870
18850
18820
18783
18750
18736
18734
18690
18675
18613
18567
18567
18536
18525
18493
18485
18282
18211
18100
18078
18068
18045
18019
17950
17946
17906
17906
17834
17828
17796
17765
17734
17579
17496
17319
17268
17024
17012
17007
16997
16982
16939
16924
16921
16877
16865
16835
16828
16770
16740
16718
16708
16697
16682
16677
16642
16635
16539
16539
16481
16463
16452
16431
16405
16286
16286
16275
16274
16243
16217
16216
16202
16134
16090
16076
16051
16042
16027
16024
15970
15856
15850
15817
15791
15765
15737
15685
15669
15579
15515
15487
15440
15422
15115
15069
15047
14947
14884
14829
14817
14808
14795
14788
14780
14779
14748
14698
14695
14680
14673
14665
14570
14533
14369
14271
14266
14252
14224
14210
14175
14170
14154
14144
14089
14071
14062
13999
13996
13939
13884
13876
13833
13787
13757
13738
13727
13697
13674
13669
13613
13585
13571
13533
13460
13455
13447
13405
13377
13347
13241
13190
13173
13157
13140
13099
13096
13018
12993
12966
12955
12853
12810
12765
12738
12727
12720
12673
12661
12657
12648
12634
12585
12503
12503
12429
12428
12427
12412
12385
12349
12323
12231
12177
12173
12129
12070
11993
11956
11926
11915
11900
11855
11852
11779
11774
11689
11680
11632
11591
11577
11572
11559
11518
11391
11365
11353
11333
11276
11256
11251
11250
11133
11125
11100
11031
11019
10988
10939
10916
10893
10883
10825
10819
10812
10791
10790
10784
10779
10732
10680
10648
10626
10604
10570
10490
10457
10436
10424
10400
10381
10361
10353
10341
10326
10279
10212
10204
10184
10176
9995
9960
9905
9851
9800
9570
9567
9563
9509
9502
9496
9492
9475
9460
9419
9394
9344
9317
9307
9306
9195
9175
9162
9139
9074
9066
9021
9021
8886
8859
8843
8829
8781
8693
8646
8609
8605
8594
8583
8561
8558
8526
8468
8426
8397
8365
8325
8280
8202
8201
8187
8172
8059
8013
7976
7964
7840
7772
7755
7746
7741
7728
7703
7693
7677
7661
7654
7639
7598
7577
7539
7509
7423
7360
7293
7223
7203
7181
7097
7047
7029
7005
6983
6968
6933
6925
6870
6858
6846
6844
6829
6811
6801
6703
6655
6637
6629
6625
6624
6564
6543
6530
6442
6395
6372
6369
6350
6330
6318
6312
6299
6217
6212
6206
6109
6075
6027
6026
6025
5968
5954
5882
5870
5846
5797
5708
5695
5673
5637
5637
5536
5514
5512
5480
5455
5430
5395
5363
5262
5258
5253
5251
5243
5201
5149
5144
5143
5127
5050
5033
5027
5026
4924
4884
4861
4860
4731
4693
4675
4668
4636
4617
4572
4570
4560
4554
4553
4485
4477
4454
4421
4407
4373
4358
4342
4312
4304
4294
4260
4237
4133
4074
4035
4028
4008
3973
3810
3778
3761
3760
3757
3757
3685
3643
3641
3583
3560
3509
3498
3488
3475
3467
3457
3422
3410
3403
3395
3380
3365
3352
3326
3312
3269
3258
3242
3240
3225
3217
3212
3196
3196
3140
3103
3094
3089
3089
3051
2957
2883
2859
2846
2810
2747
2725
2702
2680
2664
2652
2538
2536
2494
2489
2468
2420
2360
2331
2328
2293
2289
2271
2246
2216
2178
2171
2063
2024
1986
1904
1830
1798
1762
1729
1659
1646
1575
1570
1533
1524
1506
1506
1328
1312
1303
1284
1272
1271
1270
1265
1262
1245
1236
1232
1184
1136
1120
1057
1037
1031
1013
1010
1000
984
976
974
943
932
887
875
867
855
813
773
773
730
729
669
582
526
505
471
449
433
347
329
306
279
266
238
197
193
177
170
149
149
132
123
65
30
12
6
0
