2
2
3
4
9
9
20
30
38
38
41
42
43
46
62
63
74
74
74
77
78
81
82
83
86
96
96
96
96
102
103
104
110
111
112
117
128
129
141
142
142
150
159
159
160
161
165
165
166
170
179
181
183
188
191
194
198
199
200
200
204
204
205
207
211
212
213
215
225
225
226
228
232
233
238
241
242
243
252
252
257
259
263
278
278
279
280
284
287
296
296
297
299
300
301
305
306
307
309
320
322
323
325
325
326
331
335
335
335
342
342
343
348
349
350
352
355
357
359
365
366
370
373
374
377
377
381
382
382
388
402
402
404
405
406
408
409
411
415
417
417
418
419
435
436
443
448
452
452
453
458
461
464
465
468
470
473
474
477
479
479
482
485
487
496
502
503
504
506
517
519
524
532
539
547
549
550
552
560
563
564
565
571
573
573
574
575
581
583
588
588
598
598
607
612
617
619
624
628
632
639
642
644
645
649
660
665
668
668
670
670
672
673
673
676
677
680
682
683
684
684
687
688
693
695
695
695
698
698
703
705
717
718
722
723
726
730
736
739
740
742
749
751
752
753
754
755
758
761
770
773
773
787
792
794
795
798
803
806
809
811
812
813
813
816
818
820
821
828
829
831
835
839
842
853
853
856
858
866
871
878
881
884
888
890
898
901
903
903
905
907
911
925
933
937
939
939
940
947
949
952
954
955
960
965
973
978
991
993
993
1000
1003
1006
1006
1007
1008
1010
1021
1024
1025
1030
1034
1037
1041
1041
1044
1048
1060
1060
1061
1063
1064
1064
1067
1069
1074
1079
1080
1085
1086
1087
1089
1091
1092
1099
1102
1102
1103
1109
1113
1116
1117
1117
1123
1127
1129
1136
1150
1152
1156
1158
1161
1164
1167
1167
1168
1170
1174
1175
1192
1196
1197
1203
1205
1220
1224
1226
1227
1230
1231
1236
1239
1245
1248
1251
1253
1258
1259
1259
1269
1276
1277
1282
1288
1290
1294
1298
1301
1301
1304
1305
1310
1312
1320
1330
1332
1333
1334
1345
1348
1349
1351
1351
1352
1353
1357
1357
1358
1361
1361
1371
1386
1388
1396
1398
1403
1403
1407
1414
1421
1421
1422
1424
1430
1430
1431
1440
1449
1459
1470
1473
1475
1479
1482
1485
1491
1500
1502
1508
1520
1520
1523
1523
1527
1528
1539
1545
1548
1554
1555
1557
1560
1567
1571
1575
1575
1579
1581
1587
1589
1593
1597
1604
1605
1606
1607
1608
1610
1611
1613
1617
1622
1645
1646
1648
1667
1673
1676
1676
1679
1684
1685
1687
1690
1691
1691
1693
1700
1700
1705
1720
1722
1725
1727
1728
1737
1742
1743
1753
1755
1762
1763
1764
1766
1771
1773
1780
1788
1791
1795
1795
1797
1800
1801
1801
1805
1806
1807
1809
1812
1812
1813
1813
1818
1819
1825
1828
1837
1838
1845
1847
1852
1855
1865
1865
1869
1871
1875
1878
1879
1881
1881
1888
1895
1896
1897
1897
1910
1912
1919
1920
1925
1929
1932
1934
1937
1937
1938
1939
1940
1945
1945
1948
1949
1950
1951
1952
1959
1962
1964
1967
1969
1969
1973
1973
1974
1978
1992
1997
1998
2002
2012
2013
2017
2018
2022
2022
2023
2024
2026
2027
2028
2034
2035
2035
2036
2043
2051
2052
2052
2056
2056
2057
2061
2063
2066
2069
2074
2079
2082
2085
2088
2090
2093
2093
2094
2098
2099
2101
2104
2105
2105
2106
2107
2108
2109
2113
2121
2125
2131
2133
2133
2134
2134
2136
2138
2141
2144
2144
2148
2159
2161
2162
2164
2165
2177
2189
2191
2192
2195
2196
2198
2201
2201
2211
2219
2226
2226
2227
2228
2230
2234
2250
2254
2255
2258
2263
2264
2265
2265
2269
2269
2270
2272
2272
2273
2273
2274
2276
2284
2285
2288
2289
2296
2301
2305
2306
2309
2310
2312
2316
2317
2319
2324
2325
2325
2330
2330
2335
2337
2340
2341
2344
2348
2351
2357
2358
2360
2362
2363
2366
2366
2373
2373
2375
2375
2377
2379
2380
2387
2390
2400
2404
2418
2421
2428
2436
2438
2441
2441
2443
2446
2449
2451
2455
2459
2467
2474
2475
2481
2483
2483
2490
2499
2505
2509
2510
2513
2513
2514
2516
2517
2523
2524
2525
2528
2532
2536
2538
2538
2539
2543
2550
2551
2563
2566
2572
2574
2574
2580
2587
2591
2592
2598
2601
2606
2611
2611
2612
2612
2613
2613
2615
2615
2621
2623
2623
2624
2624
2626
2631
2646
2651
2657
2658
2661
2664
2667
2668
2672
2673
2675
2676
2688
2697
2699
2701
2705
2709
2714
2716
2716
2718
2718
2730
2734
2736
2744
2751
2753
2758
2766
2771
2779
2785
2789
2790
2791
2793
2794
2797
2798
2801
2804
2807
2808
2814
2819
2827
2832
2834
2835
2835
2839
2841
2842
2845
2848
2851
2855
2856
2857
2859
2863
2864
2867
2870
2871
2882
2887
2892
2892
2892
2894
2895
2898
2903
2904
2910
2920
2921
2928
2928
2929
2933
2936
2945
2951
2952
2952
2952
2955
2958
2961
2967
2969
2970
2975
2980
2981
2985
2988
2992
2993
2994
2994
2996
2996
2996
2997
2997
2997
3000
3001
3003
3004
3005
3008
3010
3011
3015
3016
3028
3029
3032
3033
3039
3044
3045
3048
3049
3051
3053
3060
3063
3073
3074
3084
3085
3087
3092
3092
3093
3109
3115
3119
3123
3124
3125
3126
3126
3130
3134
3137
3138
3139
3140
3145
3149
3151
3160
3182
3194
3195
3204
3205
3216
3225
3227
3235
3236
3237
3237
3238
3242
3245
3245
3246
3248
3249
3255
3256
3260
3261
3261
3266
3266
3270
3275
3285
3290
3291
3292
3296
3308
3308
3310
3313
3315
3319
3323
3328
3330
3332
3338
3341
3341
3343
3348
3348
3352
3353
3356
3372
3373
3379
3381
3381
3382
3383
3389
3391
3395
3399
3406
3408
3411
3416
3418
3421
3434
3436
3436
3443
3443
3443
3444
3444
3444
3454
3458
3460
3462
3464
3464
3472
3488
3491
3491
3492
3493
3498
3504
3505
3516
3517
3517
3518
3525
3531
3532
3533
3545
3549
3549
3558
3559
3559
3566
3568
3570
3572
3573
3577
3578
3582
3587
3598
3600
3601
3602
3604
3606
3609
3614
3614
3619
3623
3630
3632
3645
3651
3658
3666
3667
3667
3669
3677
3677
3680
3682
3684
3685
3688
3693
3709
3722
3727
3733
3739
3743
3744
3745
3749
3753
3755
3763
3766
3766
3767
3768
3770
3771
3774
3776
3780
3782
3783
3788
3788
3803
3807
3808
3809
3827
3827
3829
3830
3831
3832
3833
3838
3839
3839
3845
3846
3859
3860
3871
3873
3883
3887
3891
3897
3900
3900
3900
3902
3906
3907
3909
3910
3912
3914
3915
3921
3923
3926
3926
3950
3956
3964
3971
3974
3975
3976
3985
3987
3988
3989
3992
3993
4000
4003
4003
4003
4010
4014
4015
4016
4018
4018
4020
4024
4026
4029
4036
4037
4038
4042
4050
4052
4055
4057
4057
4062
4066
4067
4072
4080
4084
4087
4091
4099
4100
4100
4101
4104
4107
4109
4109
4111
4112
4125
4127
4132
4134
4137
4141
4141
4146
4150
4152
4153
4157
4158
4159
4163
4173
4191
4195
4203
4205
4208
4208
4212
4213
4215
4216
4221
4222
4223
4224
4228
4229
4234
4235
4237
4238
4244
4245
4248
4254
4255
4256
4256
4257
4261
4262
4282
4282
4284
4292
4293
4299
4301
4306
4308
4309
4312
4327
4330
4341
4349
4352
4357
4357
4360
4370
4371
4371
4372
4375
4378
4379
4381
4381
4383
4387
4388
4390
4392
4395
4397
4398
4399
4401
4402
4403
4406
4407
4410
4413
4414
4420
4420
4421
4433
4434
4435
4436
4438
4441
4442
4452
4456
4458
4461
4463
4463
4470
4474
4474
4478
4481
4482
4489
4491
4496
4503
4504
4505
4505
4509
4511
4512
4513
4514
4515
4518
4519
4519
4520
4521
4523
4533
4534
4535
4538
4539
4541
4543
4551
4552
4562
4566
4570
4573
4575
4577
4581
4588
4590
4596
4600
4601
4614
4616
4617
4619
4619
4622
4624
4627
4633
4642
4646
4648
4663
4664
4665
4666
4668
4669
4670
4670
4670
4672
4674
4676
4678
4680
4682
4687
4687
4688
4691
4692
4693
4696
4698
4699
4706
4714
4720
4724
4727
4728
4740
4741
4743
4744
4747
4751
4752
4754
4756
4763
4766
4769
4770
4780
4781
4781
4783
4784
4785
4786
4786
4787
4789
4790
4790
4791
4793
4796
4803
4804
4809
4816
4816
4822
4831
4831
4834
4839
4840
4842
4844
4845
4846
4848
4865
4865
4869
4869
4875
4880
4880
4886
4896
4899
4902
4908
4912
4912
4917
4917
4920
4925
4931
4939
4940
4941
4943
4952
4953
4954
4958
4959
4962
4963
4965
4967
4973
4975
4977
4978
4980
4984
4985
4985
4986
4990
4998
4999
5007
5008
5008
5009
5011
5012
5012
5018
5022
5025
5033
5034
5037
5039
5041
5042
5042
5044
5048
5050
5059
5061
5062
5064
5067
5069
5076
5077
5080
5081
5082
5084
5085
5086
5086
5092
5101
5116
5123
5128
5129
5134
5134
5134
5136
5137
5141
5144
5145
5146
5149
5150
5157
5158
5158
5164
5169
5179
5185
5189
5189
5192
5201
5205
5207
5209
5218
5222
5225
5226
5228
5239
5247
5253
5254
5264
5269
5275
5280
5285
5287
5289
5290
5290
5297
5298
5300
5300
5301
5307
5307
5314
5317
5319
5320
5320
5321
5321
5322
5326
5327
5328
5335
5340
5351
5358
5358
5359
5363
5364
5368
5371
5374
5376
5381
5385
5387
5403
5406
5418
5419
5422
5428
5430
5432
5435
5438
5442
5443
5454
5458
5459
5461
5462
5468
5473
5477
5478
5479
5486
5487
5491
5493
5502
5503
5526
5527
5527
5531
5533
5535
5536
5537
5547
5548
5553
5557
5558
5569
5571
5574
5575
5579
5588
5595
5599
5600
5604
5604
5605
5607
5607
5608
5609
5610
5610
5613
5613
5614
5614
5618
5619
5624
5625
5632
5636
5637
5637
5640
5646
5647
5652
5652
5653
5654
5656
5659
5660
5660
5661
5666
5670
5671
5673
5677
5679
5680
5683
5690
5692
5693
5699
5703
5705
5708
5709
5710
5711
5726
5727
5728
5735
5735
5737
5738
5741
5741
5742
5742
5744
5747
5747
5748
5749
5753
5754
5755
5756
5756
5759
5766
5773
5778
5779
5781
5785
5791
5792
5803
5803
5804
5809
5820
5820
5824
5830
5834
5841
5845
5846
5852
5857
5866
5868
5868
5885
5888
5890
5896
5900
5901
5905
5908
5910
5912
5919
5925
5936
5938
5940
5941
5942
5944
5945
5947
5950
5954
5958
5963
5964
5965
5966
5967
5972
5978
5978
5981
5982
5983
5984
5984
5986
5989
5993
5994
5999
6001
6004
6004
6011
6011
6016
6017
6018
6018
6026
6027
6030
6036
6037
6040
6045
6046
6049
6051
6062
6063
6064
6069
6070
6075
6077
6080
6081
6085
6089
6091
6092
6093
6096
6097
6101
6102
6104
6113
6117
6120
6124
6127
6128
6134
6135
6140
6140
6142
6146
6153
6154
6158
6159
6165
6166
6170
6177
6179
6181
6183
6191
6191
6192
6195
6199
6211
6216
6217
6219
6221
6223
6237
6240
6243
6244
6245
6246
6249
6253
6258
6268
6271
6274
6275
6275
6275
6281
6283
6284
6287
6291
6295
6301
6303
6306
6308
6315
6319
6319
6323
6324
6326
6327
6330
6330
6331
6333
6335
6339
6339
6340
6344
6346
6351
6351
6352
6357
6363
6364
6365
6369
6372
6375
6394
6394
6396
6396
6403
6403
6403
6406
6413
6419
6420
6425
6426
6430
6431
6433
6433
6435
6436
6444
6445
6447
6449
6450
6450
6452
6455
6458
6459
6461
6463
6466
6467
6468
6472
6481
6485
6486
6489
6491
6505
6505
6506
6513
6518
6520
6531
6532
6532
6537
6541
6544
6545
6545
6548
6551
6551
6556
6559
6562
6562
6562
6567
6572
6573
6575
6577
6577
6586
6590
6593
6598
6606
6609
6614
6623
6624
6630
6631
6635
6639
6645
6655
6656
6659
6660
6661
6661
6663
6671
6673
6678
6682
6684
6685
6688
6689
6689
6690
6690
6691
6691
6693
6695
6698
6706
6707
6707
6711
6713
6718
6719
6721
6723
6724
6727
6727
6730
6734
6736
6739
6740
6751
6794
6801
6802
6804
6804
6811
6823
6823
6823
6824
6825
6825
6827
6837
6842
6844
6849
6850
6878
6879
6886
6892
6893
6893
6893
6894
6894
6899
6901
6902
6905
6907
6908
6916
6918
6919
6929
6936
6938
6939
6940
6941
6944
6946
6955
6956
6956
6957
6959
6959
6960
6962
6964
6970
6970
6974
6978
6981
6986
6991
6999
7003
7010
7010
7011
7012
7014
7022
7024
7025
7026
7027
7028
7029
7037
7040
7042
7042
7050
7058
7058
7062
7066
7080
7080
7081
7090
7100
7100
7101
7103
7107
7107
7110
7115
7118
7118
7121
7122
7122
7135
7139
7145
7147
7153
7155
7157
7159
7160
7161
7162
7167
7170
7172
7173
7178
7189
7205
7206
7207
7212
7217
7226
7235
7235
7241
7241
7242
7245
7248
7249
7250
7250
7253
7256
7257
7258
7262
7266
7267
7269
7273
7277
7278
7285
7288
7291
7299
7299
7302
7306
7308
7315
7321
7321
7322
7323
7325
7330
7330
7330
7348
7352
7353
7358
7361
7362
7365
7370
7374
7374
7374
7375
7382
7385
7385
7386
7387
7388
7401
7406
7415
7421
7422
7422
7425
7425
7431
7433
7445
7447
7458
7458
7460
7468
7470
7472
7476
7481
7486
7487
7488
7489
7496
7510
7510
7511
7511
7515
7518
7518
7528
7529
7534
7539
7540
7545
7549
7554
7556
7560
7573
7576
7589
7590
7590
7598
7601
7606
7611
7614
7625
7627
7629
7640
7645
7646
7649
7649
7655
7658
7664
7669
7669
7673
7675
7678
7685
7686
7688
7689
7692
7695
7696
7698
7698
7701
7702
7702
7706
7707
7708
7714
7716
7716
7720
7721
7725
7727
7736
7737
7738
7738
7739
7745
7750
7750
7751
7754
7755
7759
7760
7761
7766
7767
7771
7777
7779
7781
7782
7782
7795
7801
7804
7806
7826
7831
7836
7838
7840
7843
7843
7845
7846
7851
7854
7858
7859
7859
7870
7873
7887
7887
7890
7892
7900
7900
7901
7907
7913
7915
7918
7918
7919
7922
7930
7939
7943
7948
7963
7968
7972
7974
7977
7981
7984
7985
7987
8006
8013
8017
8019
8022
8034
8036
8043
8043
8044
8046
8081
8083
8089
8093
8094
8095
8107
8116
8117
8117
8120
8121
8129
8131
8136
8139
8145
8148
8150
8154
8155
8157
8158
8170
8170
8170
8172
8173
8186
8188
8191
8201
8201
8204
8204
8205
8210
8210
8212
8217
8221
8225
8230
8232
8235
8237
8239
8245
8249
8252
8256
8261
8261
8264
8265
8278
8278
8280
8285
8286
8292
8296
8303
8309
8310
8315
8316
8319
8321
8323
8325
8325
8330
8333
8337
8345
8346
8348
8349
8349
8356
8363
8364
8365
8372
8382
8384
8386
8387
8394
8396
8396
8402
8404
8405
8410
8413
8417
8423
8429
8429
8431
8431
8437
8440
8443
8448
8448
8452
8453
8454
8454
8457
8458
8463
8463
8466
8466
8484
8487
8489
8494
8497
8499
8500
8506
8511
8514
8516
8517
8520
8522
8522
8526
8526
8533
8534
8536
8537
8538
8539
8543
8544
8545
8547
8547
8554
8557
8561
8563
8563
8565
8565
8567
8571
8573
8575
8575
8578
8579
8580
8580
8581
8583
8587
8590
8591
8595
8608
8609
8615
8617
8623
8635
8640
8645
8648
8650
8654
8657
8660
8663
8665
8670
8670
8671
8672
8674
8674
8676
8679
8685
8689
8694
8696
8702
8702
8704
8706
8707
8708
8711
8717
8718
8719
8723
8723
8726
8740
8743
8744
8745
8753
8756
8757
8757
8757
8760
8760
8764
8766
8770
8770
8771
8774
8778
8784
8787
8788
8792
8793
8799
8801
8814
8815
8817
8818
8819
8821
8822
8828
8842
8842
8845
8845
8851
8855
8859
8868
8872
8872
8874
8874
8875
8876
8876
8882
8893
8895
8896
8904
8907
8911
8915
8919
8919
8921
8923
8932
8936
8937
8938
8939
8942
8947
8951
8953
8957
8962
8966
8969
8970
8971
8980
8983
8985
8986
8989
8991
8995
8996
9001
9002
9002
9004
9005
9008
9009
9010
9010
9011
9014
9020
9020
9023
9031
9035
9047
9055
9057
9060
9066
9068
9069
9072
9075
9079
9079
9079
9085
9085
9089
9092
9100
9100
9108
9114
9114
9114
9116
9121
9126
9127
9129
9130
9136
9137
9150
9158
9159
9160
9167
9168
9168
9169
9177
9179
9187
9188
9190
9190
9197
9198
9199
9200
9205
9207
9208
9211
9215
9216
9217
9218
9224
9225
9236
9244
9247
9249
9253
9254
9255
9256
9263
9264
9267
9269
9271
9274
9275
9277
9297
9303
9304
9308
9314
9317
9318
9318
9319
9321
9322
9322
9323
9330
9331
9332
9333
9335
9342
9344
9349
9354
9356
9363
9367
9367
9368
9369
9371
9377
9378
9379
9379
9382
9396
9397
9398
9398
9399
9401
9411
9412
9423
9426
9429
9430
9432
9448
9452
9457
9459
9460
9461
9465
9467
9468
9469
9481
9487
9491
9492
9492
9497
9499
9505
9505
9507
9507
9520
9522
9527
9532
9538
9543
9544
9545
9551
9554
9555
9557
9558
9566
9571
9577
9582
9586
9592
9601
9602
9603
9607
9612
9613
9617
9624
9624
9626
9632
9634
9636
9636
9637
9650
9657
9657
9657
9658
9658
9667
9670
9682
9684
9685
9695
9700
9705
9705
9705
9707
9718
9719
9738
9741
9742
9742
9745
9746
9753
9757
9758
9761
9761
9761
9766
9767
9768
9770
9774
9779
9779
9780
9784
9787
9792
9798
9801
9806
9807
9810
9811
9814
9817
9823
9825
9826
9829
9831
9831
9839
9841
9842
9849
9852
9863
9864
9865
9883
9887
9888
9891
9892
9895
9898
9908
9909
9919
9920
9926
9931
9937
9941
9942
9943
9945
9945
9946
9950
9951
9955
9955
9959
9963
9967
9967
9969
9974
9981
9989
9993
9996
9997
10001
10005
10010
10013
10014
10016
10020
10020
10026
10028
10031
10043
10046
10052
10054
10058
10067
10068
10069
10069
10071
10082
10089
10089
10092
10097
10097
10099
10103
10104
10112
10117
10128
10136
10138
10142
10145
10146
10151
10151
10156
10156
10159
10161
10163
10168
10169
10179
10193
10196
10197
10199
10202
10207
10220
10222
10226
10228
10232
10236
10237
10243
10246
10260
10260
10267
10267
10270
10271
10277
10278
10286
10287
10287
10289
10292
10295
10295
10296
10296
10298
10305
10314
10317
10318
10321
10323
10323
10324
10326
10334
10344
10344
10345
10348
10351
10351
10354
10354
10355
10365
10372
10373
10373
10373
10377
10379
10379
10381
10382
10383
10385
10387
10388
10389
10390
10396
10400
10404
10404
10409
10410
10420
10423
10424
10436
10440
10441
10451
10453
10461
10462
10463
10465
10467
10468
10468
10470
10473
10475
10476
10480
10484
10487
10492
10493
10495
10496
10497
10503
10513
10521
10524
10532
10535
10540
10546
10547
10554
10555
10555
10561
10562
10569
10571
10572
10573
10577
10580
10581
10583
10584
10585
10589
10590
10591
10594
10595
10596
10596
10603
10606
10609
10611
10612
10618
10619
10624
10625
10627
10632
10634
10639
10643
10647
10655
10663
10664
10666
10672
10673
10676
10676
10679
10681
10682
10683
10683
10684
10684
10695
10703
10703
10705
10707
10715
10715
10716
10717
10718
10727
10731
10738
10740
10741
10743
10743
10744
10746
10749
10752
10753
10755
10755
10761
10766
10770
10770
10771
10771
10772
10776
10785
10786
10786
10796
10796
10797
10798
10801
10803
10804
10807
10812
10817
10826
10827
10827
10836
10837
10838
10840
10844
10846
10846
10848
10848
10853
10855
10856
10856
10858
10864
10867
10875
10876
10884
10884
10888
10896
10899
10900
10902
10902
10903
10912
10914
10918
10920
10920
10929
10939
10941
10942
10945
10948
10949
10950
10956
10962
10965
10966
10977
10977
10978
10981
10983
10987
10988
10988
10995
10995
10997
11002
11004
11006
11008
11011
11015
11016
11019
11022
11027
11028
11032
11032
11034
11035
11037
11043
11049
11051
11056
11056
11058
11058
11059
11061
11065
11084
11084
11087
11092
11093
11100
11101
11101
11102
11105
11107
11111
11112
11115
11126
11128
11130
11131
11138
11139
11141
11145
11145
11148
11150
11150
11156
11163
11165
11166
11169
11169
11172
11173
11173
11175
11180
11184
11187
11188
11190
11197
11207
11210
11211
11224
11224
11234
11234
11238
11241
11242
11242
11251
11255
11257
11261
11262
11262
11262
11265
11266
11268
11268
11272
11274
11276
11281
11284
11284
11294
11296
11303
11303
11303
11311
11316
11317
11320
11325
11328
11334
11337
11337
11338
11339
11339
11343
11350
11351
11353
11355
11356
11359
11364
11366
11370
11373
11378
11383
11385
11387
11389
11389
11392
11396
11398
11403
11403
11405
11407
11410
11415
11427
11430
11432
11436
11438
11442
11448
11454
11459
11462
11462
11466
11467
11475
11485
11490
11491
11491
11495
11498
11499
11502
11507
11510
11512
11522
11528
11528
11528
11529
11534
11536
11538
11541
11542
11544
11557
11563
11564
11565
11574
11582
11588
11592
11593
11594
11598
11598
11605
11611
11613
11616
11617
11619
11626
11627
11634
11634
11635
11637
11638
11638
11642
11643
11646
11649
11651
11651
11651
11653
11657
11659
11664
11664
11669
11673
11682
11683
11685
11687
11688
11708
11712
11718
11727
11730
11733
11734
11744
11744
11746
11750
11753
11757
11760
11763
11765
11766
11772
11776
11779
11780
11788
11790
11794
11799
11801
11803
11804
11807
11813
11819
11821
11822
11826
11827
11827
11827
11831
11832
11834
11836
11836
11843
11843
11848
11851
11851
11857
11858
11862
11865
11865
11869
11881
11886
11896
11898
11900
11902
11907
11916
11924
11925
11928
11931
11934
11936
11937
11937
11944
11949
11950
11955
11957
11959
11981
11983
11987
11988
11991
11997
12001
12007
12009
12012
12012
12019
12020
12021
12029
12039
12048
12051
12053
12061
12066
12067
12071
12073
12074
12075
12079
12086
12089
12091
12096
12098
12099
12101
12105
12106
12106
12111
12111
12116
12116
12120
12128
12135
12142
12142
12144
12148
12152
12153
12166
12176
12178
12180
12182
12184
12185
12189
12201
12211
12212
12212
12214
12220
12221
12224
12231
12234
12234
12236
12240
12241
12249
12251
12251
12252
12252
12258
12260
12260
12261
12262
12265
12266
12267
12267
12269
12275
12277
12280
12281
12281
12282
12291
12291
12292
12294
12297
12300
12304
12309
12311
12320
12322
12325
12326
12327
12328
12330
12332
12340
12340
12343
12344
12346
12347
12348
12348
12348
12350
12353
12355
12366
12382
12384
12386
12388
12389
12395
12396
12399
12400
12402
12403
12404
12404
12407
12408
12412
12415
12420
12421
12426
12430
12434
12435
12436
12443
12447
12447
12448
12452
12456
12457
12458
12460
12461
12467
12467
12474
12474
12477
12477
12483
12484
12501
12502
12502
12506
12508
12509
12510
12515
12516
12519
12525
12525
12527
12533
12543
12544
12545
12546
12550
12555
12556
12557
12561
12561
12563
12564
12567
12578
12579
12585
12587
12588
12589
12592
12593
12599
12601
12604
12605
12606
12607
12614
12617
12618
12620
12621
12622
12630
12630
12635
12644
12646
12651
12652
12659
12664
12666
12668
12668
12668
12669
12674
12681
12684
12686
12693
12696
12707
12713
12713
12715
12715
12717
12727
12728
12732
12736
12740
12743
12743
12744
12744
12746
12746
12750
12751
12752
12755
12756
12760
12761
12775
12779
12781
12782
12788
12793
12803
12806
12809
12814
12816
12820
12821
12822
12822
12824
12826
12828
12830
12830
12831
12834
12835
12838
12843
12845
12854
12854
12855
12856
12868
12869
12878
12888
12889
12889
12891
12891
12899
12899
12900
12901
12902
12903
12905
12906
12911
12912
12925
12926
12927
12932
12939
12942
12943
12943
12950
12955
12959
12961
12964
12966
12967
12968
12973
12974
12974
12976
12980
12983
12983
12990
12994
12994
12996
12996
12998
12999
13001
13001
13002
13005
13008
13008
13009
13015
13015
13019
13020
13023
13025
13026
13032
13037
13040
13043
13045
13057
13058
13061
13062
13063
13063
13074
13075
13079
13080
13087
13090
13090
13094
13096
13100
13101
13111
13114
13120
13122
13132
13134
13139
13141
13152
13158
13158
13168
13175
13184
13186
13188
13190
13199
13200
13200
13207
13212
13213
13218
13220
13223
13223
13233
13237
13239
13240
13250
13252
13253
13255
13259
13259
13265
13281
13284
13287
13287
13289
13298
13300
13301
13305
13307
13309
13313
13314
13320
13326
13327
13329
13331
13334
13335
13336
13337
13342
13349
13349
13357
13359
13359
13359
13362
13369
13377
13379
13381
13383
13383
13386
13387
13390
13404
13409
13410
13415
13419
13426
13428
13433
13435
13440
13443
13449
13457
13467
13468
13471
13472
13481
13488
13490
13494
13494
13497
13500
13502
13503
13504
13515
13516
13516
13516
13520
13521
13527
13532
13533
13533
13536
13537
13538
13538
13539
13553
13566
13566
13569
13569
13572
13573
13581
13581
13583
13584
13585
13586
13586
13587
13594
13594
13596
13598
13601
13611
13614
13617
13620
13626
13626
13629
13634
13637
13638
13643
13644
13646
13648
13651
13651
13658
13660
13661
13663
13664
13675
13676
13676
13677
13682
13682
13689
13694
13698
13702
13704
13707
13709
13712
13713
13716
13718
13723
13729
13735
13737
13739
13741
13745
13751
13754
13755
13755
13759
13761
13766
13766
13771
13772
13777
13782
13785
13790
13793
13795
13796
13796
13797
13801
13806
13808
13809
13814
13823
13825
13826
13830
13833
13834
13837
13841
13854
13859
13859
13859
13861
13864
13872
13873
13873
13877
13879
13883
13885
13892
13895
13902
13904
13907
13909
13935
13936
13937
13939
13943
13945
13948
13950
13956
13963
13966
13966
13976
13980
13980
13981
13983
13983
13984
13986
13987
13991
13992
13999
14000
14007
14008
14014
14016
14020
14021
14021
14023
14024
14025
14028
14029
14032
14040
14044
14048
14050
14057
14065
14067
14070
14071
14076
14076
14078
14083
14085
14087
14088
14094
14099
14100
14101
14102
14116
14122
14126
14129
14131
14132
14132
14132
14135
14139
14147
14148
14150
14153
14156
14162
14169
14170
14172
14174
14175
14175
14188
14193
14195
14196
14197
14199
14212
14212
14218
14223
14224
14225
14233
14240
14243
14247
14250
14252
14255
14258
14258
14258
14260
14261
14262
14264
14265
14271
14274
14276
14277
14277
14283
14286
14286
14289
14296
14296
14297
14300
14305
14312
14316
14320
14323
14332
14337
14338
14342
14345
14349
14349
14350
14355
14362
14364
14367
14370
14374
14383
14383
14383
14385
14386
14386
14389
14394
14395
14404
14411
14417
14419
14420
14423
14423
14424
14435
14441
14450
14451
14451
14471
14472
14476
14477
14478
14481
14485
14488
14500
14502
14502
14505
14508
14509
14509
14511
14525
14530
14533
14533
14534
14535
14540
14540
14547
14553
14554
14554
14558
14561
14561
14562
14562
14563
14565
14565
14566
14567
14573
14574
14575
14576
14580
14581
14582
14584
14592
14595
14596
14604
14605
14610
14611
14613
14625
14634
14638
14641
14642
14650
14669
14669
14673
14673
14674
14679
14680
14687
14689
14699
14702
14704
14711
14716
14716
14728
14728
14728
14728
14732
14732
14734
14737
14742
14742
14742
14744
14746
14758
14762
14766
14767
14770
14770
14770
14777
14782
14782
14788
14789
14792
14793
14793
14796
14798
14800
14802
14808
14809
14818
14820
14821
14824
14827
14827
14832
14832
14836
14837
14839
14841
14842
14842
14843
14846
14849
14858
14859
14862
14863
14864
14865
14868
14868
14871
14872
14873
14877
14882
14891
14891
14892
14892
14896
14899
14902
14907
14916
14917
14922
14934
14939
14946
14953
14953
14953
14954
14954
14956
14968
14969
14972
14974
14976
14982
14983
14983
14990
14998
15007
15010
15016
15016
15020
15025
15026
15029
15030
15032
15034
15038
15039
15041
15050
15051
15061
15068
15074
15076
15077
15077
15080
15081
15082
15083
15090
15092
15099
15101
15106
15107
15129
15132
15132
15133
15133
15134
15139
15140
15140
15142
15143
15144
15149
15149
15154
15155
15158
15162
15162
15163
15164
15177
15184
15188
15190
15191
15191
15192
15194
15194
15202
15202
15205
15213
15214
15215
15216
15224
15227
15243
15244
15249
15251
15252
15254
15263
15263
15272
15282
15283
15283
15285
15288
15302
15303
15308
15308
15315
15318
15319
15319
15322
15322
15325
15327
15332
15343
15343
15345
15347
15351
15352
15356
15360
15361
15363
15366
15366
15373
15378
15378
15379
15383
15383
15384
15385
15385
15387
15388
15389
15394
15396
15396
15399
15400
15402
15402
15404
15406
15408
15409
15412
15415
15416
15422
15423
15429
15430
15433
15436
15444
15450
15452
15462
15463
15468
15470
15471
15472
15474
15474
15485
15489
15491
15492
15493
15494
15499
15506
15507
15508
15509
15512
15520
15521
15521
15522
15527
15528
15531
15534
15536
15538
15539
15541
15546
15546
15549
15555
15557
15558
15559
15565
15565
15566
15567
15570
15572
15585
15586
15588
15593
15600
15604
15606
15608
15608
15614
15619
15619
15622
15626
15629
15629
15634
15635
15637
15646
15648
15648
15655
15656
15659
15663
15667
15670
15686
15687
15688
15696
15698
15701
15702
15705
15706
15707
15707
15710
15721
15722
15723
15733
15745
15748
15755
15756
15760
15762
15774
15778
15786
15788
15790
15792
15797
15800
15803
15806
15806
15809
15811
15813
15814
15828
15832
15833
15834
15836
15841
15843
15843
15847
15850
15852
15855
15855
15858
15860
15865
15865
15875
15875
15884
15885
15886
15892
15903
15903
15903
15904
15908
15911
15920
15922
15923
15935
15939
15948
15951
15953
15956
15957
15965
15966
15967
15974
15980
15993
15996
15999
16004
16004
16011
16011
16017
16019
16022
16022
16030
16038
16039
16043
16044
16050
16050
16050
16056
16062
16062
16065
16066
16066
16067
16071
16074
16084
16085
16087
16087
16092
16096
16097
16098
16103
16109
16110
16114
16116
16117
16119
16127
16128
16129
16132
16132
16132
16136
16139
16140
16140
16141
16141
16146
16149
16152
16155
16156
16166
16166
16168
16171
16179
16196
16196
16196
16199
16201
16204
16206
16208
16209
16214
16215
16216
16218
16222
16228
16230
16234
16235
16236
16236
16245
16246
16249
16257
16259
16259
16265
16266
16269
16273
16274
16276
16276
16276
16276
16281
16282
16284
16284
16286
16289
16291
16292
16294
16300
16303
16304
16308
16319
16321
16322
16323
16328
16330
16331
16335
16335
16353
16354
16360
16360
16363
16364
16365
16370
16378
16385
16386
16393
16395
16398
16420
16423
16426
16428
16436
16436
16437
16440
16441
16443
16450
16454
16455
16460
16461
16463
16464
16464
16467
16467
16469
16471
16474
16474
16486
16487
16497
16501
16512
16513
16515
16515
16519
16523
16525
16526
16533
16535
16536
16538
16542
16543
16545
16546
16546
16551
16553
16554
16554
16562
16565
16569
16569
16571
16577
16577
16586
16587
16593
16598
16600
16601
16604
16605
16606
16607
16618
16624
16624
16625
16626
16629
16630
16635
16636
16637
16645
16647
16658
16662
16662
16664
16665
16673
16679
16685
16685
16690
16691
16691
16693
16693
16694
16710
16711
16713
16716
16719
16719
16720
16721
16725
16734
16738
16741
16743
16744
16745
16746
16750
16754
16756
16760
16768
16770
16773
16776
16781
16782
16783
16786
16788
16790
16794
16795
16796
16798
16798
16799
16801
16803
16805
16808
16814
16814
16819
16820
16820
16823
16824
16829
16842
16843
16853
16861
16867
16868
16870
16872
16876
16880
16881
16885
16886
16891
16900
16900
16904
16905
16908
16910
16911
16911
16911
16913
16913
16915
16919
16921
16924
16925
16928
16943
16946
16947
16953
16956
16957
16966
16969
16973
16973
16978
16979
16981
16981
16992
16993
17000
17002
17004
17011
17013
17015
17016
17018
17022
17022
17030
17031
17040
17043
17044
17045
17057
17057
17070
17072
17072
17074
17074
17075
17077
17078
17083
17087
17087
17097
17105
17106
17107
17108
17116
17117
17132
17134
17135
17138
17143
17150
17151
17165
17172
17175
17177
17181
17187
17190
17194
17195
17199
17199
17202
17206
17209
17209
17213
17215
17216
17217
17221
17222
17226
17226
17226
17226
17227
17227
17228
17230
17231
17232
17237
17239
17241
17242
17246
17247
17257
17257
17261
17262
17268
17284
17286
17298
17299
17301
17303
17312
17316
17319
17323
17327
17331
17338
17344
17345
17346
17346
17360
17361
17366
17370
17372
17374
17379
17382
17382
17383
17396
17397
17397
17407
17408
17410
17416
17420
17421
17421
17423
17431
17434
17443
17447
17447
17449
17454
17455
17458
17458
17462
17463
17469
17470
17479
17482
17483
17493
17496
17497
17500
17509
17515
17515
17517
17518
17531
17539
17556
17561
17571
17576
17578
17584
17584
17590
17594
17596
17596
17597
17610
17611
17613
17620
17623
17627
17639
17654
17654
17659
17659
17659
17659
17660
17661
17668
17672
17678
17679
17680
17682
17684
17687
17688
17689
17696
17704
17706
17709
17717
17720
17726
17729
17733
17734
17740
17745
17753
17756
17757
17763
17766
17768
17770
17774
17775
17775
17779
17783
17785
17790
17792
17795
17795
17796
17805
17806
17810
17825
17827
17828
17831
17836
17847
17847
17857
17860
17860
17860
17864
17890
17896
17901
17906
17913
17913
17914
17915
17917
17923
17923
17925
17937
17937
17938
17947
17948
17955
17958
17959
17959
17960
17969
17975
17983
17987
17988
17988
17996
17999
18003
18005
18005
18006
18012
18013
18016
18018
18019
18020
18032
18033
18034
18036
18038
18038
18039
18039
18041
18042
18043
18047
18048
18058
18058
18058
18064
18066
18071
18073
18075
18076
18076
18078
18078
18084
18086
18086
18092
18093
18094
18096
18102
18103
18104
18106
18108
18110
18112
18113
18114
18114
18115
18117
18120
18126
18132
18135
18138
18141
18143
18143
18143
18144
18145
18148
18148
18149
18153
18154
18157
18158
18162
18170
18171
18175
18176
18177
18180
18182
18183
18188
18188
18191
18192
18197
18198
18198
18201
18202
18206
18211
18212
18216
18220
18220
18221
18228
18229
18231
18235
18240
18245
18249
18250
18255
18257
18258
18263
18268
18275
18289
18293
18295
18296
18297
18299
18303
18308
18314
18316
18317
18318
18341
18351
18352
18353
18355
18357
18358
18360
18364
18369
18369
18375
18384
18384
18390
18392
18392
18394
18399
18401
18402
18406
18412
18413
18416
18425
18436
18443
18447
18450
18450
18457
18458
18460
18472
18472
18472
18472
18474
18481
18481
18485
18490
18491
18491
18493
18495
18498
18499
18500
18502
18506
18507
18510
18511
18522
18523
18528
18530
18530
18532
18535
18540
18543
18551
18556
18566
18570
18574
18575
18578
18585
18589
18596
18597
18600
18603
18608
18613
18615
18616
18622
18622
18623
18624
18625
18633
18634
18635
18640
18643
18643
18644
18650
18653
18659
18659
18664
18669
18673
18675
18677
18679
18685
18690
18693
18695
18695
18700
18706
18707
18710
18712
18713
18713
18717
18721
18728
18731
18735
18735
18737
18738
18740
18741
18747
18753
18754
18755
18756
18757
18759
18763
18766
18769
18774
18775
18781
18785
18785
18785
18787
18787
18787
18790
18794
18794
18795
18801
18810
18812
18815
18815
18823
18827
18829
18832
18838
18840
18842
18847
18849
18849
18851
18851
18859
18861
18865
18869
18886
18886
18888
18892
18893
18896
18900
18905
18907
18908
18910
18913
18916
18917
18920
18923
18924
18927
18928
18929
18929
18932
18932
18933
18934
18934
18938
18939
18952
18958
18958
18960
18965
18968
18971
18973
18980
18983
18984
18987
18989
18991
18992
18993
18997
19001
19002
19002
19009
19011
19020
19023
19024
19034
19034
19042
19042
19044
19047
19048
19051
19057
19061
19062
19062
19063
19063
19064
19066
19067
19070
19078
19078
19085
19086
19101
19101
19105
19107
19108
19109
19113
19113
19114
19120
19120
19131
19131
19137
19145
19161
19166
19169
19172
19180
19181
19183
19184
19187
19190
19190
19193
19194
19194
19203
19204
19206
19214
19216
19220
19222
19227
19228
19228
19231
19237
19238
19239
19248
19256
19257
19258
19263
19264
19269
19273
19276
19281
19284
19284
19288
19289
19295
19296
19296
19306
19308
19310
19311
19312
19315
19317
19319
19320
19322
19324
19325
19326
19329
19333
19333
19339
19341
19341
19345
19350
19354
19356
19357
19370
19371
19380
19385
19392
19393
19394
19394
19404
19408
19424
19425
19427
19428
19429
19433
19435
19435
19443
19444
19449
19452
19454
19455
19455
19462
19464
19468
19469
19471
19472
19473
19478
19488
19489
19489
19495
19497
19498
19501
19507
19509
19509
19510
19518
19520
19521
19525
19529
19532
19534
19537
19539
19542
19545
19552
19561
19562
19564
19569
19579
19579
19581
19582
19588
19590
19593
19593
19594
19597
19598
19603
19607
19622
19624
19626
19628
19630
19633
19633
19635
19638
19639
19643
19646
19648
19654
19655
19663
19668
19668
19670
19670
19681
19682
19683
19684
19686
19687
19687
19688
19692
19693
19695
19695
19696
19698
19698
19708
19713
19716
19716
19719
19723
19728
19736
19738
19738
19740
19746
19746
19747
19756
19760
19771
19775
19779
19780
19785
19792
19795
19795
19796
19801
19805
19807
19809
19811
19815
19817
19819
19820
19822
19827
19828
19830
19834
19836
19839
19839
19847
19853
19854
19856
19856
19860
19864
19864
19866
19869
19880
19886
19886
19890
19891
19901
19912
19915
19922
19923
19924
19925
19926
19926
19926
19927
19929
19929
19929
19938
19940
19948
19956
19960
19960
19965
19969
19969
19972
19974
19985
19992
19998
19998
20000
20001
20005
20005
20014
20015
20015
20017
20017
20019
20019
20020
20021
20029
20032
20041
20043
20048
20056
20063
20068
20070
20073
20075
20079
20080
20080
20084
20085
20091
20092
20095
20097
20097
20099
20102
20105
20105
20110
20114
20117
20118
20123
20126
20129
20132
20132
20133
20134
20140
20141
20149
20158
20158
20162
20166
20167
20167
20171
20176
20177
20182
20183
20187
20188
20190
20195
20202
20203
20206
20206
20208
20210
20211
20211
20227
20230
20238
20246
20253
20256
20257
20258
20259
20264
20265
20265
20268
20277
20279
20279
20280
20284
20286
20290
20295
20300
20300
20304
20305
20312
20313
20315
20315
20317
20319
20324
20325
20327
20331
20335
20336
20338
20338
20338
20341
20343
20344
20347
20348
20349
20359
20371
20371
20374
20377
20383
20387
20391
20398
20400
20403
20403
20403
20405
20407
20408
20412
20414
20417
20424
20425
20426
20427
20427
20429
20431
20431
20432
20437
20437
20444
20451
20451
20458
20459
20465
20466
20471
20472
20473
20486
20487
20489
20492
20497
20498
20498
20500
20500
20503
20506
20507
20509
20510
20529
20549
20553
20555
20556
20559
20564
20566
20567
20570
20570
20570
20570
20573
20580
20580
20582
20589
20590
20590
20592
20598
20598
20603
20603
20603
20604
20604
20609
20609
20611
20617
20628
20632
20632
20636
20636
20644
20647
20651
20658
20661
20668
20672
20676
20676
20679
20682
20693
20694
20695
20696
20699
20717
20722
20722
20728
20729
20730
20731
20734
20736
20737
20741
20742
20742
20744
20747
20748
20748
20748
20749
20756
20762
20763
20765
20768
20770
20771
20771
20773
20775
20779
20782
20785
20791
20797
20807
20807
20809
20810
20816
20820
20821
20827
20832
20835
20837
20840
20846
20846
20849
20850
20852
20854
20859
20862
20863
20878
20879
20880
20883
20884
20885
20892
20893
20896
20902
20906
20907
20913
20917
20919
20924
20925
20926
20929
20938
20942
20943
20953
20953
20956
20957
20959
20961
20962
20963
20965
20970
20971
20973
20977
20982
20983
20983
20992
20994
21004
21006
21007
21010
21016
21019
21022
21028
21032
21032
21036
21038
21041
21043
21044
21050
21050
21051
21069
21073
21073
21096
21096
21099
21102
21103
21108
21109
21111
21114
21114
21114
21120
21121
21135
21137
21137
21138
21138
21139
21142
21144
21148
21151
21165
21166
21169
21170
21171
21172
21174
21174
21175
21179
21181
21182
21195
21199
21204
21205
21205
21206
21207
21212
21214
21214
21220
21221
21223
21224
21224
21226
21228
21230
21234
21235
21242
21245
21253
21255
21256
21271
21272
21274
21275
21286
21286
21292
21292
21294
21294
21295
21297
21301
21313
21314
21319
21320
21324
21325
21325
21334
21334
21336
21350
21353
21360
21364
21370
21375
21376
21382
21399
21403
21412
21412
21413
21416
21421
21427
21427
21428
21430
21431
21443
21447
21451
21453
21460
21462
21472
21475
21477
21483
21497
21498
21502
21504
21504
21508
21508
21514
21516
21521
21522
21528
21533
21537
21539
21546
21558
21561
21562
21562
21565
21567
21567
21570
21571
21574
21575
21575
21577
21579
21581
21587
21587
21587
21591
21593
21593
21595
21606
21615
21616
21618
21621
21623
21629
21629
21633
21639
21647
21648
21650
21659
21666
21674
21679
21679
21680
21681
21682
21685
21690
21696
21696
21697
21700
21704
21705
21707
21707
21707
21709
21716
21722
21724
21736
21742
21742
21742
21744
21750
21753
21760
21763
21764
21766
21767
21771
21772
21772
21772
21777
21777
21777
21778
21785
21785
21786
21786
21787
21787
21787
21792
21796
21798
21804
21805
21806
21807
21808
21814
21814
21826
21827
21828
21835
21835
21836
21846
21852
21853
21854
21870
21874
21876
21879
21880
21885
21886
21888
21890
21891
21900
21903
21906
21911
21912
21916
21919
21921
21925
21929
21935
21939
21940
21942
21946
21947
21953
21954
21955
21957
21959
21963
21964
21969
21974
21979
21984
21986
21989
21992
22006
22009
22014
22018
22020
22021
22023
22025
22025
22031
22033
22039
22042
22044
22053
22057
22060
22063
22065
22067
22075
22077
22088
22090
22093
22095
22100
22100
22100
22103
22106
22110
22110
22120
22120
22122
22123
22124
22125
22126
22127
22128
22129
22130
22136
22139
22145
22150
22155
22157
22158
22159
22160
22164
22167
22168
22172
22175
22176
22176
22180
22181
22187
22191
22192
22192
22206
22213
22217
22218
22220
22221
22224
22224
22226
22227
22228
22237
22242
22243
22252
22254
22256
22258
22261
22261
22273
22275
22277
22279
22280
22288
22293
22293
22302
22303
22323
22323
22324
22325
22334
22336
22336
22337
22346
22353
22357
22357
22358
22362
22366
22368
22369
22375
22376
22378
22380
22383
22386
22386
22390
22390
22399
22399
22400
22400
22413
22415
22415
22424
22427
22431
22433
22441
22444
22445
22445
22454
22457
22458
22477
22478
22482
22487
22499
22499
22503
22503
22504
22505
22506
22511
22513
22514
22525
22530
22533
22539
22539
22540
22541
22548
22555
22556
22557
22558
22558
22561
22571
22571
22579
22582
22586
22589
22595
22599
22600
22600
22604
22604
22604
22608
22610
22611
22615
22622
22624
22625
22626
22632
22633
22637
22638
22641
22645
22652
22654
22658
22661
22666
22667
22671
22671
22672
22672
22672
22674
22678
22680
22681
22688
22691
22695
22696
22697
22702
22703
22703
22706
22706
22706
22709
22710
22714
22716
22718
22722
22722
22725
22725
22725
22730
22732
22733
22733
22740
22743
22747
22750
22754
22760
22765
22770
22772
22773
22774
22777
22784
22787
22789
22790
22795
22796
22798
22806
22810
22811
22814
22816
22816
22818
22822
22823
22829
22830
22833
22839
22843
22849
22851
22854
22862
22865
22868
22870
22870
22871
22875
22877
22881
22888
22889
22893
22897
22905
22906
22910
22917
22927
22927
22927
22938
22938
22939
22939
22944
22947
22950
22953
22954
22962
22962
22969
22983
22983
22988
22990
22991
22997
23004
23006
23007
23012
23024
23027
23027
23029
23029
23031
23034
23036
23042
23046
23048
23049
23052
23055
23061
23065
23067
23068
23075
23078
23081
23081
23081
23085
23086
23088
23089
23093
23098
23099
23101
23103
23105
23111
23115
23115
23119
23124
23125
23130
23135
23138
23149
23155
23159
23162
23163
23165
23172
23177
23194
23194
23198
23203
23204
23210
23212
23215
23215
23215
23217
23229
23239
23246
23246
23247
23253
23254
23254
23259
23259
23260
23260
23265
23268
23271
23273
23281
23285
23288
23293
23293
23297
23298
23301
23303
23304
23308
23317
23319
23322
23323
23333
23334
23336
23337
23342
23349
23357
23361
23365
23366
23374
23374
23376
23380
23381
23383
23389
23391
23398
23401
23404
23406
23412
23422
23429
23429
23432
23433
23435
23439
23439
23443
23445
23446
23447
23449
23456
23457
23458
23462
23462
23464
23475
23476
23480
23482
23489
23491
23491
23491
23495
23498
23498
23499
23502
23504
23504
23506
23507
23507
23508
23516
23516
23519
23523
23525
23527
23539
23546
23549
23552
23555
23564
23564
23568
23575
23579
23581
23587
23590
23593
23596
23596
23599
23606
23610
23624
23625
23626
23633
23636
23638
23645
23658
23658
23659
23660
23664
23668
23668
23670
23672
23672
23674
23677
23681
23687
23688
23693
23693
23693
23697
23705
23706
23708
23710
23712
23714
23721
23724
23726
23726
23727
23728
23731
23731
23733
23734
23737
23744
23750
23753
23754
23755
23761
23763
23764
23771
23776
23776
23777
23780
23784
23788
23789
23797
23801
23804
23808
23812
23814
23828
23828
23833
23836
23840
23840
23840
23845
23852
23852
23860
23869
23885
23886
23889
23891
23895
23900
23911
23911
23916
23922
23922
23924
23925
23940
23951
23953
23954
23954
23957
23959
23962
23964
23978
23981
23991
23993
23995
23997
24000
24000
24001
24005
24008
24009
24012
24017
24018
24018
24026
24027
24028
24029
24031
24032
24038
24039
24042
24043
24046
24046
24047
24048
24055
24060
24063
24064
24068
24070
24073
24073
24074
24084
24088
24088
24098
24112
24112
24112
24114
24118
24120
24121
24121
24125
24128
24128
24129
24131
24132
24135
24136
24143
24150
24151
24153
24158
24159
24161
24176
24177
24180
24183
24188
24191
24204
24213
24215
24215
24219
24219
24220
24225
24226
24229
24235
24247
24248
24249
24255
24259
24260
24263
24265
24270
24271
24277
24283
24293
24295
24298
24298
24300
24301
24303
24304
24304
24305
24306
24312
24313
24317
24318
24320
24321
24328
24329
24333
24333
24344
24348
24353
24354
24358
24359
24360
24364
24365
24373
24374
24375
24383
24386
24387
24393
24396
24403
24411
24417
24424
24428
24432
24436
24440
24440
24441
24443
24443
24443
24457
24460
24460
24464
24468
24473
24473
24474
24477
24478
24479
24486
24486
24494
24497
24501
24505
24505
24505
24509
24511
24512
24513
24519
24522
24531
24532
24534
24536
24541
24541
24542
24546
24550
24560
24561
24563
24566
24575
24585
24587
24593
24594
24599
24602
24605
24609
24631
24632
24633
24633
24636
24639
24639
24640
24640
24641
24641
24645
24647
24651
24654
24655
24658
24659
24660
24667
24669
24675
24676
24678
24685
24686
24687
24688
24692
24693
24695
24699
24706
24706
24707
24708
24712
24712
24714
24714
24714
24717
24717
24720
24721
24731
24731
24742
24745
24749
24753
24755
24759
24759
24760
24766
24771
24777
24781
24782
24784
24785
24786
24787
24787
24789
24796
24802
24802
24804
24806
24806
24807
24810
24812
24814
24816
24819
24823
24825
24825
24827
24828
24828
24828
24831
24835
24836
24836
24836
24837
24840
24841
24843
24850
24851
24855
24855
24855
24855
24856
24857
24858
24862
24863
24864
24865
24872
24876
24877
24878
24879
24879
24880
24885
24896
24897
24899
24899
24901
24904
24904
24909
24914
24918
24919
24920
24920
24921
24921
24939
24947
24948
24948
24950
24963
24965
24971
24975
24983
24984
24990
25001
25003
25004
25007
25029
25030
25034
25034
25038
25049
25049
25053
25063
25075
25083
25087
25091
25095
25096
25100
25101
25102
25112
25123
25123
25123
25124
25127
25128
25129
25133
25133
25134
25140
25142
25144
25148
25149
25159
25161
25165
25165
25172
25181
25198
25198
25202
25203
25206
25208
25212
25214
25217
25219
25220
25223
25224
25229
25229
25229
25231
25232
25239
25243
25251
25257
25257
25273
25288
25293
25298
25301
25313
25315
25316
25324
25324
25329
25333
25336
25337
25342
25345
25348
25351
25358
25359
25359
25368
25368
25372
25372
25374
25379
25382
25384
25384
25392
25397
25402
25403
25403
25404
25404
25405
25407
25411
25415
25416
25425
25426
25433
25434
25437
25440
25441
25442
25445
25452
25462
25464
25466
25468
25468
25469
25470
25472
25479
25479
25481
25483
25483
25486
25487
25487
25499
25503
25503
25505
25518
25524
25526
25536
25539
25540
25543
25545
25548
25555
25555
25562
25563
25568
25571
25577
25578
25578
25581
25582
25584
25587
25588
25589
25591
25592
25594
25601
25601
25602
25603
25605
25611
25612
25614
25620
25622
25624
25639
25645
25656
25656
25659
25659
25660
25666
25667
25670
25675
25678
25680
25684
25691
25699
25701
25707
25708
25714
25719
25719
25720
25721
25728
25730
25731
25732
25738
25744
25747
25751
25759
25762
25763
25764
25765
25765
25770
25770
25770
25773
25777
25777
25786
25791
25799
25800
25806
25806
25808
25821
25821
25822
25824
25827
25828
25828
25829
25831
25833
25837
25837
25837
25842
25842
25854
25855
25857
25858
25858
25860
25860
25864
25865
25865
25866
25867
25875
25876
25876
25884
25884
25893
25895
25896
25897
25899
25903
25907
25908
25914
25926
25928
25937
25939
25948
25949
25949
25951
25952
25959
25960
25964
25968
25972
25977
25982
25984
25984
25985
25986
25986
25987
25988
25994
25997
26004
26004
26010
26010
26011
26012
26014
26014
26017
26017
26019
26022
26025
26025
26032
26035
26043
26048
26048
26053
26053
26059
26060
26060
26062
26062
26063
26064
26071
26072
26072
26073
26076
26076
26077
26078
26080
26080
26087
26087
26089
26091
26094
26097
26097
26113
26116
26129
26129
26130
26136
26139
26139
26144
26145
26147
26148
26149
26156
26157
26157
26167
26168
26174
26178
26181
26189
26189
26190
26191
26193
26196
26197
26201
26201
26204
26204
26205
26206
26209
26213
26214
26218
26218
26221
26223
26225
26226
26227
26232
26236
26243
26244
26249
26251
26252
26252
26255
26256
26263
26263
26264
26265
26265
26274
26274
26276
26282
26283
26288
26291
26291
26291
26296
26307
26307
26307
26308
26309
26310
26311
26315
26317
26320
26321
26324
26324
26326
26328
26331
26353
26358
26367
26368
26369
26382
26382
26389
26392
26398
26398
26408
26411
26411
26411
26415
26416
26417
26418
26422
26422
26426
26426
26433
26438
26449
26451
26453
26456
26462
26462
26471
26472
26481
26481
26485
26488
26497
26500
26500
26502
26502
26506
26516
26518
26520
26522
26526
26528
26540
26541
26551
26551
26552
26554
26557
26558
26562
26570
26570
26574
26578
26579
26579
26580
26580
26581
26584
26587
26587
26592
26598
26600
26601
26607
26608
26613
26616
26618
26619
26620
26621
26622
26622
26627
26629
26632
26635
26641
26645
26649
26649
26654
26656
26662
26676
26676
26677
26679
26681
26682
26692
26695
26698
26702
26702
26703
26704
26708
26710
26712
26713
26713
26724
26726
26732
26739
26740
26747
26748
26749
26751
26757
26758
26759
26764
26765
26769
26770
26770
26770
26773
26777
26783
26783
26797
26797
26798
26800
26801
26801
26803
26808
26812
26813
26814
26815
26819
26827
26837
26838
26838
26839
26840
26843
26845
26847
26848
26850
26854
26866
26869
26872
26884
26887
26891
26899
26901
26906
26908
26909
26909
26913
26919
26923
26924
26924
26924
26927
26929
26931
26933
26937
26938
26938
26940
26943
26947
26955
26956
26957
26958
26960
26961
26962
26963
26969
26971
26972
26974
26975
26991
26992
26993
26993
26996
27000
27002
27007
27008
27016
27018
27021
27031
27031
27032
27036
27037
27038
27042
27049
27050
27066
27072
27074
27075
27086
27088
27093
27093
27094
27095
27095
27095
27099
27099
27104
27105
27108
27109
27109
27111
27113
27113
27113
27116
27123
27129
27131
27140
27150
27154
27154
27155
27156
27164
27171
27172
27173
27174
27177
27181
27184
27192
27193
27194
27194
27202
27206
27207
27214
27217
27220
27223
27223
27225
27226
27226
27228
27237
27237
27249
27249
27262
27263
27268
27268
27279
27279
27282
27283
27288
27291
27291
27292
27297
27300
27305
27307
27308
27309
27311
27312
27317
27317
27319
27322
27323
27325
27328
27329
27335
27338
27340
27344
27344
27350
27350
27353
27354
27359
27359
27362
27367
27368
27374
27374
27375
27376
27376
27380
27380
27383
27384
27387
27396
27396
27398
27398
27399
27402
27403
27405
27409
27414
27416
27417
27428
27431
27433
27433
27444
27450
27456
27460
27463
27465
27465
27466
27468
27468
27468
27470
27470
27470
27476
27488
27500
27503
27513
27519
27532
27532
27535
27538
27539
27540
27544
27549
27554
27554
27554
27560
27565
27568
27572
27572
27573
27575
27578
27582
27589
27594
27595
27601
27606
27606
27612
27615
27619
27631
27639
27646
27654
27658
27658
27663
27665
27666
27682
27692
27692
27693
27693
27695
27698
27701
27708
27711
27715
27717
27722
27722
27725
27729
27739
27749
27749
27759
27759
27759
27761
27761
27762
27765
27767
27770
27772
27774
27789
27807
27808
27811
27811
27811
27814
27814
27818
27822
27826
27828
27829
27830
27830
27832
27836
27837
27846
27847
27847
27848
27851
27852
27856
27860
27877
27884
27887
27887
27890
27890
27895
27898
27898
27899
27903
27903
27905
27911
27912
27912
27914
27925
27929
27931
27932
27934
27939
27941
27942
27942
27943
27945
27948
27950
27954
27955
27955
27960
27960
27961
27968
27970
27971
27975
27976
27980
27992
27995
27997
28004
28009
28011
28013
28016
28017
28020
28021
28023
28027
28029
28030
28031
28032
28033
28037
28045
28046
28049
28055
28057
28058
28068
28068
28069
28074
28083
28087
28094
28101
28105
28105
28112
28116
28119
28126
28137
28139
28142
28142
28143
28145
28147
28148
28150
28152
28154
28164
28167
28170
28172
28172
28181
28181
28185
28185
28191
28192
28195
28198
28202
28202
28205
28212
28213
28214
28214
28217
28218
28221
28222
28224
28226
28237
28241
28243
28244
28250
28256
28261
28263
28269
28270
28274
28280
28280
28281
28282
28282
28288
28289
28295
28297
28302
28302
28307
28310
28311
28312
28312
28316
28319
28321
28325
28332
28342
28344
28345
28348
28348
28349
28350
28352
28357
28358
28364
28379
28379
28383
28386
28386
28387
28387
28389
28392
28402
28408
28420
28425
28426
28426
28428
28434
28434
28434
28446
28447
28450
28452
28458
28464
28466
28476
28476
28476
28482
28483
28488
28489
28494
28494
28497
28498
28498
28499
28499
28500
28502
28502
28511
28523
28523
28524
28528
28531
28533
28535
28541
28543
28548
28548
28550
28559
28564
28567
28567
28575
28575
28576
28576
28582
28582
28583
28583
28588
28589
28591
28593
28594
28600
28601
28601
28605
28613
28613
28615
28618
28621
28624
28624
28627
28628
28628
28643
28645
28649
28650
28651
28656
28656
28657
28659
28660
28669
28671
28672
28684
28692
28699
28700
28709
28711
28712
28713
28713
28716
28717
28731
28735
28739
28740
28743
28745
28750
28750
28751
28754
28754
28758
28763
28767
28771
28774
28775
28786
28786
28787
28787
28790
28803
28805
28813
28814
28816
28820
28825
28826
28826
28829
28830
28831
28840
28846
28849
28852
28855
28859
28860
28862
28864
28868
28875
28878
28881
28887
28891
28893
28900
28901
28910
28912
28914
28916
28916
28917
28919
28927
28929
28931
28933
28933
28937
28937
28944
28944
28944
28946
28949
28962
28964
28967
28975
28975
28978
28978
28983
28986
28990
28992
28992
29003
29005
29006
29012
29019
29023
29027
29031
29034
29035
29041
29042
29046
29049
29058
29064
29065
29067
29073
29075
29077
29083
29083
29084
29084
29093
29098
29101
29103
29103
29104
29108
29108
29110
29111
29114
29119
29123
29124
29129
29133
29137
29140
29140
29143
29143
29147
29148
29155
29158
29172
29174
29177
29179
29179
29179
29180
29180
29196
29200
29202
29202
29203
29208
29210
29210
29217
29218
29225
29226
29228
29233
29233
29233
29233
29233
29236
29238
29241
29241
29252
29252
29254
29257
29260
29262
29272
29278
29288
29289
29290
29294
29297
29300
29308
29310
29316
29319
29322
29322
29325
29326
29331
29334
29340
29340
29342
29352
29352
29352
29354
29355
29356
29373
29378
29382
29389
29390
29393
29395
29400
29400
29404
29405
29411
29411
29417
29423
29425
29426
29427
29427
29429
29435
29440
29442
29446
29446
29452
29454
29456
29458
29459
29460
29466
29471
29472
29475
29476
29478
29478
29480
29481
29491
29493
29493
29499
29501
29506
29510
29513
29513
29515
29515
29516
29517
29519
29519
29520
29531
29531
29532
29543
29543
29544
29546
29553
29561
29562
29562
29566
29569
29573
29582
29586
29587
29588
29590
29592
29594
29604
29605
29605
29607
29611
29620
29621
29624
29628
29630
29637
29640
29645
29651
29653
29655
29655
29656
29661
29663
29664
29666
29667
29672
29675
29675
29676
29679
29682
29688
29691
29697
29698
29698
29705
29706
29714
29719
29720
29721
29728
29731
29734
29745
29751
29752
29759
29760
29763
29770
29772
29775
29780
29780
29781
29783
29784
29787
29790
29797
29804
29804
29813
29814
29815
29816
29819
29824
29827
29828
29829
29832
29838
29839
29844
29847
29847
29851
29851
29858
29861
29864
29866
29868
29871
29871
29873
29879
29881
29884
29886
29896
29896
29897
29898
29898
29899
29902
29904
29905
29912
29917
29921
29923
29924
29925
29934
29935
29937
29947
29948
29954
29959
29962
29963
29969
29969
29974
29974
29977
29979
29985
29988
29995
29996
29997
30000
30010
30015
30018
30031
30039
30047
30049
30051
30053
30054
30056
30058
30058
30060
30065
30066
30070
30071
30074
30076
30077
30078
30080
30083
30084
30085
30086
30087
30088
30094
30095
30097
30097
30100
30100
30102
30106
30106
30108
30108
30109
30109
30112
30113
30113
30114
30116
30117
30120
30122
30123
30127
30128
30131
30135
30137
30137
30138
30140
30141
30142
30144
30149
30150
30150
30151
30152
30161
30163
30176
30182
30183
30189
30190
30191
30195
30198
30200
30208
30212
30219
30220
30222
30224
30226
30228
30231
30234
30236
30239
30244
30255
30259
30261
30263
30264
30269
30271
30272
30277
30281
30281
30286
30289
30291
30292
30295
30295
30296
30298
30301
30302
30304
30310
30317
30318
30322
30328
30331
30333
30338
30344
30344
30345
30346
30349
30351
30352
30353
30356
30358
30371
30389
30390
30391
30396
30396
30400
30407
30416
30417
30417
30419
30432
30435
30438
30446
30449
30453
30455
30455
30458
30460
30465
30465
30465
30481
30484
30489
30490
30492
30492
30493
30496
30496
30504
30505
30506
30516
30520
30525
30525
30528
30533
30541
30541
30548
30549
30550
30557
30558
30558
30558
30559
30561
30566
30570
30576
30577
30578
30582
30584
30585
30588
30589
30595
30596
30603
30604
30604
30605
30606
30609
30611
30611
30615
30628
30637
30639
30642
30648
30649
30653
30655
30656
30657
30658
30660
30665
30668
30669
30670
30673
30673
30676
30677
30684
30686
30690
30699
30700
30702
30708
30711
30719
30722
30725
30729
30733
30735
30735
30737
30743
30748
30750
30751
30758
30761
30764
30770
30772
30776
30780
30780
30782
30785
30786
30791
30791
30796
30802
30803
30805
30810
30812
30812
30814
30816
30817
30824
30827
30829
30831
30850
30851
30851
30855
30857
30858
30861
30862
30866
30868
30872
30878
30883
30884
30885
30890
30891
30892
30895
30895
30898
30898
30901
30904
30909
30912
30915
30925
30929
30930
30935
30935
30936
30936
30941
30944
30948
30950
30955
30957
30957
30962
30965
30975
30976
30978
30979
30981
30988
30990
30994
30997
30998
31001
31007
31010
31011
31014
31024
31025
31027
31029
31033
31044
31047
31049
31049
31052
31055
31059
31060
31061
31063
31063
31065
31068
31070
31076
31079
31080
31081
31086
31091
31092
31097
31099
31110
31115
31115
31116
31117
31118
31121
31124
31127
31130
31134
31135
31138
31140
31143
31144
31146
31148
31150
31158
31167
31167
31175
31178
31179
31183
31189
31190
31209
31210
31210
31211
31215
31217
31218
31223
31226
31227
31235
31240
31242
31242
31248
31248
31255
31256
31261
31262
31264
31266
31270
31273
31275
31278
31281
31283
31289
31292
31296
31297
31300
31300
31301
31308
31309
31309
31311
31316
31320
31324
31324
31326
31326
31326
31334
31336
31338
31341
31347
31368
31375
31376
31379
31379
31384
31393
31400
31401
31403
31405
31411
31413
31415
31420
31423
31423
31424
31424
31425
31425
31428
31429
31439
31447
31447
31447
31450
31454
31464
31469
31473
31480
31497
31498
31509
31515
31519
31520
31523
31524
31525
31531
31537
31548
31550
31551
31552
31553
31557
31560
31560
31569
31571
31581
31581
31584
31585
31590
31591
31599
31601
31603
31604
31608
31612
31614
31617
31622
31624
31626
31634
31637
31638
31643
31654
31654
31655
31657
31657
31664
31667
31668
31668
31668
31671
31677
31684
31685
31687
31689
31692
31693
31699
31699
31700
31706
31708
31708
31711
31715
31733
31737
31740
31751
31751
31753
31754
31754
31760
31762
31762
31763
31768
31788
31792
31793
31797
31799
31800
31801
31805
31808
31809
31812
31812
31812
31813
31816
31816
31819
31820
31828
31835
31835
31839
31839
31843
31848
31849
31849
31852
31864
31866
31871
31871
31874
31878
31880
31885
31894
31897
31897
31914
31922
31934
31937
31938
31940
31942
31943
31945
31945
31947
31955
31955
31960
31970
31976
31976
31977
31979
31979
31981
31984
31988
31992
31997
31999
32001
32003
32003
32008
32017
32023
32036
32037
32037
32041
32042
32046
32046
32046
32051
32055
32057
32058
32073
32077
32084
32088
32091
32096
32102
32107
32109
32110
32116
32122
32126
32129
32134
32137
32138
32139
32140
32140
32141
32142
32151
32152
32155
32155
32159
32163
32164
32165
32166
32167
32169
32182
32185
32186
32191
32191
32196
32197
32198
32201
32202
32202
32204
32204
32204
32213
32221
32229
32236
32249
32252
32258
32265
32269
32271
32281
32282
32283
32283
32288
32290
32292
32294
32296
32299
32302
32306
32310
32321
32328
32328
32330
32332
32333
32344
32349
32350
32352
32359
32360
32361
32378
32382
32383
32387
32388
32390
32390
32394
32400
32400
32410
32412
32416
32416
32421
32422
32438
32439
32440
32443
32455
32458
32470
32473
32484
32485
32495
32496
32500
32502
32502
32506
32507
32507
32508
32508
32517
32518
32529
32535
32545
32548
32551
32551
32551
32555
32556
32557
32558
32564
32568
32572
32572
32573
32584
32585
32586
32600
32608
32608
32608
32613
32613
32618
32620
32623
32627
32639
32639
32642
32644
32648
32651
32656
32656
32656
32662
32665
32671
32674
32676
32677
32680
32701
32706
32707
32710
32710
32713
32722
32725
32729
32731
32734
32738
32741
32744
32745
32746
32747
32753
32753
32754
32754
32756
32756
32759
32761
32762
32762
32765
32767
