32764
32762
32759
32754
32751
32749
32744
32743
32741
32738
32737
32736
32731
32728
32723
32720
32720
32715
32713
32713
32706
32704
32700
32699
32698
32694
32684
32684
32680
32678
32676
32671
32663
32662
32659
32656
32652
32645
32644
32642
32642
32641
32640
32632
32632
32632
32627
32624
32623
32619
32616
32616
32614
32610
32610
32609
32596
32595
32590
32588
32586
32585
32575
32571
32566
32566
32561
32561
32559
32555
32551
32542
32541
32541
32540
32539
32538
32537
32537
32529
32525
32522
32519
32515
32513
32510
32509
32505
32504
32498
32492
32491
32490
32490
32481
32481
32478
32475
32465
32465
32463
32461
32456
32454
32447
32446
32443
32442
32440
32438
32438
32436
32434
32430
32430
32427
32424
32423
32419
32418
32412
32404
32404
32394
32393
32393
32390
32389
32387
32386
32383
32379
32375
32374
32374
32372
32371
32368
32367
32359
32356
32356
32354
32351
32349
32342
32342
32340
32338
32338
32335
32334
32330
32330
32327
32324
32322
32315
32313
32312
32311
32307
32303
32302
32302
32299
32299
32293
32292
32289
32288
32280
32279
32279
32272
32269
32263
32257
32254
32250
32247
32239
32239
32238
32236
32228
32226
32223
32223
32210
32196
32192
32190
32185
32185
32183
32183
32177
32176
32173
32164
32159
32157
32154
32143
32141
32140
32136
32133
32130
32128
32121
32114
32106
32102
32101
32100
32093
32092
32092
32086
32082
32080
32077
32075
32063
32061
32054
32053
32051
32050
32049
32046
32041
32038
32037
32028
32020
32017
32015
32014
32012
32012
32004
32000
31999
31999
31999
31996
31995
31989
31986
31985
31984
31983
31963
31962
31961
31961
31960
31955
31948
31939
31935
31935
31921
31908
31904
31902
31901
31895
31895
31890
31885
31882
31882
31877
31871
31870
31859
31855
31852
31851
31842
31839
31831
31823
31822
31821
31813
31808
31802
31801
31800
31798
31787
31786
31780
31779
31777
31773
31770
31769
31765
31762
31762
31756
31753
31748
31742
31738
31730
31727
31724
31715
31714
31707
31707
31696
31696
31690
31689
31686
31686
31681
31679
31674
31673
31669
31664
31661
31659
31657
31649
31636
31635
31634
31630
31626
31626
31625
31623
31621
31621
31620
31616
31605
31599
31598
31595
31586
31578
31578
31577
31574
31571
31569
31568
31568
31567
31564
31554
31552
31550
31547
31545
31523
31522
31521
31520
31519
31514
31509
31504
31503
31501
31497
31495
31492
31492
31492
31492
31492
31489
31488
31482
31477
31472
31471
31471
31467
31464
31462
31462
31455
31455
31453
31452
31448
31446
31442
31440
31433
31433
31431
31425
31423
31421
31420
31417
31416
31416
31415
31415
31414
31405
31398
31390
31390
31390
31388
31381
31377
31374
31367
31366
31360
31358
31357
31353
31351
31351
31344
31343
31343
31340
31340
31334
31330
31327
31325
31324
31319
31318
31316
31310
31310
31310
31304
31304
31301
31291
31286
31285
31278
31275
31271
31268
31268
31267
31266
31265
31262
31250
31250
31247
31246
31244
31242
31241
31240
31239
31232
31229
31227
31213
31212
31210
31206
31206
31203
31197
31196
31195
31194
31192
31191
31188
31184
31179
31176
31175
31175
31175
31168
31164
31160
31155
31153
31147
31147
31142
31137
31133
31126
31120
31118
31114
31105
31099
31098
31098
31094
31093
31091
31090
31086
31086
31086
31083
31076
31074
31072
31069
31067
31065
31064
31045
31040
31027
31023
31023
31017
31015
31014
31012
31008
31006
31004
30999
30999
30995
30987
30986
30983
30980
30977
30970
30970
30967
30965
30961
30958
30951
30949
30945
30944
30934
30934
30930
30926
30925
30921
30921
30916
30916
30916
30912
30906
30903
30902
30901
30897
30895
30893
30892
30886
30885
30880
30880
30879
30878
30873
30871
30864
30864
30863
30861
30861
30860
30855
30846
30838
30836
30835
30834
30826
30825
30821
30819
30819
30814
30809
30809
30808
30807
30797
30779
30777
30772
30769
30767
30766
30757
30754
30752
30752
30751
30750
30744
30737
30730
30730
30718
30717
30716
30716
30714
30709
30707
30705
30703
30697
30691
30687
30686
30684
30683
30682
30681
30673
30670
30663
30663
30660
30658
30656
30650
30647
30643
30641
30641
30636
30634
30631
30631
30629
30626
30625
30623
30618
30610
30610
30605
30599
30594
30594
30592
30583
30581
30579
30574
30572
30563
30562
30561
30547
30545
30545
30538
30535
30532
30531
30530
30511
30509
30508
30507
30505
30503
30496
30495
30494
30491
30488
30487
30487
30485
30482
30476
30471
30470
30462
30460
30454
30453
30452
30452
30451
30445
30444
30444
30441
30440
30430
30427
30427
30425
30423
30422
30420
30417
30408
30402
30399
30398
30392
30385
30384
30384
30380
30376
30374
30372
30368
30362
30359
30358
30352
30346
30346
30339
30335
30332
30325
30325
30324
30322
30319
30318
30316
30313
30312
30310
30307
30305
30303
30302
30297
30297
30292
30289
30288
30280
30279
30277
30270
30265
30261
30261
30250
30247
30247
30246
30246
30245
30245
30242
30241
30232
30216
30212
30201
30198
30198
30193
30193
30192
30189
30188
30181
30180
30174
30173
30172
30170
30169
30169
30154
30148
30147
30145
30142
30140
30137
30137
30136
30134
30131
30131
30128
30123
30121
30120
30117
30114
30114
30113
30111
30108
30108
30106
30104
30101
30100
30091
30091
30087
30087
30087
30080
30067
30065
30064
30056
30054
30053
30047
30041
30037
30037
30034
30032
30022
30021
30021
30020
30020
30016
30016
30014
30011
30010
30009
30007
29995
29988
29987
29983
29970
29969
29967
29963
29962
29960
29960
29958
29957
29954
29952
29951
29947
29941
29938
29933
29933
29933
29926
29922
29922
29909
29905
29892
29873
29873
29867
29865
29860
29853
29850
29840
29838
29836
29835
29834
29827
29826
29824
29817
29817
29816
29813
29810
29799
29798
29797
29796
29789
29789
29787
29786
29775
29771
29766
29762
29762
29760
29753
29752
29749
29742
29736
29734
29727
29725
29725
29724
29724
29723
29718
29714
29714
29714
29712
29706
29697
29695
29693
29687
29686
29685
29682
29681
29680
29679
29678
29677
29677
29671
29666
29662
29661
29655
29643
29641
29640
29637
29633
29632
29627
29624
29622
29608
29600
29596
29593
29585
29578
29576
29576
29572
29569
29568
29566
29566
29555
29552
29552
29552
29551
29549
29545
29545
29542
29535
29531
29528
29520
29519
29519
29518
29514
29510
29509
29501
29497
29484
29481
29473
29468
29467
29466
29461
29459
29458
29455
29447
29447
29444
29441
29441
29440
29438
29436
29432
29431
29426
29425
29417
29414
29394
29392
29390
29389
29387
29378
29372
29368
29366
29365
29361
29360
29359
29356
29354
29351
29350
29347
29339
29338
29334
29332
29316
29315
29306
29305
29302
29301
29300
29299
29294
29287
29281
29281
29280
29278
29273
29271
29268
29260
29248
29248
29247
29235
29234
29230
29229
29229
29227
29226
29215
29211
29208
29207
29204
29203
29198
29195
29192
29182
29180
29170
29167
29166
29164
29162
29160
29159
29158
29155
29152
29144
29138
29137
29136
29131
29128
29126
29126
29125
29122
29116
29115
29115
29113
29113
29103
29098
29097
29095
29095
29095
29093
29092
29080
29079
29077
29071
29067
29056
29052
29048
29045
29036
29036
29035
29029
29029
29025
29021
29017
29014
29002
28999
28998
28992
28991
28985
28984
28980
28975
28973
28972
28969
28969
28966
28964
28963
28962
28959
28957
28955
28955
28952
28946
28945
28942
28941
28936
28929
28927
28926
28923
28923
28920
28917
28914
28912
28911
28910
28900
28889
28887
28880
28876
28875
28873
28866
28864
28860
28856
28852
28847
28838
28836
28825
28824
28819
28813
28813
28811
28806
28802
28800
28798
28794
28791
28786
28785
28779
28779
28777
28775
28771
28766
28765
28765
28764
28752
28752
28747
28746
28745
28739
28727
28724
28723
28722
28710
28707
28707
28702
28700
28698
28698
28698
28698
28693
28693
28692
28690
28678
28677
28670
28666
28662
28660
28658
28657
28652
28648
28644
28636
28636
28632
28624
28624
28620
28616
28615
28611
28607
28606
28603
28603
28603
28602
28598
28593
28590
28588
28585
28583
28582
28581
28578
28578
28572
28569
28566
28564
28562
28561
28555
28554
28553
28552
28549
28542
28542
28541
28539
28531
28527
28518
28516
28512
28510
28508
28503
28502
28499
28497
28495
28488
28482
28479
28474
28469
28468
28467
28466
28466
28465
28457
28457
28452
28447
28444
28443
28443
28441
28438
28435
28434
28432
28428
28426
28410
28406
28403
28401
28401
28396
28395
28390
28387
28384
28378
28372
28366
28366
28352
28351
28347
28344
28344
28340
28336
28336
28332
28329
28326
28325
28325
28324
28322
28309
28306
28303
28302
28301
28299
28284
28268
28267
28266
28263
28251
28248
28244
28242
28241
28239
28239
28239
28232
28230
28229
28224
28221
28220
28216
28215
28214
28212
28211
28208
28201
28193
28186
28179
28177
28173
28173
28169
28169
28169
28168
28164
28159
28157
28157
28157
28156
28154
28149
28147
28145
28144
28133
28128
28127
28126
28126
28124
28123
28118
28117
28115
28112
28088
28083
28078
28078
28076
28071
28067
28066
28049
28041
28039
28038
28034
28033
28032
28029
28027
28025
28024
28022
28012
28010
28008
28007
28006
28001
27999
27992
27978
27978
27978
27975
27973
27973
27972
27967
27965
27957
27955
27954
27951
27951
27946
27939
27937
27928
27926
27924
27923
27921
27918
27912
27901
27895
27892
27889
27885
27885
27882
27879
27878
27874
27870
27865
27863
27862
27859
27858
27858
27856
27854
27851
27849
27847
27845
27842
27840
27839
27838
27836
27833
27831
27829
27827
27822
27821
27820
27818
27815
27803
27797
27794
27788
27787
27787
27786
27783
27781
27781
27777
27775
27774
27773
27773
27773
27763
27760
27752
27749
27741
27738
27732
27731
27726
27725
27721
27719
27718
27711
27708
27707
27704
27700
27693
27684
27684
27681
27679
27678
27678
27677
27675
27674
27669
27655
27653
27652
27652
27637
27637
27635
27633
27629
27621
27620
27618
27618
27616
27614
27607
27605
27601
27597
27595
27593
27593
27588
27582
27578
27575
27575
27574
27567
27562
27555
27553
27553
27550
27546
27542
27528
27528
27528
27527
27517
27516
27516
27512
27509
27495
27491
27490
27484
27479
27477
27476
27464
27461
27457
27454
27450
27449
27444
27434
27430
27426
27423
27422
27422
27421
27416
27416
27414
27413
27403
27398
27397
27395
27394
27394
27391
27389
27386
27384
27383
27379
27374
27372
27367
27360
27358
27357
27357
27356
27352
27349
27348
27348
27347
27343
27341
27337
27330
27330
27328
27326
27317
27307
27304
27303
27303
27300
27298
27298
27297
27294
27294
27292
27289
27287
27283
27281
27278
27273
27263
27254
27249
27249
27248
27247
27246
27243
27241
27235
27234
27231
27228
27228
27225
27224
27222
27220
27216
27216
27214
27212
27212
27210
27210
27209
27207
27205
27202
27201
27197
27196
27192
27189
27179
27179
27174
27172
27168
27167
27163
27162
27152
27148
27147
27144
27138
27136
27128
27124
27104
27103
27100
27086
27085
27084
27083
27074
27065
27061
27058
27055
27055
27054
27052
27049
27049
27043
27040
27037
27035
27033
27029
27029
27029
27029
27024
27011
27005
27002
26998
26995
26992
26986
26984
26983
26975
26967
26964
26954
26953
26946
26937
26928
26927
26924
26924
26923
26920
26920
26919
26917
26913
26904
26898
26896
26896
26894
26894
26887
26885
26880
26878
26868
26867
26866
26863
26859
26858
26857
26855
26854
26850
26849
26846
26844
26843
26840
26839
26834
26830
26828
26827
26810
26810
26803
26800
26793
26793
26791
26788
26787
26786
26784
26781
26780
26778
26772
26768
26767
26758
26752
26751
26746
26740
26738
26734
26733
26729
26726
26726
26724
26724
26724
26721
26720
26710
26702
26701
26696
26692
26690
26688
26680
26679
26679
26677
26667
26663
26662
26655
26641
26638
26638
26632
26629
26628
26628
26628
26626
26625
26621
26621
26620
26611
26608
26607
26607
26606
26604
26602
26599
26599
26599
26595
26595
26594
26594
26585
26584
26572
26569
26567
26561
26558
26554
26546
26546
26546
26537
26535
26533
26532
26531
26529
26524
26521
26517
26516
26515
26507
26506
26503
26503
26503
26498
26490
26486
26485
26484
26484
26483
26480
26475
26470
26469
26460
26459
26457
26453
26451
26450
26446
26446
26445
26440
26436
26433
26427
26425
26422
26421
26416
26416
26415
26413
26408
26401
26401
26390
26390
26386
26384
26382
26380
26380
26374
26372
26369
26361
26358
26352
26350
26348
26344
26343
26340
26339
26333
26331
26329
26328
26324
26323
26320
26309
26297
26295
26294
26292
26281
26280
26279
26275
26271
26267
26266
26262
26259
26243
26242
26241
26227
26226
26224
26223
26218
26217
26215
26209
26208
26205
26203
26192
26192
26184
26181
26176
26176
26175
26169
26160
26158
26157
26156
26153
26142
26142
26142
26134
26132
26131
26131
26126
26117
26112
26106
26105
26103
26101
26090
26089
26089
26087
26083
26080
26074
26074
26071
26071
26069
26064
26059
26058
26057
26055
26055
26055
26051
26048
26044
26037
26033
26024
26020
26020
26017
26017
26015
26012
26011
26009
26002
25999
25998
25997
25990
25986
25986
25985
25984
25984
25983
25982
25982
25981
25981
25978
25970
25969
25966
25965
25964
25960
25958
25957
25954
25954
25953
25950
25946
25946
25935
25933
25932
25921
25921
25919
25912
25908
25907
25896
25895
25889
25889
25883
25879
25877
25872
25871
25870
25869
25867
25862
25859
25854
25850
25849
25842
25838
25837
25836
25834
25833
25825
25819
25812
25805
25797
25791
25790
25772
25771
25769
25766
25766
25765
25760
25758
25747
25742
25740
25739
25733
25730
25728
25728
25727
25725
25722
25722
25720
25716
25716
25714
25709
25709
25706
25705
25703
25698
25697
25694
25687
25685
25682
25682
25680
25679
25672
25669
25667
25666
25666
25665
25664
25660
25654
25654
25650
25648
25644
25644
25643
25640
25640
25633
25632
25631
25627
25619
25616
25612
25612
25605
25597
25594
25592
25590
25590
25588
25586
25583
25583
25581
25578
25577
25575
25570
25569
25565
25558
25556
25545
25539
25536
25531
25529
25520
25519
25514
25512
25508
25507
25502
25494
25492
25491
25489
25489
25486
25482
25480
25478
25476
25474
25474
25467
25464
25464
25462
25460
25439
25432
25430
25423
25418
25412
25404
25397
25391
25387
25386
25383
25381
25375
25371
25358
25357
25356
25352
25346
25346
25343
25340
25337
25336
25334
25317
25315
25312
25306
25304
25303
25290
25289
25284
25277
25276
25275
25274
25271
25263
25263
25260
25249
25241
25239
25236
25233
25230
25230
25230
25225
25222
25215
25213
25210
25210
25208
25203
25203
25200
25200
25196
25192
25184
25181
25177
25177
25175
25174
25172
25166
25161
25158
25157
25156
25154
25149
25144
25144
25142
25139
25138
25138
25138
25137
25127
25123
25123
25122
25120
25117
25112
25111
25108
25107
25105
25101
25099
25094
25094
25090
25088
25088
25087
25086
25086
25080
25078
25075
25073
25072
25070
25067
25064
25062
25060
25056
25054
25053
25052
25042
25038
25038
25037
25036
25032
25030
25027
25024
25019
25019
25015
25010
25009
25009
25009
25005
25004
25003
24999
24994
24979
24977
24975
24975
24974
24971
24968
24959
24959
24958
24947
24944
24938
24935
24933
24929
24907
24906
24902
24902
24900
24898
24891
24887
24879
24879
24879
24878
24869
24868
24864
24847
24842
24837
24832
24830
24830
24829
24828
24823
24818
24816
24808
24807
24803
24788
24786
24779
24776
24774
24766
24763
24761
24760
24757
24753
24752
24746
24738
24723
24718
24714
24714
24692
24690
24689
24688
24686
24676
24674
24672
24671
24669
24669
24667
24663
24663
24662
24660
24658
24654
24646
24645
24644
24642
24639
24633
24626
24624
24618
24615
24613
24612
24610
24606
24606
24606
24603
24598
24595
24593
24587
24587
24584
24582
24577
24576
24568
24564
24563
24557
24557
24547
24543
24540
24535
24533
24531
24527
24525
24520
24519
24514
24514
24512
24508
24507
24507
24501
24498
24496
24492
24490
24486
24485
24483
24479
24477
24475
24471
24470
24469
24465
24465
24463
24454
24453
24453
24448
24446
24446
24433
24431
24421
24420
24417
24412
24409
24409
24406
24403
24398
24398
24396
24395
24395
24389
24384
24384
24380
24379
24378
24377
24371
24364
24356
24345
24341
24336
24331
24329
24327
24326
24325
24322
24321
24316
24315
24313
24312
24310
24304
24304
24303
24293
24292
24289
24289
24285
24285
24281
24280
24278
24273
24263
24255
24254
24247
24242
24242
24237
24235
24235
24230
24220
24220
24219
24210
24210
24210
24208
24208
24207
24205
24203
24200
24197
24197
24187
24187
24184
24183
24180
24174
24173
24173
24170
24161
24160
24159
24152
24152
24150
24148
24148
24147
24146
24138
24137
24133
24125
24122
24122
24122
24121
24118
24116
24112
24105
24105
24104
24102
24102
24101
24100
24099
24098
24095
24093
24091
24086
24085
24084
24083
24083
24083
24079
24079
24076
24071
24071
24065
24063
24053
24052
24049
24048
24047
24046
24041
24039
24039
24035
24034
24022
24022
24013
24000
23978
23977
23977
23977
23977
23970
23968
23964
23961
23958
23954
23954
23939
23933
23930
23930
23925
23922
23918
23914
23909
23907
23906
23902
23897
23893
23890
23889
23885
23860
23858
23857
23856
23855
23854
23836
23834
23831
23828
23827
23820
23818
23809
23808
23799
23793
23792
23792
23791
23789
23787
23785
23784
23784
23782
23782
23779
23778
23773
23756
23753
23748
23748
23744
23742
23740
23737
23736
23733
23729
23729
23728
23724
23721
23719
23717
23717
23705
23701
23685
23679
23674
23671
23669
23659
23655
23651
23647
23645
23639
23636
23635
23635
23632
23632
23631
23631
23628
23625
23623
23621
23620
23620
23608
23607
23602
23599
23599
23593
23591
23586
23581
23579
23577
23572
23571
23569
23569
23563
23561
23559
23558
23558
23551
23544
23541
23540
23538
23533
23530
23528
23528
23523
23523
23523
23514
23512
23511
23510
23510
23508
23507
23506
23506
23504
23504
23502
23499
23498
23484
23480
23473
23469
23469
23464
23459
23455
23454
23450
23449
23447
23446
23442
23437
23429
23425
23423
23415
23410
23408
23404
23402
23399
23399
23389
23385
23382
23368
23365
23365
23355
23348
23347
23347
23346
23345
23341
23331
23316
23315
23314
23302
23302
23294
23293
23291
23291
23279
23270
23270
23269
23260
23260
23259
23259
23258
23253
23244
23239
23239
23236
23232
23229
23226
23224
23217
23214
23213
23206
23199
23199
23196
23193
23190
23178
23172
23168
23167
23165
23150
23145
23143
23132
23131
23124
23122
23118
23116
23112
23110
23103
23100
23099
23098
23094
23092
23092
23088
23086
23085
23084
23083
23077
23075
23073
23066
23052
23042
23041
23037
23033
23030
23026
23025
23022
23022
23021
23019
23017
23000
22993
22992
22988
22983
22979
22978
22977
22974
22968
22967
22966
22965
22964
22961
22961
22960
22957
22954
22952
22952
22946
22945
22943
22940
22937
22932
22931
22925
22923
22921
22919
22914
22913
22910
22910
22909
22909
22907
22906
22901
22893
22890
22890
22888
22885
22885
22880
22875
22869
22866
22866
22854
22852
22852
22850
22849
22848
22845
22840
22837
22837
22836
22834
22816
22814
22805
22802
22796
22783
22779
22775
22771
22770
22770
22770
22767
22766
22760
22760
22758
22755
22753
22750
22749
22748
22746
22746
22745
22743
22742
22742
22740
22737
22733
22732
22730
22725
22724
22721
22719
22716
22716
22704
22685
22677
22676
22672
22670
22669
22665
22659
22654
22647
22643
22640
22630
22630
22621
22616
22605
22601
22597
22591
22589
22588
22587
22578
22577
22574
22567
22566
22564
22560
22558
22557
22556
22548
22545
22543
22543
22542
22541
22541
22539
22538
22535
22534
22528
22523
22518
22518
22516
22511
22509
22507
22507
22506
22500
22495
22495
22494
22486
22481
22477
22469
22462
22456
22451
22450
22447
22445
22445
22443
22441
22438
22428
22425
22419
22415
22413
22413
22412
22407
22404
22400
22390
22383
22371
22364
22362
22357
22351
22340
22338
22336
22333
22332
22327
22317
22309
22309
22306
22306
22304
22300
22294
22292
22289
22286
22283
22273
22271
22270
22253
22251
22247
22246
22244
22238
22236
22234
22231
22229
22229
22228
22226
22221
22216
22196
22189
22189
22180
22172
22171
22167
22164
22161
22157
22153
22146
22146
22145
22143
22142
22142
22138
22136
22132
22127
22125
22124
22124
22120
22120
22119
22113
22109
22102
22101
22098
22091
22090
22089
22086
22084
22068
22068
22065
22063
22062
22045
22043
22038
22027
22024
22023
22017
22014
22011
22008
22008
22006
22005
22005
22003
22000
21999
21999
21995
21990
21990
21989
21989
21987
21987
21984
21980
21979
21978
21977
21977
21972
21970
21969
21967
21964
21962
21950
21949
21947
21947
21946
21943
21943
21933
21929
21929
21928
21926
21922
21919
21919
21913
21911
21909
21906
21901
21895
21893
21891
21890
21888
21887
21887
21885
21882
21878
21875
21873
21872
21868
21864
21860
21860
21859
21857
21855
21852
21846
21840
21840
21825
21824
21816
21814
21806
21802
21801
21800
21794
21790
21786
21785
21784
21784
21779
21777
21777
21775
21769
21756
21748
21747
21745
21743
21741
21741
21740
21735
21728
21728
21726
21724
21722
21721
21715
21711
21711
21709
21709
21701
21697
21693
21690
21689
21686
21685
21684
21683
21683
21683
21679
21670
21669
21667
21653
21648
21643
21633
21632
21628
21628
21619
21617
21616
21614
21613
21612
21604
21596
21596
21592
21590
21587
21587
21585
21585
21584
21583
21581
21580
21579
21576
21559
21558
21556
21555
21539
21532
21531
21526
21522
21520
21513
21512
21511
21507
21505
21504
21498
21495
21488
21487
21485
21476
21474
21470
21469
21466
21459
21459
21455
21454
21447
21445
21445
21444
21444
21436
21435
21434
21427
21426
21422
21420
21416
21413
21410
21402
21400
21398
21396
21393
21392
21392
21389
21387
21387
21377
21375
21373
21370
21370
21368
21360
21354
21353
21344
21342
21337
21329
21323
21319
21314
21312
21311
21308
21308
21308
21307
21299
21299
21298
21294
21293
21290
21289
21288
21280
21279
21278
21277
21276
21273
21271
21270
21265
21259
21255
21254
21250
21233
21232
21232
21230
21228
21228
21227
21222
21218
21217
21215
21211
21207
21204
21198
21191
21188
21188
21184
21182
21180
21168
21162
21161
21158
21157
21153
21151
21144
21142
21140
21136
21135
21132
21127
21127
21123
21123
21117
21117
21108
21105
21104
21104
21097
21095
21092
21090
21089
21087
21082
21076
21072
21059
21057
21048
21046
21043
21035
21034
21031
21027
21019
21019
21010
21010
21009
21005
21004
21003
20996
20992
20985
20985
20980
20980
20979
20979
20978
20971
20968
20966
20955
20952
20942
20942
20938
20932
20932
20931
20931
20928
20917
20907
20905
20905
20901
20892
20891
20890
20889
20876
20871
20871
20861
20861
20850
20849
20843
20842
20839
20837
20835
20831
20828
20827
20820
20820
20819
20815
20815
20811
20806
20801
20801
20800
20798
20795
20794
20792
20788
20786
20786
20779
20777
20774
20773
20763
20763
20762
20757
20750
20735
20735
20734
20733
20728
20727
20712
20711
20707
20704
20703
20699
20698
20691
20690
20689
20683
20682
20679
20679
20675
20674
20671
20668
20666
20659
20653
20651
20651
20650
20650
20649
20647
20643
20643
20637
20634
20632
20628
20628
20626
20626
20623
20615
20612
20610
20606
20595
20590
20589
20585
20584
20580
20573
20572
20571
20568
20564
20563
20563
20563
20563
20560
20554
20552
20547
20546
20544
20540
20540
20539
20538
20537
20529
20527
20526
20497
20484
20481
20480
20475
20473
20464
20456
20452
20451
20449
20446
20446
20444
20438
20434
20433
20432
20415
20413
20407
20407
20404
20400
20399
20399
20398
20397
20396
20394
20391
20380
20378
20377
20374
20370
20369
20367
20362
20356
20353
20351
20349
20348
20347
20346
20340
20339
20336
20327
20325
20324
20318
20315
20315
20312
20308
20301
20298
20297
20292
20289
20288
20282
20280
20278
20276
20267
20265
20260
20258
20258
20249
20246
20244
20242
20242
20239
20239
20239
20232
20225
20212
20205
20203
20197
20193
20189
20187
20185
20183
20179
20176
20173
20170
20161
20158
20154
20153
20152
20148
20136
20132
20132
20128
20124
20119
20114
20114
20112
20106
20106
20089
20089
20080
20080
20078
20078
20077
20073
20072
20071
20068
20066
20065
20061
20061
20061
20060
20052
20048
20044
20038
20029
20025
20020
20018
20016
20011
20011
20008
20007
20003
20002
19989
19981
19980
19979
19978
19971
19968
19963
19961
19956
19955
19944
19942
19942
19941
19940
19935
19935
19935
19930
19929
19926
19926
19925
19924
19923
19923
19921
19920
19920
19920
19917
19915
19914
19913
19912
19908
19906
19901
19900
19897
19889
19885
19880
19880
19876
19874
19869
19868
19868
19865
19859
19849
19849
19844
19842
19840
19832
19828
19824
19822
19820
19820
19808
19808
19806
19800
19799
19792
19792
19791
19787
19780
19779
19773
19769
19767
19766
19764
19762
19761
19760
19759
19754
19749
19743
19742
19742
19741
19739
19738
19737
19731
19724
19717
19713
19713
19712
19712
19710
19707
19704
19700
19697
19696
19695
19694
19693
19690
19686
19672
19664
19662
19660
19660
19659
19657
19650
19642
19639
19638
19636
19635
19634
19630
19627
19622
19620
19619
19617
19616
19605
19605
19603
19594
19586
19584
19582
19582
19567
19565
19563
19562
19550
19549
19540
19539
19539
19535
19534
19532
19529
19525
19524
19517
19499
19499
19493
19491
19485
19484
19482
19482
19482
19477
19472
19470
19470
19470
19448
19447
19447
19445
19434
19433
19431
19429
19427
19426
19424
19424
19424
19424
19423
19418
19410
19405
19402
19398
19392
19391
19387
19385
19378
19377
19371
19365
19362
19361
19357
19355
19352
19348
19345
19342
19340
19337
19333
19320
19311
19311
19307
19303
19303
19299
19298
19294
19293
19292
19286
19285
19282
19282
19275
19272
19266
19264
19259
19258
19256
19255
19253
19253
19252
19248
19243
19241
19239
19234
19232
19230
19224
19223
19215
19214
19213
19213
19209
19195
19192
19186
19179
19177
19177
19176
19175
19171
19170
19168
19165
19165
19164
19162
19162
19158
19157
19153
19148
19147
19147
19147
19145
19130
19130
19128
19127
19127
19125
19123
19122
19118
19115
19114
19113
19111
19109
19105
19099
19097
19097
19095
19093
19091
19086
19079
19079
19077
19075
19072
19072
19071
19069
19059
19055
19050
19049
19049
19045
19044
19037
19036
19035
19035
19029
19029
19028
19025
19023
19020
19004
19003
19002
19000
18994
18994
18994
18992
18992
18987
18987
18983
18980
18974
18974
18974
18969
18967
18960
18959
18958
18948
18947
18945
18943
18942
18939
18939
18936
18933
18932
18922
18912
18907
18895
18889
18886
18882
18881
18879
18879
18879
18877
18874
18873
18872
18866
18864
18860
18854
18849
18849
18842
18838
18836
18833
18831
18825
18824
18822
18815
18810
18805
18798
18795
18794
18793
18793
18789
18777
18766
18761
18760
18759
18758
18754
18753
18746
18744
18742
18740
18737
18734
18733
18731
18726
18723
18720
18718
18715
18712
18711
18710
18707
18702
18696
18692
18691
18690
18686
18684
18681
18675
18672
18671
18666
18666
18662
18659
18659
18657
18650
18644
18637
18634
18630
18625
18624
18623
18621
18620
18619
18615
18615
18609
18609
18604
18601
18600
18600
18600
18582
18580
18580
18579
18577
18575
18568
18567
18559
18557
18555
18550
18549
18548
18541
18537
18535
18532
18531
18525
18520
18515
18514
18513
18509
18507
18507
18507
18501
18493
18490
18488
18488
18473
18459
18459
18451
18448
18444
18443
18443
18440
18440
18437
18435
18434
18426
18423
18419
18415
18411
18409
18409
18408
18400
18398
18396
18396
18394
18390
18388
18387
18382
18380
18379
18376
18373
18364
18358
18354
18350
18348
18346
18344
18342
18341
18340
18337
18329
18328
18328
18326
18318
18315
18312
18309
18306
18293
18291
18290
18290
18289
18289
18285
18265
18259
18257
18257
18254
18254
18249
18247
18245
18241
18240
18238
18237
18237
18234
18232
18230
18230
18224
18218
18216
18213
18213
18205
18202
18196
18192
18191
18185
18183
18181
18179
18173
18171
18170
18167
18163
18162
18158
18157
18157
18155
18150
18150
18148
18147
18146
18145
18143
18137
18132
18131
18130
18126
18120
18116
18109
18109
18104
18103
18101
18101
18100
18098
18096
18096
18095
18090
18090
18083
18077
18072
18071
18063
18062
18060
18059
18055
18050
18050
18047
18045
18039
18037
18037
18030
18028
18021
18016
18016
18013
18012
18004
18002
18000
17999
17996
17990
17990
17988
17987
17984
17977
17972
17966
17964
17958
17952
17950
17950
17948
17938
17929
17928
17927
17926
17924
17923
17922
17917
17917
17911
17908
17907
17905
17901
17898
17896
17893
17889
17886
17885
17885
17884
17880
17877
17876
17874
17873
17867
17863
17859
17858
17855
17854
17854
17853
17853
17849
17848
17847
17841
17837
17831
17827
17826
17826
17822
17821
17816
17811
17809
17808
17807
17789
17785
17781
17781
17768
17768
17766
17761
17757
17754
17754
17752
17752
17748
17742
17740
17740
17738
17737
17734
17732
17732
17732
17720
17719
17718
17715
17711
17709
17707
17707
17705
17703
17698
17695
17693
17690
17676
17669
17669
17663
17660
17656
17653
17652
17651
17647
17647
17646
17624
17623
17617
17615
17615
17611
17610
17601
17601
17592
17587
17586
17583
17572
17572
17570
17563
17562
17559
17558
17552
17541
17534
17532
17529
17523
17522
17522
17518
17515
17507
17502
17495
17493
17491
17490
17490
17489
17484
17480
17474
17467
17466
17456
17454
17451
17451
17449
17445
17441
17440
17426
17426
17425
17416
17415
17413
17411
17408
17407
17402
17402
17400
17400
17397
17393
17384
17372
17367
17367
17365
17362
17360
17359
17358
17356
17355
17353
17346
17344
17340
17338
17333
17327
17321
17320
17320
17307
17307
17305
17301
17287
17283
17282
17282
17282
17277
17272
17271
17268
17263
17258
17257
17254
17249
17248
17243
17240
17230
17228
17227
17223
17222
17219
17212
17206
17203
17199
17198
17192
17191
17190
17182
17179
17172
17171
17171
17168
17166
17165
17160
17159
17159
17152
17151
17150
17140
17136
17133
17130
17124
17124
17122
17122
17119
17118
17116
17111
17109
17102
17100
17099
17097
17095
17093
17093
17092
17092
17092
17086
17086
17084
17084
17082
17077
17076
17076
17073
17071
17069
17068
17067
17064
17063
17063
17062
17056
17053
17052
17043
17043
17043
17042
17040
17037
17028
17025
17021
17019
17016
17012
17007
17004
16995
16992
16991
16989
16982
16974
16971
16967
16966
16966
16964
16963
16963
16961
16960
16958
16956
16956
16955
16953
16952
16950
16948
16947
16946
16944
16941
16941
16939
16938
16937
16931
16926
16926
16914
16913
16911
16908
16907
16906
16905
16902
16899
16884
16880
16874
16869
16867
16866
16865
16862
16855
16855
16854
16849
16845
16836
16828
16821
16818
16816
16811
16810
16808
16805
16803
16797
16796
16795
16792
16788
16781
16778
16774
16774
16773
16770
16764
16761
16760
16757
16755
16742
16742
16737
16736
16736
16729
16724
16719
16713
16711
16710
16709
16706
16704
16703
16699
16696
16693
16691
16689
16688
16687
16687
16679
16679
16678
16677
16676
16671
16664
16660
16654
16653
16650
16642
16637
16636
16634
16633
16632
16628
16628
16626
16625
16618
16618
16617
16616
16615
16615
16613
16612
16609
16605
16604
16602
16596
16593
16590
16588
16587
16582
16581
16578
16574
16566
16566
16564
16562
16558
16542
16540
16534
16526
16523
16515
16514
16512
16507
16507
16504
16504
16496
16495
16485
16484
16473
16465
16464
16460
16451
16442
16440
16439
16439
16437
16433
16433
16432
16427
16422
16420
16417
16409
16409
16407
16403
16400
16398
16391
16390
16384
16382
16374
16369
16367
16365
16363
16362
16361
16354
16352
16351
16349
16339
16336
16330
16328
16327
16326
16324
16322
16319
16312
16309
16309
16304
16303
16299
16297
16295
16291
16290
16290
16278
16277
16277
16274
16271
16269
16262
16259
16252
16249
16246
16245
16242
16237
16235
16234
16231
16230
16226
16225
16221
16221
16215
16209
16208
16202
16199
16197
16197
16194
16193
16193
16193
16190
16189
16188
16182
16182
16182
16182
16181
16181
16181
16176
16175
16174
16173
16172
16171
16170
16160
16158
16158
16153
16153
16151
16149
16147
16132
16124
16124
16123
16121
16120
16118
16107
16099
16097
16094
16082
16073
16070
16066
16065
16050
16050
16049
16035
16033
16023
16018
16006
16004
16002
16001
16001
15997
15991
15991
15989
15974
15969
15969
15962
15956
15950
15950
15947
15942
15934
15927
15926
15916
15914
15914
15911
15909
15904
15896
15896
15890
15888
15888
15888
15882
15879
15873
15869
15866
15863
15857
15854
15851
15832
15830
15829
15827
15827
15826
15818
15816
15815
15815
15808
15807
15806
15806
15803
15801
15795
15790
15789
15789
15787
15784
15780
15770
15768
15766
15764
15761
15752
15751
15751
15748
15747
15745
15740
15738
15738
15726
15725
15722
15721
15711
15710
15708
15706
15705
15705
15704
15704
15703
15702
15695
15695
15687
15677
15675
15671
15662
15661
15653
15638
15629
15625
15624
15622
15622
15621
15620
15620
15618
15616
15615
15614
15603
15596
15594
15592
15591
15582
15578
15578
15577
15577
15575
15566
15565
15561
15558
15549
15543
15542
15536
15535
15532
15527
15523
15519
15518
15517
15515
15512
15512
15511
15510
15510
15509
15504
15504
15500
15498
15492
15488
15488
15486
15468
15465
15465
15461
15458
15447
15445
15440
15433
15431
15429
15425
15425
15424
15419
15411
15411
15409
15408
15407
15406
15406
15402
15401
15396
15395
15395
15391
15387
15387
15385
15381
15372
15368
15363
15362
15361
15361
15359
15357
15348
15348
15347
15345
15335
15333
15330
15328
15321
15316
15307
15301
15293
15288
15286
15278
15277
15271
15269
15267
15264
15259
15257
15256
15251
15249
15248
15241
15241
15237
15234
15234
15230
15227
15226
15224
15223
15218
15217
15215
15211
15195
15193
15189
15186
15176
15174
15173
15171
15168
15167
15161
15156
15155
15152
15149
15146
15145
15144
15134
15132
15123
15123
15116
15113
15112
15107
15101
15096
15089
15085
15083
15077
15073
15065
15063
15063
15062
15040
15040
15040
15039
15037
15036
15034
15032
15031
15027
15026
15022
15021
15016
15016
15013
15006
15005
15000
14999
14997
14994
14992
14992
14987
14977
14970
14969
14967
14959
14958
14957
14955
14953
14946
14945
14944
14943
14942
14928
14926
14917
14916
14914
14913
14912
14909
14906
14904
14903
14894
14892
14892
14880
14860
14858
14857
14856
14852
14842
14841
14837
14837
14830
14826
14822
14817
14815
14813
14812
14804
14794
14790
14783
14779
14773
14773
14770
14769
14761
14758
14756
14756
14751
14750
14748
14746
14743
14740
14725
14720
14718
14717
14710
14707
14703
14702
14698
14696
14691
14689
14684
14680
14678
14677
14673
14672
14669
14666
14660
14655
14653
14652
14645
14641
14639
14634
14630
14626
14623
14623
14619
14612
14612
14610
14607
14599
14596
14592
14591
14590
14590
14587
14586
14585
14585
14579
14578
14573
14564
14561
14559
14557
14557
14551
14531
14528
14527
14526
14525
14522
14521
14510
14510
14500
14498
14498
14496
14495
14487
14476
14468
14461
14460
14459
14459
14456
14453
14451
14448
14445
14442
14435
14435
14433
14431
14431
14424
14423
14420
14419
14415
14415
14406
14405
14405
14397
14394
14381
14379
14379
14376
14375
14373
14369
14368
14365
14356
14347
14344
14342
14337
14337
14337
14336
14334
14319
14317
14317
14316
14311
14306
14300
14294
14294
14286
14283
14282
14278
14277
14274
14263
14263
14260
14253
14252
14252
14250
14247
14243
14240
14239
14238
14231
14231
14223
14215
14210
14209
14208
14199
14186
14179
14179
14178
14173
14159
14158
14158
14156
14152
14141
14130
14130
14124
14122
14119
14115
14114
14113
14111
14110
14109
14106
14103
14097
14096
14092
14090
14085
14082
14078
14075
14070
14063
14056
14038
14032
14020
14019
14018
14017
14004
13999
13996
13996
13990
13988
13987
13985
13983
13982
13972
13972
13966
13963
13962
13960
13956
13956
13954
13954
13953
13952
13950
13950
13947
13946
13944
13940
13935
13932
13931
13931
13930
13927
13925
13922
13921
13921
13919
13919
13918
13916
13915
13912
13906
13905
13902
13896
13888
13888
13888
13884
13882
13882
13881
13878
13877
13875
13874
13873
13870
13866
13862
13858
13855
13855
13852
13851
13851
13849
13847
13839
13839
13838
13832
13827
13825
13825
13821
13820
13819
13819
13809
13809
13807
13806
13805
13803
13799
13794
13793
13793
13790
13789
13787
13781
13777
13763
13759
13759
13757
13753
13750
13750
13750
13749
13748
13748
13747
13743
13740
13737
13735
13730
13727
13719
13716
13715
13713
13711
13709
13705
13704
13693
13691
13690
13686
13681
13676
13675
13669
13665
13654
13651
13650
13650
13648
13647
13645
13642
13641
13640
13638
13631
13629
13629
13626
13625
13621
13621
13616
13616
13610
13598
13597
13592
13589
13588
13587
13585
13585
13580
13568
13557
13551
13550
13549
13544
13540
13537
13536
13530
13529
13529
13528
13527
13513
13508
13508
13505
13504
13502
13498
13497
13494
13493
13490
13489
13484
13479
13479
13479
13478
13475
13470
13468
13467
13467
13458
13458
13452
13449
13447
13446
13445
13442
13432
13431
13429
13422
13420
13418
13417
13416
13412
13401
13399
13397
13395
13393
13388
13380
13378
13375
13366
13364
13362
13355
13354
13351
13337
13333
13331
13326
13322
13316
13304
13296
13290
13287
13283
13279
13277
13277
13267
13266
13263
13259
13254
13246
13246
13237
13235
13235
13230
13229
13226
13224
13217
13202
13182
13179
13179
13177
13171
13168
13166
13165
13156
13152
13148
13146
13146
13138
13137
13137
13126
13124
13118
13117
13110
13105
13102
13098
13097
13095
13093
13092
13090
13089
13086
13086
13086
13075
13074
13069
13069
13067
13065
13065
13063
13055
13052
13041
13035
13035
13033
13030
13029
13029
13028
13021
13015
13015
13014
13008
13006
13005
13002
13000
12999
12990
12985
12982
12976
12975
12972
12971
12967
12962
12961
12961
12959
12957
12957
12948
12947
12945
12944
12931
12929
12929
12929
12924
12920
12918
12917
12910
12907
12906
12901
12901
12887
12886
12885
12874
12872
12872
12866
12864
12853
12853
12853
12852
12852
12849
12842
12841
12840
12839
12836
12832
12830
12827
12825
12824
12820
12820
12817
12814
12807
12805
12797
12795
12791
12791
12788
12783
12777
12774
12769
12769
12768
12766
12759
12753
12752
12751
12749
12747
12744
12737
12735
12734
12732
12728
12727
12727
12727
12726
12726
12723
12722
12712
12711
12710
12704
12700
12697
12697
12691
12691
12691
12689
12686
12677
12676
12673
12672
12668
12665
12664
12662
12661
12657
12653
12650
12648
12645
12645
12643
12638
12637
12631
12629
12628
12624
12621
12618
12615
12598
12597
12592
12588
12583
12582
12580
12576
12569
12569
12566
12565
12557
12550
12549
12539
12538
12538
12537
12532
12530
12527
12526
12522
12514
12512
12507
12504
12503
12501
12500
12499
12497
12492
12488
12488
12483
12478
12467
12467
12458
12453
12449
12439
12439
12438
12438
12428
12425
12425
12425
12423
12421
12419
12412
12408
12408
12405
12403
12402
12402
12400
12394
12394
12390
12390
12389
12387
12386
12377
12374
12369
12367
12366
12366
12363
12362
12358
12355
12351
12348
12345
12343
12342
12342
12339
12333
12324
12322
12318
12315
12310
12308
12302
12301
12301
12297
12295
12294
12289
12284
12277
12275
12274
12271
12267
12265
12263
12253
12250
12248
12245
12240
12232
12232
12226
12224
12224
12210
12208
12205
12204
12191
12186
12185
12183
12183
12175
12172
12167
12163
12161
12147
12143
12143
12139
12138
12131
12128
12121
12121
12120
12115
12114
12113
12111
12106
12104
12090
12088
12086
12086
12080
12071
12065
12064
12058
12051
12049
12049
12047
12046
12045
12045
12044
12039
12037
12033
12032
12030
12027
12026
12026
12023
12022
12019
12018
12016
12012
12008
12004
12004
11996
11990
11990
11985
11982
11976
11969
11967
11964
11963
11955
11950
11948
11943
11940
11940
11938
11932
11931
11929
11925
11922
11920
11913
11911
11911
11908
11904
11904
11902
11900
11896
11890
11889
11877
11877
11874
11873
11869
11866
11865
11863
11856
11853
11850
11847
11845
11842
11842
11842
11838
11829
11828
11820
11819
11814
11809
11809
11807
11798
11790
11787
11787
11785
11784
11781
11776
11776
11772
11760
11751
11750
11746
11745
11741
11740
11736
11734
11733
11731
11730
11726
11725
11725
11717
11711
11693
11690
11680
11676
11673
11670
11668
11668
11666
11666
11659
11659
11652
11647
11644
11642
11640
11639
11638
11636
11634
11632
11625
11623
11620
11617
11611
11610
11610
11609
11607
11603
11602
11595
11590
11589
11585
11582
11582
11570
11566
11566
11562
11562
11552
11549
11549
11546
11543
11543
11541
11538
11529
11528
11524
11514
11514
11513
11511
11511
11508
11507
11504
11498
11497
11490
11481
11480
11477
11474
11467
11458
11458
11452
11451
11442
11438
11435
11429
11424
11423
11422
11422
11421
11421
11414
11406
11403
11387
11380
11379
11375
11373
11372
11369
11362
11360
11359
11356
11354
11354
11351
11348
11343
11341
11340
11339
11338
11335
11328
11326
11318
11317
11315
11311
11304
11294
11292
11287
11286
11285
11282
11280
11280
11278
11267
11265
11261
11258
11256
11255
11252
11252
11249
11247
11246
11240
11238
11237
11235
11235
11233
11231
11224
11223
11217
11217
11212
11210
11208
11207
11204
11204
11204
11203
11203
11198
11198
11192
11190
11188
11187
11187
11186
11185
11171
11169
11162
11161
11156
11151
11150
11133
11126
11121
11115
11113
11109
11102
11101
11090
11069
11065
11064
11063
11062
11062
11060
11058
11045
11043
11039
11038
11031
11027
11027
11020
11018
11017
11013
11013
11008
11008
11003
11003
11002
10999
10997
10995
10995
10992
10989
10988
10987
10986
10979
10962
10961
10961
10958
10954
10954
10952
10949
10946
10946
10938
10937
10932
10929
10927
10927
10923
10922
10920
10920
10914
10912
10907
10906
10906
10900
10899
10899
10887
10887
10883
10872
10871
10870
10867
10866
10866
10862
10860
10860
10858
10853
10846
10844
10841
10839
10838
10836
10836
10833
10830
10830
10827
10820
10820
10818
10818
10816
10815
10812
10806
10804
10799
10797
10796
10794
10789
10788
10788
10788
10787
10784
10781
10780
10775
10769
10767
10761
10761
10760
10759
10749
10746
10745
10739
10738
10737
10735
10723
10723
10713
10712
10710
10708
10707
10701
10694
10691
10678
10678
10676
10675
10671
10669
10658
10655
10654
10654
10654
10649
10646
10642
10641
10635
10635
10632
10629
10626
10625
10620
10617
10615
10614
10609
10601
10599
10598
10597
10594
10588
10587
10586
10583
10579
10579
10578
10578
10570
10567
10566
10566
10561
10556
10555
10555
10548
10537
10532
10532
10523
10517
10517
10512
10511
10502
10501
10498
10497
10497
10492
10491
10478
10472
10460
10458
10455
10453
10449
10448
10445
10439
10438
10436
10433
10410
10407
10405
10405
10404
10401
10386
10383
10382
10378
10376
10375
10374
10363
10358
10353
10350
10349
10348
10337
10335
10335
10334
10332
10331
10329
10326
10324
10323
10321
10318
10317
10312
10310
10306
10300
10298
10293
10289
10287
10284
10281
10280
10279
10274
10274
10273
10272
10268
10262
10255
10255
10254
10251
10244
10244
10242
10237
10236
10235
10234
10233
10220
10219
10218
10212
10203
10201
10194
10193
10193
10193
10192
10191
10187
10173
10167
10163
10158
10150
10150
10149
10147
10142
10140
10140
10138
10138
10137
10137
10131
10131
10130
10129
10127
10120
10118
10114
10113
10108
10097
10091
10088
10086
10085
10081
10079
10074
10074
10072
10066
10066
10063
10061
10049
10047
10045
10041
10040
10030
10020
10019
10014
10012
10010
10006
10003
10000
9999
9990
9985
9974
9971
9971
9971
9970
9965
9959
9958
9957
9956
9955
9947
9945
9943
9942
9938
9937
9934
9932
9927
9925
9924
9923
9920
9917
9916
9915
9913
9913
9909
9908
9907
9906
9902
9900
9899
9898
9895
9890
9887
9883
9880
9879
9877
9876
9876
9875
9869
9859
9854
9852
9852
9850
9849
9849
9848
9847
9842
9842
9840
9835
9834
9831
9830
9829
9818
9812
9811
9807
9806
9805
9798
9792
9788
9785
9775
9771
9763
9762
9762
9757
9757
9757
9753
9750
9749
9744
9735
9735
9732
9731
9719
9717
9709
9705
9697
9689
9685
9682
9679
9677
9676
9672
9668
9662
9656
9655
9650
9647
9645
9632
9630
9630
9627
9625
9623
9622
9621
9615
9603
9601
9601
9600
9598
9598
9596
9595
9595
9592
9585
9578
9576
9576
9576
9572
9570
9570
9569
9568
9562
9556
9546
9544
9533
9528
9524
9518
9517
9514
9513
9509
9489
9486
9483
9479
9478
9475
9475
9470
9470
9469
9467
9467
9463
9462
9457
9457
9451
9448
9447
9446
9445
9444
9439
9436
9432
9427
9422
9417
9415
9415
9408
9406
9400
9399
9397
9397
9396
9390
9387
9385
9383
9380
9380
9377
9374
9367
9365
9364
9361
9354
9352
9348
9347
9346
9344
9336
9330
9330
9324
9322
9321
9319
9316
9311
9309
9308
9306
9305
9305
9302
9301
9300
9299
9299
9299
9285
9281
9278
9277
9275
9271
9268
9253
9253
9246
9244
9243
9239
9239
9230
9229
9229
9217
9216
9214
9210
9209
9208
9206
9202
9201
9199
9194
9188
9188
9185
9184
9183
9180
9178
9175
9170
9168
9166
9157
9150
9150
9145
9137
9125
9124
9123
9114
9111
9109
9108
9096
9090
9086
9083
9082
9081
9074
9065
9065
9061
9054
9051
9044
9040
9040
9027
9021
9017
9016
9015
9013
9005
9005
9005
9002
9002
8998
8998
8993
8988
8987
8978
8976
8974
8972
8969
8965
8963
8961
8960
8942
8938
8926
8924
8918
8911
8908
8906
8900
8899
8897
8892
8890
8879
8878
8875
8872
8867
8855
8855
8851
8841
8838
8837
8836
8823
8821
8818
8816
8811
8809
8808
8806
8805
8799
8798
8797
8795
8792
8785
8784
8781
8779
8773
8772
8765
8765
8764
8760
8747
8746
8741
8738
8735
8731
8729
8729
8729
8727
8724
8724
8721
8719
8715
8714
8709
8698
8696
8688
8688
8687
8685
8684
8682
8681
8678
8678
8677
8676
8674
8672
8671
8668
8667
8653
8649
8644
8644
8643
8643
8641
8630
8629
8629
8627
8622
8622
8622
8620
8615
8614
8598
8590
8590
8583
8577
8568
8568
8568
8559
8557
8556
8555
8555
8552
8552
8552
8551
8549
8548
8548
8547
8541
8536
8536
8528
8527
8525
8523
8523
8519
8518
8516
8514
8512
8510
8510
8506
8499
8497
8495
8493
8487
8485
8481
8480
8478
8477
8474
8474
8473
8470
8465
8463
8460
8455
8447
8443
8442
8439
8433
8429
8427
8426
8426
8424
8423
8422
8422
8422
8420
8418
8417
8415
8414
8408
8407
8404
8401
8390
8389
8388
8385
8382
8380
8378
8377
8374
8367
8366
8359
8352
8349
8348
8346
8344
8343
8342
8341
8338
8332
8331
8315
8311
8302
8301
8301
8299
8297
8295
8295
8295
8291
8289
8286
8285
8284
8279
8277
8275
8271
8269
8267
8267
8266
8262
8259
8254
8254
8252
8249
8246
8245
8244
8240
8234
8231
8229
8226
8226
8220
8211
8208
8207
8201
8200
8197
8196
8193
8191
8191
8190
8174
8170
8168
8166
8152
8151
8147
8146
8141
8141
8139
8138
8137
8136
8131
8128
8126
8125
8123
8116
8116
8114
8104
8095
8087
8087
8084
8079
8078
8078
8076
8075
8073
8071
8071
8068
8064
8062
8050
8048
8044
8041
8040
8032
8029
8027
8025
8019
8017
8014
8010
8006
8004
8002
7997
7996
7992
7990
7990
7988
7987
7984
7983
7983
7981
7979
7974
7957
7955
7954
7949
7948
7942
7940
7938
7935
7930
7928
7926
7920
7913
7912
7912
7906
7905
7902
7896
7895
7893
7886
7884
7882
7878
7875
7874
7860
7857
7846
7846
7844
7842
7840
7835
7830
7828
7825
7825
7822
7821
7821
7819
7817
7816
7815
7813
7812
7810
7810
7807
7805
7800
7800
7792
7782
7779
7778
7777
7772
7768
7767
7764
7754
7753
7753
7742
7738
7737
7737
7737
7735
7733
7727
7727
7727
7726
7716
7712
7712
7709
7703
7699
7696
7689
7687
7676
7670
7669
7667
7656
7650
7648
7648
7648
7641
7641
7640
7638
7636
7631
7629
7624
7620
7614
7613
7612
7611
7609
7609
7607
7602
7602
7596
7594
7592
7592
7584
7579
7578
7575
7575
7565
7564
7563
7557
7550
7537
7526
7522
7521
7501
7496
7495
7489
7486
7482
7476
7476
7467
7461
7457
7455
7453
7452
7451
7449
7448
7437
7433
7431
7431
7425
7422
7420
7417
7414
7412
7410
7409
7406
7405
7402
7399
7398
7398
7393
7392
7389
7386
7385
7381
7380
7376
7375
7372
7365
7365
7363
7363
7362
7362
7361
7357
7357
7356
7352
7352
7343
7337
7334
7333
7326
7323
7320
7306
7305
7303
7298
7297
7293
7290
7288
7279
7274
7270
7268
7260
7258
7252
7251
7248
7245
7244
7244
7243
7243
7240
7240
7237
7234
7229
7226
7226
7224
7223
7222
7221
7216
7212
7207
7199
7199
7197
7196
7196
7194
7186
7184
7179
7179
7176
7175
7171
7162
7160
7159
7156
7151
7151
7151
7145
7142
7141
7139
7131
7128
7127
7126
7121
7121
7117
7115
7113
7113
7108
7106
7101
7098
7097
7097
7097
7093
7091
7090
7088
7087
7085
7083
7083
7082
7071
7068
7067
7064
7063
7055
7055
7054
7052
7049
7049
7046
7042
7041
7040
7037
7036
7032
7027
7026
7018
7014
7010
7010
7008
7008
7004
7001
6999
6999
6997
6993
6988
6988
6987
6980
6976
6968
6962
6959
6958
6957
6948
6945
6941
6939
6938
6935
6933
6932
6930
6927
6923
6923
6915
6914
6908
6908
6907
6907
6901
6900
6896
6892
6888
6887
6887
6886
6878
6869
6865
6863
6858
6857
6854
6852
6850
6849
6846
6844
6843
6834
6834
6832
6832
6828
6826
6824
6823
6817
6815
6813
6806
6806
6805
6805
6801
6791
6791
6790
6788
6783
6780
6779
6768
6763
6759
6748
6745
6744
6722
6710
6708
6705
6705
6701
6694
6693
6688
6685
6680
6679
6673
6670
6669
6665
6665
6664
6661
6658
6654
6651
6643
6634
6632
6629
6627
6627
6626
6621
6619
6617
6616
6616
6609
6609
6607
6606
6604
6601
6601
6600
6600
6599
6598
6593
6593
6589
6588
6579
6579
6579
6577
6576
6562
6561
6560
6553
6549
6548
6547
6543
6541
6540
6540
6540
6539
6536
6531
6527
6526
6520
6519
6519
6513
6510
6500
6500
6500
6499
6498
6493
6490
6489
6488
6482
6477
6472
6470
6470
6469
6468
6464
6459
6454
6446
6443
6443
6436
6434
6433
6430
6425
6424
6423
6420
6418
6414
6413
6410
6408
6401
6397
6389
6387
6386
6382
6382
6377
6376
6374
6370
6370
6363
6356
6354
6348
6348
6346
6346
6346
6345
6342
6337
6334
6329
6325
6324
6320
6319
6318
6315
6314
6312
6312
6309
6305
6305
6304
6294
6294
6286
6286
6274
6274
6269
6267
6266
6260
6259
6257
6252
6235
6231
6231
6224
6223
6222
6222
6221
6219
6218
6215
6209
6204
6201
6196
6192
6191
6190
6187
6181
6169
6168
6164
6161
6149
6146
6145
6143
6142
6137
6136
6135
6133
6132
6128
6117
6113
6110
6109
6105
6105
6104
6100
6098
6097
6096
6093
6092
6091
6088
6080
6070
6066
6050
6049
6047
6046
6043
6042
6041
6037
6035
6035
6029
6026
6023
6022
6014
6013
6010
6001
6000
5997
5995
5992
5991
5985
5982
5977
5975
5974
5972
5967
5958
5956
5955
5949
5949
5949
5942
5930
5929
5926
5924
5917
5914
5909
5905
5905
5900
5896
5893
5892
5890
5889
5888
5888
5884
5880
5874
5867
5864
5857
5849
5840
5835
5834
5832
5830
5829
5828
5826
5826
5824
5823
5823
5822
5821
5818
5818
5813
5812
5809
5807
5806
5804
5793
5792
5787
5783
5781
5781
5781
5779
5777
5776
5770
5770
5767
5764
5760
5751
5749
5746
5738
5734
5729
5728
5721
5719
5719
5718
5716
5713
5711
5704
5700
5694
5684
5683
5682
5681
5680
5670
5668
5667
5666
5664
5661
5660
5658
5657
5649
5632
5629
5626
5622
5621
5617
5611
5610
5603
5599
5599
5595
5594
5594
5587
5581
5578
5571
5567
5565
5562
5561
5559
5559
5557
5556
5551
5549
5547
5542
5538
5532
5530
5528
5524
5520
5519
5514
5513
5510
5503
5494
5487
5484
5479
5477
5466
5464
5464
5462
5461
5461
5460
5458
5457
5455
5453
5452
5449
5447
5446
5446
5445
5440
5437
5435
5435
5420
5411
5408
5406
5402
5398
5395
5386
5383
5382
5376
5375
5375
5372
5371
5370
5365
5355
5350
5349
5349
5347
5344
5343
5343
5343
5342
5338
5334
5329
5329
5327
5326
5321
5315
5302
5297
5292
5289
5285
5278
5276
5275
5271
5269
5265
5265
5257
5251
5250
5241
5238
5236
5235
5231
5231
5227
5226
5225
5225
5215
5215
5204
5190
5186
5186
5174
5171
5171
5165
5158
5155
5154
5154
5154
5154
5150
5138
5129
5128
5122
5119
5116
5111
5105
5105
5100
5098
5096
5096
5093
5088
5086
5079
5077
5077
5075
5073
5069
5069
5068
5065
5056
5052
5049
5048
5041
5041
5037
5025
5023
5023
5019
5012
5011
5010
5009
5003
5003
5002
4997
4997
4989
4987
4982
4970
4968
4964
4964
4963
4961
4959
4957
4956
4951
4946
4945
4945
4943
4943
4941
4941
4940
4937
4935
4925
4924
4923
4917
4915
4914
4914
4907
4904
4900
4899
4895
4892
4891
4881
4878
4871
4866
4865
4861
4860
4858
4845
4836
4833
4832
4825
4825
4822
4821
4817
4815
4812
4809
4807
4798
4790
4789
4788
4788
4788
4784
4783
4777
4777
4774
4773
4770
4761
4760
4755
4753
4749
4748
4739
4730
4730
4723
4723
4720
4720
4719
4716
4713
4702
4695
4694
4693
4690
4690
4684
4677
4675
4671
4661
4660
4659
4656
4655
4637
4631
4630
4630
4629
4629
4609
4609
4607
4603
4602
4601
4597
4596
4595
4592
4589
4583
4575
4574
4574
4572
4571
4570
4570
4569
4568
4566
4565
4558
4543
4541
4539
4535
4531
4529
4523
4518
4517
4514
4514
4501
4498
4497
4497
4492
4487
4487
4486
4485
4482
4480
4467
4466
4461
4459
4455
4450
4446
4441
4441
4438
4432
4431
4429
4429
4423
4421
4418
4417
4413
4409
4409
4404
4403
4400
4394
4389
4388
4385
4384
4379
4377
4360
4357
4354
4353
4351
4346
4345
4342
4322
4320
4319
4315
4314
4311
4309
4309
4308
4305
4304
4302
4302
4293
4292
4284
4279
4278
4266
4258
4250
4249
4247
4241
4240
4235
4234
4233
4233
4228
4226
4218
4217
4214
4211
4210
4206
4206
4205
4201
4193
4191
4186
4183
4182
4179
4178
4174
4171
4170
4169
4169
4160
4154
4145
4144
4142
4139
4135
4129
4126
4122
4122
4121
4109
4104
4102
4102
4101
4100
4099
4096
4091
4091
4090
4090
4088
4086
4085
4072
4072
4071
4066
4065
4065
4065
4062
4057
4054
4048
4046
4041
4039
4029
4029
4023
4021
4020
4015
4009
4008
4007
4006
4005
4004
4000
3999
3995
3994
3989
3984
3983
3982
3981
3976
3968
3968
3955
3954
3953
3953
3952
3951
3947
3947
3945
3944
3937
3937
3935
3935
3929
3929
3929
3926
3926
3921
3912
3907
3901
3898
3896
3894
3891
3891
3889
3887
3882
3879
3877
3873
3866
3866
3864
3862
3857
3855
3854
3854
3852
3848
3848
3847
3842
3841
3839
3834
3831
3824
3822
3817
3813
3811
3811
3808
3803
3801
3798
3786
3784
3784
3781
3777
3773
3767
3763
3756
3753
3747
3747
3742
3740
3739
3731
3729
3722
3721
3720
3712
3711
3707
3707
3703
3698
3696
3695
3695
3694
3691
3691
3685
3681
3679
3678
3672
3666
3663
3662
3659
3658
3650
3646
3637
3632
3630
3622
3619
3618
3618
3617
3615
3613
3610
3604
3601
3596
3595
3584
3582
3579
3578
3573
3572
3569
3566
3565
3565
3565
3564
3562
3561
3555
3554
3552
3540
3540
3535
3529
3527
3516
3507
3507
3503
3502
3501
3492
3490
3489
3483
3481
3478
3478
3478
3474
3469
3468
3465
3463
3462
3456
3456
3450
3448
3446
3445
3444
3435
3432
3417
3416
3414
3413
3413
3404
3398
3393
3390
3390
3390
3390
3389
3388
3386
3385
3384
3382
3373
3372
3361
3356
3354
3353
3353
3348
3347
3346
3340
3335
3334
3332
3329
3328
3325
3322
3320
3320
3309
3309
3306
3304
3292
3289
3286
3283
3283
3278
3277
3270
3266
3265
3265
3264
3262
3261
3252
3249
3249
3245
3240
3239
3236
3235
3228
3225
3222
3221
3220
3219
3210
3208
3200
3199
3197
3187
3187
3186
3185
3184
3183
3175
3171
3170
3170
3168
3156
3150
3148
3138
3135
3129
3128
3126
3125
3115
3104
3103
3102
3101
3089
3089
3086
3085
3085
3078
3070
3068
3068
3061
3060
3054
3053
3049
3045
3039
3038
3038
3037
3035
3035
3034
3030
3026
3026
3012
3005
2998
2997
2997
2994
2994
2992
2990
2988
2988
2986
2986
2981
2979
2977
2973
2968
2966
2963
2962
2962
2958
2956
2954
2954
2946
2945
2944
2942
2935
2932
2926
2926
2925
2924
2920
2920
2917
2913
2913
2910
2909
2903
2898
2889
2889
2889
2887
2887
2887
2886
2886
2884
2878
2875
2873
2873
2872
2865
2865
2864
2862
2859
2858
2848
2843
2843
2842
2838
2838
2828
2823
2821
2817
2815
2814
2809
2805
2801
2799
2799
2798
2797
2795
2795
2793
2792
2791
2788
2784
2781
2779
2779
2778
2775
2773
2770
2770
2765
2765
2762
2759
2758
2747
2743
2738
2736
2732
2730
2729
2723
2722
2714
2712
2705
2700
2699
2694
2694
2692
2690
2684
2683
2682
2681
2679
2668
2664
2658
2649
2648
2644
2634
2629
2629
2625
2616
2613
2611
2610
2602
2599
2599
2597
2597
2594
2592
2581
2580
2579
2575
2575
2572
2571
2563
2560
2560
2552
2550
2549
2543
2516
2508
2502
2493
2491
2489
2485
2484
2477
2475
2472
2470
2458
2445
2443
2442
2442
2435
2435
2435
2429
2428
2408
2401
2393
2390
2384
2383
2383
2383
2382
2382
2378
2372
2365
2362
2356
2350
2348
2346
2340
2337
2330
2328
2322
2321
2319
2319
2318
2317
2306
2305
2296
2288
2285
2285
2278
2273
2272
2272
2270
2270
2270
2269
2264
2261
2257
2256
2256
2254
2251
2251
2250
2246
2244
2243
2239
2239
2235
2230
2229
2226
2222
2217
2214
2214
2208
2207
2206
2201
2195
2191
2185
2183
2182
2182
2182
2181
2174
2168
2165
2164
2158
2158
2156
2145
2145
2137
2136
2128
2127
2124
2114
2111
2106
2106
2102
2101
2093
2091
2087
2086
2084
2082
2081
2079
2079
2068
2067
2063
2061
2058
2054
2050
2050
2048
2043
2040
2034
2033
2027
2024
2023
2020
2019
2017
2000
1999
1997
1996
1992
1989
1984
1983
1981
1979
1975
1974
1971
1969
1969
1968
1956
1945
1942
1942
1935
1935
1933
1931
1929
1926
1926
1925
1920
1920
1919
1909
1905
1895
1892
1892
1888
1883
1882
1872
1871
1864
1864
1863
1863
1861
1861
1859
1856
1855
1848
1843
1838
1836
1835
1827
1822
1820
1820
1819
1817
1817
1814
1801
1798
1794
1793
1790
1783
1781
1779
1778
1777
1769
1764
1764
1760
1743
1738
1737
1735
1734
1730
1724
1723
1721
1721
1717
1710
1709
1707
1691
1691
1688
1686
1682
1678
1675
1674
1672
1670
1669
1666
1664
1661
1658
1656
1651
1646
1645
1635
1626
1624
1622
1615
1615
1613
1609
1608
1606
1606
1604
1603
1603
1603
1602
1602
1598
1597
1589
1585
1585
1582
1582
1581
1581
1577
1565
1564
1561
1559
1549
1538
1533
1531
1531
1529
1527
1527
1519
1517
1515
1513
1513
1510
1510
1507
1506
1502
1500
1497
1490
1486
1484
1483
1482
1472
1472
1470
1467
1464
1460
1459
1457
1450
1447
1437
1430
1430
1428
1418
1414
1413
1402
1400
1390
1390
1387
1382
1379
1376
1376
1376
1375
1375
1375
1373
1370
1369
1367
1365
1359
1351
1351
1346
1344
1342
1340
1338
1337
1336
1333
1330
1330
1325
1319
1318
1315
1315
1314
1311
1310
1308
1305
1304
1304
1300
1297
1295
1293
1292
1291
1291
1290
1289
1287
1287
1279
1277
1272
1263
1262
1262
1261
1259
1257
1253
1252
1248
1246
1245
1244
1243
1239
1237
1234
1233
1229
1227
1223
1221
1217
1215
1215
1214
1213
1212
1208
1207
1206
1203
1200
1198
1188
1187
1183
1180
1180
1177
1170
1169
1168
1168
1157
1157
1157
1156
1152
1139
1138
1135
1133
1130
1124
1122
1121
1117
1108
1105
1101
1098
1096
1094
1090
1087
1084
1082
1082
1075
1067
1067
1065
1060
1058
1054
1053
1053
1052
1051
1051
1051
1048
1041
1038
1037
1036
1031
1030
1025
1022
1021
1015
1013
1009
996
995
994
986
980
980
977
976
973
968
964
962
961
958
958
957
955
953
951
951
949
949
947
943
941
937
933
931
924
924
914
909
896
894
892
885
881
879
879
875
873
868
864
861
855
846
839
838
832
824
822
820
814
802
802
800
797
797
796
792
791
786
786
783
782
781
769
769
766
762
749
747
746
741
734
729
727
727
722
722
721
719
718
718
708
699
699
696
694
694
690
688
685
685
684
678
674
669
661
659
656
652
650
649
647
647
643
639
639
636
630
626
619
606
605
599
584
584
582
581
580
575
569
568
564
563
562
562
562
548
547
546
542
540
536
533
527
526
525
517
512
512
512
509
505
504
501
497
491
491
481
478
473
470
467
465
462
459
458
456
455
455
455
454
450
448
446
442
437
432
431
429
428
424
421
420
419
417
414
412
411
407
406
403
402
400
398
398
396
395
390
383
382
382
376
372
370
367
366
366
363
363
363
358
355
347
343
343
340
340
336
334
331
330
330
321
319
319
316
312
302
292
289
286
281
276
276
273
267
267
264
264
262
261
261
258
254
252
246
241
239
229
227
223
220
216
214
211
208
207
196
190
188
186
182
172
171
170
167
165
163
158
156
152
151
150
145
138
137
134
130
128
119
113
112
110
109
108
108
96
95
91
90
81
80
73
72
70
68
66
65
64
63
56
51
50
49
48
46
36
33
31
30
29
24
10
3
