32717
32706
32609
32558
32548
32538
32511
32499
32491
32335
32331
32324
32305
32304
32288
32285
32272
32263
32245
32194
32117
32115
32106
32080
32054
32017
32004
31947
31934
31930
31912
31908
31883
31827
31817
31791
31777
31756
31706
31704
31699
31691
31680
31654
31645
31626
31526
31521
31344
31326
31211
31120
31113
31097
31020
30979
30950
30918
30915
30793
30791
30726
30642
30634
30630
30595
30542
30534
30534
30522
30446
30413
30374
30370
30254
30235
30184
30169
30105
30092
30092
30074
30010
29965
29964
29935
29903
29867
29857
29838
29775
29753
29741
29716
29545
29545
29519
29516
29511
29469
29422
29391
29333
29225
29200
29165
29153
29118
29098
29074
29054
29028
28980
28951
28807
28779
28651
28628
28614
28591
28587
28579
28528
28514
28349
28339
28322
28307
28299
28293
28279
28264
28181
28123
28096
28023
28020
27952
27940
27936
27896
27833
27814
27716
27630
27622
27591
27584
27553
27520
27517
27500
27348
27344
27334
27334
27279
27180
27156
27144
27130
27114
27073
27049
27044
26988
26912
26911
26865
26840
26840
26776
26706
26699
26636
26540
26532
26482
26466
26434
26398
26363
26344
26336
26268
26264
26227
26123
26095
26095
26014
25978
25951
25907
25861
25836
25815
25807
25741
25727
25651
25524
25503
25472
25456
25394
25377
25374
25373
25336
25293
25247
25216
25176
25156
25135
25125
25033
24975
24958
24944
24900
24824
24810
24788
24703
24670
24658
24655
24615
24610
24575
24550
24511
24428
24427
24413
24397
24393
24383
24358
24334
24193
24184
24114
23953
23917
23893
23855
23823
23822
23797
23649
23639
23618
23556
23525
23477
23444
23427
23418
23411
23390
23371
23364
23291
23241
23113
23020
23010
22970
22965
22963
22856
22827
22812
22792
22781
22778
22775
22732
22728
22713
22679
22655
22602
22572
22564
22551
22540
22533
22515
22480
22406
22369
22368
22318
22239
22216
22215
22214
22175
22174
22154
22132
22083
22077
22016
22006
22003
21984
21920
21829
21824
21761
21733
21666
21636
21576
21569
21503
21463
21423
21408
21379
21357
21350
21317
21242
21229
21205
21150
21058
20954
20930
20930
20866
20847
20789
20754
20718
20651
20637
20626
20582
20571
20545
20544
20432
20362
20342
20315
20301
20294
20256
20194
20157
20130
20044
20037
19983
19963
19929
19917
19911
19896
19857
19841
19835
19805
19756
19752
19749
19717
19691
19658
19656
19631
19613
19609
19600
19557
19530
19526
19512
19499
19484
19456
19454
19425
19408
19395
19347
19326
19275
19223
19216
19214
19169
19165
19106
19101
19062
19053
19011
18970
18898
18867
18781
18776
18768
18753
18712
18675
18669
18655
18610
18587
18576
18556
18528
18491
18406
18375
18358
18349
18232
18202
18173
18148
18137
18128
18076
18038
17940
17920
17913
17804
17802
17752
17715
17700
17665
17625
17582
17558
17515
17489
17426
17424
17391
17343
17329
17272
17187
17139
17135
17081
17072
16992
16886
16881
16876
16873
16871
16859
16801
16798
16697
16688
16678
16641
16604
16598
16581
16576
16485
16482
16464
16410
16331
16325
16236
16208
16193
16157
16141
16125
16024
15988
15983
15966
15919
15889
15832
15801
15785
15766
15687
15668
15645
15598
15560
15502
15490
15434
15371
15356
15351
15332
15305
15135
15115
14998
14991
14954
14897
14817
14684
14640
14616
14558
14478
14444
14298
14279
14270
14266
14242
14238
14210
14186
14177
14163
14156
14126
14104
14073
14055
14053
14042
14035
14021
13948
13890
13805
13787
13761
13757
13742
13677
13661
13644
13641
13640
13625
13585
13498
13476
13399
13380
13359
13295
13271
13233
13218
13213
13206
13162
13155
13130
13122
13093
13061
13043
12976
12947
12941
12919
12880
12826
12800
12768
12750
12724
12715
12711
12703
12680
12630
12559
12548
12509
12482
12445
12439
12430
12418
12401
12358
12341
12329
12294
12271
12114
12109
12104
12077
12046
12021
12004
11992
11985
11949
11948
11921
11893
11874
11872
11796
11769
11695
11694
11637
11628
11604
11576
11521
11474
11467
11346
11298
11267
11255
11211
11211
11197
11173
11100
11099
11085
11079
11066
11005
10891
10888
10850
10840
10812
10785
10753
10746
10620
10561
10540
10526
10513
10497
10461
10409
10405
10367
10329
10318
10292
10220
10213
10169
10149
10136
10132
10119
10064
10056
10053
10043
10042
10033
10029
10006
9985
9982
9979
9925
9882
9844
9843
9809
9775
9689
9684
9684
9681
9646
9600
9586
9548
9515
9478
9414
9413
9389
9379
9328
9303
9278
9235
9219
9180
9163
9152
9120
9093
9033
8966
8963
8943
8922
8915
8896
8869
8852
8845
8821
8670
8624
8618
8589
8573
8538
8518
8415
8403
8372
8300
8269
8229
8190
8187
8112
8108
7985
7833
7772
7754
7734
7724
7708
7697
7697
7657
7625
7569
7564
7551
7494
7483
7477
7444
7416
7395
7378
7345
7289
7276
7261
7233
7212
7185
7167
7129
7125
7059
6974
6935
6908
6901
6787
6783
6769
6736
6720
6699
6687
6673
6615
6596
6587
6515
6486
6480
6463
6420
6392
6383
6371
6220
6194
6187
6183
6181
6163
6142
6019
5987
5972
5944
5909
5824
5800
5797
5789
5788
5696
5693
5667
5611
5597
5557
5539
5503
5441
5402
5393
5385
5336
5322
5286
5266
5244
5236
5228
5187
5181
5158
5145
5136
5114
5102
5083
5082
4936
4896
4885
4874
4858
4827
4822
4818
4756
4657
4615
4588
4587
4563
4540
4521
4495
4477
4440
4434
4426
4423
4403
4375
4350
4323
4321
4277
4276
4231
4190
4149
4087
4028
3991
3972
3907
3894
3885
3875
3789
3760
3758
3751
3751
3718
3696
3688
3668
3661
3636
3582
3577
3559
3518
3473
3447
3335
3306
3298
3186
3178
3142
3064
3007
2998
2929
2898
2873
2834
2785
2780
2756
2721
2706
2682
2622
2604
2547
2501
2432
2335
2305
2221
2216
2113
2061
2011
1914
1909
1907
1890
1876
1691
1643
1618
1605
1482
1467
1419
1409
1401
1351
1349
1276
1269
1249
1237
1227
1179
1165
1143
1137
1050
1050
1032
1016
982
954
951
949
880
845
828
778
766
724
719
707
701
639
573
563
547
542
541
531
492
470
464
446
427
420
367
364
358
313
307
302
259
223
153
139
100
67
55
13
9
