26
28
77
108
121
139
154
163
320
332
346
362
400
413
451
460
478
488
513
547
613
655
749
789
830
947
954
962
1017
1040
1093
1109
1193
1204
1311
1376
1379
1383
1383
1410
1413
1488
1506
1513
1558
1630
1644
1663
1669
1702
1704
1718
1754
1755
1768
1778
1807
1826
1850
1947
1962
1962
2008
2021
2050
2053
2071
2081
2084
2107
2146
2161
2221
2234
2327
2375
2415
2472
2481
2526
2553
2577
2606
2657
2678
2678
2708
2736
2741
2748
2763
2789
2818
2830
2855
2889
2946
2951
2970
3023
3038
3048
3069
3074
3086
3108
3164
3164
3183
3231
3294
3295
3303
3396
3489
3502
3534
3596
3630
3634
3790
3913
3949
3962
3982
4029
4049
4051
4072
4117
4137
4219
4228
4231
4261
4285
4293
4436
4464
4516
4566
4593
4618
4683
4702
4702
4714
4726
4779
4787
4873
4963
4981
5043
5121
5131
5152
5180
5216
5250
5255
5310
5344
5379
5435
5436
5518
5552
5585
5588
5611
5631
5656
5656
5699
5705
5723
5732
5775
5776
5811
5853
5868
5884
5886
5957
5980
6038
6131
6220
6223
6248
6264
6346
6347
6362
6386
6395
6433
6457
6498
6544
6552
6554
6556
6622
6630
6717
6728
6809
6813
6825
6857
6870
6882
6934
6945
6947
6969
6990
7007
7024
7035
7055
7147
7153
7194
7194
7245
7247
7290
7299
7325
7336
7344
7407
7467
7476
7497
7528
7611
7621
7693
7708
7718
7726
7750
7777
7811
7814
7827
7827
7830
7849
7860
7928
8006
8026
8027
8054
8140
8171
8210
8240
8289
8291
8305
8322
8354
8363
8410
8425
8529
8550
8587
8620
8645
8657
8703
8711
8743
8755
8781
8787
8793
8833
8872
8891
8960
8963
8982
9010
9043
9072
9112
9115
9128
9145
9169
9194
9201
9216
9222
9234
9249
9260
9273
9282
9293
9307
9328
9335
9393
9404
9414
9432
9463
9464
9476
9495
9498
9513
9597
9610
9619
9629
9637
9695
9729
9777
9840
9884
9902
10034
10062
10096
10175
10250
10287
10288
10302
10314
10325
10433
10468
10506
10508
10574
10601
10617
10623
10687
10698
10746
10870
10883
10906
10985
10995
11030
11058
11076
11078
11092
11168
11180
11212
11226
11281
11316
11375
11405
11434
11436
11440
11458
11503
11508
11534
11535
11551
11563
11567
11572
11575
11588
11620
11643
11662
11688
11799
11811
11812
11851
11865
11876
11950
11984
12007
12105
12136
12199
12208
12248
12267
12296
12297
12443
12469
12549
12553
12594
12725
12748
12757
12778
12807
12839
12842
12870
12875
12882
12911
12916
12945
12978
13009
13045
13049
13106
13124
13136
13142
13184
13250
13276
13291
13296
13317
13329
13365
13401
13420
13452
13467
13567
13599
13604
13688
13771
13806
13831
13842
13928
13974
14012
14046
14066
14087
14099
14100
14208
14210
14215
14243
14296
14416
14418
14452
14469
14495
14534
14580
14583
14590
14601
14604
14657
14723
14732
14747
14832
14855
14894
14918
14952
15054
15176
15240
15249
15254
15294
15307
15369
15381
15488
15691
15729
15770
15792
15808
15823
15833
15859
15863
15973
15984
16012
16013
16039
16048
16093
16112
16114
16127
16170
16214
16235
16260
16319
16324
16335
16344
16379
16433
16444
16451
16482
16521
16538
16551
16562
16563
16654
16729
16744
16766
16780
16786
16845
16937
16997
17000
17097
17101
17154
17159
17170
17190
17249
17260
17302
17321
17325
17327
17332
17359
17426
17451
17460
17522
17540
17553
17610
17643
17645
17815
17822
17834
17868
17926
17946
17954
18037
18133
18146
18146
18277
18335
18336
18487
18585
18611
18621
18627
18675
18744
18793
18797
18800
18818
18852
18854
18861
18868
18878
18958
18999
19078
19112
19186
19186
19273
19342
19354
19389
19416
19488
19548
19567
19575
19628
19684
19734
19812
19835
19860
19902
19974
20010
20019
20042
20050
20079
20079
20143
20171
20184
20217
20264
20270
20295
20364
20382
20388
20473
20480
20492
20516
20591
20597
20598
20612
20661
20687
20733
20744
20750
20755
20768
20780
20819
20920
20921
20922
20924
20961
20989
21036
21049
21072
21174
21176
21214
21263
21308
21313
21345
21347
21416
21421
21511
21583
21600
21647
21691
21701
21715
21732
21753
21792
21816
21847
21866
21885
21886
21919
21947
21981
22007
22012
22024
22060
22080
22097
22194
22251
22263
22268
22313
22375
22397
22401
22419
22444
22458
22481
22482
22548
22608
22670
22701
22721
22754
22813
22833
22872
22913
22921
22927
22951
22952
22954
23002
23063
23066
23124
23192
23224
23224
23254
23295
23341
23362
23404
23442
23469
23479
23496
23525
23544
23595
23655
23658
23659
23688
23765
23768
23779
23846
23851
23862
23882
23893
23900
23936
23940
23951
23970
24017
24039
24046
24069
24090
24185
24244
24250
24289
24414
24488
24530
24559
24585
24722
24784
24914
24986
25003
25013
25040
25040
25048
25057
25113
25146
25245
25304
25305
25356
25393
25394
25517
25540
25561
25568
25635
25685
25701
25734
25735
25742
25766
25796
25809
25829
25831
25921
26005
26013
26015
26033
26064
26082
26084
26114
26138
26192
26194
26245
26317
26364
26371
26416
26433
26484
26490
26527
26615
26639
26660
26686
26749
26753
26783
26815
26820
26833
26850
26943
26992
26996
27055
27111
27139
27184
27206
27324
27340
27347
27366
27425
27426
27432
27433
27446
27485
27489
27549
27590
27595
27603
27700
27775
27817
27875
27887
27890
27981
28051
28121
28137
28147
28166
28236
28250
28255
28260
28278
28295
28325
28341
28379
28475
28479
28579
28595
28681
28690
28692
28698
28705
28796
28884
28898
28930
28945
28960
28982
29089
29100
29105
29153
29154
29158
29187
29271
29280
29283
29285
29290
29314
29325
29374
29434
29490
29497
29499
29528
29553
29612
29660
29717
29744
29763
29773
29800
29830
29906
29992
30097
30104
30107
30182
30193
30257
30267
30271
30276
30285
30291
30311
30335
30344
30545
30602
30708
30742
30805
30877
30901
30911
30916
30956
30984
31021
31046
31115
31208
31214
31231
31340
31350
31364
31374
31401
31402
31440
31443
31451
31471
31472
31494
31560
31567
31668
31715
31771
31777
31778
31796
31814
31853
31854
31863
31887
31973
32037
32076
32101
32117
32263
32271
32294
32338
32482
32548
32716
32736
32744
