8
14
37
72
191
193
211
214
230
245
262
304
310
349
371
465
493
494
512
518
525
559
575
581
590
594
635
660
661
728
747
749
761
776
782
795
805
858
874
895
899
903
1013
1073
1130
1131
1183
1281
1286
1298
1398
1431
1470
1581
1610
1665
1695
1742
1776
1792
1863
1869
1970
2078
2169
2202
2202
2259
2347
2361
2416
2422
2432
2446
2484
2518
2523
2524
2543
2609
2692
2718
2739
2741
2786
2931
2941
3024
3030
3038
3084
3107
3120
3216
3228
3272
3300
3348
3358
3374
3380
3381
3394
3394
3415
3498
3505
3564
3572
3759
3771
3775
3835
3854
3909
3940
4007
4024
4038
4074
4167
4220
4264
4283
4423
4457
4463
4494
4592
4614
4677
4693
4697
4699
4725
4726
4760
4784
4803
4835
4846
4868
4888
4929
4945
4959
4972
5045
5048
5050
5055
5264
5299
5313
5327
5340
5346
5354
5364
5402
5421
5431
5496
5508
5517
5545
5563
5572
5585
5607
5741
5746
5778
5806
5885
5925
5962
6000
6033
6158
6218
6221
6239
6277
6296
6299
6471
6527
6549
6561
6611
6620
6704
6780
6850
6955
7049
7054
7071
7160
7166
7169
7285
7311
7334
7345
7372
7437
7443
7558
7589
7590
7599
7634
7653
7756
7761
7780
7803
7869
7897
7898
7959
7972
7994
8013
8020
8048
8073
8102
8153
8179
8181
8189
8190
8257
8275
8303
8311
8363
8433
8455
8489
8570
8576
8624
8726
8738
8837
8845
8898
8901
8915
8917
8922
8935
8936
8953
8977
8982
9000
9028
9031
9060
9070
9078
9078
9079
9095
9120
9132
9135
9136
9150
9178
9272
9280
9310
9318
9368
9553
9565
9618
9623
9648
9656
9666
9676
9744
9761
9782
9826
9852
9928
9945
10060
10084
10134
10176
10207
10218
10228
10230
10242
10286
10299
10324
10344
10356
10376
10394
10397
10412
10413
10428
10475
10476
10521
10522
10535
10569
10570
10570
10610
10633
10635
10698
10718
10729
10776
10866
10874
10909
10911
10938
10939
10961
11023
11079
11197
11224
11237
11267
11299
11310
11355
11383
11443
11551
11554
11563
11699
11706
11737
11747
11759
11779
11802
11827
11848
11863
11888
11916
11927
11941
11947
11994
12022
12042
12047
12059
12076
12186
12211
12222
12300
12340
12361
12404
12446
12518
12556
12586
12613
12634
12658
12740
12747
12752
12770
12819
12859
12878
12921
12948
13024
13036
13043
13075
13086
13134
13142
13194
13226
13323
13352
13554
13571
13622
13631
13668
13681
13728
13737
13793
13818
13897
13915
13931
13982
14012
14020
14023
14046
14110
14128
14167
14187
14198
14231
14274
14276
14282
14349
14494
14504
14511
14544
14552
14562
14563
14600
14607
14676
14702
14742
14823
14975
14987
15014
15029
15039
15091
15091
15164
15194
15209
15217
15320
15355
15363
15373
15416
15490
15543
15548
15601
15602
15721
15754
15764
15849
15920
15932
16056
16124
16166
16172
16208
16215
16253
16315
16362
16374
16411
16424
16451
16478
16532
16545
16569
16574
16592
16617
16626
16660
16672
16674
16708
16719
16767
16791
16824
16829
16834
16842
16888
16895
16940
16961
17027
17031
17049
17060
17073
17091
17201
17249
17268
17306
17324
17362
17459
17504
17531
17556
17601
17632
17647
17691
17710
17714
17766
17856
17863
17897
17933
17938
17973
17992
18078
18086
18096
18098
18139
18193
18238
18242
18247
18289
18304
18318
18324
18394
18404
18488
18488
18498
18509
18639
18644
18745
18759
18784
18793
18803
18803
18810
18983
19013
19107
19113
19147
19275
19328
19337
19339
19341
19351
19375
19480
19483
19493
19506
19526
19557
19607
19616
19668
19689
19712
19731
19738
19749
19749
19770
19840
19848
19903
19931
19942
19959
19989
20007
20013
20024
20058
20097
20123
20180
20185
20201
20260
20293
20303
20317
20320
20345
20380
20390
20417
20432
20458
20460
20503
20587
20642
20712
20738
20809
20814
20816
20836
21109
21117
21131
21135
21156
21172
21222
21344
21362
21395
21415
21445
21465
21482
21523
21575
21588
21594
21594
21614
21644
21669
21685
21689
21863
21900
21926
21953
21996
21997
22126
22128
22138
22247
22265
22321
22331
22339
22377
22378
22466
22504
22561
22579
22604
22620
22647
22666
22743
22863
22912
22928
23005
23033
23044
23111
23112
23120
23129
23180
23199
23259
23266
23308
23309
23312
23335
23352
23359
23443
23450
23458
23499
23516
23580
23610
23611
23620
23635
23659
23684
23715
23742
23779
23789
23794
23883
23888
23898
23904
23964
23977
23985
23994
23999
24117
24119
24122
24134
24217
24221
24229
24229
24267
24280
24356
24371
24425
24427
24463
24480
24589
24613
24648
24702
24713
24771
24783
24816
24828
24840
24870
24883
24894
25026
25042
25093
25139
25168
25185
25219
25234
25348
25355
25367
25379
25469
25516
25534
25632
25671
25678
25680
25695
25717
25728
25799
25818
25830
25931
25961
25972
25982
25986
25989
26009
26013
26043
26068
26104
26114
26144
26254
26265
26293
26343
26346
26409
26518
26528
26620
26634
26659
26717
26751
26777
26863
26870
26888
26901
26910
26947
27064
27068
27086
27102
27111
27143
27155
27159
27170
27240
27260
27267
27292
27345
27432
27486
27513
27523
27577
27593
27633
27637
27638
27689
27707
27757
27818
27832
27846
27885
27887
27937
28004
28033
28041
28057
28142
28207
28264
28331
28365
28394
28426
28489
28512
28512
28547
28551
28562
28615
28626
28645
28654
28678
28706
28725
28768
28818
28820
28887
28894
28955
28975
28988
29018
29039
29044
29078
29083
29091
29112
29168
29178
29195
29202
29205
29280
29287
29289
29314
29401
29402
29495
29524
29617
29626
29662
29672
29680
29685
29729
29784
29792
29841
29873
29901
29979
29999
30060
30089
30182
30229
30245
30305
30325
30353
30379
30420
30428
30489
30513
30516
30559
30570
30599
30603
30624
30679
30693
30758
30804
30859
30866
30917
30979
31032
31033
31180
31191
31236
31239
31345
31386
31393
31410
31411
31460
31484
31499
31515
31518
31518
31519
31603
31650
31670
31680
31699
31808
31812
31816
31878
31887
31904
31906
31916
31923
31945
31997
32026
32085
32091
32101
32139
32205
32246
32259
32325
32340
32346
32370
32370
32450
32455
32471
32509
32548
32561
32628
32672
32703
32715
32762
32767
