27886
18854
31176
1137
23651
11622
5996
17764
7403
25292
11142
5082
13919
26044
2851
2721
617
8827
11630
10783
22738
31245
3806
31243
13448
12367
6943
2798
7536
8147
18881
4957
25329
20350
22947
9459
29500
17891
22302
13584
23389
13918
22769
30037
15363
25584
8175
14299
16143
21982
1386
23350
23007
14856
25694
31276
26711
4362
26973
23349
27827
20
30014
23474
15
25738
32389
21230
16307
1371
7569
10453
17184
32289
12168
7286
26332
16381
15363
30266
30716
17456
2424
8674
3190
19578
3179
27714
5156
19763
7508
24767
28311
23850
8527
649
4513
18241
4486
23961
3233
6596
3422
11114
29836
20366
25444
1911
1216
28378
15606
28535
137
14826
22705
2907
8559
19802
32670
30979
7749
18497
8475
6084
5875
23053
16779
3995
28926
21019
10173
4141
28892
3353
29981
902
7162
23580
5277
12430
12169
16768
11361
2378
14348
8067
32301
8408
5539
13472
25231
1321
30996
429
19148
30844
9630
30131
30091
18078
894
31633
16963
12771
20286
17743
20326
13282
29120
28995
20298
3572
19726
25830
16348
25964
2527
31091
28931
26515
12776
22085
1493
12650
8937
5358
23676
30495
9842
2839
2278
10059
14969
22042
20016
1521
22174
1120
17104
31543
14904
30844
2949
4578
3879
25092
22782
24979
27993
26675
5196
24771
2840
25152
26121
23168
9754
14716
1094
996
28999
20782
29494
27994
4936
4143
9371
19344
468
26692
8692
21563
17849
30526
11619
10894
29612
7635
1376
6008
26066
10299
14112
2464
522
25738
11203
6433
6401
17104
23616
2821
10739
23282
22545
4227
5953
29767
2718
15865
6072
27378
27498
30119
28827
3842
1279
16945
17526
22859
32410
23763
674
4610
5271
23393
17303
17690
11163
16902
7668
8290
27267
29881
16464
5979
1807
17534
23486
26842
12622
5218
11042
25186
18889
21044
9015
32063
20079
16131
5980
12642
10820
17244
24353
6656
21448
19264
18581
18409
26152
26087
25421
23977
8487
9527
28724
20832
31690
30979
534
28769
13766
516
6891
141
5034
6296
20963
7022
12748
828
20021
7955
6645
6347
8872
20654
1996
19060
21982
3310
2051
20860
9059
8733
24131
31929
16761
12281
24024
22986
14241
10580
8476
13847
4586
21355
19365
13196
31993
24326
17198
27924
5852
30547
2886
26327
142
25219
12218
17972
31817
4130
27075
3453
9359
12599
27632
22389
2039
13855
209
20106
13752
20010
26729
23507
1782
17650
8273
18888
12496
22911
684
22211
27430
27420
26574
29498
14379
6135
13995
10169
6318
10620
4097
24226
14631
27246
69
3493
25476
17098
25679
31485
16817
13659
27844
6768
15594
6940
27719
15876
1472
14418
23647
5761
4332
1894
17702
16299
5335
21891
29623
21564
21477
3316
11093
17827
16261
18747
15708
29567
16377
4336
13288
16090
11494
20832
31559
5413
17051
30689
13855
12023
8225
17654
10335
32390
6663
13608
25830
2529
28138
7071
10742
11507
8902
19075
6231
32568
8704
25877
12619
22844
21807
14219
18229
13784
21678
12464
19720
27436
29410
22840
12400
30555
12364
25828
10947
23817
25678
14682
13478
19350
9917
1730
2175
3863
17962
20000
24478
1049
22256
29044
22058
2836
9981
10643
8653
14257
8801
32195
1823
14268
29848
6426
14804
11751
29335
6547
5028
31812
6553
13557
19965
14976
11942
20324
10859
21472
19176
24516
13763
2301
24749
15825
4627
20800
1339
13823
29513
22555
2903
32530
15014
4620
14996
28029
23776
9555
12124
124
32538
8814
12224
9456
30340
18521
255
18942
5842
20615
2520
9062
31582
32414
19856
13731
14108
28662
3010
1992
5953
26320
4329
5909
25779
3414
942
26716
20527
27734
15090
21270
30012
4542
26779
25156
8147
8919
9503
26375
16587
22082
10194
6398
15622
4531
14319
24675
862
10095
8808
9701
5453
28550
16494
17475
28254
14544
23230
30637
30295
19882
30130
26330
27171
2158
20995
8680
26497
13235
11871
13048
1903
12874
5550
7301
13140
10995
17956
24969
8432
13283
32007
29518
8452
14838
13117
8468
11457
8116
5789
25960
24049
20485
19442
11583
15847
16564
17871
29909
5928
8358
15381
22088
13782
11734
4165
26099
17120
28440
10886
30859
9707
19849
7030
12028
6655
18904
3761
25601
24818
18744
23074
22405
16789
13857
13836
13245
15520
28874
27094
18434
9309
19302
31131
5487
791
3616
8302
2367
31809
16088
9069
227
5223
10395
18829
29670
3030
24293
1055
24449
14345
14486
5156
20478
2010
32436
14422
9165
7781
19174
12275
25703
12475
20908
7752
20710
4683
5215
6913
30305
7185
14060
31538
29193
23164
30032
7972
14597
11808
29907
20704
525
19232
27908
32637
11464
17241
25719
25386
17126
1871
32065
22011
28413
2520
3376
28020
1317
29322
32203
8406
31058
2789
12301
2091
24436
21057
24544
19
20816
25718
17243
15949
22044
8013
25019
8965
10205
12969
24099
21216
29313
1909
12819
26055
26812
10573
5034
13943
19106
7916
923
7877
14857
23896
16113
11442
30876
16847
4226
7219
27583
15983
15925
8637
551
9641
3571
20882
22324
16484
7790
12238
12309
6896
3988
13616
11930
13489
14034
21673
21976
32392
23305
19879
15487
21504
13393
22302
2298
23357
11120
28507
4939
30629
5400
23688
18597
15179
25828
10750
11462
800
5137
11853
5403
10712
14332
26125
31121
32157
1120
12131
30524
25718
13644
12882
24747
23414
7397
455
30726
15524
20704
16739
12012
30638
13246
23558
2062
10572
21958
5919
30347
15733
27076
3766
22282
2117
18819
26166
24217
425
17931
14844
6985
4048
16283
7584
25221
3153
16741
13062
18742
28700
7436
9763
409
21027
16862
6543
15067
9412
19409
20431
24185
24061
1599
7520
18266
30286
24161
28547
20137
27245
397
29644
19060
11180
9007
11368
23046
11051
9865
32049
7172
27581
10282
32115
10826
18075
9008
6780
30595
20171
11837
22245
27275
32590
3130
12963
21380
8204
3278
1997
5818
3456
30877
26667
10551
20259
1345
18306
15142
10394
3337
32418
11240
4510
1652
29484
9208
16559
30571
28708
28799
13432
24642
31546
31926
26625
23149
13016
1279
7575
26370
234
24515
27771
10482
11889
30730
32077
1799
9159
21979
8502
29085
25008
20569
12248
18464
32548
17818
22519
6729
14302
29766
20196
16663
22436
21236
2733
2960
3669
324
29446
31541
30900
11964
13558
19526
27127
4963
9537
17850
16909
22048
23961
3324
23731
31952
131
31079
25909
16936
20490
9088
6917
27985
807
11254
21245
1853
1515
30298
16756
2506
4210
21406
22786
25758
16520
22607
18963
29629
8728
23186
28462
17386
21080
21472
12803
16580
10678
8833
13622
10396
6273
26314
20206
25111
8792
30742
8220
3976
9299
11653
21644
31754
20979
30327
22444
15968
5322
32455
2591
11662
15082
23239
17409
819
8206
30464
12280
18349
15754
18342
19200
25579
19700
29661
5362
29968
27024
30894
15833
15821
23677
32712
23541
20859
32672
26102
30347
21755
25428
11620
29042
29006
8910
22417
9566
21491
4946
25363
12523
22788
14871
26894
20073
15119
13563
5746
14954
25781
487
31992
30476
16389
20736
30682
30727
8086
19858
8277
885
7526
2493
3551
21349
2933
30941
24104
17438
21025
9403
16595
6963
22592
2421
753
13131
20735
17453
22082
6317
2941
116
20522
25230
8231
20597
23669
21786
6098
23521
8138
6212
26778
4510
1521
3918
25724
18479
30660
7447
30133
30945
29942
24872
17626
443
3463
14717
9396
6691
30467
5395
24545
26192
14718
25397
17452
21875
12367
11143
1959
13989
23183
6863
25486
12431
14160
4231
219
2011
10653
31011
4776
24670
8246
290
14921
25858
32008
27863
4389
629
30830
8436
29785
8339
31786
10203
28171
1684
12833
16293
22670
22005
17114
15598
5946
18471
32693
20071
265
6906
29931
27929
22770
22472
8009
1401
28677
24929
16812
9521
19787
29882
5691
14761
30555
2132
22375
11095
15292
13934
23716
25036
4094
7658
18148
31866
26775
26111
30936
19526
8574
20644
22246
22993
21641
1976
2792
1158
14727
4337
18346
1635
27677
5259
18466
26760
13153
25260
1645
13441
10040
25497
26254
28244
20336
24219
20709
9033
6300
17327
30833
6524
15027
25584
18629
27683
28008
17605
14284
8352
1607
31178
30524
70
23700
12671
16859
17131
3811
24755
16501
22066
1655
14511
17048
19861
21595
21537
18198
18229
17474
18127
4152
20833
16671
31736
16322
7400
26500
3976
13995
2079
25020
3588
13465
20145
27047
18224
29470
27177
3160
8065
14517
28480
2927
3142
8058
29672
30776
9876
2989
18965
25728
246
3557
6990
17723
11217
11539
12535
25303
5273
21566
30043
29534
11190
24568
31100
14926
32052
1955
2970
19000
10285
7782
10885
17435
24822
26604
24995
12414
27148
31971
22977
20047
12221
31535
10906
29566
29334
32242
14631
23385
11408
6461
11948
32422
7417
21907
21631
20866
10020
26402
24727
764
28624
7360
32472
6768
25945
17062
8992
3749
7840
29935
28689
12966
15547
7632
16029
5217
15197
7061
4690
10497
23556
19040
1643
25355
6117
28064
32658
3642
17559
13650
11894
3355
22401
23290
12049
21609
29701
4704
20662
16422
12393
18955
21213
7806
15754
30591
8879
3163
23871
27446
25936
32711
21390
26719
23278
7174
16017
31832
26254
11119
294
20973
18065
23310
11353
31822
18953
5115
5010
30162
3774
3704
30591
20078
5118
31438
29631
17907
11816
23524
6996
19979
9975
28580
28613
12274
5775
16654
7958
20980
16713
16408
13417
22697
1599
31564
10096
8179
10902
22304
30362
18356
3470
24340
14329
20560
4427
3214
19701
742
17505
8053
9395
8525
6177
25743
14659
6608
12197
1435
13196
15018
5021
16174
25079
8512
22232
6222
28126
24865
30610
30672
31667
7870
2432
13169
8688
6632
29852
29879
25282
25614
21680
3974
5237
15924
17829
9857
25758
23219
10377
14630
25098
32435
11617
30632
14697
16232
11700
30859
4282
22287
9172
11266
11638
19879
19179
10504
20860
29040
13257
12352
31423
23333
23151
141
29106
31224
2139
22897
21102
25426
3985
18214
31913
25159
10862
5246
5719
731
3116
32379
3357
5367
28212
1454
17018
25385
9767
31056
20148
6431
4266
6178
1668
5601
23797
25348
12161
9681
1307
32088
3917
24676
32535
14100
16769
9630
29338
7337
89
30543
32663
10391
19487
10767
24970
29389
7513
10746
31628
31170
3506
20268
6424
24916
9128
32251
28571
17251
11515
3831
11453
28205
21457
15011
7538
11368
23209
1264
14783
29473
11014
25725
8524
4439
8919
8593
21679
15702
19625
10452
14194
7125
28299
19921
9962
7375
7109
14636
12727
18977
13624
32418
15386
25576
1171
5829
7418
26264
24122
14453
32692
22236
30199
19997
5797
28466
21086
691
27257
2882
2818
8813
21042
27905
15706
19268
24568
14218
25712
10538
20131
15287
32591
14858
15368
29314
12842
21892
15367
16670
20044
29797
4177
25301
27844
29672
4346
5280
1996
20654
4546
24200
16125
5503
20515
5823
12853
31166
13850
31357
8004
27566
32182
30876
11865
615
353
2546
6447
5014
17649
13170
6391
26871
878
3585
18180
20884
19873
28697
23609
2747
1377
5408
31538
15552
16797
24198
28981
1911
26408
2721
6615
23152
584
32072
20846
5361
11516
30257
8762
10676
3601
20747
6226
16997
15587
11099
26704
7898
5620
3095
21692
11280
19502
26883
32313
3817
17144
9679
2673
7848
31995
26861
19906
2856
11185
25140
25509
10975
11186
24374
25058
11414
31166
18785
4726
10470
27785
27096
24639
20338
16202
3855
25198
11238
14594
28713
12969
16050
31884
27153
31235
25991
19817
29274
24732
20366
21833
23511
19479
31083
13913
18682
6337
27893
30287
26605
14714
16561
3639
21618
27243
4884
11003
15227
25190
32117
27315
7305
12059
15060
8882
17605
10241
32333
31308
24543
9214
13658
26217
15018
24028
12747
20939
4980
13164
30599
32287
5159
11128
10752
27077
21025
28266
21879
18015
28627
7613
4085
19483
15387
13863
11781
30145
27490
26755
1842
29051
18037
5504
1603
21096
27428
22540
313
20191
31388
19070
5381
6019
20869
29318
265
4875
9691
32725
15957
2766
9869
18827
20126
5137
30936
13924
32510
16913
12128
31650
6766
27855
5907
24250
18435
6302
30142
26046
4331
19053
5739
8845
18983
21716
16257
1212
24070
27105
28315
24131
12645
32161
30244
1768
8360
17773
22711
19051
20599
24570
32312
3446
20024
29214
7857
21827
15441
17507
32495
7691
1563
11597
23257
11314
22436
21611
6547
17460
21805
6688
10070
30029
20062
12334
4365
25323
26955
12039
15792
14548
295
13268
24929
13847
13514
21314
1608
31412
24804
27919
18223
1035
511
11351
6109
1029
14902
16543
14130
32516
30391
7070
9991
23691
28922
16335
17859
22189
1982
27576
26044
29751
11208
11767
32340
31132
23643
11793
21200
31909
28534
13819
10999
1749
8656
18532
31087
29341
10900
20424
3031
28484
20188
12853
8355
22420
12527
21979
32443
18245
22331
25175
27347
6955
10001
19132
5768
18462
20259
27749
25920
13485
23997
20093
8894
386
32454
20043
1928
27795
7542
17470
9977
15118
26069
28092
8996
22017
25079
10155
17007
1485
12025
17852
17132
30793
1466
4730
1910
32181
4953
17430
31376
10341
23923
29167
17149
15145
11801
22244
9759
4735
17299
27738
13328
29816
16344
10764
6530
29546
5064
30357
13143
20315
25135
5311
16383
552
5754
6537
19093
25209
11063
14074
11193
2405
23630
26536
15403
26340
16641
18183
5420
12536
2469
8818
31381
6555
23838
3835
19124
30567
4636
4083
4074
19719
16407
6712
4101
23393
25611
65
30046
10881
5363
4843
28082
13636
1031
769
23233
9161
17590
20364
28840
16535
6243
19680
24063
5262
14815
4195
22962
21903
25769
19740
12960
5099
5095
27903
15605
21132
13603
29435
14664
30181
19143
29119
4467
13723
14935
9040
1846
31984
17008
27980
12427
26100
21636
24059
24007
15210
20051
28187
17781
11643
20264
4968
4594
9501
9433
28653
11464
25153
3196
10765
25547
20671
17129
14672
17397
16386
8436
13295
17922
26995
16231
26910
10444
29094
24257
21531
5476
20551
3761
13307
26868
19139
20817
21551
16471
28086
13859
20953
8565
12567
10444
27089
24160
13093
28562
7029
3632
13840
5527
11316
14238
19560
15571
22490
2403
24646
5075
14745
15438
316
27443
14811
31528
9470
9948
3274
27720
18125
1790
3483
14580
4519
1228
670
11902
304
16123
5639
21787
9566
12792
3962
6274
29928
14316
6744
24137
23148
3184
9419
9726
26723
20496
9107
3848
24517
18305
18063
24636
30075
21154
27147
27966
649
22325
20684
30110
2808
7002
29404
22958
18308
19407
27926
16677
7690
10729
23920
3957
13488
7505
14347
16876
3026
9599
24828
5004
19119
26360
5848
683
10968
20551
31234
5195
11860
4797
15540
28983
3220
27368
18382
14562
538
29908
24673
9727
28391
2052
6651
24799
28585
22318
8624
7055
23969
20410
11757
21421
24918
29945
7932
22030
1019
13093
7254
24594
27553
26141
15020
31426
11805
4061
30388
27566
26295
31423
4276
22409
31383
17267
5327
29313
14320
1727
7186
23135
15337
12024
4670
30307
19280
7484
3155
30941
2558
10868
31713
24203
15624
15373
19214
1974
938
26737
11622
18187
13044
26440
12646
570
16434
18800
24262
16464
26140
13500
28042
16853
28866
8048
25031
32421
23606
18297
6198
9615
12790
24940
3962
31151
20768
15173
31281
10635
3413
20188
26044
31728
20584
38
462
28298
10959
817
21687
8774
32454
9693
26734
12648
12868
31067
15456
19307
5023
5991
2043
12956
23806
32581
6649
30581
642
18045
24685
3514
14132
6486
25999
5973
21677
18195
19783
242
4487
22000
8058
19546
12934
23258
27416
9361
8838
4338
3554
6062
7460
27840
11516
4733
22572
10039
10806
31189
22470
31853
8730
32186
22879
6678
16053
563
345
31173
27430
14826
14193
8931
13288
20101
24052
4203
24543
12999
20385
13931
3620
31333
20573
25403
25744
21417
23705
30842
6922
32457
899
14285
28561
24324
14320
8022
20232
386
17412
4598
16068
13801
19367
18243
21207
5310
2471
16200
15643
3970
13229
13823
16637
26249
12513
21135
6159
8344
3933
3653
4940
24646
25683
3924
1320
13071
765
29517
16479
13881
13895
17756
14202
11623
26943
7240
2337
26366
27192
7209
1316
2619
13505
22502
30280
11025
28234
20085
15569
16323
399
32722
1491
21574
1227
21948
11065
5972
22174
23602
2194
7504
7610
1457
20639
29917
5969
30506
12189
26940
24639
6085
18003
3689
9462
24664
18906
29429
25645
9894
21551
5026
12360
24664
12666
27840
7046
6588
13851
17738
15085
7231
27002
4032
27637
171
4491
31938
18679
10529
27427
7025
30803
24278
6910
9093
16996
3981
9100
17710
6693
26328
27519
6828
1184
16142
8470
6061
2842
9739
1574
4714
9216
29098
28909
17024
16016
8196
3478
20879
23879
32613
11404
22932
27405
23058
10623
27910
14115
8637
14135
1203
17352
22212
7195
28505
21422
10030
11136
7940
25120
355
1971
28715
29168
5805
30917
18056
24354
2418
25625
7099
8025
17198
12462
23453
7429
11827
9261
10853
6474
20256
1202
28797
16559
31267
2906
18466
24203
8174
29585
10430
23344
28282
13080
27653
28884
16766
9945
2257
17219
7854
16491
8126
17991
14772
99
13701
7891
15343
18784
14105
27378
19438
22485
9091
7282
4267
27285
30590
21071
11399
26656
14034
23777
27657
3247
12145
22725
9303
27905
21075
3213
32112
23011
15889
29991
9263
28802
22339
11534
8192
25457
2715
6706
18527
18552
5310
3752
5653
30498
27622
18449
19506
17413
10041
31180
13513
9423
32742
19931
28014
2325
18437
2198
32624
29659
29484
15122
16342
8675
3280
12366
13084
18614
14434
291
28842
14964
5925
31466
16921
31323
12241
17643
31269
3608
13290
28808
16240
6096
16093
24622
18172
1262
27359
12535
14950
23979
22405
4895
17891
350
32291
15661
2556
23433
28646
26077
27913
23967
22961
28880
2159
18838
27064
14834
11673
6449
29405
11183
16055
3595
27085
3029
22329
13922
6106
11079
10
29353
8087
25703
27533
18380
12085
5185
30040
2625
31904
31352
25011
11731
26457
11249
6351
17965
23570
1089
22982
1065
22027
16855
8534
15318
6703
14569
16477
16203
2029
18719
24084
6703
7127
514
25099
31236
32765
8739
488
20278
17927
23819
28383
29415
10005
5094
24304
23928
25943
27886
28132
14807
11115
30105
4613
24971
1402
15233
8352
3456
20497
2071
7740
18323
14527
11016
22167
26845
11380
32619
30820
12480
20372
6063
12487
16563
23518
15431
652
2253
0
10514
21803
28947
7414
13708
30588
19329
32038
21431
4666
23258
24893
4551
17977
31279
32455
2704
29287
12593
19601
28848
23940
16696
14526
8316
16289
30479
9387
25771
26458
19846
17028
22980
30419
11445
12451
7241
29811
21008
28332
11681
11107
11567
2153
15302
6085
15707
4710
14259
23220
15320
21580
26251
29184
7925
15614
22921
12198
16852
31861
30891
11537
15609
24412
3102
13843
15253
18539
28776
26530
22928
25475
24919
32339
22105
28302
1965
4247
10349
13333
13704
12471
15784
5022
32147
12944
29774
13259
4335
4367
6361
14899
4063
12139
29824
9471
14646
29221
14476
8773
9344
27585
21082
292
29427
6465
29743
6308
8980
27238
24254
16458
29481
4518
14203
13950
32354
22508
30622
4254
198
28690
16374
4318
28126
1567
7538
32230
17956
1600
2672
22569
22314
22408
14533
2310
21131
1639
28809
26529
26514
6892
4007
12160
19372
5818
30248
17637
23950
22219
27450
25326
20261
21736
18179
3949
578
1252
27944
28808
1026
18844
25627
24592
21246
15790
5416
22690
23607
19452
319
6272
23232
21471
30335
5677
1577
21803
4743
8906
15279
24551
7547
22067
3621
17353
2520
8408
26784
15219
9464
8029
12262
3952
17508
3057
3732
27885
31709
26991
22545
27703
10281
17462
11830
760
23198
9417
21946
24113
29040
4133
25951
24567
26810
12774
15326
15597
12365
3096
26771
30085
4668
18654
29416
9974
30244
2501
11395
28667
3388
20710
31279
25938
13088
24510
16267
20976
3932
10188
22901
16132
17339
10479
21300
32690
13134
22910
16999
15500
11835
29733
30129
15056
3659
18306
25122
23396
4145
25475
31588
3474
30107
16510
25258
12675
15354
15373
6232
9853
29714
1967
7282
220
1601
25888
10694
9170
28559
19572
30681
15070
17273
22518
12179
20237
32381
4546
32426
29683
30053
32548
30158
18536
27988
1455
7577
18179
10385
1565
28213
8792
29719
18666
5579
10481
472
6319
14767
27917
7125
9791
7756
11291
31711
4739
25041
12788
21546
14869
13720
13276
21655
7839
16987
24375
14525
2546
8981
6155
10941
18150
8889
9017
1730
3060
10390
14459
19290
29588
32645
14364
17016
7767
25560
122
12101
23237
1026
7997
3243
28404
24582
23125
10399
24557
13217
19637
10288
21182
22326
4817
16468
25439
17277
17112
12141
3397
9196
11441
17310
456
9185
7608
31185
2101
25236
9269
388
17331
14783
3744
12630
31446
17162
8855
14421
15621
18488
18331
6149
396
2580
8590
13103
7296
2585
22253
32112
9558
17124
32461
6013
11074
31578
29335
25655
21329
8345
32643
25202
15429
21152
13269
22405
17460
4029
17370
5777
3039
10938
17057
28818
21459
30662
10874
6439
3906
23589
28976
3105
18590
11415
9222
16333
13307
1673
18290
12290
2850
4094
30363
3561
3956
19004
32404
8335
19845
25398
29014
8748
32372
12733
27775
9777
8972
18533
4045
21523
13468
19256
24409
730
1942
29725
3475
360
15338
29190
26881
6026
22304
3805
27063
3008
25656
18476
6805
14796
13633
18062
23107
1533
8891
24537
12270
14648
25774
4105
12223
4555
24966
5355
11040
5361
3765
6286
10414
27941
16135
5737
24572
24871
31428
26444
13581
12239
15751
8200
28560
23701
13793
11997
10713
14556
25261
25512
13220
13825
10801
20169
25736
19495
18170
8917
6716
448
9844
1281
24205
24540
5451
30793
28955
24370
21893
20323
12503
6638
31324
20839
8508
20032
9692
32059
1872
32161
1089
6080
23129
13539
8462
28862
1120
18688
29165
2704
11879
5279
13130
4239
5225
613
29358
18495
7446
28673
25308
26940
12619
13814
21933
2018
3923
24615
30635
32447
5600
25380
10608
698
17095
23095
4796
19967
24959
6700
19289
3506
9560
9444
13743
32335
11131
18840
26406
25315
8357
32238
14912
17133
1698
15294
26226
6929
21900
28577
14789
27778
29889
17470
20529
22317
18341
22099
25780
10918
18973
7557
6197
6611
30918
5608
18972
32090
249
30286
24238
20684
29824
32592
3881
22158
32021
12062
8099
3723
19358
26118
5795
27548
16170
18373
21116
29618
32683
26001
6253
14025
2161
31970
31098
18573
24171
22276
10504
10440
28188
5470
8507
18067
19806
30335
12560
2617
23770
24558
20537
4586
1347
14510
21692
3364
3157
24723
26186
25313
15761
20552
19296
3713
25269
11803
27680
24438
18429
25487
9964
1969
18460
32672
21192
9424
7161
29140
2924
12292
27178
27142
9004
195
21041
26866
22152
20019
28537
19839
7570
23377
4110
27344
14084
14821
6943
29449
18717
20518
25397
17121
13375
3372
24625
23020
29514
30746
3335
2982
9654
1543
25917
13631
8051
25265
15905
1064
6784
6113
30669
6497
26189
16284
16860
5505
12498
11534
28649
22914
17771
14391
6604
2130
23930
6226
915
5402
24251
30986
2370
27212
9061
13916
2635
30063
10246
27466
4300
9130
15132
16197
12426
6930
2675
7768
22961
15539
10817
18452
6985
15200
29186
24895
4472
21307
19220
29755
31610
28163
19731
3128
13664
16416
17394
22297
4492
10864
31710
31271
19944
27855
28371
1400
8425
30057
12282
12829
6727
22719
12489
22286
21369
15994
15321
16598
11250
20211
16774
22527
3358
28030
21064
16955
29211
19322
25300
27223
12087
8217
13810
6880
13614
4336
2077
6034
19488
5949
22748
24964
596
28156
28131
4630
19119
21672
27624
30870
1778
13009
8519
26293
31159
26723
24149
22444
23593
22192
30596
24109
4998
28226
19771
1292
16982
19811
30066
3754
12648
15208
25361
16165
19601
3266
9990
7489
12068
15298
10024
22037
31792
16943
26319
12149
32380
32650
15663
13603
19523
14364
5497
3253
27312
30916
5296
7236
11544
27522
16716
28633
19450
26818
2192
2456
28599
20841
15787
2218
11024
32161
28305
21228
8548
19557
10903
11609
21671
8139
5841
28471
22306
21012
27691
15364
23788
28533
15178
28704
26924
16547
4640
11319
4876
29217
24401
11124
7804
25673
12105
20583
25771
28700
7961
5298
18502
11465
8470
18295
12655
511
28464
18050
19836
4850
18195
7733
3700
20015
19456
15415
9802
11808
10856
8412
31191
30303
22861
15186
18329
31163
5465
23697
32301
13579
29115
27904
32398
19125
6853
20712
17931
11004
9798
10138
15370
29965
3496
20830
8063
23753
11722
26658
20522
8529
26779
5855
28563
24658
17531
31690
5574
21013
9554
320
5582
14918
31596
22894
3572
6527
1051
2243
16309
27548
30731
11031
27524
32446
17251
24472
11332
12059
9121
1913
3715
5004
18226
17241
24440
26324
19156
23411
28603
14769
12460
32395
17862
14757
11558
916
31791
6273
26001
6690
18339
24758
31862
5522
24738
16987
1979
16123
19708
9470
19580
22995
17679
2603
23717
18273
12478
3260
29263
29927
30768
2278
9440
139
9293
14592
21473
16649
2809
21267
25502
7195
782
29474
10111
22435
23580
24126
5673
20894
5600
27208
9044
19145
4997
5764
23402
12304
18076
8419
7397
3771
3549
9229
2917
8024
17307
2608
6292
4966
14345
24715
16058
4550
4911
22457
18719
3554
23210
31934
17956
26010
5926
30419
32544
29171
21916
22001
4604
30334
76
15903
2189
7050
19321
31612
2484
24329
12776
19212
55
10307
15638
25666
21342
27196
5436
3921
3405
230
5379
21555
2853
13575
23815
3702
4825
4840
8974
29129
27344
32707
14597
19274
20287
14826
1982
2957
24900
12215
31083
25964
27587
22839
4058
3473
6657
149
8814
26308
31746
9544
32737
9973
29859
26108
28603
16649
28022
7490
20369
8037
27744
7414
18430
31547
26356
13428
21859
23703
28558
28026
8286
3880
6191
11227
25099
6095
10012
7145
20477
30441
31029
7072
19451
17245
11798
2706
21370
27236
31215
11414
27358
8219
14628
2864
113
19658
8612
447
799
754
11785
24681
10488
18968
7796
20935
8546
19028
11046
28495
12065
9368
17631
12421
26120
961
32503
8417
2172
12896
32573
2175
16558
16709
3987
29577
12692
2767
11589
17508
7084
7926
12846
15517
4464
25621
29577
10386
30616
30840
29336
6624
19730
8362
31479
23696
30402
20091
19133
4865
2809
3283
8280
9363
22711
23610
18981
27416
9889
19491
5074
19195
26048
23803
11636
8750
21503
30454
26727
14805
19043
404
26089
9908
13064
26613
4981
17497
25311
5602
4321
14089
21289
14743
23606
8299
30386
22098
24403
29430
9934
29596
15168
4124
25621
30042
27987
7476
26334
26771
10757
15144
15228
20734
2449
3298
26171
17235
25170
14455
19225
22606
27866
20242
21828
17539
3538
18335
6743
8421
24980
30779
30037
12308
25993
14942
21857
11370
23364
9670
15427
27332
16731
3618
10395
24080
32265
12164
26595
18331
6021
13699
3110
8216
5664
2355
386
1391
27681
4550
32606
14667
32609
21503
20844
31842
12453
7258
13406
21123
31934
8189
16999
31585
4962
16476
11128
11297
32713
23983
13623
21925
16135
25621
16063
918
24620
32645
17435
8244
2589
8825
7551
10461
817
19289
30284
8030
5771
13480
14274
17405
29498
23536
25474
25667
24850
2926
6603
19082
26440
21118
18289
6729
16591
6341
14236
9506
14966
14368
1350
1192
22206
18768
10354
1266
21372
3938
6957
11233
27955
11743
21062
26928
31791
5560
1485
15168
18273
21744
1356
21665
10494
13575
5064
3680
24790
21546
1910
13075
12405
9500
10557
28325
7419
482
4079
28386
29371
15665
29511
193
26262
24216
12962
13941
28950
30061
2942
25138
16202
11897
15283
29120
21860
6243
2931
30401
16147
17117
31491
26561
27041
9360
4150
26114
972
29640
32686
5125
32614
24031
11730
18648
4267
18795
17294
11299
18278
3879
21198
1776
7618
21922
18104
21821
6385
31657
7083
25667
22399
15733
6908
2436
10611
149
5739
16023
3626
29338
24423
11699
13300
26244
30214
31485
21867
7407
11202
22162
4247
25341
13813
9042
5059
13314
27666
15986
15389
18931
11689
13248
528
18572
11289
27317
20322
28483
5138
6205
6925
32239
21202
325
26333
14392
29467
23048
31437
13245
19958
19994
31266
23816
2858
32049
11845
24371
11643
30902
9057
23126
9891
3600
29377
5304
12050
27051
22247
4785
23908
24266
25963
16736
14758
24594
2714
8210
18505
29906
8906
5229
18658
14099
19838
21856
9383
9828
22079
6347
18602
23394
20277
28653
26579
26633
14728
32401
24734
28862
22393
30968
17050
18968
1086
5253
12189
10098
11682
22315
5320
9777
19289
29079
30526
16853
28708
4124
20643
31938
20649
20066
14166
18892
23568
14798
20079
645
16989
3760
14711
30278
1168
7216
4074
24062
27262
31477
3181
16573
31341
666
29647
5375
20082
10706
28609
10937
25483
15701
22870
10789
15996
6546
12089
13134
618
21266
13232
27227
21817
31149
28244
31899
11685
25200
3469
27220
26402
9290
25552
8523
14196
13177
31896
13331
25102
18359
1317
14870
17708
31011
1271
9317
7343
16369
8713
4927
5820
17105
27854
30819
5651
8224
28652
4629
15919
7633
32699
2802
9507
27673
1404
19061
18223
26334
16985
16965
6181
477
17953
17476
20094
19357
5568
11608
17467
13079
15743
28919
2429
31778
19201
20853
1251
3744
27385
20749
15783
3179
9900
10161
11128
23037
32042
18833
10261
1505
21580
19053
24238
15069
32108
10651
21754
10460
18919
21207
27159
4254
27476
24526
26406
24094
7041
26217
32162
32198
18482
24538
20356
22613
16024
29799
23833
8588
4755
14329
29854
26012
15783
9060
32673
335
12736
22132
18967
28920
23462
28347
7996
8732
20798
32541
22574
13277
10118
29720
14408
21034
11342
28884
13119
6056
32695
28910
30975
8799
18797
15108
25411
18213
1444
28672
8438
4043
9683
17189
15181
28681
307
9947
20641
23849
20726
31290
8461
13430
13384
856
18636
7268
30726
16979
17487
19580
7745
26909
6689
26638
24945
1034
18043
22421
12153
7963
17575
19688
22623
29704
21013
24102
27847
27919
18238
25439
2100
2175
8764
770
766
26883
7974
6411
18451
7855
31277
25833
19054
29900
14200
10800
22103
20580
3263
12291
14943
27532
18601
19263
1050
31092
21478
24424
19610
32560
10252
596
20656
27971
22579
11929
20706
17904
1871
12472
29995
23617
26704
15110
12405
30676
9211
19550
24535
26985
16518
21896
8590
23595
26358
18792
8125
28609
8761
998
19173
26388
29698
13217
16418
30687
23400
12883
22315
1784
10558
30722
5127
23904
15920
5356
30864
8715
3746
24112
29097
9328
2121
14652
23615
17361
13701
12794
24064
32584
14981
18361
3550
31381
2073
7389
10306
937
24662
30023
19216
25841
2284
12162
30047
4196
18246
9394
18165
28491
614
6973
15237
25299
9855
14390
23976
16724
9807
7054
11675
23647
13891
4857
14270
23434
7496
4002
5832
30715
14194
19086
24011
25781
1616
17360
9707
28581
27401
2162
15326
10091
26175
27422
10531
4586
31136
7056
5378
16270
1868
18620
14662
18272
19178
14782
26301
30667
18568
2437
21868
18475
19766
28991
15506
22299
23906
19844
28259
379
11506
19010
29569
24131
32036
24939
25146
11019
31781
6239
28037
30038
626
10267
26553
3234
18930
31775
13587
2352
31440
13345
27110
29587
10778
5235
4255
22779
9755
4405
21375
22591
11384
24634
1560
29612
26125
15803
19076
13199
17541
20414
20072
25988
7611
21572
23468
1149
8404
1589
14584
5521
281
25868
5613
1418
29333
19266
32552
21293
21618
32636
5623
4679
9492
11380
2009
4988
7155
27559
440
15567
1337
20163
6885
24304
15135
5071
29655
4937
22791
28696
1187
28359
1114
7647
22331
5481
26399
6340
10598
31369
14432
13552
12931
23021
28221
32006
2301
13709
30157
711
25485
25634
3256
3719
12851
31859
6293
22867
19186
10591
6148
15839
9806
12969
2443
3122
26502
18054
25649
27664
11410
20456
32221
31275
25051
25992
31596
3080
5565
7606
9875
18098
1981
21216
17787
29730
28554
9444
20502
17257
14261
17173
8002
24483
10288
19215
29093
2460
15496
18491
25155
8255
8674
8225
11487
17347
6327
30577
23576
32660
13903
23503
15678
9986
16894
15970
13817
20651
10785
2843
22424
7337
19671
26821
19514
12668
4224
28113
31135
7094
2039
21983
30155
31849
7823
1036
10592
12880
1998
24062
15289
27072
28396
19376
9414
16204
8714
26622
170
24891
13618
11760
278
23467
22802
11974
6243
31617
24952
7368
14962
29720
14221
14026
20292
13221
13265
24705
13144
4716
7130
29577
25032
18596
16332
5426
9250
22315
29591
7438
25607
20202
24563
22587
31366
8966
26397
13680
6454
29132
6478
9674
10517
28761
29952
15956
15139
25868
28384
26200
26302
23725
32145
7785
12732
1626
9511
11307
24138
25141
15966
14057
14983
11983
30110
8404
19936
16723
15791
10524
42
13426
12860
8881
5761
6674
9737
19414
8674
7094
22772
4714
15242
13739
4525
20726
11022
30968
5941
20597
21047
3
17943
6887
31395
515
15721
27284
24861
12585
24450
16929
6839
20366
8824
31060
12205
9947
27744
19110
2041
20154
30533
11662
1461
28160
30948
2440
26933
25239
2605
3559
23264
31789
2682
14944
14034
13726
31373
25682
30260
6434
2892
17622
21078
15158
23611
23435
32145
30795
9661
12830
3551
24881
19210
19612
30007
578
4080
21111
9129
29006
28233
15450
12094
20042
18240
4780
7565
8887
27715
2278
11037
19412
15302
405
11390
23427
19902
18222
25894
7164
27608
1429
28684
8755
20861
20588
5638
6922
28551
16924
11747
16183
12224
32676
25160
6643
29727
11556
31051
3688
19905
7976
31185
18391
10152
21685
19112
140
24887
1558
10083
19331
5225
21603
1785
19672
981
26070
20509
3311
27746
31437
30555
21095
14026
18335
25335
11968
17616
7967
12421
10694
22080
14833
14408
14277
16811
9871
27211
26219
31967
11801
24897
27771
12584
14817
18205
2103
22345
1459
26481
22666
5945
10980
2952
7417
26526
20513
31810
2120
10506
2549
17842
4588
14584
14359
6264
29236
14469
27513
25824
13622
750
8465
2999
4218
4045
23909
16625
26473
15635
29913
31740
10867
15556
3257
4578
32003
8822
8452
21793
20004
19591
6910
22346
20464
9505
17524
10332
31164
30447
9165
12254
261
20892
3285
31678
29977
14864
29257
8428
27013
8809
17442
2486
23362
26043
26274
19938
15518
17288
3615
28813
21484
5886
2962
8134
22763
17907
21983
20969
31991
9121
23522
23741
18929
17185
27454
25165
1007
30121
14308
12167
31140
28805
20581
26774
28558
22230
2808
7935
4578
8973
14155
11645
6455
11303
8458
30109
3572
17062
12080
23322
22139
8531
11280
6390
31762
11701
546
19549
21142
17487
31118
20793
28382
3229
17018
19604
6128
4301
22548
178
7910
5438
2142
18154
18846
27577
11453
19272
15397
15986
24383
26084
3297
3773
14511
11776
28544
25488
25435
8933
8868
25532
3744
1658
3147
22506
3898
17833
12544
20568
14413
2674
29123
27217
14642
21451
15545
29038
3075
12094
7316
22670
16613
28737
21184
18070
12824
340
26706
13033
27840
10973
25009
19878
23152
27587
258
12197
30587
16332
17237
3631
8699
28599
1169
28287
19870
18201
30239
5372
10292
19448
21593
11316
31481
21545
1713
24472
21666
5225
5793
26106
18473
1342
10583
14279
19544
14731
26652
27908
2071
758
904
32521
6006
32762
15719
27136
5498
28619
9578
27165
30376
26605
29838
20635
82
18323
13132
11386
26788
1208
5765
17146
27502
12031
16172
5077
24495
17483
18609
25920
6629
13086
21041
5024
10007
9906
28254
8460
11422
30937
9775
16519
30904
26005
31305
22778
4043
23671
3881
15347
17016
3000
28694
3104
6247
281
5320
3978
7117
31866
5592
27025
20925
20541
15335
30891
27444
27480
21902
21467
31459
26940
9
9203
15290
17257
20130
21643
13369
206
31967
22717
17014
32482
5995
32678
23789
12419
18373
5276
5130
28305
11946
18223
8312
13898
31043
5857
2599
29027
7439
16037
13344
9196
26254
23578
22792
7137
18099
20100
17525
32399
2823
2446
21748
20397
27805
22466
4822
20021
8633
18628
26559
17159
24127
18258
17132
7485
28381
4860
13895
30796
23288
6562
22572
26591
14679
27826
30201
9587
9106
19999
25432
31667
29752
4384
29260
2961
15299
19117
24572
18216
6204
3514
16962
15957
23470
12082
16883
6415
11596
19890
11756
23434
4449
6410
13025
20496
1020
5492
17381
12954
4695
22162
32697
31281
7948
28201
7893
23559
15606
2720
13878
25684
19688
310
23277
16626
18960
16390
29284
6583
28969
25532
15215
4758
11876
27925
23575
21364
32276
21016
37
12747
11292
26390
21616
22529
7704
23394
27366
1670
5198
17873
21341
19120
3411
31984
29975
18262
14461
14088
29975
27438
8972
11731
13606
12519
3095
16891
14244
17669
2872
23126
29711
11648
30199
31459
26709
20252
12279
20356
29402
27783
20963
9849
16711
31540
21270
5792
24600
27130
8716
19823
14052
13675
22413
16557
32107
26101
28819
16371
30050
21435
15104
8678
29949
19505
24833
2353
3648
30074
16191
32069
24326
2945
29132
21200
21966
21209
17352
8190
30537
23893
28119
14450
28836
31847
20291
27907
661
32057
3568
2871
4391
2701
18691
22656
25670
20565
19025
1336
25866
15634
25225
21342
25540
31981
23586
27918
13001
2710
12547
9922
8704
29152
28403
10571
10030
8217
30407
16269
16124
24106
581
17405
21197
20595
7386
27100
12098
6244
31488
24112
22410
29660
23661
31879
16746
30274
25852
4971
17936
14180
6236
29860
21399
5138
25723
19760
11097
23673
26288
259
14585
3137
22443
1663
20012
26726
18973
32178
20298
7895
10278
32593
7320
17361
7043
24440
17490
18680
19572
24607
18811
19002
9070
3932
2917
19556
31109
19803
6655
18816
25495
13853
738
9973
1081
27379
25370
29022
4195
30649
18868
31270
29403
20435
14092
13032
14946
7913
17619
25224
16032
26978
17123
4112
10191
14497
21698
16205
17706
20226
23544
23334
24084
8083
15121
27071
27145
1426
15728
26193
23365
30635
12250
23751
26678
13038
30142
8985
32674
6546
10054
19561
21400
16748
1054
12767
10008
28205
18183
11589
19074
29534
9754
24930
29375
14877
3037
11286
22321
26261
21767
7738
16987
22846
7955
5428
336
2010
29575
21085
24029
27179
23553
11284
3958
30324
11014
13471
20193
27062
1418
29381
30884
22440
31039
2092
27183
15987
11166
24947
1482
6706
28086
19470
2365
13356
16567
3557
9025
10702
5949
23212
29609
26475
24414
17152
25168
4788
8562
31047
30913
8438
16293
2116
10921
5398
8766
22396
14589
8524
23724
6477
7147
10402
5973
32455
8066
23595
18974
19793
7968
28676
5050
12797
2975
9228
14772
28326
10302
7267
7482
15567
10833
17827
12463
571
10153
16609
14831
13132
32705
4962
28000
32540
11181
5661
11708
8541
8387
24821
31905
30193
12806
11699
26581
10824
7254
28357
32603
10365
10586
5560
8247
6192
5417
17783
8192
4385
8891
27713
9514
23441
2834
363
14352
23129
13096
25307
22724
31431
21655
3648
9623
17980
1291
12818
24167
29062
18536
21069
20651
1534
6586
31981
30783
97
5856
18984
24816
367
15096
9326
5319
27717
21385
5153
8982
3707
7283
2836
3140
11773
11927
27589
7768
6314
11590
18523
3654
4526
24170
5470
23036
14496
6519
19512
16172
18010
14607
14703
21208
15260
31608
29344
1439
23904
32190
12346
8393
6907
15783
1792
2067
14840
20059
15676
19516
25524
11216
14276
23116
28857
22775
15022
21415
3547
13480
31187
23253
5908
12622
13572
24846
17440
23378
23566
16520
728
23112
30320
12161
6992
22748
19159
22539
31151
32635
606
8347
14801
28097
17286
29008
20638
24229
247
515
28456
25446
30708
32018
31623
24884
6815
748
15220
15775
25074
23132
3240
26049
17273
22935
18162
7210
18129
21508
9243
14734
30433
6349
18810
19504
10970
20010
20309
16909
25327
13672
25086
2505
13524
9147
22698
22107
1016
15305
24080
29047
387
13298
1734
18622
12302
13665
29018
8616
26405
8148
19507
8237
4734
15915
23846
3126
10486
14258
26327
455
5967
18990
2006
30697
6827
6313
28533
19032
18119
6909
1131
12785
13305
31267
22826
22490
4328
25913
2560
28527
5133
11093
24815
752
2285
9740
23373
24299
29971
16576
27932
18538
4303
10413
7719
27101
4017
29107
23777
8902
29892
15329
8957
9767
28299
9669
18380
5035
30397
6006
7259
30614
12735
12894
11592
23918
18917
29128
18024
24935
17001
18477
5147
27791
32295
17726
32362
1982
30238
4272
6629
28987
23463
17867
19007
24878
8819
31666
29349
10442
11846
1648
20451
6199
8309
15558
22582
22336
288
20151
15599
7361
16432
30928
27084
28878
18959
8248
7702
26019
11306
9083
31610
29520
1320
27669
9896
25121
15591
3265
21933
28622
16443
30847
26641
7016
15461
7784
25776
17406
5717
30257
31065
1554
6560
18817
22568
958
6975
17906
3747
934
3085
9193
12951
4765
14079
28182
176
5142
10017
13770
18651
27985
29012
16380
17500
14145
24009
30489
12718
9023
11580
11663
21022
32369
30193
32024
9510
32760
21615
20167
32138
19933
27647
22483
19508
25785
29411
5926
15568
20006
18007
8101
39
20969
16969
15166
24637
3547
22743
12979
31273
8348
9612
17960
14775
21239
30810
8813
29374
27668
5207
24332
13378
7264
7736
20754
12618
11069
30350
16030
23424
21353
31682
16170
2954
31278
28626
21660
21291
11598
32200
2316
21784
5037
6911
7508
16027
15548
16405
5209
16105
31402
13743
10010
6212
13129
28912
28029
9937
21440
15286
18388
31031
21238
9370
21810
22267
28346
29350
625
20638
4018
6357
32254
13684
10
25931
7275
2882
24792
26713
31154
25503
2641
20271
25418
11015
17070
11870
22252
19903
30684
30741
8738
20077
26598
6680
28308
10867
25634
32639
18194
10255
6943
29236
24928
27188
5450
6186
14533
26149
20578
2142
17746
5847
9634
13198
23539
2564
26280
7356
823
8975
23847
7521
18655
12187
6480
12658
25640
10729
15105
1812
12504
17653
8620
19998
20235
7760
12038
850
29626
12732
2163
13147
13840
27273
820
29062
25965
28338
10062
32320
13366
32694
30009
22868
17251
3384
23118
15329
23238
21846
32750
13852
23068
11977
24945
27851
11989
22721
21717
12925
23203
27774
29219
30858
22212
19630
1440
21454
24592
11914
30905
4388
30658
6319
23980
5540
9478
29629
2550
1693
17222
2225
27520
30033
26933
2306
1160
2675
13464
31870
14928
28001
1751
12515
25225
25377
32327
1853
15230
24861
14389
15107
15105
3998
10162
32495
24598
30730
3361
2977
29537
23262
23169
31730
25167
26985
4219
4889
8455
24398
24619
18560
16143
14263
7598
13668
6846
31321
20336
16431
24422
23596
26162
8597
14909
12264
27102
8048
29200
25150
9994
6492
19878
32219
10574
17170
29941
29470
3654
10373
14599
8083
32102
22462
28330
20791
20608
19576
18394
16747
14614
31099
22511
17332
28257
3001
11910
9272
12318
17194
13617
29176
10779
32103
15326
12494
1157
19976
24584
12070
11502
16575
15007
31612
9249
8497
184
13721
23718
25752
757
14221
30227
4378
14258
21099
24857
16102
15348
6855
14410
3860
30482
240
22955
13369
19745
12526
3326
26829
3105
30266
17100
28478
32744
8000
14388
30672
22738
7317
2934
2107
20774
22520
3391
16642
15687
32522
23218
7317
29343
15821
3130
1062
12619
9438
1298
22091
31878
14195
12177
15192
3543
23826
12855
25466
20218
13079
27000
2708
1680
31203
12874
24026
9094
6628
20848
7982
21317
31818
900
8765
20126
13186
455
32601
2419
12154
1961
6165
12582
31124
9495
18850
9667
13415
27015
26860
23021
23352
13252
25716
17801
32059
12921
10220
22316
28809
24960
7572
4165
14561
4072
26967
14346
7711
15048
14756
20772
11900
18630
18957
15897
10379
29286
29602
16509
2287
25364
26379
16088
14301
24304
27752
32086
4693
31067
17641
13617
19231
10309
2604
14047
24456
16437
10074
763
7130
9493
18432
1523
27548
15299
22701
25207
29070
26712
30033
30365
9059
9526
24912
2004
25916
32468
25961
16783
24809
73
12106
29357
5342
23705
3823
13738
22263
24771
11710
28552
18155
31366
7012
20859
27794
24567
19565
18775
32215
9156
26278
3258
2171
16966
30514
11001
31630
29512
28270
20939
19630
19609
32134
12472
13566
340
12756
10047
16870
18922
27132
10698
13708
16628
200
2386
29461
16570
18884
2514
29340
3458
15257
29549
30959
22682
25642
2654
3852
26661
624
6563
30046
28581
25110
31849
3767
25932
21716
21046
32524
24578
25995
18905
31220
18997
8485
12049
31967
30053
4394
9983
28950
23147
17443
18253
29046
4748
32687
29724
12268
21825
30822
12463
14000
1732
11121
20185
321
9050
13798
10534
10531
4964
17892
21452
8795
13347
371
28752
17319
8526
32536
4088
5757
2901
11323
20724
10954
9843
15674
8779
27239
32374
841
23175
10331
15182
17424
3359
26579
8791
28418
19113
5858
24678
19582
14268
14584
26773
680
9894
15652
29647
3078
8147
31754
27930
31706
1272
6562
22183
11329
15106
18101
29595
12816
1730
7704
17051
12906
2133
6567
5402
30241
340
23297
20322
22226
20929
17413
7523
25023
22444
6927
10303
19562
7592
14067
6289
5879
1009
28341
29057
30783
20570
18702
4233
28595
20729
10144
24068
6391
32145
27124
31355
7482
17346
17463
29871
24151
27122
17849
21606
14253
13562
19233
1526
28863
15505
22641
29330
15754
6777
5821
20824
26794
24683
29098
32022
811
195
4265
23264
13872
5611
10225
7506
4678
13449
23870
28837
30854
13416
15435
23412
31084
7207
30480
24652
17786
7076
28092
11254
2956
16678
14961
23683
24826
21836
15553
11548
3952
2489
24812
4742
25740
26237
7895
5240
24380
8770
27852
28573
22230
20795
8693
19559
30708
5836
1173
5786
13077
17913
12
16787
30965
7313
16008
1372
24744
1303
8843
24690
4985
2931
23586
27217
6788
28765
5599
17091
27157
1925
30107
10733
18111
19586
27885
3350
24636
23169
5480
5174
15880
12970
5272
31811
22972
32081
17339
19003
811
12769
5952
8944
27198
20873
513
21398
27279
8356
20543
22285
29896
2793
13921
25583
12730
7767
3948
20313
15165
18653
1858
20602
1738
17613
11418
28893
24025
24575
9923
13686
32763
2501
2840
19566
19127
21394
3650
19374
806
20585
3376
19501
7502
32519
10711
28154
7486
10959
30634
4361
28141
28538
29657
20157
18899
19323
17737
57
4421
27955
86
23911
10897
9945
27211
196
18398
13607
30877
23538
11968
17605
2027
26875
23966
25206
1718
9318
10948
16901
4064
7164
14663
2029
12518
7767
24476
459
22492
22319
23543
31108
9517
25700
29285
3894
7440
12235
20648
17888
29898
6585
21462
11984
30630
16464
2992
24528
16308
28556
6083
8207
15940
1548
14913
30673
20512
23201
15516
3798
22925
28312
488
1420
9728
30919
25326
13556
1953
5466
12303
340
29313
9819
29919
11169
3994
12546
22909
19883
906
17346
15796
27910
25871
12560
27091
20668
8001
10993
29004
1460
15251
2891
8975
15840
20359
21735
9124
30250
2612
14665
3339
3868
7545
12080
12371
17490
32511
26091
21756
11936
15600
8546
4622
15618
25209
19168
7413
20551
10240
17057
10787
25981
27429
15903
15204
31515
10874
16157
30720
7409
259
28528
27282
17104
23916
28048
16555
28152
28941
21986
26662
12614
4766
5315
9801
4122
4282
19796
1185
24586
12309
24840
12186
6472
20860
25582
8928
16851
31633
2495
16249
24416
17476
22439
10143
7175
22033
9940
31838
2478
3324
17343
22770
12342
26444
13885
10206
21095
17929
32324
11724
5532
14647
20862
26152
30766
21457
9616
3451
17057
17284
4903
30087
24465
10288
24007
32551
18010
26399
11347
21989
25738
30211
15963
18777
12808
22962
10792
24644
23553
21664
28553
368
12950
288
27484
20037
17734
21338
30683
2859
23069
16139
17836
12708
11162
32000
14758
2085
6497
11344
23396
23479
14245
19292
8332
14162
26963
17544
8413
13556
28927
2742
32506
17540
9359
391
4600
1130
12202
11600
7081
2027
4318
26334
6054
10053
15763
3818
28446
13710
6324
32091
7522
14413
10263
10302
4396
31957
13488
16005
22194
10085
16762
12931
22127
6145
1313
28707
13484
16654
21104
15083
7633
19376
7037
28597
2925
9700
31638
9767
19974
22108
29674
28151
26530
12830
18167
9184
786
20443
7863
6755
5121
21776
27018
4670
27584
30942
6626
16045
20175
22698
13488
20836
22315
31348
23186
19015
12122
6392
14265
1775
29239
5511
1692
19933
15229
11170
4446
20860
13590
16987
24064
26329
11553
30572
28998
27681
197
16404
21610
6878
26553
15285
18820
16881
27791
5167
23220
9038
7619
2042
12309
29050
17287
31238
22625
10438
9804
9042
28772
16456
12816
16974
21794
28318
619
25586
19655
32354
9047
8858
21075
28268
4802
30376
28674
22987
20181
29912
21628
25472
32002
5729
3777
8704
30160
26321
7378
18024
16742
13222
14624
31614
20697
6571
4790
14444
53
3097
23589
827
11597
12649
23859
24336
28483
12794
29506
25129
15062
21607
11394
12183
32622
934
27094
20665
2281
6881
13191
10876
12835
4884
11435
2644
13383
28267
20819
1785
7897
32089
27512
12514
17535
22904
27299
20098
10386
12836
2654
8261
14696
18133
29533
26697
25439
11072
17260
12765
18602
12589
10264
5306
10715
5143
30749
28676
19252
17029
30611
22782
25261
24875
13015
14736
23237
25535
7226
23163
30217
22429
22636
21846
8037
15386
26022
10832
29486
1192
2459
30116
19691
8366
12828
218
26087
9508
13453
11204
20599
29682
6156
26932
23563
32006
22107
19326
11767
30007
16273
23729
6911
7901
27781
16020
3492
44
27637
20066
1329
9045
5754
18501
31108
15451
13612
9876
12189
20661
26389
14541
19176
15529
29014
11857
10059
12899
26139
4322
18414
3800
20032
27357
26316
8285
16832
5430
28926
15110
6882
26936
31682
14015
12322
20986
32334
13100
16608
31136
23639
15682
202
3671
3424
12962
28171
23310
27843
32441
24112
12277
32384
3480
28126
22198
13513
4244
16182
3702
585
28829
13060
19338
17720
2655
2218
14073
22304
4122
4303
10678
19820
11586
24263
8090
14005
18390
9409
24099
24780
31617
9906
19183
29575
10866
28677
11766
27724
16379
14335
23435
18015
235
8436
528
23531
1452
15916
6012
19410
14877
3218
8846
28724
32557
18978
23502
12737
19004
22544
25160
17343
24114
5049
8
5338
31323
21067
14932
175
6921
27443
10668
3607
10216
32073
21890
17971
11295
23229
4025
28732
29740
18369
3040
15880
11644
30708
11819
13659
25549
30354
20021
25075
30788
25948
27000
7250
28237
15944
392
29001
10806
1001
8722
30281
32139
3228
19096
5737
7471
21624
14314
9270
23871
499
18787
15422
20135
2388
32233
17499
6784
6877
17570
5056
14128
18356
7543
4037
21312
2453
17737
18802
4603
6458
27126
26573
30156
16261
8714
27364
5205
3443
9285
5017
28751
9921
31441
31792
5412
2908
11840
11674
20558
2954
9287
15742
9325
21209
11836
16653
21035
13770
849
8323
4816
11837
8846
6012
24740
12956
22672
28156
26888
21447
25859
13884
1107
19907
31713
6965
20333
30498
7784
3054
17198
15152
2012
20358
25972
2786
10753
19968
28678
28799
30039
6610
2348
12812
26899
1580
27146
11896
9954
22025
3777
24972
1629
20470
19524
14993
25674
17061
26618
12734
10648
17969
3352
18536
17945
17967
15292
24552
6909
8312
3530
4939
4370
25785
28039
32701
22205
183
6647
10162
439
25955
5366
23770
4233
28834
22297
23746
1990
10200
25922
3146
9994
3898
9221
32202
29109
10704
1214
11779
1895
28237
26734
9159
2108
15503
21594
24168
196
8180
21602
16098
6601
27234
10018
22472
1984
29717
4042
20463
30219
3111
27070
17372
27124
26081
23021
20973
22890
3780
14833
15690
29049
14677
6379
21387
18571
26796
28188
295
30817
18619
22852
16543
23503
16223
3259
20590
27706
552
15696
23471
31442
15593
13285
396
16784
5374
23750
26475
2030
5472
28878
16854
22377
20330
5176
46
31672
15464
1862
1808
19145
11236
17556
9602
28800
19121
10553
12518
14895
3764
674
29595
7636
4981
7727
23156
30996
13161
13963
3290
17403
27133
23244
23487
13169
19042
11086
13129
1915
5916
2127
31547
311
17992
3658
4643
15510
32432
31765
20294
27095
22928
24249
14155
8903
29989
7957
20394
22458
9211
19761
15570
4167
17652
17763
5917
31687
4119
2852
8820
3469
25630
30127
21698
8418
24766
2655
22298
24775
22964
8390
28071
28522
28308
11405
29271
2404
21329
18702
20038
8376
5515
25266
7660
11148
27292
6668
27655
8869
21088
15538
12103
27556
6856
28639
30395
11010
4126
26826
28926
14796
26133
20164
14880
15135
9624
8980
7254
3427
11087
19091
12130
4935
753
5382
704
4224
11085
24126
16022
5697
3862
9457
26457
15225
15985
13143
12351
7375
13632
13700
2151
24670
14892
22920
20170
14640
8820
21832
22753
9852
1657
28187
14356
27295
13061
24100
27110
30172
25439
13170
24289
16596
4111
1241
1090
21188
24177
6286
15461
28544
31996
22660
29167
10547
30800
12426
12733
20948
21761
12833
30608
2151
31270
6686
6517
24057
14496
5124
32245
20056
31530
22303
2306
2198
27429
31072
27548
17213
5665
5116
16966
6223
24619
5571
11820
9476
20185
24385
21777
26946
30998
1174
29690
8924
10158
20757
28828
8331
29336
26783
5510
18605
26375
8894
25870
20415
559
31617
12029
23195
3287
13850
21754
2162
9123
3384
27063
8329
30751
3365
5853
24500
5771
29599
30136
8595
15465
12664
18082
24974
3015
27116
13105
20369
10060
3014
1824
29831
773
24625
3070
8856
30189
11103
29592
11555
22590
15067
32040
9338
14970
32175
16698
4448
312
565
20578
27715
29103
30142
4255
19514
31492
484
1421
2493
18515
9135
28494
20774
26495
22634
27703
24811
4282
15427
2362
28568
23251
30373
27926
30095
26691
4182
2624
22144
22773
3919
911
9894
3289
29791
12203
1990
807
30334
26420
23017
25203
6130
2481
15316
30070
28964
25919
5964
10390
19775
27894
13579
21562
29838
27162
5248
24528
16530
5126
842
2459
21990
15064
12403
24381
8148
28893
14188
13064
27059
24251
24268
6661
12806
11873
1737
16064
4950
14511
882
5337
24267
25060
24242
14668
17549
20683
15877
2939
9693
27813
26615
19201
27889
19925
9569
17973
1684
3406
31331
25984
22906
7869
29472
8031
22372
8565
60
8503
1016
21534
7959
14556
3422
5917
18886
19167
21146
10691
27350
24987
29612
3637
20671
8447
18281
16414
23850
11032
21271
10774
27619
16742
8139
1488
11676
11995
2435
4870
29287
18098
25603
20774
8177
1014
4464
10169
20351
5581
26286
10648
20394
25737
31097
24269
1498
23405
13381
16714
27524
831
19414
22604
8995
14737
29343
7821
24824
4304
26076
7980
9089
9481
12398
30045
30650
29055
16250
6864
17685
29421
9408
12514
23867
8859
8891
12422
19329
5667
24190
11506
8232
20480
21321
5385
13149
3292
25582
8075
7147
6550
9702
19967
21953
32277
16946
12891
21544
2255
2035
25465
31680
1815
3272
19515
16447
13867
30443
16760
25066
14585
19722
2733
1743
7861
26599
18789
11207
17948
25006
27491
10543
10629
7962
5014
18273
24492
20038
9658
7924
23870
30548
24781
16568
17188
31423
13369
24944
17808
6528
15290
1357
30664
25316
3604
26415
2229
9256
19063
6043
15402
13786
4269
3962
11509
17135
20489
12951
9128
26019
6416
32214
3620
13844
24036
23861
25578
9885
19828
25988
802
18931
13670
28132
21095
24322
5823
17665
13144
16005
22872
32271
4575
1639
18945
4486
7231
7901
20338
19868
28640
30016
502
21127
18138
2219
4566
5743
29251
9305
10374
11573
11577
25531
12433
20454
5294
23644
12358
24573
20470
2421
8992
25180
13842
21839
32246
11785
31674
23645
18919
19113
13868
17941
515
15037
16055
20370
8122
11678
17158
25579
517
21817
3629
24145
6998
23435
22133
20971
4672
13275
7144
29553
16614
17339
25499
138
16165
8124
23486
16614
25473
22516
13412
32027
26320
4145
14611
1856
5800
24570
30475
12620
17034
13897
31831
19756
20427
15627
31637
4774
8262
30803
24708
1776
14275
7522
8530
16911
19494
23896
22691
11761
11351
8118
29793
6985
10741
26779
1350
18478
29114
26298
31530
13427
32428
25886
23053
24516
5129
7325
13284
19845
27120
8477
29476
27242
30927
26250
16911
12246
3984
6547
6849
8437
8323
18471
19450
32152
28938
5555
32425
18132
6150
30488
2108
29016
30468
12910
5545
24978
6696
7803
31548
3457
10965
24049
13599
24664
24866
4715
25771
15320
8188
17190
22129
13163
10267
29567
23814
23807
3494
9520
3218
21416
23717
16970
8984
18421
6186
10994
10627
14861
63
25307
6516
14738
19086
6791
5069
18226
14803
4157
29693
13325
16386
1225
19466
6858
5943
16374
5471
20087
32098
24780
8795
23332
32430
30090
7317
29759
31414
5986
7153
27822
20583
1527
8804
5295
23731
32407
2183
6511
14331
19256
9949
17003
24121
17716
18403
10378
11760
18372
11997
17143
27093
20030
16219
26048
10555
14862
4494
3632
25407
31862
32588
6380
183
8197
30180
15824
8411
28121
6307
28039
31921
10900
35
27884
5434
10015
8791
18980
6238
8481
12118
1912
10392
12094
28394
6131
29538
13584
27352
2495
16990
6886
29165
31296
29513
17727
16333
12270
671
2052
21883
30195
5390
4489
20135
5512
11165
2370
16315
2319
28313
24133
26788
17649
15171
387
18528
12853
24635
1990
23884
14053
13483
28522
7723
26657
30259
1499
30710
16896
6551
10450
23654
298
31274
24398
11586
31286
5114
1620
4200
2756
13496
3432
30878
90
20334
32455
28438
4351
24287
20329
27075
16793
701
12985
14942
22024
17293
28178
25143
9982
10587
26617
22204
31141
4381
28445
714
13551
27880
29967
4279
4282
23253
14529
18716
6828
16048
7360
4707
11465
19046
9521
23828
12756
8493
22925
2270
21355
369
1564
3688
28129
8578
6451
31189
26075
11006
6189
537
15273
255
26666
18687
30826
15621
26250
4086
20702
3746
3368
28063
6665
27112
7766
20503
27533
12435
5277
22532
3013
16885
21041
22625
417
7589
19510
1802
26692
1254
11701
10758
24671
18137
11869
19864
15179
9059
6393
20228
15337
28892
15797
18466
2362
28796
19472
10148
11965
32134
20640
550
18060
818
21129
26618
10549
25947
19643
19377
16217
18413
32495
17770
20743
24844
21087
16090
28374
16901
20040
21535
20676
17141
22560
30020
18129
32059
15255
5267
5979
159
13904
28062
26424
12095
860
12556
1941
27709
8827
8484
17809
2346
22289
27419
6041
7729
6890
18718
17538
14596
173
14622
24680
3718
16929
21597
15176
6973
30243
5053
7519
24182
10851
3267
27970
7221
23778
29550
7098
20963
4396
27834
29029
18870
32085
32243
6669
30944
2740
9402
2503
5239
9826
25560
6092
2343
7537
20678
27415
16793
236
28152
5314
26530
19859
24045
29729
3116
21331
15096
16539
25061
6279
8140
21836
30377
13553
11465
6749
6064
24694
5640
10270
19575
12701
1576
32744
5232
18374
25046
30389
21353
23850
14366
11644
6332
31894
27509
13133
11580
22247
24450
11569
5082
29764
14256
8127
26907
15646
29301
13950
19770
5865
27999
9470
17692
4247
7651
32181
15864
23257
2789
6810
8130
2069
21254
29571
6748
20517
19377
32319
6524
21461
1253
29811
2907
7195
15808
6965
26147
20756
5583
26730
6166
25795
1815
8672
20094
11656
29922
21034
16216
11362
23371
12095
25023
31460
27529
20177
16665
7416
8443
17519
22277
12887
6903
1370
6144
17348
18258
11815
7898
10251
10671
1560
8923
15549
19337
23611
9396
28328
8446
6720
32295
19993
28257
10523
16502
10961
31357
862
3469
29640
6570
4436
22510
22180
23954
10973
13664
23287
30144
23308
12375
30011
3310
16769
17442
19855
12043
11656
28631
13871
1038
20206
3070
3509
27517
6311
20224
2322
17596
12577
11342
8523
28694
3174
31312
8435
21645
3060
2836
3436
30306
16476
9139
26588
27235
10397
32387
497
12791
2878
17406
25173
19434
17709
9845
29936
1529
10842
3188
737
23325
21523
30196
11834
27288
31006
2115
28029
21440
11160
27828
17114
654
6288
28166
11046
14566
9570
149
155
24740
1749
8515
19794
29290
11764
14116
18817
32044
9901
25580
372
6776
17451
28440
24397
23430
14067
14303
5243
31492
26816
22999
7931
24478
14879
28776
26193
15183
32203
9457
11333
21354
19910
29628
19806
15719
5691
21410
3360
7278
29207
11389
27141
11173
13665
18514
13628
8506
16733
11067
27171
13871
32357
32278
390
24296
6018
30704
15509
118
21453
29231
9127
11937
10632
4993
13489
16055
26363
15752
32132
15127
3344
10562
7626
893
14254
24122
27838
9739
12246
28784
16046
15643
894
12553
1586
24006
16176
15799
19754
25396
9570
6886
16761
8866
32660
17580
20867
21556
25900
25197
5223
15488
5137
2385
31228
25302
14089
14695
32397
24657
13779
406
24149
5023
27396
30280
1209
17807
23458
26324
13127
2655
19586
32175
7283
27587
20833
14163
28171
10165
12741
23531
1919
4096
16273
26563
22483
22154
31595
3698
8032
21092
8910
17604
4430
2451
1006
32106
4305
2972
13135
1121
1574
26833
32548
9506
1868
21086
15464
1934
20611
12050
18878
28568
18566
12527
25609
19376
3207
14192
10443
15859
16367
2716
25150
3092
7122
15055
31028
8712
31284
12611
10415
4980
22782
15713
20288
18391
4286
10954
31264
15735
15138
11300
1552
3852
1330
9893
29168
10287
26960
10848
16161
21633
3313
9042
31644
5531
15897
3884
20943
27577
19608
17374
14907
32037
15110
4840
10959
18533
895
21855
24578
19748
27679
11457
7090
22497
10044
1146
30143
23641
15206
8242
6758
2741
28448
17117
4703
2932
13403
14976
28855
3606
20406
23748
619
5774
14200
16444
23496
13669
26185
15990
24453
5806
7603
2755
7068
5037
21597
27078
6125
13126
19457
21951
29330
17703
2866
7061
26112
949
14032
15525
5346
26807
1862
8525
14261
8389
21898
26679
2084
18798
31698
24165
1569
26156
1559
27649
29383
14345
28235
482
7411
25613
24665
21470
23452
5230
16864
27602
20982
119
31152
24946
22859
1844
13056
17105
11412
18659
6261
31151
12762
27418
17108
14726
32079
29623
22401
16979
27179
26252
4799
1061
25928
4551
14758
28519
17788
13603
12259
32237
19898
28625
11570
16575
13543
8484
20125
32425
20349
10239
32626
12158
14050
11519
30213
24624
2694
25447
16426
19345
9919
27855
7025
13287
28004
19340
5407
18738
31787
4062
11761
10300
27843
11228
32144
15973
31408
6688
4563
7723
10986
17202
1463
4220
20789
19893
3102
28347
3903
17748
27210
4500
10619
17514
