32756
32747
32714
32687
32651
32649
32624
32575
32505
32503
32466
32460
32401
32393
32389
32388
32344
32342
32311
32290
32240
32153
31948
31926
31846
31841
31832
31820
31813
31802
31661
31651
31603
31575
31573
31528
31486
31473
31348
31298
31275
31246
31196
31144
31132
31099
31069
31058
31030
31024
31009
30994
30983
30954
30940
30924
30873
30857
30845
30825
30810
30780
30766
30711
30695
30684
30635
30622
30609
30566
30485
30368
30309
30287
30266
30261
30248
30244
30222
30161
30126
30119
30001
29907
29902
29868
29851
29829
29820
29792
29779
29769
29750
29744
29670
29666
29647
29577
29570
29553
29541
29520
29516
29501
29370
29349
29310
29304
29268
29233
29231
29217
29216
29211
29205
29019
29010
28994
28993
28983
28904
28861
28840
28810
28808
28798
28761
28755
28701
28687
28661
28639
28570
28538
28453
28438
28391
28356
28286
28218
28202
28143
28087
28085
28059
28041
28033
27887
27881
27837
27836
27791
27755
27748
27679
27667
27570
27517
27495
27485
27469
27467
27446
27412
27358
27306
27246
27237
27144
27139
27131
27124
27072
27044
27002
27000
26937
26920
26897
26880
26835
26717
26690
26628
26618
26618
26542
26535
26530
26490
26374
26360
26289
26265
26247
26190
26141
26139
26093
25966
25965
25870
25852
25822
25818
25735
25731
25637
25636
25607
25602
25592
25544
25542
25534
25533
25398
25359
25313
25311
25286
25266
25255
25248
25221
25217
25213
25202
25194
25160
25095
25076
24981
24889
24883
24873
24852
24848
24822
24799
24795
24728
24715
24713
24707
24652
24643
24635
24596
24532
24523
24479
24439
24423
24369
24365
24364
24332
24321
24210
24200
24184
24147
24080
24054
24038
24033
24030
23972
23903
23859
23849
23824
23821
23745
23734
23650
23648
23640
23603
23590
23584
23553
23509
23394
23327
23312
23303
23298
23228
23162
23115
23106
23044
22970
22901
22820
22775
22707
22702
22693
22675
22621
22502
22466
22463
22430
22330
22273
22248
22181
22131
22116
22073
22043
22041
22041
22023
22018
21964
21877
21867
21855
21844
21802
21728
21699
21678
21649
21632
21621
21512
21506
21483
21422
21371
21367
21352
21336
21291
21255
21255
21181
21122
21067
21052
21052
21030
21021
20995
20991
20984
20975
20975
20917
20870
20854
20830
20779
20779
20758
20748
20747
20742
20714
20708
20598
20595
20573
20570
20538
20439
20438
20422
20392
20272
20228
20219
20211
20202
20198
20142
20072
20065
20031
20018
19952
19851
19848
19741
19726
19722
19711
19639
19531
19525
19514
19504
19501
19471
19466
19458
19384
19363
19269
19251
19245
19244
19232
19150
19149
19090
19028
18943
18836
18707
18676
18652
18624
18592
18563
18524
18494
18482
18418
18418
18355
18338
18337
18297
18254
18238
18234
18231
18193
18149
18143
18142
18096
18049
18005
17923
17906
17874
17863
17839
17831
17831
17827
17784
17765
17733
17693
17691
17682
17578
17571
17536
17463
17348
17302
17276
17276
17220
17170
17164
17160
17145
17134
17090
16968
16952
16948
16926
16918
16875
16789
16722
16711
16673
16661
16628
16540
16478
16456
16451
16342
16332
16285
16202
16176
16118
16101
16094
16049
16020
16012
16006
16003
16000
15998
15920
15875
15874
15855
15847
15794
15764
15754
15741
15725
15701
15673
15635
15612
15544
15537
15397
15391
15325
15293
15264
15157
15129
15118
15101
15090
15058
15017
14991
14972
14933
14908
14896
14892
14888
14887
14855
14800
14796
14725
14714
14693
14682
14642
14638
14597
14565
14564
14496
14474
14452
14360
14356
14319
14313
14311
14249
14181
14158
14139
14106
14104
14100
14057
14013
13994
13938
13928
13837
13815
13810
13771
13738
13730
13706
13655
13567
13560
13548
13438
13371
13310
13284
13261
13240
13161
13155
13093
13086
12997
12983
12943
12905
12898
12861
12853
12824
12788
12775
12730
12705
12685
12614
12613
12590
12581
12554
12537
12535
12516
12483
12464
12462
12449
12447
12445
12369
12368
12335
12325
12322
12311
12282
12252
12219
12175
12174
12165
12119
12099
12048
12043
12023
12013
11967
11966
11962
11956
11950
11933
11837
11826
11791
11782
11768
11743
11624
11540
11465
11448
11434
11433
11390
11276
11273
11249
11238
11221
11219
11199
11162
11126
11073
11007
11002
10984
10982
10863
10824
10822
10820
10810
10769
10748
10737
10693
10689
10598
10436
10326
10309
10266
10185
10174
10171
10155
10127
10120
10022
9835
9825
9814
9800
9780
9754
9747
9688
9598
9569
9553
9549
9528
9495
9492
9436
9432
9419
9343
9319
9268
9231
9201
9143
9134
9115
9104
9042
8991
8989
8978
8896
8893
8892
8866
8866
8857
8844
8782
8781
8771
8749
8709
8705
8686
8678
8670
8610
8562
8555
8546
8535
8495
8478
8463
8461
8411
8378
8310
8286
8280
8245
8222
8135
8120
8095
8025
8006
7960
7938
7935
7900
7835
7821
7777
7698
7650
7631
7592
7575
7557
7542
7512
7511
7510
7467
7464
7422
7406
7377
7325
7254
7245
7236
7169
7158
7156
7151
7131
7092
7043
7014
7009
6992
6986
6977
6968
6964
6916
6914
6885
6798
6758
6758
6750
6687
6658
6632
6621
6602
6536
6519
6503
6489
6428
6422
6388
6359
6319
6297
6274
6234
6155
6083
6073
6020
6004
5956
5907
5839
5712
5706
5671
5631
5591
5558
5539
5480
5471
5397
5363
5346
5333
5310
5280
5268
5235
5223
5197
5195
5128
5098
5086
5061
5044
5027
4963
4961
4927
4890
4866
4792
4750
4747
4743
4713
4703
4680
4667
4622
4608
4600
4596
4569
4504
4439
4431
4422
4386
4304
4290
4212
4209
4168
4164
4160
4134
4117
4090
4090
4073
4066
3988
3938
3931
3906
3888
3766
3764
3712
3690
3549
3532
3531
3478
3448
3442
3434
3299
3261
3214
3197
3146
3136
3134
3122
3118
3112
3100
3094
3042
2937
2931
2876
2859
2827
2827
2770
2652
2611
2605
2539
2537
2522
2469
2436
2406
2399
2394
2288
2276
2259
2255
2187
2173
2167
2133
2105
2057
2014
1911
1877
1841
1804
1701
1690
1674
1658
1644
1574
1533
1483
1462
1459
1447
1441
1356
1329
1328
1323
1312
1164
1161
1090
1089
1048
1023
900
753
740
724
696
695
545
541
527
487
439
432
429
397
381
369
335
316
291
230
124
36
