743
12307
5525
22340
6110
22992
26862
8342
24999
22577
18279
2832
3460
15139
24447
31177
10919
23112
18581
3816
13513
31382
3672
28823
15209
12718
1776
25030
12772
8956
24558
10916
13370
29332
3572
3294
19610
2504
2852
16278
1459
2441
4169
12066
21945
1667
13512
31881
11833
27382
8517
30910
15518
6741
16660
6042
10111
12961
7782
5787
21678
1924
21808
21342
1025
13101
18650
3550
19166
22766
2221
4714
15496
30103
3833
1896
19245
22928
18185
23244
11691
10424
1480
2901
22054
31745
24879
18830
17739
200
4726
11392
18017
12789
20214
30263
24596
1751
17376
9212
1537
13244
8352
17996
22272
22611
23567
23706
29749
14275
8283
12489
15573
22151
2486
28263
31417
6672
9153
29099
19365
17944
20919
2605
21333
29640
3418
11623
587
24201
10398
21743
32091
8874
32278
1138
29170
18870
15394
13168
25386
16531
14038
5817
15248
4955
27817
1451
12208
2810
10722
30504
15717
2188
30402
21082
21474
14963
15474
3878
28798
1851
19627
25201
15428
18991
14375
29205
30263
15800
8139
19618
13925
12152
27793
8405
21938
23082
6711
28889
1633
312
169
15679
26979
10777
18479
25535
11360
3953
29782
11692
31878
10726
12704
19001
23060
27331
20971
12398
6309
1103
9122
9447
6205
23532
4005
24403
789
495
10745
2984
7206
19265
8495
8999
27256
26809
14485
22803
19751
6200
14624
5937
17466
19330
1300
17918
31268
24799
14969
23731
23062
18806
4158
29945
16138
14692
23082
24172
1936
15775
24454
28114
6743
21390
28812
1048
10106
24164
26254
2320
12944
5696
31462
21996
12658
19718
8353
19322
19402
9467
19690
4125
1888
5410
23096
12687
27940
22362
29239
9816
29435
7220
10871
27405
13898
8342
16343
14153
21315
273
7343
1645
25842
26369
5568
28695
31238
27498
2525
3171
2656
19341
20566
24548
14685
19278
8743
2913
28900
24901
27109
15183
8494
2214
9828
4882
12632
21713
19497
4084
27818
8888
20883
8161
30885
1013
20936
26600
8143
16295
29280
30322
32061
1296
30676
23872
21733
11247
13477
28454
9376
7838
16204
7561
14850
18924
6885
12698
22746
11960
16026
23887
16007
29010
10192
24614
3585
657
25364
15257
28835
16052
14276
13152
30650
7673
25213
5481
2766
21247
2632
1432
28338
29404
23683
18750
12621
766
31633
20059
1575
2242
11329
27284
24499
30422
28159
3570
20831
5199
27069
25952
1628
14729
25503
10467
22829
32450
7017
4503
22514
14454
18345
13165
16753
23928
6051
13990
18153
13013
26625
11534
7831
22888
5687
32505
13061
6461
7864
11263
31509
1702
29146
23415
18129
23839
11146
30900
3312
11235
6575
22274
1319
12362
15711
6495
6966
31209
12996
23033
1709
13416
11212
19819
4994
13089
27028
23991
26452
6782
24722
30979
20349
17167
29572
4116
25562
12910
28956
139
2650
17875
16488
26337
10055
27254
26627
5156
1623
32680
23550
9071
18546
16048
16012
27434
25153
17510
32623
17927
30586
6289
1574
28600
7918
20226
21203
29040
23375
7789
16878
23072
21699
2314
24236
15982
7977
29424
28717
15477
6445
16940
11624
32575
12302
25764
17367
32259
5162
22446
7393
29471
10831
3439
3595
18132
17856
19445
24543
27075
30473
25108
22424
23339
31619
19969
12178
22240
6566
12720
10868
26378
30225
12525
11547
21923
11611
5436
2885
14766
16023
21362
29442
7224
4777
20240
8923
28944
11340
30562
22207
24390
19678
6748
6065
5476
6642
2351
23092
9582
3988
27310
6002
9371
19290
22372
19758
2770
31791
7025
4208
3555
735
14889
7914
29834
3938
3947
6956
7460
18152
10945
24460
13359
16040
16444
5075
22147
22377
19213
29095
6994
17869
15843
25532
16865
21344
23816
27579
32515
9316
7739
31470
9818
3674
10827
10672
11085
19280
23672
31127
13768
5614
23433
3678
18103
31294
10413
2452
10304
26431
16402
29958
9666
19752
10055
26605
18322
21628
1362
21208
3696
31185
8337
7767
27339
6753
24145
2157
27577
15693
8240
27827
25012
9653
6963
25420
28949
31097
1190
25228
20562
2252
12471
20327
11768
637
32465
10395
31335
8452
12217
14493
4431
7247
363
31301
32493
27722
11442
7224
23814
10289
8330
20249
928
3733
5941
19055
2435
559
24863
13396
20595
1896
371
22499
6442
3748
30841
22111
23319
5970
22454
16164
23513
30644
31682
14926
17018
21871
2023
12843
8812
6866
32638
10081
14916
29926
6410
7134
25144
9786
10001
16516
26202
14955
12990
20882
18577
26229
9272
19921
9820
8637
5312
29827
15943
17370
9869
13835
20777
13095
32359
859
23330
28681
15109
10274
24664
2305
1576
7091
18796
17265
7028
29876
3006
1326
24849
27531
6502
19145
28165
6024
21741
13981
6736
21202
1231
1176
29892
28947
689
28362
15019
13539
8802
20143
11543
12277
3219
1852
24583
31236
2391
940
24382
27259
30297
22279
17635
16615
25823
18551
7641
26653
7042
22602
14300
16427
30634
2502
13665
6911
27340
32176
810
22489
3939
10651
2987
18802
4527
14321
17439
21226
26672
23747
28522
26482
6113
11088
12973
22718
53
14423
22443
8232
27346
5405
22751
3748
23312
28476
4953
3943
22832
24882
14940
26966
13660
16293
26809
11057
32355
28535
27626
11900
10289
4238
9453
23857
7695
2400
6886
9767
15520
16193
7028
19520
28567
1900
1231
31829
28473
7379
5542
21987
22934
9894
24250
21106
9095
7077
12858
14281
7526
3622
11485
211
1936
11494
13506
26959
29340
1168
2567
2107
26456
19981
17707
9470
4744
21905
24356
13144
28765
18018
7999
8714
13239
26470
2748
26692
25882
5236
12837
32211
30066
87
30834
10759
16519
2977
12254
21861
15166
15414
10375
18962
18837
8596
3272
3834
30812
12771
10071
18883
5812
27584
28445
21365
27465
18633
29912
27622
335
19688
3699
14310
18749
15968
23584
30255
2380
21145
827
5899
22958
23468
15071
8899
10383
17069
1604
6859
460
23226
14559
16815
5750
22727
8247
30139
16389
31784
28553
2669
31580
13275
18715
19612
6017
19611
352
7525
5144
29606
30673
20441
27556
6728
8582
13671
17789
1584
8598
1290
19345
6767
2868
2355
8154
9551
10630
16502
11683
16089
26948
23796
21114
1060
16405
20107
6900
15199
11690
17342
3875
11422
12951
19814
19160
15205
22772
4374
