32765
32764
32762
32750
32749
32744
32741
32740
32736
32733
32726
32722
32714
32705
32702
32695
32691
32690
32688
32679
32678
32677
32676
32675
32673
32669
32668
32662
32659
32648
32642
32640
32640
32635
32635
32633
32631
32626
32621
32618
32617
32611
32607
32606
32599
32598
32596
32591
32590
32590
32589
32587
32582
32582
32582
32577
32570
32569
32568
32568
32564
32564
32564
32558
32558
32557
32548
32547
32547
32539
32539
32539
32532
32531
32527
32527
32526
32524
32521
32517
32513
32491
32487
32487
32486
32477
32476
32475
32467
32466
32466
32461
32461
32454
32451
32448
32443
32442
32438
32437
32436
32434
32431
32429
32428
32427
32426
32420
32420
32420
32413
32411
32409
32402
32400
32397
32395
32394
32394
32391
32384
32381
32380
32380
32374
32373
32373
32366
32362
32361
32359
32353
32348
32346
32342
32331
32320
32320
32319
32306
32305
32301
32296
32295
32293
32287
32287
32286
32278
32277
32275
32265
32264
32264
32258
32256
32255
32254
32254
32251
32248
32247
32243
32238
32225
32222
32214
32213
32211
32210
32209
32205
32202
32199
32179
32175
32165
32162
32158
32156
32148
32147
32146
32143
32141
32113
32112
32109
32108
32105
32104
32102
32101
32086
32081
32079
32074
32073
32065
32064
32053
32049
32049
32049
32048
32047
32045
32042
32040
32039
32032
32018
32016
32003
32000
31994
31993
31992
31990
31988
31988
31980
31979
31979
31974
31971
31970
31967
31966
31963
31962
31954
31950
31947
31944
31941
31933
31933
31930
31927
31922
31918
31918
31917
31916
31913
31908
31907
31900
31898
31897
31893
31891
31890
31889
31889
31886
31874
31872
31867
31857
31856
31840
31837
31835
31834
31833
31828
31825
31821
31818
31817
31816
31812
31812
31807
31806
31802
31802
31795
31793
31792
31784
31783
31782
31782
31780
31775
31769
31767
31766
31765
31762
31759
31756
31746
31744
31741
31739
31735
31735
31731
31728
31727
31726
31726
31725
31724
31724
31721
31720
31720
31719
31715
31714
31714
31709
31706
31703
31694
31693
31688
31684
31682
31681
31680
31676
31676
31674
31673
31666
31665
31665
31665
31664
31662
31660
31656
31652
31650
31649
31648
31646
31638
31637
31635
31629
31627
31615
31613
31607
31606
31603
31600
31599
31593
31593
31592
31591
31590
31579
31576
31550
31549
31549
31539
31534
31532
31526
31524
31522
31519
31518
31517
31516
31516
31512
31510
31508
31505
31503
31501
31497
31489
31488
31487
31486
31480
31478
31475
31469
31467
31465
31463
31459
31452
31445
31443
31440
31435
31434
31427
31419
31417
31407
31405
31405
31404
31404
31400
31399
31397
31390
31388
31387
31387
31385
31375
31372
31369
31369
31368
31367
31366
31362
31359
31351
31351
31350
31346
31345
31344
31344
31342
31338
31334
31334
31331
31321
31317
31314
31305
31302
31300
31296
31288
31287
31279
31273
31270
31265
31258
31253
31251
31249
31241
31239
31239
31237
31235
31231
31231
31228
31227
31222
31222
31217
31213
31210
31203
31196
31193
31188
31188
31185
31179
31175
31173
31170
31170
31166
31151
31149
31144
31141
31139
31138
31127
31124
31120
31114
31109
31108
31108
31105
31100
31099
31099
31090
31084
31083
31081
31074
31066
31066
31060
31056
31051
31048
31039
31037
31033
31032
31032
31031
31031
31030
31028
31027
31025
31019
31014
31008
31002
30983
30982
30982
30972
30971
30968
30968
30966
30959
30957
30950
30946
30926
30924
30921
30918
30917
30917
30914
30910
30904
30903
30898
30898
30898
30898
30888
30882
30880
30867
30867
30867
30866
30858
30853
30850
30847
30840
30837
30837
30835
30829
30824
30815
30815
30814
30812
30807
30806
30805
30799
30794
30790
30789
30772
30769
30766
30762
30762
30756
30756
30754
30751
30744
30743
30737
30732
30731
30731
30728
30727
30723
30721
30719
30717
30714
30710
30706
30705
30700
30698
30693
30693
30690
30690
30680
30678
30677
30672
30671
30665
30665
30665
30660
30655
30653
30653
30651
30650
30642
30642
30640
30637
30627
30623
30618
30613
30612
30612
30611
30609
30609
30608
30598
30597
30595
30593
30593
30592
30590
30586
30583
30580
30576
30575
30572
30564
30559
30554
30553
30551
30551
30542
30541
30541
30535
30530
30528
30526
30521
30515
30512
30511
30504
30491
30489
30488
30486
30486
30484
30483
30482
30480
30478
30478
30473
30472
30468
30467
30455
30433
30425
30423
30421
30419
30419
30414
30410
30410
30406
30405
30401
30390
30387
30386
30385
30381
30380
30380
30377
30374
30372
30370
30370
30363
30358
30352
30343
30342
30340
30338
30332
30328
30325
30324
30320
30319
30316
30314
30305
30305
30304
30303
30301
30300
30298
30297
30297
30295
30294
30285
30284
30281
30277
30274
30269
30263
30259
30258
30258
30254
30252
30248
30244
30239
30229
30228
30227
30222
30210
30196
30192
30192
30191
30191
30183
30183
30183
30179
30178
30172
30168
30168
30163
30162
30161
30158
30155
30154
30154
30153
30151
30150
30142
30140
30139
30134
30131
30130
30130
30129
30128
30120
30120
30118
30107
30105
30103
30102
30101
30098
30092
30090
30088
30088
30087
30085
30084
30080
30079
30076
30073
30072
30071
30066
30062
30054
30049
30047
30046
30042
30040
30039
30039
30039
30035
30034
30034
30025
30024
30024
30023
30022
30022
30020
30020
30015
30013
30007
30000
29993
29992
29991
29989
29982
29971
29971
29970
29970
29970
29970
29966
29965
29962
29961
29957
29956
29953
29953
29951
29947
29942
29941
29938
29934
29934
29932
29918
29915
29911
29906
29905
29903
29902
29900
29899
29889
29885
29882
29872
29866
29865
29865
29864
29864
29863
29863
29855
29852
29851
29847
29845
29844
29839
29837
29834
29832
29830
29815
29812
29808
29802
29799
29795
29795
29790
29789
29789
29783
29773
29770
29769
29769
29755
29754
29753
29752
29741
29741
29739
29732
29729
29722
29718
29699
29691
29688
29686
29686
29686
29681
29680
29678
29675
29675
29670
29666
29662
29658
29656
29652
29651
29648
29648
29648
29647
29644
29644
29639
29633
29633
29633
29632
29630
29625
29620
29618
29617
29614
29613
29611
29601
29600
29597
29591
29590
29590
29589
29587
29582
29578
29574
29568
29565
29562
29554
29553
29550
29539
29535
29530
29530
29527
29527
29526
29524
29523
29515
29514
29511
29511
29511
29502
29501
29500
29499
29485
29482
29480
29474
29459
29459
29453
29448
29448
29448
29446
29444
29444
29439
29429
29428
29424
29422
29417
29416
29410
29407
29406
29406
29404
29403
29397
29395
29395
29395
29384
29382
29381
29375
29374
29368
29366
29365
29361
29356
29354
29353
29349
29346
29344
29335
29334
29328
29326
29322
29320
29320
29310
29307
29305
29303
29299
29299
29298
29292
29285
29284
29279
29279
29276
29271
29266
29264
29256
29256
29253
29248
29246
29241
29240
29237
29231
29231
29228
29222
29221
29220
29219
29217
29215
29211
29210
29208
29207
29203
29199
29199
29198
29189
29189
29184
29182
29181
29179
29175
29170
29166
29158
29151
29149
29148
29139
29133
29132
29129
29129
29129
29129
29128
29124
29123
29119
29116
29115
29114
29114
29113
29112
29111
29111
29110
29102
29098
29098
29094
29089
29086
29085
29083
29081
29076
29073
29066
29059
29057
29054
29054
29046
29044
29044
29043
29043
29041
29041
29038
29035
29033
29031
29029
29025
29023
29016
29008
29007
29007
28998
28997
28992
28991
28986
28986
28984
28984
28977
28973
28971
28966
28966
28963
28961
28952
28950
28948
28944
28933
28932
28929
28927
28920
28920
28919
28913
28913
28909
28904
28895
28895
28892
28888
28886
28885
28876
28875
28873
28871
28868
28863
28862
28862
28854
28853
28848
28846
28845
28845
28832
28832
28829
28828
28828
28824
28814
28808
28798
28787
28784
28784
28779
28777
28776
28773
28771
28769
28763
28755
28754
28748
28746
28736
28736
28733
28733
28726
28723
28721
28719
28715
28715
28708
28695
28687
28685
28682
28674
28671
28671
28669
28669
28661
28653
28652
28652
28646
28636
28632
28629
28627
28625
28625
28624
28621
28620
28620
28615
28600
28598
28592
28585
28579
28579
28573
28572
28571
28570
28570
28570
28568
28563
28562
28562
28561
28555
28552
28541
28529
28528
28527
28524
28516
28515
28513
28503
28501
28501
28499
28494
28480
28479
28477
28466
28459
28455
28452
28452
28437
28435
28433
28433
28429
28429
28418
28414
28414
28412
28411
28410
28408
28406
28403
28402
28394
28392
28389
28382
28370
28364
28363
28362
28360
28358
28349
28333
28332
28332
28330
28320
28319
28318
28315
28314
28313
28313
28308
28307
28306
28304
28300
28298
28297
28288
28284
28280
28274
28273
28272
28267
28265
28264
28259
28256
28251
28249
28249
28249
28244
28235
28228
28226
28226
28226
28216
28215
28213
28212
28210
28202
28178
28177
28175
28172
28168
28167
28162
28156
28152
28144
28144
28143
28141
28138
28136
28132
28131
28130
28128
28128
28124
28123
28117
28116
28116
28113
28113
28111
28111
28106
28102
28096
28092
28090
28090
28089
28079
28079
28078
28075
28073
28070
28069
28069
28066
28057
28054
28054
28045
28031
28026
28025
28022
28019
28013
28011
27998
27994
27991
27978
27973
27972
27972
27971
27967
27966
27965
27961
27958
27954
27952
27949
27948
27947
27942
27932
27923
27916
27911
27910
27908
27905
27902
27901
27900
27899
27897
27887
27884
27881
27875
27869
27867
27866
27866
27863
27862
27861
27861
27859
27857
27847
27842
27838
27837
27834
27828
27822
27822
27821
27818
27818
27816
27816
27816
27810
27809
27808
27807
27807
27798
27792
27791
27787
27781
27780
27780
27779
27778
27774
27771
27769
27764
27762
27760
27757
27756
27754
27743
27742
27740
27737
27732
27729
27729
27726
27721
27717
27717
27712
27701
27701
27696
27689
27682
27679
27678
27677
27672
27671
27665
27661
27652
27652
27649
27649
27648
27647
27645
27645
27643
27638
27632
27631
27624
27624
27620
27618
27616
27616
27616
27611
27609
27604
27602
27600
27599
27592
27592
27591
27589
27588
27585
27584
27579
27578
27574
27573
27572
27570
27569
27568
27563
27556
27552
27542
27540
27531
27527
27525
27519
27518
27513
27499
27496
27495
27493
27482
27480
27480
27477
27471
27465
27463
27461
27454
27453
27442
27440
27431
27426
27426
27425
27421
27421
27416
27414
27404
27398
27397
27395
27394
27394
27391
27390
27390
27380
27380
27379
27373
27371
27367
27366
27366
27365
27361
27360
27356
27352
27351
27350
27343
27342
27339
27329
27326
27324
27322
27321
27318
27317
27317
27311
27306
27305
27305
27302
27297
27297
27296
27294
27292
27292
27292
27290
27284
27283
27283
27282
27280
27277
27276
27276
27273
27267
27265
27264
27261
27257
27256
27245
27239
27235
27234
27232
27221
27221
27212
27210
27204
27203
27202
27198
27197
27196
27195
27192
27187
27187
27179
27178
27176
27169
27168
27157
27157
27155
27153
27152
27150
27149
27146
27142
27130
27128
27127
27126
27120
27116
27115
27113
27109
27106
27106
27099
27098
27096
27094
27085
27081
27074
27071
27068
27064
27062
27062
27058
27057
27057
27049
27048
27044
27044
27043
27021
27019
27013
27005
27003
27003
27000
26999
26994
26987
26982
26980
26975
26974
26970
26963
26962
26953
26950
26945
26944
26940
26940
26934
26933
26932
26925
26922
26922
26922
26920
26917
26916
26913
26912
26909
26907
26895
26892
26889
26887
26887
26886
26881
26858
26857
26855
26851
26846
26839
26838
26833
26833
26825
26818
26817
26814
26806
26803
26800
26798
26794
26789
26783
26779
26777
26776
26776
26776
26775
26768
26760
26759
26758
26758
26753
26751
26741
26737
26731
26731
26727
26722
26722
26720
26717
26715
26714
26695
26692
26689
26685
26681
26680
26678
26677
26675
26671
26666
26664
26655
26655
26654
26650
26650
26643
26642
26637
26637
26635
26634
26633
26631
26631
26630
26627
26623
26619
26616
26615
26614
26608
26604
26600
26597
26593
26592
26589
26587
26586
26580
26568
26568
26563
26562
26561
26560
26557
26557
26551
26549
26544
26543
26543
26543
26540
26535
26533
26529
26526
26525
26523
26522
26520
26516
26512
26499
26496
26494
26493
26490
26488
26486
26485
26484
26482
26479
26476
26476
26475
26465
26462
26462
26459
26453
26452
26438
26437
26435
26433
26432
26431
26422
26421
26419
26417
26414
26410
26410
26406
26400
26400
26394
26393
26391
26388
26382
26379
26379
26377
26375
26372
26371
26362
26360
26351
26349
26348
26347
26338
26333
26333
26332
26331
26330
26327
26323
26323
26320
26313
26311
26311
26311
26310
26308
26307
26302
26296
26294
26292
26291
26290
26290
26290
26285
26283
26275
26273
26272
26261
26261
26258
26249
26246
26244
26244
26244
26242
26241
26236
26235
26224
26221
26214
26211
26208
26201
26197
26190
26190
26175
26168
26159
26156
26155
26154
26145
26135
26135
26134
26134
26133
26128
26125
26122
26120
26112
26110
26097
26095
26092
26088
26086
26083
26078
26077
26075
26057
26057
26055
26053
26050
26049
26045
26031
26030
26025
26022
26022
26020
26016
26016
26015
26014
26008
26006
26003
25996
25990
25989
25986
25982
25979
25978
25978
25976
25975
25971
25968
25968
25967
25962
25962
25960
25955
25953
25945
25941
25938
25934
25933
25931
25921
25913
25909
25906
25904
25904
25904
25901
25898
25891
25889
25887
25882
25878
25876
25876
25874
25874
25874
25869
25867
25867
25857
25852
25851
25848
25846
25844
25840
25839
25838
25834
25832
25827
25825
25814
25808
25806
25805
25798
25795
25793
25791
25785
25781
25768
25764
25763
25761
25757
25757
25751
25748
25742
25740
25738
25731
25730
25725
25725
25709
25705
25704
25695
25688
25688
25686
25685
25679
25677
25674
25671
25670
25670
25667
25661
25660
25654
25645
25644
25643
25642
25640
25633
25629
25622
25621
25621
25618
25617
25613
25605
25602
25596
25589
25588
25586
25585
25585
25582
25581
25575
25574
25566
25564
25553
25547
25544
25543
25542
25540
25535
25533
25533
25533
25532
25530
25522
25517
25513
25504
25503
25500
25499
25491
25486
25483
25476
25472
25458
25456
25454
25453
25451
25446
25436
25430
25428
25428
25423
25414
25409
25409
25407
25407
25403
25400
25391
25381
25379
25378
25378
25378
25377
25377
25377
25376
25374
25373
25369
25363
25360
25358
25356
25355
25354
25351
25346
25335
25331
25327
25327
25327
25325
25320
25313
25312
25302
25301
25299
25296
25294
25294
25287
25286
25279
25276
25275
25275
25274
25272
25271
25270
25264
25264
25263
25255
25247
25243
25242
25233
25231
25224
25223
25221
25216
25203
25200
25197
25197
25193
25191
25190
25189
25188
25184
25184
25184
25180
25176
25171
25168
25166
25166
25163
25161
25161
25159
25158
25158
25154
25153
25145
25145
25133
25129
25119
25114
25110
25108
25107
25105
25105
25103
25101
25098
25095
25090
25086
25078
25064
25061
25054
25054
25053
25049
25047
25045
25045
25038
25036
25035
25033
25033
25031
25028
25027
25026
25025
25013
25012
25011
25010
25010
25007
25007
25005
25001
25001
24999
24999
24993
24992
24991
24990
24990
24990
24988
24987
24983
24981
24979
24973
24970
24969
24969
24968
24967
24965
24963
24960
24958
24952
24950
24943
24935
24934
24933
24929
24921
24916
24913
24911
24906
24906
24895
24891
24888
24884
24876
24867
24864
24862
24854
24851
24850
24848
24846
24842
24842
24841
24838
24834
24829
24829
24826
24825
24815
24812
24810
24806
24803
24801
24799
24795
24792
24786
24782
24781
24775
24775
24774
24762
24760
24760
24753
24750
24745
24741
24736
24735
24734
24724
24724
24722
24721
24721
24716
24710
24706
24697
24697
24692
24690
24687
24681
24679
24678
24677
24675
24672
24667
24666
24663
24658
24658
24650
24648
24636
24635
24635
24633
24631
24626
24622
24621
24617
24616
24615
24612
24611
24610
24607
24606
24603
24600
24596
24592
24591
24588
24587
24584
24582
24579
24579
24577
24575
24571
24568
24567
24564
24561
24557
24554
24554
24550
24549
24548
24538
24536
24536
24535
24532
24526
24522
24519
24515
24511
24500
24499
24497
24495
24492
24489
24480
24479
24479
24477
24476
24470
24464
24459
24456
24455
24453
24453
24451
24447
24439
24438
24434
24434
24433
24433
24426
24420
24418
24416
24414
24407
24399
24399
24395
24394
24387
24382
24380
24376
24375
24365
24364
24361
24359
24358
24351
24351
24347
24347
24341
24340
24338
24335
24329
24322
24318
24315
24310
24307
24306
24299
24294
24293
24289
24286
24283
24281
24281
24279
24277
24275
24273
24271
24267
24259
24258
24258
24256
24256
24253
24245
24242
24239
24238
24234
24232
24226
24224
24222
24219
24218
24218
24218
24214
24212
24211
24207
24207
24195
24190
24182
24178
24177
24175
24170
24162
24161
24152
24150
24150
24144
24141
24141
24140
24133
24129
24126
24125
24121
24120
24116
24114
24111
24110
24105
24104
24101
24099
24092
24085
24084
24082
24076
24074
24073
24060
24052
24049
24048
24043
24043
24042
24041
24041
24038
24031
24031
24025
24023
24020
24013
24012
24007
23996
23995
23993
23993
23990
23988
23987
23986
23986
23981
23974
23970
23964
23963
23937
23936
23928
23927
23914
23911
23906
23900
23890
23890
23889
23888
23877
23877
23874
23869
23866
23866
23857
23852
23851
23849
23847
23847
23845
23838
23837
23831
23830
23825
23824
23822
23822
23819
23814
23813
23804
23803
23802
23799
23799
23798
23797
23797
23794
23791
23790
23789
23787
23775
23766
23762
23761
23754
23746
23743
23740
23739
23734
23733
23731
23729
23729
23729
23728
23728
23727
23725
23722
23708
23700
23700
23700
23686
23684
23682
23680
23680
23673
23666
23666
23664
23646
23643
23641
23641
23637
23637
23637
23636
23636
23634
23633
23629
23628
23628
23628
23626
23620
23616
23609
23606
23605
23598
23594
23593
23590
23581
23570
23560
23555
23555
23555
23552
23542
23542
23539
23538
23537
23535
23534
23532
23529
23527
23526
23524
23516
23508
23508
23507
23507
23505
23502
23496
23495
23495
23493
23483
23477
23476
23473
23471
23466
23464
23463
23460
23460
23459
23457
23457
23455
23455
23450
23450
23447
23442
23441
23441
23436
23432
23431
23431
23429
23422
23419
23418
23415
23409
23402
23395
23392
23384
23382
23380
23373
23373
23370
23369
23361
23356
23355
23352
23352
23348
23347
23344
23336
23331
23325
23325
23321
23319
23307
23306
23298
23297
23297
23290
23283
23280
23276
23274
23272
23270
23260
23260
23258
23256
23254
23248
23247
23246
23243
23241
23240
23238
23235
23234
23231
23229
23228
23227
23225
23218
23216
23215
23215
23212
23210
23204
23203
23201
23197
23193
23186
23185
23182
23182
23181
23180
23174
23170
23167
23166
23165
23160
23158
23153
23152
23150
23145
23144
23135
23131
23129
23129
23128
23123
23115
23105
23103
23102
23094
23088
23088
23084
23083
23083
23075
23072
23057
23052
23043
23042
23042
23041
23036
23036
23034
23032
23031
23030
23024
23023
23020
23010
23009
23009
23007
23007
23005
23001
22999
22992
22989
22987
22984
22983
22981
22976
22975
22968
22966
22965
22960
22953
22951
22946
22945
22944
22932
22929
22925
22924
22922
22920
22920
22917
22910
22909
22909
22902
22901
22894
22887
22886
22884
22878
22878
22876
22870
22869
22863
22861
22858
22855
22854
22851
22849
22848
22840
22836
22829
22821
22817
22817
22815
22815
22813
22805
22805
22803
22798
22793
22792
22791
22785
22784
22780
22778
22777
22776
22775
22773
22773
22771
22770
22767
22764
22764
22760
22759
22757
22738
22737
22733
22730
22725
22716
22714
22711
22711
22706
22699
22695
22693
22693
22687
22684
22675
22675
22673
22671
22660
22652
22649
22646
22641
22632
22629
22629
22626
22621
22615
22615
22609
22608
22606
22601
22599
22598
22595
22580
22580
22577
22572
22568
22568
22562
22560
22554
22554
22553
22550
22548
22547
22545
22537
22537
22536
22534
22531
22531
22531
22530
22519
22516
22513
22509
22509
22507
22501
22498
22490
22479
22476
22476
22471
22462
22461
22460
22456
22454
22453
22450
22449
22448
22445
22429
22426
22422
22422
22420
22411
22407
22404
22400
22396
22396
22394
22393
22392
22385
22377
22371
22365
22360
22360
22359
22358
22356
22351
22349
22349
22345
22342
22338
22337
22337
22336
22335
22326
22324
22324
22321
22320
22318
22312
22310
22305
22300
22298
22291
22291
22290
22288
22287
22286
22281
22281
22281
22271
22268
22267
22261
22244
22236
22235
22232
22231
22231
22216
22214
22211
22204
22203
22201
22200
22199
22198
22195
22195
22177
22175
22169
22166
22166
22157
22156
22152
22151
22149
22145
22142
22141
22139
22136
22135
22135
22127
22125
22122
22119
22118
22118
22118
22113
22103
22103
22099
22094
22092
22079
22076
22074
22071
22068
22062
22062
22059
22059
22052
22047
22037
22035
22028
22028
22027
22010
22010
22010
22009
21998
21988
21984
21982
21981
21980
21977
21973
21972
21972
21971
21969
21967
21966
21959
21957
21957
21944
21943
21936
21933
21926
21923
21921
21918
21918
21915
21914
21909
21907
21901
21899
21894
21889
21887
21886
21886
21883
21882
21880
21878
21874
21866
21861
21857
21857
21856
21856
21855
21852
21848
21843
21843
21835
21833
21825
21822
21821
21820
21817
21817
21814
21812
21810
21806
21796
21795
21794
21792
21787
21785
21777
21776
21773
21769
21766
21762
21759
21758
21758
21757
21755
21749
21744
21743
21737
21737
21736
21735
21729
21726
21724
21724
21724
21720
21718
21718
21707
21704
21704
21704
21703
21703
21702
21698
21695
21689
21688
21685
21685
21682
21679
21677
21675
21674
21672
21671
21671
21670
21660
21659
21656
21655
21650
21638
21633
21626
21623
21622
21614
21610
21610
21610
21609
21607
21600
21593
21591
21590
21589
21584
21584
21583
21583
21582
21582
21575
21572
21567
21553
21553
21550
21544
21538
21533
21530
21525
21525
21525
21519
21518
21515
21511
21511
21509
21502
21501
21497
21492
21490
21485
21483
21482
21481
21480
21477
21471
21469
21469
21468
21467
21464
21457
21456
21453
21450
21445
21438
21438
21433
21431
21423
21423
21422
21418
21412
21401
21392
21392
21384
21382
21380
21378
21374
21373
21369
21363
21353
21346
21344
21344
21339
21327
21322
21319
21317
21315
21310
21304
21303
21298
21297
21291
21291
21289
21285
21282
21282
21282
21280
21279
21278
21276
21269
21259
21253
21251
21249
21247
21245
21238
21236
21233
21219
21211
21211
21210
21209
21203
21202
21194
21191
21190
21190
21181
21172
21169
21166
21165
21162
21141
21138
21137
21133
21133
21126
21121
21111
21110
21107
21105
21101
21099
21096
21095
21090
21088
21086
21082
21070
21067
21063
21058
21055
21051
21044
21042
21041
21034
21032
21028
21026
21023
21021
21010
21008
21004
21000
20999
20998
20996
20996
20994
20993
20992
20989
20978
20973
20972
20970
20970
20965
20959
20959
20946
20938
20936
20934
20934
20917
20916
20913
20913
20905
20902
20901
20900
20896
20895
20892
20891
20891
20890
20888
20885
20882
20880
20880
20878
20878
20877
20869
20868
20866
20865
20855
20850
20849
20848
20842
20840
20839
20838
20837
20834
20828
20827
20827
20824
20824
20822
20822
20820
20808
20807
20807
20804
20799
20794
20765
20762
20757
20756
20756
20753
20750
20747
20742
20742
20742
20727
20726
20724
20714
20709
20704
20703
20703
20702
20697
20696
20693
20692
20692
20679
20677
20673
20669
20667
20665
20647
20646
20643
20643
20643
20637
20634
20634
20633
20633
20630
20628
20626
20625
20622
20619
20616
20612
20610
20600
20597
20593
20588
20578
20569
20565
20563
20563
20559
20554
20548
20547
20543
20533
20530
20529
20528
20522
20522
20521
20520
20517
20516
20515
20514
20510
20508
20507
20506
20506
20500
20499
20498
20492
20488
20487
20486
20483
20481
20479
20474
20472
20466
20462
20460
20459
20451
20443
20439
20424
20422
20421
20408
20404
20401
20399
20397
20393
20385
20384
20377
20375
20367
20365
20363
20354
20354
20352
20350
20350
20339
20339
20337
20335
20335
20331
20328
20325
20324
20317
20316
20316
20305
20305
20303
20301
20287
20286
20286
20279
20278
20275
20274
20272
20269
20269
20267
20259
20258
20256
20256
20255
20254
20254
20251
20247
20246
20245
20244
20244
20243
20240
20235
20232
20227
20217
20217
20215
20212
20209
20204
20194
20192
20190
20187
20185
20182
20182
20181
20178
20175
20174
20172
20172
20171
20171
20165
20164
20163
20160
20157
20144
20132
20132
20129
20125
20125
20124
20117
20109
20108
20104
20101
20101
20098
20094
20090
20085
20084
20084
20080
20079
20076
20070
20069
20067
20065
20062
20062
20061
20059
20058
20054
20049
20044
20039
20038
20027
20026
20026
20025
20024
20023
20020
20018
20014
20011
20005
20003
20003
20001
19997
19996
19994
19994
19993
19990
19990
19988
19986
19984
19984
19981
19978
19972
19971
19970
19970
19967
19966
19963
19958
19958
19958
19958
19953
19949
19946
19945
19945
19934
19931
19929
19927
19922
19919
19917
19906
19904
19897
19891
19890
19880
19880
19874
19872
19871
19871
19870
19867
19862
19861
19860
19860
19858
19857
19853
19850
19849
19843
19839
19838
19837
19835
19829
19828
19826
19826
19826
19826
19820
19814
19814
19813
19812
19804
19803
19798
19795
19794
19792
19785
19784
19782
19781
19778
19777
19770
19768
19767
19765
19761
19757
19757
19747
19743
19742
19741
19739
19739
19738
19738
19731
19731
19729
19729
19726
19722
19717
19713
19713
19706
19705
19696
19695
19688
19685
19684
19682
19679
19679
19667
19663
19660
19652
19649
19647
19645
19645
19636
19631
19631
19624
19621
19618
19615
19609
19603
19602
19596
19594
19589
19589
19585
19583
19579
19576
19573
19572
19571
19569
19567
19562
19556
19555
19548
19546
19534
19530
19529
19527
19525
19523
19517
19517
19501
19501
19491
19490
19490
19480
19474
19472
19471
19466
19461
19459
19453
19453
19452
19448
19447
19445
19444
19443
19440
19440
19431
19430
19427
19425
19424
19422
19418
19418
19415
19415
19409
19407
19405
19403
19401
19400
19400
19397
19397
19396
19396
19393
19390
19387
19383
19382
19376
19373
19372
19372
19371
19369
19368
19357
19357
19344
19342
19340
19338
19328
19325
19325
19323
19321
19319
19307
19307
19301
19300
19295
19295
19293
19292
19291
19285
19284
19281
19280
19277
19268
19266
19259
19255
19246
19244
19242
19242
19238
19238
19232
19229
19226
19225
19220
19217
19215
19215
19208
19205
19202
19202
19197
19196
19196
19192
19187
19182
19178
19177
19175
19167
19161
19156
19155
19144
19142
19138
19135
19133
19130
19130
19126
19126
19119
19113
19111
19109
19109
19108
19105
19095
19092
19085
19075
19075
19073
19070
19063
19061
19061
19058
19051
19050
19047
19044
19032
19031
19028
19028
19015
19014
19011
19009
19008
19007
19002
18998
18991
18991
18988
18986
18982
18976
18966
18966
18966
18965
18964
18959
18958
18956
18952
18943
18940
18936
18934
18923
18922
18917
18911
18910
18907
18904
18903
18902
18902
18897
18893
18892
18878
18871
18871
18868
18868
18866
18864
18862
18861
18859
18859
18858
18855
18851
18851
18840
18827
18821
18819
18810
18808
18800
18797
18791
18789
18787
18787
18781
18778
18770
18769
18764
18759
18752
18749
18749
18747
18739
18731
18719
18717
18715
18713
18711
18706
18705
18701
18700
18699
18697
18692
18688
18683
18672
18669
18667
18664
18662
18661
18659
18653
18647
18644
18643
18641
18640
18639
18637
18631
18626
18622
18621
18619
18619
18615
18614
18613
18607
18607
18606
18605
18595
18594
18594
18587
18587
18586
18578
18572
18570
18565
18561
18544
18539
18538
18537
18534
18533
18530
18522
18520
18519
18516
18514
18511
18510
18508
18507
18502
18501
18500
18496
18495
18489
18485
18483
18482
18476
18476
18471
18470
18469
18456
18443
18440
18435
18435
18431
18426
18422
18414
18400
18399
18392
18392
18391
18387
18383
18377
18375
18374
18374
18370
18368
18366
18363
18347
18337
18326
18317
18316
18313
18309
18307
18283
18282
18282
18272
18272
18271
18266
18265
18258
18254
18253
18250
18249
18247
18243
18238
18236
18236
18231
18230
18224
18217
18217
18214
18211
18210
18209
18203
18202
18200
18200
18199
18196
18191
18186
18183
18182
18182
18171
18163
18162
18159
18155
18154
18150
18149
18147
18146
18143
18143
18140
18136
18135
18133
18132
18130
18121
18120
18118
18116
18112
18109
18104
18102
18100
18099
18096
18088
18087
18082
18078
18064
18064
18060
18058
18053
18051
18050
18049
18049
18046
18045
18040
18037
18035
18034
18028
18027
18021
18019
18018
18014
18013
18013
18013
18012
18011
18005
18005
18005
18002
17993
17992
17977
17974
17972
17967
17967
17966
17963
17962
17962
17959
17956
17956
17951
17948
17947
17947
17941
17936
17934
17931
17931
17927
17924
17922
17919
17919
17918
17918
17915
17909
17905
17903
17900
17899
17895
17893
17891
17886
17881
17877
17876
17874
17872
17869
17868
17868
17865
17861
17861
17860
17859
17849
17841
17839
17834
17813
17812
17810
17804
17788
17787
17778
17770
17766
17763
17762
17757
17755
17747
17744
17740
17729
17728
17713
17710
17703
17699
17688
17681
17679
17678
17678
17676
17676
17673
17668
17664
17662
17660
17657
17651
17650
17650
17647
17646
17646
17644
17638
17636
17632
17631
17630
17629
17629
17629
17626
17621
17620
17610
17606
17606
17599
17597
17592
17589
17579
17578
17573
17573
17572
17572
17569
17568
17559
17558
17555
17554
17553
17546
17545
17540
17540
17521
17515
17511
17503
17499
17493
17492
17483
17483
17482
17477
17471
17470
17468
17464
17463
17458
17446
17443
17435
17435
17431
17428
17423
17421
17421
17412
17409
17406
17402
17391
17390
17388
17388
17385
17377
17369
17361
17359
17353
17350
17344
17342
17339
17339
17336
17334
17334
17332
17331
17327
17321
17314
17310
17305
17299
17297
17296
17290
17287
17283
17281
17279
17274
17271
17263
17263
17261
17259
17256
17249
17240
17235
17233
17232
17230
17229
17226
17226
17224
17221
17216
17216
17212
17211
17210
17210
17206
17192
17188
17181
17179
17176
17172
17167
17165
17161
17161
17158
17157
17153
17145
17139
17137
17132
17127
17124
17124
17116
17110
17109
17109
17105
17103
17102
17098
17096
17088
17088
17087
17077
17076
17073
17068
17059
17057
17048
17040
17039
17038
17035
17029
17028
17028
17023
17022
17022
17022
17020
17013
17011
17010
17008
17006
17003
17003
17001
16998
16993
16991
16991
16987
16979
16969
16969
16962
16961
16958
16956
16951
16950
16949
16947
16945
16937
16926
16923
16922
16920
16919
16917
16911
16910
16910
16905
16901
16893
16882
16877
16874
16869
16864
16864
16863
16862
16862
16861
16856
16854
16854
16851
16847
16844
16842
16841
16839
16835
16835
16831
16831
16828
16827
16825
16825
16824
16823
16821
16819
16817
16817
16808
16803
16803
16791
16790
16789
16787
16785
16785
16777
16774
16761
16760
16759
16759
16758
16757
16753
16747
16746
16746
16745
16739
16739
16738
16731
16730
16722
16717
16714
16713
16710
16705
16704
16699
16699
16697
16693
16691
16689
16687
16686
16685
16685
16681
16679
16679
16676
16670
16669
16662
16657
16652
16650
16642
16642
16640
16640
16635
16635
16631
16630
16630
16625
16613
16606
16600
16599
16598
16597
16591
16589
16588
16586
16584
16581
16581
16579
16578
16577
16576
16574
16564
16560
16556
16554
16553
16552
16549
16547
16547
16546
16545
16539
16539
16535
16532
16529
16518
16510
16503
16500
16497
16497
16496
16493
16493
16490
16484
16483
16477
16475
16473
16471
16471
16468
16466
16464
16457
16457
16456
16449
16446
16446
16445
16443
16439
16436
16435
16434
16432
16430
16424
16421
16421
16418
16411
16411
16408
16402
16397
16397
16394
16390
16387
16384
16382
16361
16360
16357
16352
16339
16339
16335
16321
16310
16309
16308
16307
16304
16303
16301
16294
16293
16293
16291
16284
16282
16282
16271
16270
16269
16268
16267
16266
16265
16264
16262
16256
16256
16244
16243
16242
16239
16238
16237
16235
16235
16234
16233
16232
16222
16221
16219
16218
16216
16212
16209
16208
16207
16207
16204
16201
16200
16198
16194
16193
16188
16185
16184
16184
16180
16178
16177
16164
16164
16156
16152
16152
16148
16136
16133
16131
16127
16116
16115
16114
16108
16107
16104
16099
16098
16088
16081
16081
16075
16073
16070
16067
16060
16056
16055
16053
16049
16043
16043
16035
16035
16032
16031
16029
16028
16027
16022
16017
16014
16011
16007
16007
16006
16006
16001
15999
15999
15998
15995
15995
15988
15985
15973
15972
15971
15966
15963
15963
15959
15957
15957
15954
15953
15948
15947
15943
15940
15937
15936
15936
15932
15930
15930
15928
15922
15922
15920
15913
15911
15911
15910
15900
15897
15897
15897
15895
15894
15893
15889
15886
15885
15880
15872
15870
15869
15869
15862
15855
15851
15843
15842
15838
15838
15837
15836
15833
15833
15821
15819
15815
15815
15805
15802
15801
15799
15796
15794
15790
15786
15775
15770
15767
15764
15763
15758
15752
15750
15746
15744
15743
15738
15729
15721
15717
15716
15716
15699
15698
15694
15692
15691
15689
15686
15684
15682
15676
15675
15673
15671
15670
15667
15666
15666
15665
15664
15661
15660
15659
15656
15654
15652
15649
15642
15635
15627
15622
15621
15613
15612
15607
15607
15605
15605
15602
15599
15598
15591
15589
15589
15588
15586
15585
15584
15583
15579
15573
15562
15562
15561
15561
15560
15558
15556
15555
15546
15543
15538
15537
15530
15530
15528
15527
15524
15513
15513
15501
15500
15499
15499
15495
15493
15489
15489
15484
15477
15469
15463
15462
15462
15462
15455
15454
15448
15442
15439
15438
15438
15437
15436
15436
15435
15435
15427
15424
15423
15422
15420
15417
15417
15409
15409
15409
15408
15405
15395
15393
15392
15384
15380
15373
15372
15371
15370
15367
15365
15364
15363
15358
15349
15348
15346
15342
15342
15337
15336
15332
15322
15319
15319
15311
15310
15307
15307
15307
15306
15303
15300
15295
15289
15289
15285
15285
15273
15271
15266
15265
15259
15246
15245
15244
15235
15235
15231
15226
15213
15213
15198
15197
15195
15194
15191
15177
15175
15174
15173
15171
15170
15170
15169
15169
15167
15160
15154
15153
15152
15143
15138
15136
15135
15132
15129
15110
15105
15102
15096
15095
15092
15088
15084
15078
15076
15064
15058
15057
15051
15047
15045
15037
15036
15025
15024
15021
15011
15010
15005
15000
15000
14998
14996
14995
14986
14978
14975
14970
14968
14958
14956
14954
14953
14953
14950
14949
14947
14945
14940
14931
14930
14926
14919
14914
14911
14910
14905
14903
14902
14894
14892
14888
14888
14888
14887
14883
14883
14879
14875
14875
14874
14874
14869
14865
14861
14861
14859
14854
14854
14853
14853
14851
14850
14844
14838
14834
14825
14819
14811
14810
14809
14802
14799
14795
14792
14789
14787
14785
14784
14781
14780
14772
14772
14770
14766
14765
14762
14759
14747
14746
14745
14742
14740
14738
14734
14729
14724
14723
14712
14706
14700
14698
14697
14697
14695
14690
14685
14676
14669
14669
14665
14665
14658
14656
14647
14645
14643
14639
14635
14633
14632
14630
14613
14603
14596
14594
14593
14593
14589
14585
14576
14574
14572
14571
14561
14560
14555
14549
14546
14543
14542
14540
14540
14539
14538
14538
14533
14533
14530
14528
14528
14526
14523
14522
14520
14519
14517
14517
14516
14507
14505
14502
14499
14499
14495
14484
14484
14481
14480
14479
14479
14476
14471
14469
14468
14463
14461
14461
14452
14450
14449
14446
14446
14442
14437
14435
14433
14433
14433
14416
14411
14407
14405
14404
14399
14396
14390
14389
14388
14386
14384
14383
14382
14382
14381
14381
14372
14369
14369
14366
14363
14361
14356
14354
14351
14345
14343
14338
14338
14330
14329
14323
14319
14318
14318
14316
14314
14313
14312
14310
14306
14303
14302
14302
14298
14298
14298
14290
14288
14283
14281
14272
14270
14266
14265
14261
14257
14255
14253
14251
14247
14247
14241
14237
14236
14231
14228
14223
14216
14206
14204
14203
14202
14201
14198
14198
14197
14197
14194
14194
14189
14188
14183
14170
14170
14161
14156
14145
14145
14142
14140
14137
14133
14123
14123
14122
14109
14107
14107
14100
14095
14093
14092
14092
14091
14088
14083
14082
14078
14073
14071
14071
14070
14068
14063
14061
14060
14059
14056
14056
14054
14044
14033
14023
14021
14015
14014
14011
14011
14004
14001
13993
13992
13991
13989
13984
13974
13971
13961
13961
13947
13944
13937
13931
13930
13928
13927
13926
13923
13921
13919
13919
13918
13915
13914
13913
13912
13911
13910
13906
13904
13897
13895
13876
13876
13872
13872
13869
13869
13868
13865
13865
13862
13862
13862
13860
13860
13859
13858
13857
13856
13847
13847
13847
13846
13842
13839
13839
13838
13837
13837
13835
13829
13828
13827
13825
13823
13807
13805
13804
13804
13801
13799
13798
13791
13789
13778
13774
13773
13771
13769
13760
13757
13749
13746
13744
13741
13738
13738
13727
13719
13715
13715
13713
13712
13710
13709
13699
13699
13699
13697
13693
13692
13692
13684
13677
13674
13673
13672
13670
13669
13668
13664
13650
13643
13636
13634
13629
13627
13621
13610
13605
13604
13598
13591
13582
13581
13571
13569
13568
13566
13565
13564
13563
13557
13556
13551
13547
13547
13544
13534
13532
13529
13524
13523
13520
13515
13507
13505
13505
13502
13497
13494
13489
13485
13474
13474
13471
13470
13460
13450
13447
13431
13430
13429
13426
13420
13415
13414
13410
13408
13406
13404
13404
13399
13397
13394
13393
13389
13381
13378
13374
13370
13368
13365
13365
13365
13365
13356
13353
13350
13344
13342
13335
13335
13332
13329
13326
13324
13319
13316
13315
13313
13312
13310
13284
13277
13272
13266
13265
13263
13262
13261
13259
13259
13255
13244
13234
13232
13229
13227
13220
13217
13217
13215
13214
13211
13210
13207
13203
13203
13201
13200
13185
13181
13175
13174
13170
13168
13167
13166
13165
13155
13152
13151
13151
13146
13142
13138
13136
13132
13130
13126
13121
13121
13118
13117
13117
13116
13115
13111
13105
13104
13101
13097
13094
13089
13087
13082
13082
13068
13066
13062
13053
13049
13040
13040
13040
13038
13036
13036
13034
13029
13029
13028
13028
13028
13025
13024
13021
13020
13012
13012
13009
13006
12999
12995
12989
12981
12979
12976
12975
12967
12966
12962
12960
12958
12946
12946
12926
12919
12917
12916
12910
12909
12903
12903
12894
12892
12882
12882
12882
12878
12875
12874
12871
12869
12868
12865
12863
12863
12856
12846
12846
12843
12843
12842
12839
12837
12834
12832
12831
12830
12829
12827
12822
12817
12816
12815
12814
12810
12804
12798
12791
12780
12773
12762
12758
12757
12756
12749
12742
12740
12738
12734
12732
12726
12720
12720
12719
12719
12717
12716
12702
12702
12701
12694
12688
12673
12672
12670
12667
12664
12659
12658
12658
12656
12651
12649
12647
12647
12646
12645
12641
12640
12633
12631
12630
12626
12623
12617
12616
12615
12613
12611
12610
12610
12605
12604
12600
12600
12598
12594
12586
12584
12581
12572
12571
12567
12564
12564
12559
12553
12548
12546
12536
12535
12534
12532
12527
12526
12523
12519
12518
12513
12511
12511
12506
12504
12498
12497
12497
12494
12492
12488
12481
12472
12471
12468
12466
12459
12456
12455
12453
12451
12447
12445
12442
12441
12438
12437
12436
12435
12434
12433
12430
12430
12427
12421
12419
12419
12413
12412
12412
12401
12398
12392
12389
12388
12383
12383
12380
12378
12378
12371
12370
12367
12365
12362
12357
12355
12354
12351
12344
12330
12329
12317
12315
12315
12302
12300
12294
12289
12287
12284
12283
12281
12280
12277
12273
12263
12261
12261
12259
12257
12254
12244
12240
12238
12235
12234
12232
12231
12229
12220
12220
12216
12214
12212
12212
12209
12209
12208
12185
12180
12179
12179
12170
12168
12166
12165
12165
12164
12162
12158
12156
12156
12153
12153
12149
12144
12144
12139
12139
12135
12133
12132
12127
12126
12122
12119
12116
12113
12113
12110
12105
12102
12099
12097
12085
12080
12068
12065
12061
12053
12050
12049
12046
12045
12037
12036
12035
12034
12033
12032
12030
12030
12022
12021
12018
12011
12008
12008
11998
11998
11997
11991
11985
11982
11982
11982
11977
11974
11969
11967
11964
11961
11956
11948
11946
11941
11939
11933
11928
11923
11920
11919
11919
11918
11917
11908
11903
11898
11898
11896
11894
11892
11889
11886
11885
11882
11881
11878
11876
11874
11867
11863
11862
11856
11856
11854
11851
11850
11846
11842
11840
11837
11825
11825
11823
11817
11816
11813
11805
11804
11802
11801
11795
11795
11792
11769
11767
11767
11749
11746
11746
11746
11740
11738
11736
11735
11734
11733
11729
11720
11713
11713
11708
11707
11705
11703
11701
11699
11694
11693
11690
11688
11688
11686
11684
11684
11674
11668
11668
11665
11664
11662
11660
11654
11649
11639
11633
11632
11625
11621
11621
11615
11615
11613
11610
11609
11609
11608
11608
11606
11600
11600
11598
11593
11587
11584
11579
11574
11565
11564
11564
11556
11544
11541
11539
11538
11535
11532
11529
11528
11528
11524
11519
11518
11509
11508
11506
11504
11502
11501
11490
11486
11485
11477
11471
11466
11463
11460
11459
11458
11454
11454
11454
11452
11448
11445
11444
11442
11438
11438
11438
11433
11432
11429
11428
11415
11414
11402
11395
11391
11391
11387
11383
11382
11382
11378
11373
11373
11370
11367
11360
11360
11360
11357
11352
11350
11348
11343
11341
11335
11334
11330
11329
11327
11324
11322
11322
11319
11314
11311
11309
11306
11301
11296
11291
11275
11269
11268
11264
11263
11263
11261
11259
11258
11258
11253
11252
11247
11239
11239
11238
11232
11222
11216
11214
11206
11202
11202
11200
11198
11193
11193
11189
11188
11182
11172
11169
11169
11164
11164
11157
11157
11154
11154
11150
11150
11147
11146
11141
11140
11136
11133
11129
11121
11114
11112
11108
11106
11102
11099
11097
11093
11087
11086
11079
11074
11067
11064
11059
11058
11056
11045
11045
11045
11043
11041
11037
11037
11029
11026
11025
11022
11020
11016
11008
11006
11003
11001
10999
10989
10989
10988
10981
10979
10978
10968
10966
10966
10963
10963
10962
10960
10958
10956
10954
10954
10953
10950
10943
10936
10930
10926
10921
10915
10913
10911
10910
10909
10905
10903
10901
10901
10898
10892
10881
10881
10879
10875
10875
10871
10866
10857
10855
10855
10849
10846
10844
10842
10834
10833
10833
10832
10828
10828
10826
10825
10825
10824
10810
10810
10802
10802
10800
10799
10795
10788
10785
10782
10778
10777
10776
10774
10774
10772
10771
10769
10763
10760
10756
10754
10752
10750
10749
10748
10747
10744
10741
10731
10730
10730
10727
10727
10727
10726
10726
10724
10724
10722
10721
10714
10710
10709
10703
10698
10695
10693
10692
10689
10686
10681
10681
10676
10671
10669
10669
10668
10666
10660
10659
10658
10658
10658
10653
10653
10650
10649
10646
10638
10637
10635
10634
10628
10624
10623
10618
10617
10615
10614
10612
10610
10610
10610
10610
10603
10598
10595
10587
10586
10575
10572
10571
10551
10546
10546
10538
10535
10534
10533
10521
10517
10517
10516
10515
10512
10509
10508
10507
10503
10496
10496
10492
10492
10488
10485
10482
10482
10477
10473
10471
10466
10461
10454
10452
10444
10442
10429
10422
10416
10414
10409
10407
10402
10395
10390
10386
10385
10384
10384
10384
10368
10366
10363
10360
10360
10359
10355
10345
10340
10340
10339
10338
10337
10336
10334
10329
10327
10324
10323
10322
10319
10312
10307
10304
10303
10302
10300
10293
10288
10283
10280
10277
10276
10267
10263
10258
10258
10255
10251
10245
10244
10233
10230
10225
10223
10222
10216
10213
10212
10201
10198
10195
10194
10194
10187
10182
10179
10175
10174
10173
10169
10161
10156
10152
10149
10146
10144
10141
10140
10134
10131
10129
10127
10126
10119
10118
10108
10103
10099
10096
10094
10090
10086
10083
10083
10081
10077
10076
10074
10067
10063
10063
10063
10061
10056
10054
10052
10051
10043
10043
10040
10038
10037
10034
10032
10031
10021
10018
10018
10013
10004
9995
9994
9991
9979
9973
9972
9971
9969
9961
9955
9954
9954
9945
9945
9944
9939
9937
9935
9934
9932
9930
9922
9922
9914
9905
9902
9891
9890
9886
9883
9883
9882
9881
9877
9876
9866
9863
9855
9855
9852
9845
9845
9838
9837
9833
9832
9830
9829
9824
9824
9811
9797
9793
9780
9780
9770
9760
9756
9752
9739
9738
9738
9734
9734
9733
9731
9728
9719
9719
9712
9708
9705
9703
9701
9699
9695
9686
9684
9683
9682
9673
9667
9658
9658
9655
9652
9647
9642
9641
9635
9634
9633
9633
9632
9630
9630
9622
9619
9618
9618
9618
9613
9608
9608
9607
9606
9606
9602
9601
9599
9588
9584
9583
9582
9582
9579
9569
9569
9568
9564
9560
9557
9546
9541
9540
9536
9527
9523
9520
9518
9515
9514
9514
9512
9507
9503
9501
9501
9497
9491
9491
9489
9484
9482
9480
9479
9467
9459
9455
9450
9448
9446
9442
9442
9432
9422
9421
9421
9420
9417
9411
9410
9409
9409
9403
9403
9402
9401
9401
9393
9384
9378
9375
9371
9369
9368
9366
9365
9359
9358
9354
9353
9351
9346
9345
9345
9344
9338
9337
9337
9336
9331
9331
9330
9325
9324
9318
9314
9311
9310
9310
9307
9303
9300
9297
9297
9295
9294
9293
9291
9290
9277
9277
9271
9270
9265
9262
9260
9258
9256
9256
9248
9245
9242
9242
9240
9233
9230
9225
9224
9221
9217
9210
9208
9198
9196
9194
9194
9193
9186
9185
9184
9177
9177
9170
9166
9165
9160
9158
9157
9142
9135
9134
9132
9132
9122
9119
9118
9118
9114
9109
9099
9096
9095
9094
9092
9089
9087
9086
9084
9082
9067
9067
9059
9055
9055
9052
9048
9043
9043
9040
9040
9039
9038
9035
9035
9034
9033
9033
9033
9031
9024
9022
9021
9019
9019
9019
9013
9012
9011
9010
9010
9008
9000
9000
8999
8998
8997
8996
8993
8990
8990
8985
8982
8978
8977
8973
8965
8956
8952
8952
8949
8948
8947
8946
8946
8943
8941
8937
8935
8932
8932
8931
8930
8928
8927
8924
8920
8918
8915
8905
8903
8899
8898
8896
8895
8891
8891
8890
8884
8881
8880
8870
8864
8864
8855
8850
8848
8847
8844
8842
8841
8841
8840
8840
8837
8820
8820
8812
8811
8809
8804
8797
8797
8791
8790
8788
8784
8777
8770
8769
8761
8760
8760
8757
8753
8749
8742
8737
8734
8733
8730
8727
8721
8720
8720
8718
8718
8716
8711
8709
8708
8706
8694
8693
8691
8691
8687
8686
8685
8680
8678
8678
8675
8675
8674
8668
8667
8666
8662
8662
8656
8655
8648
8646
8644
8642
8641
8639
8636
8633
8631
8631
8628
8628
8623
8613
8612
8610
8608
8606
8605
8602
8601
8599
8598
8594
8593
8588
8588
8585
8584
8581
8576
8574
8572
8571
8571
8566
8563
8561
8558
8558
8557
8555
8555
8552
8551
8550
8549
8544
8539
8537
8535
8530
8528
8526
8526
8523
8522
8522
8519
8512
8512
8511
8505
8500
8497
8486
8479
8478
8453
8453
8451
8449
8446
8442
8441
8438
8436
8433
8429
8427
8426
8424
8415
8413
8413
8411
8411
8409
8407
8406
8403
8403
8402
8394
8390
8384
8379
8379
8365
8364
8363
8355
8353
8346
8343
8342
8341
8340
8334
8330
8326
8322
8320
8314
8312
8311
8306
8302
8302
8300
8300
8293
8278
8278
8276
8274
8273
8271
8270
8258
8258
8253
8252
8244
8241
8240
8237
8236
8232
8219
8219
8212
8211
8210
8206
8200
8199
8194
8191
8190
8189
8189
8188
8187
8184
8182
8181
8178
8175
8173
8172
8166
8163
8160
8151
8151
8147
8141
8140
8140
8139
8136
8124
8119
8118
8117
8116
8112
8110
8107
8100
8099
8096
8096
8094
8086
8083
8079
8075
8064
8061
8061
8061
8059
8052
8052
8050
8048
8036
8027
8022
8021
8020
8018
8016
8012
8005
8004
8004
8002
7996
7996
7995
7994
7990
7989
7989
7975
7973
7968
7963
7957
7956
7949
7942
7941
7939
7938
7933
7925
7920
7920
7920
7910
7910
7909
7905
7905
7904
7903
7894
7892
7890
7889
7886
7885
7885
7878
7877
7876
7874
7873
7856
7853
7852
7851
7850
7847
7845
7837
7828
7820
7817
7816
7815
7808
7807
7805
7800
7795
7793
7786
7783
7778
7775
7774
7771
7770
7769
7765
7762
7761
7760
7749
7742
7741
7738
7736
7733
7729
7729
7727
7726
7726
7725
7725
7725
7724
7721
7717
7716
7715
7713
7705
7705
7703
7702
7700
7695
7693
7683
7678
7676
7670
7669
7669
7658
7653
7651
7649
7644
7639
7634
7631
7617
7616
7614
7610
7609
7605
7603
7597
7596
7594
7586
7580
7580
7580
7577
7570
7566
7560
7557
7550
7545
7542
7541
7534
7534
7527
7526
7525
7525
7525
7521
7516
7513
7513
7512
7508
7505
7497
7492
7488
7486
7482
7482
7476
7476
7474
7472
7471
7467
7462
7462
7461
7457
7450
7444
7444
7439
7439
7438
7435
7434
7433
7428
7427
7426
7425
7415
7407
7407
7404
7404
7400
7399
7398
7393
7392
7392
7380
7378
7374
7364
7363
7358
7356
7339
7337
7336
7336
7331
7329
7328
7325
7318
7318
7314
7311
7308
7307
7304
7303
7300
7298
7297
7292
7288
7287
7283
7277
7276
7275
7274
7270
7269
7261
7261
7252
7252
7250
7247
7246
7241
7241
7241
7237
7235
7234
7232
7231
7229
7229
7227
7222
7220
7217
7216
7216
7213
7204
7203
7203
7201
7195
7194
7194
7193
7193
7189
7183
7182
7182
7174
7173
7171
7169
7168
7162
7160
7160
7157
7156
7155
7153
7151
7146
7130
7124
7113
7110
7110
7109
7108
7107
7093
7080
7080
7077
7075
7075
7070
7068
7060
7059
7057
7053
7053
7047
7045
7034
7033
7030
7028
7025
7025
7024
7023
7022
7021
7018
7009
7000
7000
6999
6999
6988
6985
6982
6952
6947
6947
6944
6940
6938
6932
6928
6921
6918
6909
6909
6906
6906
6897
6874
6873
6871
6869
6867
6858
6857
6857
6855
6852
6850
6849
6847
6842
6841
6838
6837
6837
6833
6827
6827
6827
6824
6819
6819
6818
6814
6811
6805
6804
6801
6801
6799
6796
6794
6790
6786
6782
6782
6777
6775
6773
6773
6773
6767
6762
6762
6762
6759
6755
6754
6747
6737
6737
6735
6729
6729
6725
6724
6724
6723
6723
6713
6710
6709
6706
6706
6706
6700
6697
6693
6687
6686
6684
6680
6678
6678
6676
6676
6674
6674
6672
6671
6669
6665
6656
6654
6654
6647
6643
6641
6639
6637
6630
6629
6629
6629
6626
6626
6618
6615
6614
6612
6611
6610
6606
6601
6593
6590
6583
6581
6577
6576
6575
6575
6570
6567
6566
6566
6562
6560
6559
6556
6555
6555
6551
6551
6541
6531
6530
6529
6528
6528
6523
6522
6518
6517
6515
6511
6510
6510
6501
6496
6495
6494
6494
6481
6479
6479
6474
6468
6465
6464
6461
6458
6457
6452
6448
6448
6446
6445
6441
6440
6440
6438
6431
6429
6426
6406
6401
6397
6397
6397
6392
6388
6387
6383
6372
6368
6359
6356
6347
6345
6344
6340
6337
6333
6330
6327
6324
6322
6309
6309
6307
6303
6295
6287
6281
6281
6280
6277
6266
6266
6256
6256
6253
6252
6252
6242
6235
6232
6230
6225
6220
6219
6216
6215
6211
6209
6203
6196
6194
6193
6186
6186
6184
6183
6181
6180
6177
6177
6171
6171
6170
6167
6166
6154
6154
6154
6154
6142
6141
6139
6133
6130
6129
6124
6120
6111
6111
6106
6093
6092
6086
6086
6068
6064
6063
6061
6061
6057
6054
6051
6046
6045
6045
6042
6039
6036
6036
6033
6027
6027
6026
6025
6023
6019
6018
6014
5999
5998
5994
5989
5989
5986
5981
5979
5978
5976
5974
5972
5969
5969
5968
5964
5963
5962
5956
5951
5949
5938
5932
5930
5927
5926
5922
5917
5915
5915
5913
5912
5912
5908
5906
5899
5898
5895
5883
5880
5878
5875
5867
5866
5863
5863
5862
5862
5860
5853
5851
5847
5845
5839
5839
5837
5834
5833
5829
5828
5826
5819
5818
5817
5812
5811
5805
5792
5784
5784
5783
5778
5776
5776
5771
5771
5764
5763
5763
5762
5761
5758
5757
5754
5752
5750
5748
5745
5739
5738
5736
5736
5726
5723
5718
5713
5703
5703
5693
5690
5689
5689
5680
5679
5678
5676
5675
5674
5660
5653
5649
5647
5645
5644
5644
5643
5640
5629
5617
5617
5612
5599
5598
5590
5586
5583
5582
5580
5575
5573
5568
5566
5557
5554
5553
5551
5544
5544
5539
5534
5529
5523
5520
5519
5517
5517
5515
5507
5505
5502
5492
5490
5482
5476
5467
5466
5464
5461
5460
5460
5455
5455
5451
5450
5448
5447
5441
5440
5438
5437
5429
5425
5422
5417
5415
5413
5404
5393
5391
5390
5388
5385
5382
5380
5380
5380
5379
5378
5376
5368
5359
5358
5357
5355
5352
5349
5343
5339
5336
5331
5330
5320
5316
5311
5310
5304
5300
5285
5285
5283
5276
5267
5266
5260
5259
5255
5255
5254
5251
5246
5238
5233
5233
5232
5227
5227
5219
5218
5213
5212
5201
5190
5187
5185
5182
5180
5179
5179
5171
5158
5157
5152
5151
5149
5146
5146
5146
5142
5141
5140
5137
5137
5135
5131
5123
5119
5112
5109
5102
5101
5096
5095
5087
5085
5085
5084
5080
5078
5072
5067
5067
5060
5059
5058
5058
5058
5049
5046
5045
5041
5039
5036
5035
5022
5017
5003
4997
4996
4995
4986
4986
4982
4976
4976
4973
4971
4967
4967
4966
4966
4963
4956
4953
4951
4950
4943
4941
4937
4937
4937
4936
4933
4930
4929
4919
4918
4915
4907
4902
4902
4887
4881
4864
4863
4862
4861
4858
4851
4850
4847
4846
4843
4840
4835
4829
4825
4822
4816
4812
4805
4804
4792
4791
4791
4791
4789
4784
4784
4782
4771
4767
4766
4766
4766
4759
4752
4747
4745
4741
4740
4740
4738
4730
4728
4725
4715
4714
4712
4711
4710
4709
4707
4702
4700
4700
4697
4696
4689
4683
4681
4674
4673
4666
4665
4662
4661
4658
4655
4647
4645
4640
4640
4639
4639
4635
4632
4631
4630
4630
4622
4613
4608
4599
4596
4591
4591
4590
4589
4588
4582
4582
4579
4578
4575
4574
4574
4569
4565
4563
4562
4558
4554
4551
4550
4549
4544
4540
4539
4535
4526
4522
4514
4511
4508
4490
4489
4488
4479
4478
4477
4477
4475
4471
4470
4469
4468
4465
4464
4452
4448
4438
4435
4432
4432
4430
4428
4427
4416
4411
4409
4403
4399
4395
4390
4385
4383
4378
4376
4376
4370
4361
4357
4356
4352
4350
4348
4344
4336
4335
4328
4324
4322
4316
4313
4308
4308
4306
4306
4304
4300
4298
4298
4291
4291
4288
4284
4283
4279
4274
4270
4269
4268
4261
4260
4260
4252
4245
4245
4240
4237
4237
4232
4230
4226
4222
4220
4219
4213
4211
4208
4207
4203
4200
4198
4197
4197
4187
4184
4180
4178
4177
4176
4159
4157
4155
4154
4152
4146
4143
4141
4137
4134
4134
4134
4130
4130
4124
4124
4122
4121
4110
4107
4103
4102
4102
4101
4097
4093
4092
4091
4086
4084
4072
4069
4067
4066
4062
4061
4059
4052
4050
4047
4045
4042
4041
4030
4029
4028
4027
4023
4020
4015
4003
3995
3992
3985
3982
3981
3977
3973
3961
3954
3953
3950
3946
3936
3934
3925
3923
3918
3917
3916
3914
3912
3910
3908
3908
3905
3905
3899
3895
3891
3889
3884
3883
3879
3879
3876
3876
3874
3874
3873
3873
3869
3867
3866
3864
3861
3858
3850
3847
3846
3839
3833
3831
3827
3826
3820
3818
3817
3815
3812
3808
3806
3802
3802
3801
3791
3791
3789
3788
3785
3782
3779
3775
3775
3774
3771
3765
3765
3762
3761
3759
3758
3749
3744
3742
3739
3739
3736
3735
3734
3727
3722
3718
3718
3717
3711
3711
3706
3705
3699
3697
3686
3680
3675
3673
3671
3668
3666
3664
3655
3650
3646
3644
3638
3637
3635
3633
3628
3628
3624
3623
3621
3620
3616
3610
3610
3607
3607
3607
3604
3599
3580
3574
3574
3568
3566
3564
3562
3553
3552
3551
3550
3550
3550
3545
3544
3543
3537
3534
3532
3532
3531
3528
3518
3514
3511
3505
3495
3485
3484
3482
3482
3479
3479
3477
3477
3461
3461
3458
3458
3451
3445
3441
3439
3439
3434
3433
3430
3428
3424
3424
3414
3411
3410
3409
3399
3398
3398
3397
3395
3392
3390
3388
3380
3375
3375
3373
3371
3364
3364
3362
3357
3352
3346
3343
3336
3330
3328
3327
3319
3318
3318
3315
3312
3309
3297
3294
3293
3291
3281
3280
3279
3273
3273
3256
3254
3252
3252
3250
3247
3246
3244
3243
3240
3238
3229
3229
3227
3223
3213
3199
3196
3196
3193
3178
3171
3168
3165
3164
3161
3160
3159
3155
3146
3143
3135
3133
3131
3131
3130
3129
3128
3128
3121
3116
3110
3103
3097
3089
3088
3080
3078
3071
3069
3060
3057
3056
3048
3046
3045
3044
3037
3035
3035
3031
3026
3025
3025
3020
3018
3018
3013
3009
3009
3007
2999
2997
2996
2996
2993
2989
2988
2987
2986
2983
2980
2979
2978
2977
2965
2960
2959
2957
2953
2953
2950
2950
2948
2948
2943
2941
2938
2935
2903
2894
2892
2878
2866
2864
2864
2861
2859
2858
2857
2854
2851
2850
2844
2838
2838
2835
2834
2833
2831
2830
2828
2823
2820
2817
2814
2810
2808
2807
2807
2805
2790
2790
2786
2779
2766
2764
2764
2758
2753
2753
2750
2750
2749
2748
2747
2738
2738
2736
2736
2735
2734
2734
2732
2731
2730
2728
2725
2724
2720
2717
2713
2710
2708
2700
2697
2691
2691
2687
2684
2684
2683
2675
2672
2670
2666
2665
2661
2660
2656
2652
2642
2640
2639
2638
2636
2625
2622
2621
2620
2613
2613
2610
2609
2608
2607
2603
2599
2599
2598
2594
2593
2591
2587
2584
2577
2573
2569
2567
2565
2564
2564
2563
2561
2559
2546
2546
2543
2542
2541
2541
2540
2540
2536
2532
2529
2528
2523
2517
2511
2507
2505
2504
2500
2497
2492
2484
2483
2475
2474
2472
2453
2451
2448
2446
2441
2440
2437
2425
2423
2421
2416
2408
2399
2398
2392
2385
2380
2378
2372
2372
2370
2369
2367
2367
2365
2363
2360
2351
2351
2347
2344
2342
2335
2334
2330
2329
2326
2325
2325
2324
2320
2320
2316
2316
2302
2298
2297
2289
2282
2279
2278
2277
2276
2274
2274
2272
2271
2262
2260
2256
2250
2244
2243
2237
2230
2224
2221
2218
2214
2211
2206
2205
2203
2199
2196
2185
2181
2181
2177
2163
2157
2157
2147
2143
2143
2141
2137
2135
2133
2128
2128
2126
2124
2119
2118
2118
2112
2111
2108
2107
2107
2107
2103
2103
2101
2101
2095
2093
2087
2086
2079
2076
2076
2069
2066
2065
2061
2057
2051
2051
2050
2050
2043
2041
2038
2035
2029
2028
2025
2019
2018
2015
2013
2008
2005
2004
2001
2001
1997
1994
1990
1989
1985
1985
1984
1974
1970
1970
1958
1957
1956
1954
1951
1951
1947
1947
1938
1936
1934
1931
1927
1923
1923
1923
1920
1917
1916
1914
1913
1911
1903
1903
1902
1898
1893
1893
1890
1889
1888
1886
1883
1882
1881
1880
1878
1871
1867
1864
1858
1857
1856
1854
1853
1850
1847
1832
1831
1821
1815
1815
1809
1809
1808
1799
1798
1794
1791
1789
1783
1781
1780
1765
1761
1754
1754
1750
1748
1748
1745
1744
1737
1731
1726
1722
1720
1717
1713
1708
1706
1704
1702
1698
1698
1692
1690
1687
1685
1681
1677
1677
1676
1672
1670
1667
1666
1665
1662
1662
1659
1653
1653
1651
1651
1651
1651
1649
1640
1636
1636
1632
1632
1628
1627
1617
1614
1612
1608
1608
1602
1599
1594
1593
1584
1580
1575
1575
1572
1571
1569
1567
1563
1554
1553
1549
1547
1546
1536
1532
1532
1532
1532
1530
1530
1525
1522
1518
1516
1511
1508
1501
1500
1498
1497
1497
1496
1495
1493
1490
1488
1487
1482
1475
1475
1467
1463
1462
1453
1452
1450
1444
1442
1437
1437
1434
1433
1432
1431
1431
1431
1430
1429
1429
1427
1425
1421
1419
1415
1411
1403
1399
1399
1392
1388
1378
1375
1374
1374
1370
1365
1363
1359
1358
1358
1356
1347
1336
1335
1335
1332
1326
1325
1320
1319
1318
1315
1315
1313
1303
1303
1302
1299
1298
1297
1291
1290
1285
1284
1281
1280
1280
1274
1269
1266
1266
1265
1263
1260
1259
1259
1253
1243
1241
1239
1235
1229
1228
1227
1225
1216
1213
1206
1205
1203
1203
1202
1200
1199
1196
1196
1194
1191
1190
1188
1183
1181
1173
1170
1168
1167
1166
1161
1161
1154
1151
1144
1142
1142
1140
1138
1133
1120
1114
1112
1112
1111
1110
1110
1108
1108
1107
1102
1102
1101
1094
1086
1083
1082
1080
1080
1079
1075
1066
1065
1062
1056
1050
1043
1039
1035
1033
1032
1030
1025
1024
1017
1012
1007
1007
1005
1001
998
998
994
993
989
989
985
980
979
978
971
971
970
970
960
958
957
957
956
951
950
948
942
937
932
927
927
926
925
924
923
921
919
913
911
908
899
898
894
892
885
878
874
872
871
871
867
862
856
853
849
848
848
846
836
824
824
823
823
823
820
819
817
810
807
804
802
802
800
797
796
795
792
789
788
784
776
776
771
762
761
760
757
754
749
746
742
739
735
730
730
727
726
725
725
724
722
721
720
717
716
713
712
708
704
701
700
694
684
680
680
678
675
673
672
671
670
665
665
658
657
654
652
652
650
649
649
649
648
645
632
631
630
630
628
628
623
620
618
616
616
615
608
607
602
599
599
597
593
593
593
592
592
584
584
581
575
574
571
567
559
559
556
553
552
549
544
540
532
531
529
521
515
514
513
511
507
502
499
497
492
489
487
486
486
485
483
482
470
467
461
460
459
455
441
439
435
435
434
430
427
424
417
417
413
412
412
404
404
403
402
398
397
397
394
390
384
383
381
371
369
368
366
364
355
354
349
349
342
342
342
340
332
329
322
317
315
313
312
308
306
301
295
294
287
280
278
276
274
268
265
264
257
251
248
246
243
241
227
218
216
215
213
203
202
202
202
196
187
187
179
177
177
175
175
174
161
161
157
153
149
148
148
147
144
143
137
133
130
130
120
120
106
105
105
101
95
95
91
89
86
83
77
69
69
69
66
64
63
63
58
56
55
53
53
52
49
48
46
44
40
38
32
30
30
29
22
18
17
17
15
10
8
3
1
0
0
