13657
4682
17143
3641
322
31910
28021
16775
26998
3663
2877
6565
32642
8630
24021
6513
30198
10120
15870
8964
3775
11228
14184
3776
4933
545
9271
10012
12867
17354
1082
5423
24426
3510
3046
2557
4277
10337
10004
12421
30090
1741
27519
13446
918
18478
14075
27157
30053
10328
30070
25056
5828
2793
19120
30271
31447
3382
7098
7424
30713
19190
13360
2543
1366
16816
821
28199
22090
32486
11315
24604
20344
1279
26448
14436
12715
4853
28079
28488
5740
15043
28011
18190
6759
29324
16724
20228
20862
3211
26727
2892
24746
16830
30991
19819
22934
15186
3102
2448
13306
18125
23434
13476
184
8445
4327
30485
12983
932
32680
16482
6531
25056
18198
1895
27041
32604
6156
17254
28339
20025
6775
27097
17233
16314
11921
31994
10913
29618
1496
30478
26556
29357
20433
7797
11969
24289
30334
3699
2997
18387
9888
188
23329
3273
8109
9153
12393
31219
1936
2493
17902
3160
15907
31870
21219
2177
27756
16884
25328
20456
19355
7547
2952
8479
24511
6632
6923
11969
8780
26709
7579
14617
22605
24493
21438
5780
4201
26870
30392
22247
1175
25697
26278
27903
23457
21267
7770
2989
1626
20913
2298
8462
13470
12206
5463
7355
7694
12116
8974
27830
6792
14995
9569
23823
18025
6285
6099
18009
11906
28637
8325
14032
16347
8619
31827
583
30506
18801
4270
25811
3089
28042
16183
9274
5147
11391
22305
23577
22901
29457
16451
24791
24940
1798
15360
25933
24234
29364
22487
20274
2864
7502
28105
26184
9746
7153
20078
19016
4342
1902
28886
23438
18763
25301
17440
644
14664
24262
32476
464
7339
1399
2082
16189
29998
7044
22127
12138
19145
16762
24643
20533
13227
8738
31355
24037
24566
14733
16494
12057
9533
228
25034
25460
17854
2796
29229
20742
28511
23900
5763
23673
11882
4831
11298
10240
20488
4583
17830
17663
28799
25655
6542
21626
12587
31535
16019
16959
21053
27862
20940
1747
11319
30121
25219
7198
17699
19238
16341
4310
32150
2839
1035
26283
4456
21407
31163
10039
26672
20486
13982
23460
29058
17988
2096
21275
2280
29007
3594
25584
7585
13348
7679
5006
6684
29080
19960
20772
18226
5340
16272
12044
10022
5841
2414
18176
1118
3089
23142
13563
12256
1977
12879
21744
11147
24312
19618
12078
15386
6489
6359
16270
7896
6608
23680
866
24355
19590
23330
31261
1955
25956
8150
1218
11080
31585
17572
20494
517
3212
21402
13668
5454
14040
7600
15997
14418
12715
9052
14284
18424
21541
27379
32178
28315
13360
24774
28774
26502
10828
7416
15010
32302
17944
11041
22286
17714
32671
12196
109
16659
12648
1744
30858
691
10044
14777
20960
28047
19893
25812
10252
9660
20107
27733
29427
24995
9630
6729
24755
7036
31427
626
25163
24203
19535
18406
22281
11293
13924
8294
695
13377
25342
12671
14980
24135
28348
9059
29876
23802
20079
1413
9991
19100
356
24822
8170
2214
7281
5250
18016
24380
31170
22153
27823
6258
6497
30879
8650
4929
32390
18659
11650
2631
5540
11552
9067
2626
28464
21413
14479
21579
23343
5604
18389
10194
12678
26829
12591
12381
21249
30440
32647
4864
12065
16437
359
22427
23206
23492
16490
10710
735
14099
870
11741
18868
28458
18263
25820
22128
8056
23306
23865
10063
17004
2446
10900
28619
32723
32602
24960
4007
1268
22078
4862
28344
17005
29707
958
18806
11211
10241
6932
14918
21740
13053
17851
2949
2325
9823
18509
7764
14291
17852
15742
29222
21394
22345
15388
6410
32255
3842
24775
9401
7709
157
14192
22623
15401
17458
16530
11050
16175
14759
3635
26515
26728
5853
13465
29551
10330
11420
2765
3252
10670
3647
30417
1804
11728
2079
16800
22044
5961
4288
12010
28817
15836
8382
21644
22511
26722
7541
28113
20760
2149
17011
9835
6559
4991
13727
6447
9674
5745
12838
32404
13161
24066
30249
18153
15705
20894
24359
7257
7127
23466
24876
2209
23942
31656
17591
14987
9534
24079
22380
10033
6298
5608
31614
755
11072
21544
16858
20021
21231
14544
31508
29145
28746
6599
27410
10112
30822
23410
2939
10624
11029
14105
2269
26275
25072
2809
26272
13733
17446
4137
30126
17516
27399
4653
2528
16133
17232
1116
6695
27235
14132
4338
14207
11990
27951
32244
1684
20044
10122
967
10289
16971
4268
29071
15468
32170
39
15176
27795
3602
1150
19879
10197
22840
15800
17326
32432
29144
21670
23057
18718
16496
6899
15436
895
31682
8176
1921
3653
11527
17949
7955
15457
15347
9590
12035
23665
15981
18052
30733
10406
2059
543
16769
18806
13647
4611
3299
22279
11939
7706
26434
1367
24342
21123
29784
26411
6868
19045
3943
29629
29031
23415
7630
15140
26544
3659
28525
30083
21923
20317
18623
22770
25542
9439
29360
25132
25703
30018
27715
31741
1184
10884
6629
12649
4364
15932
3726
22172
19014
31335
19101
21654
1317
31472
3184
915
4794
15361
3782
16443
11270
16652
20694
10126
23931
8344
17451
9613
11833
204
31814
17065
32517
20668
15346
23533
23817
19063
31845
12778
17486
2509
18971
31334
3578
17376
4978
24771
1609
27506
17670
8497
26188
19944
20426
10899
11620
29985
29931
29490
5758
23033
29541
27684
9484
13211
29537
16250
1478
28554
19285
17708
16165
7791
31450
23237
28060
24992
30540
2511
1941
9588
9764
10492
25903
13385
8469
25625
1976
28242
8168
22195
23788
12833
9239
9606
31211
16888
16940
17066
2556
12751
9431
18556
27908
10789
9682
5965
16836
2951
6261
8653
22485
16097
8728
5173
17765
16008
15404
16951
7343
9219
15384
1959
32060
18077
31957
2022
31963
13995
1608
30738
9313
8605
20066
24559
31777
27335
28666
32148
25642
1261
29541
14293
13379
22672
1243
19316
24487
17147
13449
7943
6273
31244
7285
27047
12070
24771
2070
6237
10516
6284
31151
7757
19374
23372
10607
7072
5813
27182
23114
1843
27270
7466
8341
18177
22038
24410
30308
25425
18605
9212
14756
16543
9061
8262
28663
3147
26210
21997
27730
18435
30158
14964
12889
8177
12956
1845
13173
30629
25336
32304
16827
22977
9872
12183
21628
13927
29317
3093
31404
7267
20784
20450
5875
22807
24981
4744
16789
11050
21160
1906
27650
29680
22082
15161
8764
5015
18401
22958
1517
23575
802
18599
24388
18136
9728
9098
24467
22816
15050
25499
29098
25411
1510
16645
13297
1672
29511
6314
30791
11741
24495
25258
26014
25915
14758
1461
5971
15319
13878
4881
22094
7438
5483
14186
18398
19469
12941
27741
11857
28227
23579
14019
5974
20616
12168
32189
5140
21258
29877
18052
22278
10236
13617
24814
21405
20733
2866
20671
15251
1865
25683
32693
30224
31393
13323
1105
27776
4859
20977
2407
18735
8426
32690
8805
937
10443
21198
6243
22228
13493
32277
31726
31945
22814
14053
1940
19575
22605
12832
7983
5367
4228
29936
30706
21164
8425
30010
13621
6690
28984
17891
1536
21668
2091
19141
3929
10907
23716
12400
12110
14249
3488
9121
25793
25737
11484
1154
26614
677
2117
4519
16349
1396
7712
18116
24608
30106
10238
27440
7149
31165
26717
3098
31104
4392
10014
24205
12919
23586
2219
17701
27861
3596
11236
30095
30931
25917
15054
31170
8043
17566
23034
2303
19874
19204
8887
29833
10392
1104
5111
9253
22096
4169
9730
24144
1856
23348
27868
22595
3224
17465
30071
18855
1875
19829
18841
24
31742
12766
18059
11867
22347
31962
12935
29536
12117
32671
15583
21750
19888
16457
21741
10832
20024
16060
958
12859
24215
11072
13437
20765
27283
27349
6049
12973
16669
1371
3286
19316
32281
22883
16301
30215
17646
12754
25346
10241
6094
6460
14129
31427
22466
1786
18168
1003
14717
16913
1834
14741
15069
5570
17689
24148
25920
13296
4033
12526
26764
24886
1972
23515
23293
18117
16841
24700
10669
1534
10372
31260
1509
27091
2116
13479
23333
20957
12847
13100
6645
13117
25054
25108
25450
19253
20935
4384
24951
24450
10862
12580
22521
10367
14411
12677
14976
16634
5242
14708
21214
14293
11301
14567
17522
8029
21170
3420
30770
13930
19115
13901
15737
1851
29041
21874
11158
6158
31136
30393
4112
2434
24641
23558
30139
16045
2227
18602
4220
27389
11094
2213
6619
8655
764
12188
27213
17361
25872
19352
23359
26136
12420
1924
15842
3840
16252
31077
29369
25799
18364
6231
28132
10728
21970
5707
13354
9017
20227
6530
7368
17348
9718
4552
25595
14949
11810
9585
23119
15656
14841
29205
15526
11871
28626
7435
263
30598
407
28582
9260
13784
13107
31538
17354
5293
23480
172
4510
29082
19796
6213
27452
9799
20466
21653
8855
5134
6831
23967
17231
19801
30723
16265
24765
30904
172
26904
14528
18885
6489
5613
14150
11192
7964
8321
9882
31177
28301
30690
6255
24905
12733
13611
21424
18815
8417
3268
21253
23875
8635
5983
8229
4700
29127
11949
6110
19098
18219
23012
25318
27316
5212
1522
12127
735
23183
1406
30508
25906
14054
5283
24310
17853
5719
23659
31228
16483
15452
12813
32415
24699
2141
3559
14249
1578
9693
30266
15969
17790
4966
22951
18767
6987
11317
5485
7119
5062
8358
9056
25176
16099
2398
11176
1930
3694
314
30271
19961
31211
29179
30760
15035
1071
32686
30832
7347
32443
16092
2278
15516
9947
8566
20121
469
30851
18047
22038
6127
21220
6263
28510
24822
19153
26251
19881
16515
18133
25726
26334
2942
16656
15701
20173
10419
19158
9413
2610
11804
11781
4957
5482
1768
18474
6515
6898
28239
31571
29904
5541
19221
20658
21787
23218
14303
10486
31494
18270
17465
5737
7738
3711
14947
15562
17923
25012
30175
21224
187
29285
5819
8707
9720
1662
7582
7906
3957
7402
15509
30900
29889
24018
26779
14759
21929
21138
30698
21834
8038
8575
22788
16547
30855
18780
11904
28688
24477
6293
23445
22238
2216
23617
19816
17578
9540
730
3349
15483
915
11961
26239
8605
12265
29780
12248
22076
1339
16440
32239
10180
22597
8388
20797
9466
10621
28587
1965
14810
2490
5927
7983
11567
7588
28414
5371
23541
27610
27958
28069
20078
25062
9879
12773
774
15330
23269
27684
2792
15078
2266
29382
21596
22073
17893
2874
16103
21299
21925
12739
21793
28659
15652
4611
18516
3270
19924
31820
2521
82
25674
25511
7731
646
22204
12448
1512
23106
20284
29911
22563
14789
3505
19272
27403
30170
19866
29013
9697
962
19330
25752
22748
27104
9795
4459
14020
3879
6138
24116
19536
5444
17102
8049
4416
10634
3424
16519
28474
30881
19216
11594
23142
12526
11254
18507
22472
16321
12443
31205
3424
13634
7547
9222
14339
31513
10811
1726
8952
18910
26794
24969
32082
2375
8057
23901
10512
1803
5306
2930
24565
12441
1051
1236
18984
15226
15583
30377
25228
26758
9120
10050
17629
19914
5062
16356
16783
21301
23749
26453
21351
19973
22299
31013
21206
26356
19717
26050
792
14113
13060
1849
21777
18368
27667
30413
31714
24705
5541
12089
12110
20673
5984
1989
14288
8051
29340
21515
8312
19917
3482
13446
10889
6322
30340
25567
24276
25826
23081
3320
22738
16867
10869
30132
10116
12206
12465
2701
24587
4890
1920
5843
15879
1289
14485
13765
28080
26709
31285
18513
23477
29304
18544
31659
9943
4861
22047
11408
3909
26026
4508
13143
32694
7018
14660
25788
3144
1533
15278
21356
796
12894
24488
7760
27310
15864
28661
22425
2549
21127
26313
20624
22078
29903
21760
22043
25289
4608
290
10766
11808
30692
31256
17719
26939
9166
6570
11816
5205
5187
12992
28866
3468
2405
26453
646
27963
24611
25146
8091
19479
29730
28816
27807
20236
13418
14083
26926
5333
22225
32454
32563
24926
22056
22099
15089
8921
10023
480
30672
11426
20505
30624
3560
17363
20294
25535
19535
22951
31781
28698
19491
3984
20286
19394
26710
24854
15585
11823
26172
3958
3721
21060
6870
10998
26381
9478
6364
22025
23948
9244
13196
7720
23318
10246
25141
1642
10011
5661
20610
8169
20116
13903
10119
19413
20979
10390
23437
853
17867
13885
2717
16673
21055
31442
14287
26848
15660
8426
28496
18498
27414
11927
7988
3549
723
7594
12545
20937
8185
15273
12279
3066
16393
3471
2081
5216
22104
13126
10780
2240
12993
1765
8106
13392
9996
29609
23798
21781
5917
16565
23205
23293
24540
19337
17569
31932
16616
28228
18852
15975
13563
3482
22406
17873
25883
2707
20551
6313
8838
5129
988
8272
4955
5087
31418
3963
32264
13313
23843
1421
24439
14112
819
2993
14328
8491
31145
18363
15084
27532
1911
188
19767
16679
8
20839
32355
32275
28243
9254
26772
28438
25764
21756
9008
3299
32037
5401
13386
12050
22319
27711
11475
29411
7507
29655
23423
20915
24614
10194
17017
9018
20944
26945
15302
1930
11859
3763
30841
29895
23708
7762
18076
25767
5196
3516
18905
23976
5187
9122
4844
21524
13809
22307
16841
7862
26971
18662
7820
31578
26095
12793
21796
24326
7177
25709
16319
3577
13121
14765
27637
14183
8571
2723
18100
4338
9900
3465
6894
11752
14700
13711
20228
3647
12353
28722
3312
8529
13221
23638
16693
14424
17629
22313
7304
9383
25977
31416
1083
32174
11177
27214
7534
19115
20294
2193
24308
3121
31644
29530
22022
24922
29177
24919
2474
17611
18679
15715
10465
7532
21640
7072
28563
7908
710
25690
28219
13783
14712
20635
8274
31711
100
5262
32125
28491
1111
21396
29046
27290
16117
14888
26298
6070
20289
22899
20471
23280
20203
8366
23604
29119
12381
4156
16830
16696
29060
643
19414
4173
12126
9870
5916
10693
26184
2148
10425
8703
27397
17189
19536
15462
26766
14570
25762
11443
28316
27738
6915
12262
23798
22540
6528
14594
14202
24480
15309
11659
12013
13980
25329
28096
27268
22792
22448
9368
24111
29128
26556
7039
14760
19132
10650
3533
15422
8857
4950
14347
31074
1157
20454
7908
23022
32117
32607
18925
26169
19271
19929
28181
9435
24990
3363
17386
6721
24705
15655
1425
13551
22707
12060
20610
12952
31184
12142
26375
18912
1580
25197
3444
9451
10347
16311
32548
30893
1760
22630
14135
17649
12454
21498
2317
2342
16512
20485
17537
31212
20850
3737
25062
866
8476
8049
29122
9262
31705
28642
19533
27977
20123
28032
15527
12944
31364
10127
9181
14346
17989
6960
20378
26618
2359
5704
173
23972
27707
23855
23870
20704
23634
32541
19152
11872
2811
1365
27638
26816
6224
26895
15829
20050
17119
31782
4445
28583
14665
12422
23622
25310
27037
27219
7628
28588
27250
18650
21291
28719
22982
4664
14298
29298
19866
11724
19847
26303
12873
22878
26581
26280
12972
1292
14296
24788
1520
504
4940
13706
16178
28595
29593
4095
31455
5224
26759
2143
1486
3016
31425
23197
23066
30905
14859
15867
3521
9662
29507
10585
3838
16421
18969
4157
19046
6642
12941
25766
5828
7822
1581
27024
694
26159
12556
8775
24580
5127
12929
27244
10435
27436
28069
712
6702
17994
1418
7892
8511
24074
16699
16132
29969
2625
13176
25559
31477
27097
8750
26016
20566
7552
27064
32017
5709
274
22488
18572
23299
4039
14964
23082
15562
24348
7696
6791
8954
23682
30735
3156
10381
14793
14505
15514
5242
13387
171
27599
31698
8920
30450
15258
27035
30309
31141
28006
10351
6515
10037
32168
2516
23105
31510
10225
18266
19377
31290
8115
22903
18683
11090
2515
24611
2067
22212
754
31026
26331
19051
15995
8308
24329
7441
2669
30093
19670
11692
17382
918
29804
23132
2163
26224
29196
11040
12313
27116
258
27740
23586
32413
17738
29963
9897
8311
1024
5316
16101
2864
30344
25966
32309
22611
9345
31938
16879
25380
28779
14725
5608
3639
17170
10371
31683
18127
450
15690
23290
25079
15145
23212
26030
12130
14090
26354
32302
24068
21671
26592
26953
3692
25580
25197
22868
12008
25947
31295
7674
32087
23739
3304
1222
19148
8832
17635
13938
23784
24569
24653
7405
2292
8764
10083
7726
25793
12241
20159
14267
10559
3361
16722
18168
8928
23452
3616
2608
19370
32685
30142
9829
27422
14687
21389
15832
22477
7116
24244
25430
14003
3913
32479
30281
21594
19027
12473
13178
29615
27960
13866
1703
11939
11397
3664
26825
17537
13875
28991
22305
29202
15760
19321
12040
12146
23023
29996
31348
28592
9231
8494
31049
15913
15948
16313
29542
21921
13192
20710
8042
3366
22743
25322
10826
13989
7660
14356
11156
19273
30791
20610
4736
407
21788
21414
22459
10571
15874
5500
32755
26864
7264
13193
15139
14657
18328
1426
11420
14914
18928
24098
10199
15902
2117
22201
28156
9663
14446
9172
14385
27439
21105
11425
6820
30130
26728
25215
3159
5023
4401
5175
8110
13826
20953
14588
14266
18931
12742
28452
17987
19381
26022
10916
24215
28558
15643
20302
10517
31849
16163
13001
888
13356
8521
16980
23013
26074
1421
18490
1203
1384
11028
3348
14076
25953
32144
20673
18919
28217
12141
22310
28851
28528
19137
1190
8580
26222
25840
18016
16110
22297
24866
16939
20034
4663
28006
2643
18075
1415
9891
20752
17575
29086
3907
22474
12085
8578
17565
5647
6275
8
7974
21584
26693
9966
10584
13919
6773
17335
6494
29097
7902
28234
14724
11059
9574
19785
27489
14677
25374
9266
12737
17721
7179
10040
27989
2067
32178
12511
14362
8221
5733
13658
2953
14682
30032
4004
7555
1542
16194
1120
8187
17119
17468
5746
20321
17175
25020
2393
31698
16404
15814
11603
30976
26861
9911
20783
8419
28069
9161
30192
21789
549
613
8230
11054
5371
27692
25356
12124
13781
20932
354
27231
26555
13923
16393
5584
23312
10268
18016
11088
19270
28908
10337
14968
31844
19587
30330
12676
5177
11988
28460
1214
19294
26459
11877
24748
12781
11569
30366
21241
1026
24529
28596
5668
18934
2216
30599
27626
16470
26974
24661
12916
17317
8935
14548
8257
15318
16712
31249
21201
17288
14378
14091
7191
1791
7200
10766
15004
5862
9400
15313
26739
10951
17219
24655
27872
3910
23140
25957
7367
15393
25179
3888
30166
19943
1551
7716
16498
24443
1245
6893
25698
32584
25891
1030
23614
15425
17290
14618
29589
1696
19223
16413
15329
24666
8689
16426
25644
6500
22256
19995
24446
5032
7146
26346
1549
19142
22716
13259
7460
7051
25370
29701
29135
1842
26391
10388
29259
28253
19571
23936
29233
32721
9384
11515
1372
22260
28083
22589
7583
1544
13731
4640
22312
2085
27363
22395
8114
22264
25926
28990
9326
8254
29655
31826
12975
22270
31582
4910
30552
7305
29106
30009
18694
15666
16834
18402
26876
15566
25697
19841
26322
12010
14805
11756
4829
22223
28702
11481
11101
19254
518
27127
12393
6603
6893
1739
2715
9828
27473
20043
28795
16894
14880
14908
13996
13692
16061
29259
30425
15390
4052
8429
14685
10690
13022
14840
3509
14558
6259
3838
15782
15417
4435
19822
1837
12396
2098
17000
2347
26908
3143
99
20173
22004
30867
17025
9661
7013
17394
10669
11018
31517
17891
12154
15063
18504
31766
27323
11975
25481
7354
482
5924
31415
389
26393
23250
2136
14208
14882
27126
20190
16280
27631
28517
19363
19429
1
11471
23974
1463
1921
28072
7171
10341
12831
15578
6196
31958
4270
18732
2058
460
25980
9328
4969
19700
7795
18799
16838
28846
21745
5269
17250
29340
28519
7004
4675
7916
16563
3706
9975
17510
16702
4810
15624
9525
15829
15611
25406
10357
6216
7163
21399
6272
30149
32289
20231
31224
30450
23837
30960
18324
21964
7328
28255
7851
1346
1994
5388
10370
11920
14680
24080
19542
10332
23178
30820
30248
17299
25813
12061
32331
2562
21069
28522
32174
19124
26832
12873
6890
4110
3060
17932
7178
23467
16814
13199
18718
17400
21959
15158
27518
20367
18431
9641
30175
10836
28926
25679
8471
4178
2558
15755
2480
2643
826
185
6702
22593
21781
32231
20000
9535
14347
15699
6633
24967
28504
12969
844
24066
4714
26617
14009
1449
263
23674
9561
20638
28222
4865
30683
19721
11791
3135
25084
22963
12762
10429
8921
28261
24456
11929
15860
3582
12155
28414
14600
15959
15670
18276
27277
8663
14028
31373
9481
3797
22282
7482
19229
16560
22116
4785
6219
32432
32416
21744
10888
21659
19780
1198
6277
14615
20672
32022
8381
15811
11356
26435
15679
9491
28384
2426
10297
31215
10245
20009
7496
1291
26782
16035
25473
15365
6534
28057
27711
1600
21832
3416
4779
29571
12433
11716
18444
16464
7510
24088
14548
17413
21701
11867
13926
9397
29677
19617
29096
27843
14124
14855
21069
24132
92
21356
30431
8210
5052
10736
10639
8368
14240
26413
21948
19169
8921
14648
19013
26631
26082
598
21647
19516
15055
18558
85
10290
26614
8339
2099
7371
8538
4445
17136
27767
5339
10828
6542
26193
3360
18925
21011
26361
22336
20520
15125
2863
22323
14400
1032
28724
30459
22151
20040
7649
23698
13796
17125
30340
4754
20742
14640
18558
4007
9061
14857
23965
18613
19965
27622
9274
14792
19402
13220
19986
4543
29186
5646
229
27832
14357
9774
29904
18746
869
3158
7275
9253
29381
29164
12962
26458
26035
24057
19028
5930
15189
20081
15277
27264
1334
6720
2884
14797
10685
26649
9972
28854
12913
17917
5242
28288
16878
11661
28115
311
28070
273
18259
26529
30553
19780
23429
1510
8786
23525
6342
14588
8295
25342
27808
29908
21166
23794
26855
6470
23039
21834
7830
10685
13102
13884
19047
21410
23301
25343
12084
28554
13828
10961
14864
26910
14296
24772
19492
14798
1691
9292
17995
25141
5585
9866
12909
3658
29982
30806
9884
20556
20169
11535
15856
7788
20977
24098
17187
32567
1169
23387
26859
4298
14645
5102
11291
22196
9337
1092
15224
31401
20038
13447
348
27628
23244
5100
11021
2426
26431
15555
18906
17143
30289
27968
27131
23642
10354
16647
15142
16471
15306
30585
9969
3471
4082
21185
28907
19066
10614
23453
15480
27664
28939
5612
5232
6970
10897
29180
20599
25852
24519
1681
29722
16735
15056
24501
25518
7455
3177
28227
2793
21017
31207
25649
20797
14963
3827
2464
30712
19081
12038
22181
15901
23963
8866
24021
26112
8503
15446
21395
30883
19303
20847
15897
25299
1947
638
6727
18434
18005
3982
302
9955
23447
13346
6748
11208
6156
18161
26341
19643
18680
6496
12598
2910
19169
21187
11673
30851
6907
17236
6023
21898
4948
27375
22449
28542
15812
12179
32461
4078
27026
32665
8481
8077
28646
23474
24272
22153
21235
1186
9448
5803
9185
18622
29479
19251
23419
11558
12944
27249
4509
28355
26802
29987
16219
5887
21427
3986
30706
8263
15135
4203
17519
26178
371
8542
3617
24014
16999
19832
17344
20671
2559
6465
9562
6486
28752
149
25345
6531
9747
30275
31286
27099
15851
16743
32275
31831
15990
21639
13884
11986
18709
31344
16516
2368
24956
29903
8542
9135
8696
26766
28426
28672
26755
13300
891
25442
18570
2683
24842
15250
19832
29296
13789
23507
23050
77
10773
32175
12370
27606
25787
12652
28296
23286
29544
27213
3220
32343
182
4750
9820
23491
1386
25373
7885
25149
24670
31512
26539
9182
303
29450
31257
20849
4524
26597
19432
21454
18937
14783
19871
7927
23430
31309
15694
6900
7860
18208
23059
15982
28481
2977
17513
14093
25463
26317
5940
15251
18969
12465
1421
25525
6920
23461
2381
8637
18104
11592
28251
14817
4183
2879
18102
21344
24247
22444
4929
32610
12287
6512
11602
20877
7190
27681
15609
26215
4555
29642
18448
29550
15044
20581
9735
15609
12845
19737
25708
3533
31260
18228
26685
3198
23494
2279
22510
2700
7780
5059
6712
10553
16611
5879
30119
28715
8782
3398
7394
12742
17660
16075
13241
22855
6265
8813
6385
32417
30261
23328
207
23576
15598
19680
11365
414
14047
1390
18846
25072
13990
29897
18443
5488
5878
12651
11884
28353
2305
17481
15614
15653
23970
14471
26760
22678
13646
27391
31267
21413
17081
21872
24524
28438
3143
20870
31147
11065
22585
3982
28704
4870
12180
15605
24211
7424
9168
5765
24312
15814
17222
25184
16933
2169
26711
3512
211
30929
20315
27220
12662
17150
8016
18370
3773
17728
20799
25692
23271
30533
8813
29181
11212
29510
32071
10881
27558
29920
1291
12286
6820
27059
12342
13507
7469
28604
7601
10005
8948
23923
4282
23716
29376
12196
16275
31183
9977
30989
24813
4252
9970
12221
9235
13173
26872
29735
32727
30627
18718
11785
1085
9100
198
6911
6889
1196
2800
10982
25160
10581
322
17905
3969
31270
15835
22669
794
28493
19928
16630
31850
23932
162
31382
6083
5804
8190
8993
859
23188
7378
13682
5887
21224
15544
5666
14966
5970
5188
19949
18102
30001
23061
3526
19913
30484
24222
22708
30077
26613
13490
28531
20686
20022
22225
22986
25620
6748
21813
10669
16365
1421
22682
21523
24296
23498
1489
15253
12790
11757
3587
18636
1937
10082
30662
11367
14761
933
27873
9998
20051
24447
6367
29434
30513
25088
25686
11089
7071
31035
6388
19778
22946
9924
14927
12005
10641
6122
8041
2000
4225
1461
6404
26489
3442
6302
12459
13646
11579
19473
19581
5782
28981
3491
17336
22021
29866
5139
12297
10530
31996
10754
1942
28505
24725
26738
19399
18143
28818
7424
22744
4938
20782
22497
8736
20972
27888
23966
26398
22515
28308
30863
11592
22081
28091
26137
2708
16140
14930
23463
3267
26933
29378
24425
18800
3433
20700
28879
25308
30970
22914
15556
3446
4731
23318
22955
25133
3101
26276
18202
2422
24524
12239
11609
2844
28937
32636
6297
20171
28806
9536
11252
6490
23939
5002
2088
4828
16619
4752
25107
8549
32301
13819
1262
9372
21980
337
15433
24069
30213
26406
25034
4619
13396
3842
2725
11728
19941
3601
4315
32181
18667
32397
29746
16552
21507
8684
20215
9264
16214
31177
23158
30010
27505
915
16182
4513
18916
759
11509
26239
19356
1806
30310
1846
22784
5702
11437
10556
12238
11538
30358
4266
17076
31569
8089
14724
30382
3199
6798
18886
23074
18078
29744
6195
12733
27618
29012
21469
30475
2847
21733
6259
9433
2803
2470
31565
27979
15283
11175
23865
13756
7190
11652
3331
29784
15524
5473
1734
19323
28124
3493
23541
32456
9512
17785
4136
7689
17537
23807
30376
458
12514
22867
23737
30132
25454
23618
3242
11434
24928
7117
30109
23205
18102
21852
1047
4176
20381
14530
30534
13411
3227
1780
16150
14016
11647
24713
12018
22862
3848
32753
4442
10905
30552
23413
26665
3622
11543
27378
26020
28311
21862
3413
27202
30084
17546
18901
4926
25875
11605
26867
9693
28509
23379
8499
25471
10112
25530
21400
4712
26756
30991
5088
18252
19951
19864
30852
15260
6694
12421
28270
15507
9866
20957
3192
32511
14670
22826
8873
25552
23834
15075
302
31074
5729
30878
13082
17802
4739
14322
10461
9314
11426
23597
3718
18388
25668
3771
18872
9193
8621
25169
23406
21455
25594
31964
8558
17324
13565
29741
13198
11045
32476
18785
22698
9389
8040
12049
20320
28046
21822
1599
26258
6840
25248
15867
8601
20044
529
472
25673
14824
2226
25363
25257
31152
21087
26748
20591
5153
21385
12588
3134
10901
27857
5605
17054
9878
23658
30023
17599
28643
26923
5816
3821
30530
9079
20497
15059
8715
22477
23049
22895
25201
3886
32610
28889
2191
14642
4821
6579
6199
23529
22462
30831
12153
25970
18823
3652
18933
31581
28118
7662
27873
25538
7542
8232
2009
25630
28678
1002
5738
12785
13924
13922
20060
20760
12247
11956
26307
31722
26111
31090
17348
28949
23420
32730
4904
17207
31073
1746
9634
1596
26455
8612
4320
30330
14993
5241
26196
30093
10099
25239
2751
30964
8706
1114
31362
18024
6410
244
1700
6656
14353
26596
22178
4614
23550
26167
15098
31895
9865
29570
7286
25340
23650
21147
5177
28363
31265
25114
30859
1213
11248
30866
27236
12622
5114
18575
12218
17175
2962
2127
26250
12011
19236
22849
23720
6579
9436
11071
6215
9226
15896
6026
23880
21399
29582
28553
15171
13870
21565
31553
28758
6822
24341
9107
11440
31608
28517
1081
732
30492
1032
8575
4302
29220
19791
15809
11694
16149
11693
2728
10344
26632
6437
12835
25328
30213
32628
29479
22102
21018
11518
20007
19341
7231
20089
32082
21755
5098
859
13456
21696
28272
11012
25914
7110
14114
22699
411
28045
5411
6666
31787
29875
4875
31945
32389
29766
17469
32428
5165
16842
25608
21627
17668
21513
19072
13237
23431
29341
21274
2803
21195
21054
4362
21789
10297
10700
27997
29520
3337
3099
2773
14731
13184
4738
2952
6684
13288
9250
5175
7117
17748
26103
10607
1741
17936
8096
16994
29792
20458
8430
11651
11590
21540
29742
8931
749
31540
26935
8270
3926
17474
17714
27428
1991
8286
9004
21497
3637
1413
20829
6124
11632
13650
14134
31688
27660
13188
4140
31964
8723
10291
1863
13210
32108
10705
32617
17394
24842
10979
5215
30572
2772
1917
8361
23816
11351
28287
21513
2773
25134
8850
9934
23891
13869
20192
13789
20618
6224
27541
21380
20199
31334
28186
22783
4569
31357
16652
1222
28720
18444
16382
29084
13872
12259
13044
29272
25464
31443
1434
24178
27285
2845
13895
6989
20069
25755
14518
28230
14637
2992
18558
25473
27002
26353
26455
21870
4280
3984
779
24861
32659
15500
32573
21319
15377
13467
7901
23064
23916
29394
2407
1981
18865
27162
26590
29106
12569
4947
21900
30921
25386
12869
8310
1529
22925
32075
5537
18412
5294
5054
21768
15686
9750
28450
26968
6071
1160
15123
8049
17343
1501
16365
22941
8516
6815
19518
23182
14549
10088
18669
17434
31164
6137
25639
17845
19654
2073
32525
14002
2001
7732
18974
6201
3610
29615
15462
15111
10563
9996
20836
1257
26407
29634
14780
4598
2142
27610
27297
11663
19343
12105
14336
24343
8568
15632
25965
1651
5566
14870
22990
17472
30838
18880
25034
10711
5231
21590
11503
27906
32325
22293
29094
7035
18471
6676
25559
2600
9827
26583
27227
31769
20662
8884
16165
15677
11350
21482
26160
11495
2747
4219
10024
29701
2353
20429
30168
25370
23839
4100
30038
13312
6421
25628
496
11104
13975
18378
28117
21997
28843
21776
23683
23907
15140
14242
26868
12611
25261
31228
648
32587
8597
2112
11441
14263
13660
1233
3424
6458
16641
19120
30259
187
2057
14745
21595
30928
20047
10204
13135
17659
26767
5629
15922
25767
18864
11
27653
18912
6357
26816
17036
16342
7202
31326
23553
15632
1102
22852
7036
7535
25837
1106
15389
32746
25979
24322
9983
17411
30504
16707
15324
25356
7014
10517
30848
8475
1843
27110
10991
20942
12070
30126
6741
11455
2108
7116
21170
28102
2400
22942
32578
15601
14780
6371
32685
6724
22466
30674
9203
18737
25848
30454
15125
30678
8839
10448
24708
7673
19075
16171
13387
20419
4601
4669
27131
64
16313
32130
23130
28562
25576
11864
970
16632
31812
16475
9595
29827
4406
17278
24912
16530
6041
2030
4242
1810
9037
19367
14167
25207
13946
9682
17072
1657
14756
19429
32150
28815
26739
3193
26770
9260
16192
7146
24622
28348
13663
3761
15902
28509
20527
7553
24878
24158
23266
3874
18411
20600
20237
25617
10769
29134
14831
8149
15544
29862
10881
19487
3389
12261
29761
4521
7921
10572
21183
715
14212
1909
14820
29661
1583
10123
24325
32080
4517
21196
18092
907
6327
20416
25376
24711
20937
19255
4026
2857
13561
21764
29927
22626
15625
27770
8444
12809
19216
22698
25021
24435
6373
18523
10923
15320
26182
30150
5137
30309
19660
18966
16077
14368
26255
15522
10463
19328
13209
27112
16051
8648
27147
7753
13614
21031
7441
20615
30842
28305
26247
18430
15250
19035
32616
27301
29836
3737
29435
28356
20906
14392
22716
27763
29471
23514
16651
2774
30113
19316
16534
17690
6578
31145
18056
814
5038
14053
10606
578
20629
9274
5870
18688
15254
30714
21030
9101
20576
28697
27877
25406
1576
3647
26508
24090
24440
31152
25538
27156
10942
8924
21979
20485
16272
1221
24838
29291
17600
8213
19000
9188
19236
3067
11740
26984
18722
14537
25655
9289
17149
16463
16541
24556
11235
24565
5974
16197
19378
30874
13901
17940
13710
12336
15486
31201
6948
4372
31773
5816
2235
17198
21383
21413
22015
15053
10474
29422
22413
31039
29875
6675
7485
15155
1722
11654
18739
12495
29232
11306
19364
7057
19524
18062
3945
28135
10648
11750
25414
18572
1639
22221
11255
29096
1394
11197
11006
8615
12719
27466
26159
16853
11953
11809
31735
30910
982
20676
28785
8264
28210
15619
16167
396
25918
20281
15784
29305
15936
21324
6862
12583
6778
21858
1740
6396
3090
16995
20474
3457
7620
5171
96
14082
10570
1453
18436
27879
10374
2654
16371
27093
28021
1542
21009
9604
27860
32719
20898
28767
1936
19787
4244
11485
32495
28975
32146
17058
32639
10705
5833
10068
28353
27491
15736
6462
26517
16877
13882
26535
4453
22284
25107
25840
15889
5996
31804
24176
31390
13318
26798
13840
32414
31514
24433
31141
9821
17644
162
5136
25552
28734
7493
29720
21054
10896
16592
17666
22700
26
18291
5366
1801
28550
3368
1297
6686
32109
383
24393
21044
920
11303
11780
2178
14323
28219
12664
12125
10064
3154
20161
10526
8162
19781
21699
8658
18292
14782
12997
22437
22892
18565
31946
32267
18563
906
22959
10164
16450
29106
14086
25389
16955
20834
24244
30294
23309
28620
19021
25735
11029
10492
20522
11137
16116
23713
1616
25366
29637
25500
30464
11160
25371
21066
797
5891
4797
5010
3650
30954
25633
10413
20639
18722
32681
6584
27288
1328
14239
25339
5660
15475
7922
27383
4549
13072
20398
19762
8628
18338
7485
1473
16938
1951
11871
18842
26599
7816
15082
6039
27203
3032
26947
20041
29453
19370
1944
21122
4135
24104
7395
4769
17118
22968
3486
29339
10506
29669
20550
27854
7146
11533
28050
29574
24764
2768
18544
24395
18207
3379
27076
30192
20777
19096
19424
22109
16712
24158
25025
21783
10713
5720
22031
5524
23178
2799
15827
27713
18288
3605
15094
21839
17895
7408
19069
3137
15149
16451
14982
4151
6333
1948
1025
8439
17005
2880
1071
192
14919
8406
20957
1743
11815
11990
10844
20142
17177
19119
12871
4159
14959
3515
1524
27788
19621
19683
21942
15180
22006
7954
2521
9524
12474
24155
10843
5892
22918
4073
1642
22860
14594
24234
22434
22786
12168
5306
23811
27845
16002
16273
10676
8943
27520
27373
9081
25693
14620
7806
27893
30718
20878
2643
14241
13084
16142
3591
14728
25197
19949
1706
17096
14297
29809
3953
11977
18697
23669
8478
11578
27316
27325
15405
7888
29864
24602
2500
446
15002
28739
8024
10738
17839
27245
20767
16662
6854
20399
16185
19009
6540
29465
2461
9601
16445
32654
22212
20234
24634
32613
6424
22074
3920
16835
16155
18516
25026
14774
14935
2809
14620
13074
2314
25189
13239
30988
11917
8047
2315
19096
18056
12607
24247
14466
7895
5836
25170
18766
1083
27677
13295
32465
11713
3899
28018
6540
29426
6392
21142
13771
14528
9571
30137
7810
16683
10246
23918
29154
18870
18406
30401
29630
9357
32568
24648
10657
14451
31459
23022
7339
4973
30138
25983
23856
31792
2933
25587
9230
11851
16244
15226
11730
11541
13108
21067
11146
22868
18573
27181
25960
13746
11185
10434
27419
1504
229
22678
28141
13447
12796
12011
8349
11251
6040
8770
14586
3454
31264
7593
28484
29630
9856
7368
5954
11118
4772
31913
12066
3869
19890
3403
21
29081
14346
12261
11431
17177
16126
3578
18655
23852
6225
13601
22554
8549
14705
9105
19624
22211
1652
4462
25891
29155
29908
727
915
13284
7659
28332
23108
19486
32045
1568
2658
26754
22055
26882
4185
24783
32315
21194
6638
26746
1560
3174
8733
29530
32508
11970
28337
14615
22441
538
19366
849
3368
1535
8254
12943
11073
28202
14821
9710
22709
8196
26822
29062
27457
31985
18985
3995
16212
1376
23699
30856
20363
8339
14748
19819
18416
5423
4494
401
4343
32387
17602
11936
3636
19096
14011
32647
3293
3325
14079
24102
7684
12879
7097
20412
22673
24714
27152
11284
16129
4115
10309
7023
17632
10625
13711
1840
12295
13359
17334
26954
20886
24962
20081
9834
21168
251
11392
24291
4345
10492
5769
25181
18128
8282
16308
12862
31565
21670
23557
16084
30201
26939
12412
19271
12880
11015
2286
9281
3831
29978
12194
5466
13501
20976
17067
18757
29012
25982
776
188
460
27647
31100
19501
2259
22907
3374
13345
11438
26140
26625
31857
6390
4912
17585
28199
24595
29949
690
21557
30842
19784
7113
5848
20902
17060
22375
8650
15575
16507
22472
298
9613
19422
23760
24876
21955
22796
22688
23680
16876
28100
12795
17795
6319
7243
20572
22056
4705
9019
19923
29349
15430
15890
27299
27357
15240
29302
7837
26256
17395
26185
25658
26693
15990
2673
6523
4851
23386
9828
4737
7793
3135
4214
14828
9892
8667
7906
23283
16738
2418
7578
29000
1832
26133
21711
6825
31361
410
27710
1606
31280
20831
14145
32214
10788
2749
13713
25719
32537
846
21724
18250
22798
22751
16138
23499
22634
7476
16719
2033
23020
382
6129
20489
17751
15773
10966
18002
6875
12054
1749
22617
27458
27602
8121
5651
9951
17564
10004
20156
28471
29528
970
8050
22380
28932
13913
20368
16237
12144
13801
5835
13792
12989
4631
10511
3274
18071
25985
9239
3332
19250
25873
15055
29790
22021
6155
14953
10896
8777
1236
17729
22757
3376
24200
24433
20646
6630
32570
10548
27719
14665
15112
25340
22355
20839
22502
5969
26905
16571
13864
1647
32276
22823
30156
12191
31771
3761
9357
5201
27981
22014
16553
4350
23994
28302
7277
26560
26578
5309
28293
22702
7054
22389
6917
25593
11360
3508
310
4552
4571
10177
23073
23507
1826
22573
29661
5313
5394
20620
21913
26946
4911
3569
6249
22252
19279
28971
209
13527
11272
7872
9490
10743
13787
25261
11318
11580
3869
5083
29149
27499
27305
13153
6854
11962
11591
17277
26141
9262
32219
4687
18310
6837
11342
29787
5613
6147
6972
10940
23308
24365
6242
28969
4025
17670
20421
28585
20725
28221
17827
3094
22965
21299
795
22355
19822
9629
24987
4685
8034
29662
8461
1715
8877
9761
13505
12148
3854
12601
29465
27900
1654
6970
5110
16687
26450
11732
10725
20258
30617
29298
522
6812
13461
21527
5832
17231
21361
755
310
14294
16006
30152
5441
7278
7012
9471
5281
24948
9635
23433
9341
17826
27240
14711
29149
16393
12470
17496
12499
3534
6778
8534
25193
24484
19028
21775
3401
25357
6695
9524
21807
9040
11871
30692
7439
32313
29189
19654
8197
10387
18308
11240
11521
32358
31289
9819
28974
6897
15548
17546
32039
29798
16368
32350
28889
30568
11981
6420
31286
24133
6888
1753
4767
16371
9671
9259
9998
4812
29415
28398
5895
7945
11913
4944
13884
7424
13633
27230
15619
31517
10300
18019
21368
1954
31316
10501
9073
31262
16853
16157
7462
6318
23309
15961
23197
29943
10133
148
19927
31967
30306
30960
9661
23310
24715
24249
5575
25383
9944
10745
27762
1478
23566
15835
9311
2106
26621
23744
23627
31743
12102
16931
25010
12802
27628
32301
14915
9619
674
28439
22530
6953
24782
29764
25663
28378
12128
14106
19770
20117
26198
9636
659
23589
3339
31465
3188
29413
13123
28937
27005
3396
28406
31005
24434
1528
27359
5324
10918
12545
20932
11693
14375
2148
8836
1632
22183
26788
14562
8555
2605
6401
5908
14806
28287
7024
15369
10629
21582
93
4734
22872
1311
14883
17599
5892
23038
11335
318
27823
4321
29304
31701
22094
3293
6983
14299
28863
27915
21158
26344
32421
9783
14370
26728
24327
2894
23776
13794
20903
28806
9561
18438
9508
21835
2773
16504
10959
16621
30888
25695
3149
15882
16687
13228
24305
8381
26250
10538
4310
899
13079
28490
3007
9969
23985
5548
10672
8216
13741
4973
22345
436
4753
8755
32741
27671
914
15866
8054
12248
31444
21915
5662
28474
28768
30753
6542
27230
14564
2764
24607
25129
3118
21473
25010
15859
30567
26167
19016
24564
14095
14722
31328
21615
13500
31582
12564
18332
9362
25883
15346
28246
32385
8779
18587
19849
20290
5132
13342
3161
7439
32022
29714
15635
23589
25219
30069
18644
12026
11618
3400
27131
28222
22778
22246
24912
13460
14814
7208
20977
27149
10677
9019
28672
2920
9158
32316
28174
10508
7750
14488
21830
22977
11361
32294
13402
7474
13578
6145
20781
27171
19075
23335
18757
25714
28331
25811
19695
30415
20491
16538
24879
19515
19359
21575
21614
25922
16228
11639
20962
17655
31141
3317
16317
29108
20742
19411
21525
17806
12621
30285
3222
19098
10484
14429
29930
7907
17263
30750
26595
7206
15421
14817
14190
16212
22193
10769
26424
3013
26237
26823
26141
26172
21763
29484
29269
9118
12124
18066
5213
18290
2340
6481
23719
11800
16396
17763
20481
7881
27677
16575
11973
338
2252
16246
710
13199
8899
23438
8181
15018
5738
24225
983
19473
11063
2357
16295
27192
6075
29658
22858
4372
14951
26118
20215
11859
4899
16049
10658
24923
18829
19119
18989
16137
19473
9424
23886
5414
21421
31672
8766
27049
22657
22911
28711
12719
17177
18697
9803
31803
26235
29988
29428
3245
3823
7524
7455
8452
12689
31933
15591
24531
2199
32229
3763
10756
10339
22887
19743
19536
22856
31111
15787
19578
16924
16345
23590
20046
12162
2208
20696
19549
1012
2023
7538
8309
7315
23649
11446
6114
13998
29698
12518
3944
8724
7769
31982
21243
19482
26804
17488
15684
28523
8178
28115
21205
29842
5158
25835
21798
20296
31217
5607
2391
25727
1436
221
11940
17707
7160
3925
24743
18899
13557
6328
24913
23258
19460
16759
1703
29070
31278
8443
18492
7662
5617
23119
10353
7483
29918
5007
30063
19781
10996
30736
7649
2162
25530
12620
5490
13967
12574
660
1290
7767
27664
29556
17096
17347
734
13541
19902
24343
20814
11573
18798
14505
24189
22199
13576
30064
7290
23850
23137
8272
1442
9706
12467
31783
13241
11993
12055
27287
19661
28683
19139
29585
25035
11316
7427
14758
6878
23505
27896
26382
19851
7961
6420
24436
22669
25250
7249
17031
24946
8916
11060
2881
20466
31246
9349
22517
8978
26010
20939
10011
31741
27985
13193
5340
31389
6669
21819
25948
18428
26323
25871
26569
27230
6333
2916
32296
16154
10665
15876
21978
13884
12708
2848
7409
11228
31508
6159
16437
31549
11687
20422
32244
10149
15359
32022
22925
14078
26
19625
15291
6705
12931
29370
19362
16190
10298
28823
19611
10523
868
13784
3264
10579
17075
6493
12342
5977
23443
26121
25917
8624
19226
30528
19705
5309
18861
8481
9470
13159
3441
24707
32157
32116
18296
3761
2288
32675
18344
5349
20135
2441
29547
23431
20625
25900
31512
28962
27626
27745
31268
9514
871
6118
28169
4720
15874
25662
12274
21857
26245
10320
23851
27138
14296
14782
23115
28076
8716
31494
23839
16519
21539
12123
10581
17095
5797
12353
27629
10665
17124
24811
24927
10284
25354
31572
12940
26512
18151
4895
13415
2959
6524
27183
30304
15966
17222
29446
19348
98
9548
7391
15030
14259
30952
17802
187
15185
24661
27914
4680
22056
29692
1775
18396
32198
22654
1396
8381
14550
10624
31321
18596
29028
17722
27007
19495
11983
17599
10565
10218
29581
11530
27812
7813
15010
9420
21261
308
20702
15095
6654
22337
1497
2570
19558
4146
28847
17435
3006
11442
17532
29606
20195
2624
28822
32024
12981
15769
2189
11545
14450
10214
12259
24477
3536
12966
1420
2985
15068
24153
19236
16357
20885
4082
17394
23527
31559
18682
1953
4665
32681
13956
17592
32560
8630
17108
11998
24684
28235
5582
5328
14638
22661
12320
23070
28509
16344
3375
20649
11606
15344
30658
11740
5238
19016
32113
6061
3177
14731
11468
1362
15153
28333
2634
28612
29174
24521
26616
3572
6800
24761
3037
6352
29140
7543
20783
21236
6818
24119
12345
20528
21931
28992
22791
14526
27139
22158
19671
1088
2666
2345
8767
26747
17242
579
24605
30678
15824
21012
6979
11153
25306
27254
17120
21957
11237
30527
18349
14111
11204
24674
2523
13403
7296
20933
14783
26498
32226
25824
5947
2276
4289
18458
15340
27605
15116
32738
23573
2855
8342
7568
10830
24939
31908
2042
18924
2278
2104
12758
31791
24405
31004
22995
29742
10593
26029
12406
32131
29152
6509
32693
25014
8402
9798
12372
14442
1558
16031
18691
3658
21487
9249
17204
3761
17723
14150
20926
7196
27501
29606
30003
848
24655
25856
31234
13642
22393
24843
15435
13291
19344
4603
19845
7520
17216
7634
22482
595
27127
30315
23325
29395
30822
7751
8185
28164
10425
28182
31801
8326
12945
9989
17743
7590
2757
24010
3173
32583
25309
2673
61
6286
9290
18660
4297
10064
25447
5691
12426
12349
1584
5833
20393
29129
6852
12514
27862
6622
6556
2158
22500
10819
3977
10031
545
14282
27503
24018
30839
28732
27588
10679
25412
4869
26566
11136
10233
18592
28799
31323
2164
1216
1401
24592
23582
24388
22849
18889
16068
4056
24990
31140
20790
30826
12175
17659
26530
27219
19205
27502
16813
4674
3685
21173
10327
14056
15804
13095
3468
13926
21952
265
2441
28278
20106
7831
20980
31579
19989
8916
1722
31113
1654
16658
28840
13844
15321
7489
3529
31195
11839
6391
1922
23409
25337
25923
28270
17358
2531
25906
22522
4538
31329
11549
14784
2037
1051
10937
7844
29223
3960
16860
4529
11403
18908
27152
23217
31321
22944
6361
26766
22264
21973
1222
1387
11744
32185
3386
12418
9553
27637
21239
14780
26549
16796
19823
31506
6102
1252
26827
19366
23487
12194
30904
2208
10867
10631
3060
20425
18513
10781
27803
18410
7746
15999
22834
4834
22440
28379
17008
17802
29446
16297
6608
329
12655
2728
31960
2934
4272
27549
18726
32368
15421
15563
25919
28799
8412
24369
18967
11369
3859
19078
6496
22484
6226
8437
19603
9055
4833
17048
18623
24702
28808
7350
25364
6425
21504
12477
8751
1252
4380
3838
18467
30845
951
16682
29003
10823
26972
24720
21458
26888
10680
21524
27647
8261
14784
29166
8513
18009
1442
296
12286
4183
3437
22230
25628
1957
8319
2834
28748
23893
25522
446
28185
5954
3654
17145
21172
29423
2444
24414
25724
6687
24408
23551
32080
1332
8996
25124
9621
10056
16900
11971
21510
16397
25934
32191
24126
28517
21509
27873
26119
26304
32522
4759
20320
21561
9217
17519
2896
25456
13060
18769
17261
28709
25354
29567
12843
18073
8470
24142
13285
3493
17951
19361
23725
13975
16322
23850
7892
3792
6058
9568
20024
20254
1467
19519
3152
17626
30977
17347
26872
28865
17243
18466
17405
14227
21479
10188
15208
109
11309
3875
12939
23783
31754
21498
15821
5869
4195
31952
32565
16478
133
32713
16311
8294
18014
30064
20802
6812
11614
15150
1413
27611
17451
16777
17797
22752
15623
542
5600
10920
26881
22877
5086
5255
14815
16390
14141
24584
30406
8295
25785
31368
4015
17234
7517
16529
15242
4320
22156
8951
19759
8425
18126
437
27401
22335
13148
22661
5505
1965
2666
6465
10284
23986
22070
20476
16819
1021
21717
27871
16006
18344
16568
20421
12864
13109
5633
29078
3033
23881
24712
18276
20622
26410
24235
15175
6544
26362
1241
22265
16494
14769
11742
31792
26180
30939
1004
18111
16801
4119
28269
29803
24377
11851
4235
28302
16719
3752
9339
20846
2529
21857
16269
3418
7056
31786
19189
32138
23894
2675
15702
4276
3302
5473
24852
24430
19426
17297
13142
19527
21439
20619
10205
2467
31864
19464
23944
8538
502
4324
4003
23056
13370
12257
20467
5714
32336
18977
21890
2421
28660
5986
27691
24111
13825
5111
20708
10994
11677
4746
1742
20492
32294
11667
28926
7040
26075
21655
15625
20130
9546
28961
27217
24948
13693
24449
31250
8131
13540
14152
5164
31745
14081
8063
11438
13281
25302
10921
30246
8885
3086
30335
11435
23943
13038
2918
1447
29945
5881
14256
20581
30941
18534
25239
4958
6547
25667
4858
12867
806
26469
9685
26826
20005
17430
28801
9785
8771
9854
19121
5555
26286
5069
15400
24389
7215
20526
19003
28080
15622
14187
8459
17652
16003
29792
5246
13729
4196
17185
13570
30941
13810
10731
29697
308
21722
21707
5154
3106
21964
16
24901
16482
29397
7538
27709
25845
20349
8191
17996
31985
30368
6857
30815
21519
23053
7761
12814
18418
12256
178
27730
23096
18847
31885
31747
22338
16663
21176
20505
7619
5877
23205
22431
21259
7971
11668
19318
4113
22248
22648
22479
21314
190
16554
24934
17164
8690
10064
25215
3369
15870
30604
7074
28332
27558
19300
5141
12492
8149
21364
9758
9844
18997
3413
4853
30342
8080
29900
23179
16115
11753
7091
21245
23676
5721
21672
15319
25413
2219
23671
18697
5150
23735
11847
25001
23185
25983
28296
3694
8107
23051
6296
21480
32139
28676
23352
29824
8108
1042
20401
22068
23538
27639
30662
2063
20598
20072
11864
9065
4625
7343
30428
1251
14250
2562
22397
6433
20032
7328
10768
14662
438
13489
4028
21297
1633
9435
29541
22905
3923
14500
18141
14121
23910
17546
26313
17211
13063
7140
20821
28630
14536
2167
7063
12615
7843
8151
20932
22721
1551
4740
11797
24277
197
20672
21111
22959
12367
8497
28917
6934
21077
1339
3814
12833
17831
1819
20182
19642
21514
19908
27957
13524
19650
4730
23490
25964
15331
21551
10165
29505
19032
25760
5807
17746
4784
11055
9826
22812
30380
14719
23296
3728
16777
3537
2148
14294
8973
7970
515
26820
20308
3840
23953
16925
20312
7472
13427
13449
20033
14593
4071
30552
28530
19566
27637
12023
31056
7415
32021
32558
24784
24124
9373
1311
455
21086
16369
29951
4081
5141
15977
22417
3262
26257
10752
9063
19936
10002
3778
11736
24726
15430
27892
12224
21941
8038
8704
23034
17019
23311
29735
13726
531
7137
11493
19451
1000
11993
28195
21075
12970
2415
11807
21849
16417
14191
1564
8299
25012
19095
16329
23695
18872
10229
19825
9007
27002
20223
6376
149
18443
30319
21809
8740
31182
6885
16112
11356
1218
23354
30611
29835
15760
16037
26430
6740
26964
16528
20858
15585
12331
15928
2206
18408
11393
8711
27641
5215
8983
26801
7365
22782
12247
23568
5579
9849
29528
8128
4565
27514
3375
27514
27864
15456
28411
3889
27614
23226
21551
7407
6069
14465
27294
21612
5721
29465
30664
11379
12066
518
1766
5621
26030
5486
27575
21738
22412
24659
9736
2795
18605
19084
29190
20369
2699
18056
4420
29323
10775
18114
6282
17281
4195
3843
20067
31660
532
23899
26213
9522
10629
9949
9534
7234
6076
25629
14723
1524
26637
10603
21816
22750
29328
1740
21535
21365
14660
27580
31425
31786
31744
2726
6717
1856
7965
30751
9428
15983
20709
486
32560
17979
6586
31133
6775
23825
17158
28484
8980
28710
16614
6009
20544
8720
2710
22897
8274
7969
3482
16565
3532
23430
10162
20125
2337
5924
21371
26509
17223
17198
29669
22514
5377
9606
27224
11516
3818
21977
25509
23833
32320
28793
1967
31797
29302
6905
30678
30642
3960
13962
18471
5673
14524
23576
24388
14046
24845
32292
26900
3333
2838
19552
18475
21176
18097
13580
12792
12211
14061
8211
25009
20437
27873
16356
3583
25942
9012
5138
3433
4809
9831
31146
21888
30929
30185
25944
16591
25507
27097
9016
18305
21567
27033
14461
5840
24942
32535
17092
13106
11386
21210
28982
4418
26032
23758
29536
20847
7318
21968
31186
2662
22508
13817
9337
20032
12645
19371
31420
22123
28962
14173
18777
602
25843
22566
510
5356
28492
29963
30887
23709
2569
12040
6842
12911
14562
2016
31716
31638
10156
2468
21681
6630
28757
23301
20206
30461
17565
19547
15295
5680
30613
10609
3967
22838
8921
23575
16218
25495
25484
11109
23724
18642
27416
9167
2584
29009
24483
29677
9832
25102
18512
18952
18728
21249
314
32356
27905
16464
29489
5711
25558
25141
2866
27630
28832
14255
11688
1730
8970
4072
8549
28925
20684
15977
11871
5511
18632
26112
27690
29391
7141
1644
31801
11858
6063
14543
11220
21740
20139
18129
14809
21473
19067
2195
15410
30379
17335
13658
24858
30081
31621
4856
2063
24748
4862
12282
28310
29833
31808
5267
27825
8797
24915
5707
32033
23003
7357
14951
3420
24439
8163
21271
20812
15208
25382
17250
5838
3456
15289
5586
21733
20907
13124
20959
29378
24904
15674
15388
628
15659
26107
27939
27503
27759
22441
27457
16574
31740
20682
13026
16136
27355
26786
22971
11844
3901
15694
14521
9020
16453
26528
18605
23747
20633
20670
7604
14517
9643
17785
11624
31923
30663
25454
19400
28315
1757
15327
2791
30922
20492
18511
26968
22033
4082
3295
31573
376
7606
1131
31410
26037
27346
12900
27012
2154
13217
30315
13200
11554
11436
32179
31349
11274
14516
28179
30873
30831
29567
9966
9941
4859
7523
13251
4320
25519
13204
19603
1148
14239
16685
32758
1890
24177
13567
25340
16366
9107
18461
25284
15499
7999
16676
5086
17884
6960
8267
7010
10159
1825
46
3533
7330
14602
14169
24479
18579
29978
1687
17333
28105
31091
24569
4966
18660
2472
4773
7264
16261
13815
26468
28737
19900
23110
31209
4597
24117
4319
23266
7378
31010
5355
18112
16756
30184
20655
32071
13402
7049
5002
1493
27197
23508
11178
27762
15924
5454
24466
17307
23945
2014
844
30414
5464
26684
9581
14805
24045
15896
4045
8403
16347
30986
6147
11535
28380
26684
31651
23172
13932
217
17463
31268
5156
7988
28414
25840
7127
11961
21606
21433
366
25748
2891
26547
25732
31011
17389
12223
14784
3100
22195
13940
28150
8062
674
25842
7933
21817
6044
18023
1614
23452
2136
30814
29025
13442
8229
21451
25544
17212
22622
6871
16136
19773
2476
14187
3130
22920
29951
22143
17254
6874
24650
27679
11418
20631
17153
27714
14030
19061
15955
17482
24695
31466
23847
24922
3565
17494
22488
20316
27006
27888
22449
15566
10574
25970
30247
28495
22260
20100
29657
29933
29910
26858
25416
7724
7488
23660
17238
3285
30535
393
17792
25477
7520
6618
15323
25073
20927
9032
27343
31226
7281
12781
14998
10612
12088
31947
1140
9398
11050
2351
30644
7649
9224
8419
21094
13553
32095
32534
27098
23685
32097
24588
16091
16238
12673
24454
6571
29433
208
20975
27075
509
2074
1099
25927
7331
7103
3807
9291
30968
2899
9889
13256
12340
757
6494
23644
9415
9840
24749
6341
15657
16915
30615
30748
32607
11600
24323
26577
22860
15127
31972
8554
8637
21488
16929
14331
7730
5595
17223
356
6509
5607
12273
22349
22204
8084
21747
27618
28167
3562
5449
11855
23705
6742
1474
31482
22190
15687
5996
4995
9665
31884
31934
6781
8082
17260
13704
3817
505
8323
28059
886
16237
1375
6712
3451
2131
25566
569
10160
7432
17733
7425
1200
13485
14113
29733
3375
1205
10718
29655
1531
13616
7464
22038
6580
19925
13829
5272
16970
26576
6831
3442
20027
12369
12339
18061
32138
2001
5578
31689
29310
18978
31226
25582
29216
2878
9580
22615
12402
21707
22412
19293
9327
12401
20707
14724
8135
2780
10036
360
9815
15248
16216
20070
16746
15728
2265
522
19122
25612
22353
18491
27396
6574
30081
16936
18646
29218
20016
29681
8826
7753
18121
24854
20504
3164
10164
928
26989
16641
11888
2577
2886
13584
9589
2060
30906
17442
7627
1476
5162
30685
9834
6694
27642
15362
7504
31686
22284
18227
30309
13451
23809
17541
5134
25625
26159
2506
3475
15617
28512
26267
32561
10411
15696
22568
16383
15871
19429
11711
6529
30422
29996
27165
23821
20516
3096
28024
29410
16609
26361
13384
16129
13244
5565
14041
30675
28543
16362
13714
19065
6720
26199
32258
26864
17229
1197
29872
24045
8149
20129
28575
17010
26198
1263
11683
12595
29898
7701
30311
5036
11665
16085
12089
9471
14109
15976
28828
18062
2656
12930
26764
605
31733
16138
5519
22309
11280
9621
9856
10807
2343
20648
2843
31511
20829
22186
327
13524
16051
12459
11047
14632
18925
8407
31199
340
12358
1208
31014
28858
10195
3887
18320
13623
28343
9776
18329
20806
8460
24640
21872
11222
396
23984
3465
16871
8451
31127
28641
21990
4213
3728
27664
14542
2575
19257
8720
2299
15566
21094
25551
716
9969
9001
17270
16128
11039
1155
14967
31438
19544
28902
13657
17857
15518
15730
4163
12634
10847
30956
20554
24164
30889
15998
9594
1045
19980
30769
422
19689
9806
19755
20464
9534
21202
14248
6423
22448
5573
32441
8323
4914
17422
4031
17938
14065
6642
29606
14496
32745
11914
23522
17753
29763
12775
811
20414
10357
25087
24056
15992
14872
25182
22205
26847
7304
25229
4580
20810
4926
16193
30091
14357
30188
2627
28931
21363
6749
9507
16389
14328
11
23196
9650
15845
6525
8902
23377
28467
20327
32254
11975
19038
6528
4757
3285
26102
18721
31035
29460
16615
24994
25642
1458
19331
6772
3346
17642
30036
26366
5575
7749
19364
8249
18349
21906
29896
11274
24031
422
5169
15970
17954
6356
25392
4120
1164
18731
2700
10113
9716
6258
2246
3797
27928
2020
12583
5185
9873
14252
3982
28619
20343
17951
15611
27370
31444
26299
28890
26081
8649
27875
23312
22239
19074
18008
4807
7896
12763
8567
9722
20513
25551
15157
5567
17102
28325
4314
19287
4811
7385
29056
20983
25533
25035
11083
24916
1686
25898
20581
1265
23802
22814
20416
27688
5717
1848
23947
12026
8889
16410
26481
5014
30584
6629
4244
8362
390
10599
29004
2157
24971
8706
5792
14441
19915
2138
32128
6665
13750
25542
1480
20455
846
6772
6389
31698
5693
25690
165
22944
21682
224
10449
15034
28159
6990
18889
11872
10996
2551
13811
25280
26617
21539
18242
2747
5357
10941
10360
21618
22210
16321
30236
15506
9941
10340
29499
19044
3086
13824
19934
148
18876
29126
12110
3772
8237
10018
5130
4024
31504
10477
10117
24745
10635
15701
8096
23749
31772
23692
21482
2533
25649
11827
3225
460
29061
17736
9272
18752
15427
24430
23979
29390
15459
162
3830
5755
26744
6289
24970
2515
19168
19131
5246
17852
21423
14320
3680
8783
23903
25486
16315
29819
20532
12407
8812
26968
4208
12756
24997
15180
9019
19341
30398
7392
13905
24196
18111
30048
30313
31892
3246
19252
24681
24652
7321
30721
31051
9323
19298
639
6349
30491
1869
14873
13019
17646
27979
28742
19389
6041
26372
27562
768
9331
7590
28907
24870
18091
19824
32084
21517
24908
17917
3884
1567
25842
9041
6100
31807
30026
2981
29603
9838
27211
32242
898
20289
10550
32063
17478
5635
4430
9387
32720
24489
30807
28730
29671
27258
29393
18015
2768
28795
25585
3661
434
1180
4452
24318
6317
5795
14019
4864
10420
18908
21716
19714
15150
2685
14470
14626
32593
3547
30123
5876
14649
10575
20851
22610
1738
11238
22700
24806
5707
9932
7612
12920
10943
20598
23130
4600
2563
28305
28943
29003
12457
29357
2672
10710
26518
13737
18968
21451
5981
32221
22376
17974
30042
15370
13822
3014
26255
11010
10742
22620
13374
15895
9187
19285
28234
2629
28811
2712
5966
5663
10342
606
30330
15482
6869
21956
11058
3547
12579
19474
24165
23713
1340
18121
11693
24562
10287
3182
11307
6502
21605
29721
5408
26998
1951
15804
3148
32419
16561
9012
2055
2918
23808
28178
16672
28378
20924
7718
17529
15403
15582
27855
607
19646
2529
14597
30634
18718
9792
10275
19608
21674
434
1909
1386
18431
22056
14982
8380
9766
29570
16934
16293
14461
2837
10301
13203
32103
14046
23635
3555
21939
14467
19675
3395
7373
11277
18754
1224
6055
10855
30908
6350
26213
6038
29129
28051
25803
6326
16009
9106
9574
28088
22981
15777
29565
10973
28857
19658
1975
3569
30115
32233
23433
27464
20236
25865
18277
28282
12249
8831
22436
10973
25617
15812
1071
14279
7787
21012
14065
21632
4767
26823
19709
20489
26729
7538
32382
12432
21341
26557
22882
22190
23406
9986
15046
6246
8764
19371
29472
4062
12577
14920
302
6619
7162
17523
4002
16382
1205
21348
8586
2752
19359
8275
6529
30511
30827
5777
1943
3174
10241
15204
27137
19661
2828
14247
19585
32533
16706
24350
29332
2802
7538
20890
30813
26007
7759
4561
5716
18931
10238
11771
29614
14509
19041
22060
13195
31712
8225
31861
10466
10902
4734
23225
23852
26630
3542
31311
21971
23182
29430
6492
17497
5743
20772
2542
3401
30794
13544
26329
20958
11102
6047
14930
26740
22399
15293
29260
28594
13013
485
16022
26741
29530
682
13489
635
23569
31011
21874
2004
25095
18993
20572
4873
9483
13455
8379
31753
14380
30110
24705
10199
30199
28398
27872
9973
23661
6284
14507
20111
11462
19470
26733
14440
19176
13407
5190
21893
6310
28235
19337
32667
18617
9673
13847
13626
25983
15372
28538
27830
1909
16968
30657
10712
30582
21829
22046
16969
14513
9637
18752
31930
13931
14580
8561
30420
4474
12148
8304
32227
18813
6822
31500
17986
15836
12440
22661
11652
17027
26610
27554
29543
17501
18622
401
5497
14738
32250
8835
14728
22913
29663
8196
21195
22652
3823
11547
28113
9030
18369
23589
20269
22094
14220
7794
20703
27816
24949
8604
10881
25295
17561
9899
4150
18716
728
12010
21586
517
10343
6791
30665
10263
24596
5358
21849
22449
8280
27362
21367
22662
7455
9824
18683
25296
2646
3123
138
31829
31544
22359
1735
10523
27225
19982
12089
27626
13935
3268
31738
21126
8163
8867
21541
2473
4892
23542
13565
13506
19334
22079
18909
1392
7012
14870
5860
20157
25691
14024
8796
4122
3258
7083
18671
13343
32138
11075
10376
32511
30041
1046
19978
26828
15303
15183
4531
24432
461
1301
20047
11367
31441
1705
24348
31293
31338
11842
4224
13771
8947
11432
28525
18225
28881
27794
9104
24210
11908
9152
16445
20627
7536
23000
14362
16017
24425
258
24461
1700
27905
31810
10726
14168
9361
12184
3404
806
15880
30169
14697
28596
12150
6220
3285
15569
20055
9220
30019
16174
14752
14592
9838
10973
22667
12035
21441
2443
31267
11316
22729
22654
24975
2422
31835
2637
19230
8325
14980
26721
13846
24533
16693
4142
32572
16427
2987
2097
6179
30712
18592
10410
26421
2168
30515
21527
7298
142
26264
15220
1868
4446
1151
10804
14414
20648
9798
5629
31952
17640
14557
28199
32364
5934
893
26355
5022
1725
26888
15499
3341
31334
21566
10685
2971
19362
15014
3703
11054
10098
25143
514
3644
8439
21961
19711
5657
20944
13374
1826
21504
9271
18031
21680
32483
8923
2008
32697
31218
27259
3588
26902
14317
6471
31415
3361
1834
22518
25821
6199
4709
22694
25653
18158
8779
