18220
31138
19148
5656
20391
5145
13955
28310
22524
21599
14163
21579
31166
14425
7903
14879
20950
24228
25404
29047
17127
13977
21820
28827
29314
13314
28536
8904
27919
665
2591
7700
7286
30020
32642
23302
32144
11538
3419
18929
16465
13301
32480
25109
16050
1853
27532
1651
30303
19929
5800
23668
28965
13900
15260
28728
18457
14448
21239
17087
11657
14062
7231
7610
10660
15481
30842
18735
30185
20685
24953
32463
9040
8555
2535
14103
30521
31249
29205
11305
11032
18683
32131
11879
31454
10972
21806
9941
11814
15003
8860
25388
2084
8398
28584
1981
19022
7927
14093
