14044
16003
31596
8860
28422
591
15394
20835
1455
19544
22746
16407
9739
12971
29226
9261
21251
15850
24922
25200
2329
23548
29595
3980
8702
20853
7431
27992
22005
21956
24413
28902
30437
17951
24696
7500
16705
6959
27796
16177
24216
3451
24641
21783
30203
5269
13859
12394
26130
11526
13423
6988
1277
4345
30245
3870
492
20395
19469
18382
17533
28558
12660
16355
26073
1856
20643
24906
8076
31023
21284
30430
19496
15880
31156
10936
21913
27108
14343
7484
11591
22578
20542
24800
10734
10850
10792
26299
26429
1366
25148
10194
816
14729
19539
5921
21805
16893
26149
