160
274
329
386
388
1039
1366
1615
1735
1797
1867
1883
2058
2644
3012
3325
3523
3579
3737
3784
4020
5282
5294
5949
6014
6412
6602
6603
7367
7769
7970
8337
8767
8959
9111
9425
9607
9842
10338
10761
10947
11961
12376
12396
12481
12831
13176
13281
14319
14721
15152
15473
15606
15669
15843
15946
16100
17102
17345
17744
18072
19115
19117
19126
19516
19727
19787
20108
20222
21061
21944
22016
22066
22648
22713
22815
23058
23217
24112
24395
24401
24828
24863
25148
25246
26803
27012
27014
28081
28436
28618
28935
29227
30500
31417
32034
32067
32149
32470
