32739
32738
32730
32715
32708
32648
32637
32628
32605
32604
32581
32580
32494
32465
32407
32371
32302
32296
32285
32275
32241
32232
32229
32224
32212
32197
32165
32150
32086
32050
32027
32004
31968
31942
31937
31908
31889
31834
31808
31779
31772
31767
31735
31718
31682
31667
31656
31649
31619
31605
31585
31567
31517
31486
31474
31467
31446
31411
31406
31400
31391
31338
31327
31233
31222
31206
31176
31168
31095
31072
31067
30962
30921
30889
30852
30786
30784
30767
30705
30685
30683
30631
30582
30571
30537
30516
30511
30478
30360
30323
30314
30310
30294
30278
30233
30216
30191
30126
30105
30068
30068
30035
29984
29918
29911
29881
29873
29852
29782
29721
29658
29647
29641
29617
29533
29494
29489
29465
29453
29395
29395
29389
29372
29354
29325
29320
29280
29208
29208
29206
29199
29193
29155
28934
28933
28906
28833
28820
28792
28780
28734
28705
28685
28685
28636
28614
28569
28549
28462
28456
28452
28397
28396
28358
28328
28298
28287
28254
28222
28217
28211
28109
28104
28067
28053
27887
27861
27764
27675
27643
27640
27627
27615
27610
27600
27562
27517
27517
27513
27483
27474
27404
27378
27356
27350
27350
27328
27316
27301
27300
27290
27269
27219
27141
27137
27131
27087
27067
27067
27028
27005
26962
26940
26924
26882
26745
26737
26727
26610
26561
26560
26438
26410
26356
26308
26239
26236
26210
26207
26175
26167
26149
26147
26084
26079
25962
25945
25871
25864
25842
25832
25828
25799
25790
25789
25772
25760
25759
25729
25676
25665
25649
25641
25557
25546
25543
25531
25529
25520
25403
25386
25344
25326
25315
25284
25276
25184
25102
25089
25044
25039
24924
24839
24824
24817
24810
24755
24688
24684
24675
24614
24599
24469
24441
24423
24366
24344
24310
24281
24275
24272
24241
24220
24218
24103
24064
24062
24059
24038
24023
23986
23927
23923
23921
23877
23855
23822
23818
23810
23781
23760
23758
23713
23699
23686
23672
23653
23644
23634
23592
23541
23522
23504
23492
23487
23434
23419
23350
23338
23332
23311
23308
23277
23277
23264
23233
23228
23221
23195
23193
23109
23061
23039
22974
22918
22903
22859
22760
22741
22697
22582
22506
22440
22405
22388
22364
22349
22347
22310
22299
22235
22231
22222
22189
22180
22163
22136
22116
22076
22018
21990
21972
21931
21908
21906
21872
21828
21821
21801
21758
21749
21691
21670
21630
21625
21618
21584
21565
21461
21398
21392
21356
21279
21258
21224
21205
21197
21142
21071
21062
20965
20946
20846
20792
20771
20766
20765
20670
20635
20555
20503
20389
20370
20321
20263
20171
20084
20052
20049
20035
20027
19959
19885
19751
19710
19695
19678
19644
19632
19601
19562
19559
19542
19463
19451
19450
19423
19361
19321
19216
19186
19167
19115
19104
19089
19068
19042
19036
19027
19017
18866
18822
18760
18704
18662
18582
18577
18557
18533
18508
18504
18502
18460
18448
18419
18390
18344
18330
18328
18242
18193
18178
18134
18125
18119
18111
18080
18014
17937
17921
17870
17830
17794
17675
17648
17639
17598
17577
17507
17489
17489
17466
17437
17417
17366
17330
17287
17271
17248
17232
17218
17180
17168
17139
17078
17076
17020
16969
16966
16857
16836
16816
16754
16729
16727
16679
16671
16658
16622
16582
16477
16462
16460
16458
16394
16381
16253
16245
16204
16165
16140
16137
16115
16106
16098
16089
16053
15998
15936
15855
15814
15784
15774
15728
15664
15655
15593
15582
15568
15563
15554
15553
15533
15482
15480
15440
15425
15344
15332
15293
15204
15115
15105
15068
15012
15012
15010
14917
14887
14872
14871
14867
14842
14781
14750
14652
14640
14584
14518
14378
14366
14364
14327
14259
14249
14243
14228
14024
14015
13997
13956
13927
13877
13867
13845
13815
13647
13621
13588
13569
13555
13447
13443
13412
13403
13390
13360
13327
13317
13304
13240
13186
13040
12989
12986
12965
12940
12864
12819
12811
12792
12779
12763
12758
12753
12744
12672
12654
12613
12463
12449
12421
12420
12401
12322
12297
12207
12157
12146
12115
12040
12024
11992
11950
11896
11887
11852
11829
11828
11823
11800
11793
11699
11648
11609
11560
11521
11511
11503
11459
11459
11419
11369
11353
11331
11305
11266
11202
11165
11057
11052
10967
10915
10898
10851
10810
10790
10725
10725
10707
10684
10649
10612
10611
10563
10538
10510
10491
10476
10474
10279
10242
10200
10187
10179
10157
10049
10014
10011
10005
9971
9969
9961
9930
9906
9901
9859
9858
9831
9786
9756
9723
9653
9612
9608
9601
9555
9517
9492
9455
9443
9413
9405
9396
9286
9215
9210
9175
9130
9122
9111
9041
8996
8944
8881
8879
8877
8806
8675
8600
8592
8590
8551
8519
8308
8243
8231
8191
8184
8101
8052
8021
8012
8006
7970
7967
7914
7913
7891
7890
7882
7876
7855
7849
7784
7770
7696
7675
7645
7580
7558
7543
7466
7365
7364
7330
7298
7258
7252
7188
7164
7151
7129
7038
6995
6992
6953
6932
6928
6905
6901
6877
6824
6784
6779
6778
6768
6732
6707
6652
6638
6637
6594
6514
6422
6412
6399
6348
6337
6321
6317
6257
6233
6202
6199
6167
6130
6109
6096
6087
6022
5999
5993
5984
5919
5918
5911
5908
5894
5872
5847
5835
5833
5812
5745
5728
5637
5636
5623
5576
5565
5548
5537
5519
5505
5495
5467
5346
5345
5340
5336
5254
5253
5249
5240
5152
5124
5044
5035
5006
4958
4872
4813
4807
4749
4744
4724
4712
4706
4637
4577
4483
4481
4376
4353
4230
4225
4167
4132
4127
4120
4110
4089
4082
3994
3976
3966
3938
3902
3849
3831
3808
3736
3689
3689
3682
3666
3644
3628
3622
3600
3550
3527
3484
3434
3429
3387
3362
3354
3251
3212
3209
3185
3038
3027
2993
2983
2960
2951
2932
2909
2874
2870
2859
2757
2754
2698
2694
2690
2653
2649
2607
2583
2579
2551
2522
2514
2512
2494
2457
2422
2396
2393
2390
2351
2321
2278
2207
2148
2097
2055
1952
1921
1912
1910
1879
1862
1803
1789
1730
1707
1630
1618
1590
1557
1550
1534
1529
1529
1446
1438
1406
1399
1328
1323
1261
1257
1228
1103
1058
1002
945
898
888
821
733
687
681
601
527
515
442
418
413
357
312
308
283
197
154
144
141
140
132
113
112
103
63
12
