32747
32740
32721
32707
32675
32638
32590
32534
32448
32397
32382
32363
32317
32278
32241
32212
32210
32148
32128
32094
32063
32041
32032
32026
32016
32002
31974
31966
31924
31896
31881
31853
31790
31751
31742
31732
31721
31716
31694
31623
31576
31557
31453
31378
31354
31285
31261
31248
31238
31191
31154
31113
31086
31067
31057
30981
30928
30891
30807
30807
30787
30725
30705
30623
30575
30538
30531
30526
30470
30397
30365
30317
30312
30300
30281
30273
30253
30215
30207
30205
30198
30184
30157
30096
30090
30078
30076
30065
30059
30017
30014
30004
29994
29980
29939
29933
29891
29870
29865
29854
29835
29826
29816
29702
29692
29668
29650
29572
29508
29495
29470
29470
29389
29306
29287
29269
29257
29221
29183
29149
29124
29103
29092
29085
29014
28902
28842
28832
28789
28769
28748
28739
28714
28679
28641
28609
28572
28466
28381
28296
28284
28237
28158
28122
28050
28037
28015
27972
27957
27890
27871
27747
27724
27712
27667
27646
27585
27525
27494
27479
27393
27365
27363
27360
27335
27253
27243
27160
27141
27120
27114
27074
27071
27041
26910
26865
26825
26663
26623
26622
26604
26555
26518
26486
26471
26458
26440
26389
26348
26333
26320
26313
26308
26272
26237
26198
26190
26173
26165
26110
25978
25961
25943
25924
25916
25914
25798
25782
25778
25754
25742
25682
25672
25609
25499
25471
25444
25442
25384
25326
25310
25309
25304
25293
25287
25205
25147
25112
25061
25060
25051
24992
24971
24920
24915
24862
24841
24815
24802
24736
24682
24660
24659
24656
24617
24616
24607
24478
24380
24354
24320
24315
24300
24247
24247
24195
24022
24012
23944
23941
23913
23910
23861
23856
23725
23689
23638
23624
23597
23575
23537
23514
23503
23450
23430
23327
23287
23280
23249
23248
23238
23220
23212
23136
23072
23065
22996
22989
22987
22972
22946
22928
22834
22822
22811
22804
22756
22712
22704
22646
22605
22603
22555
22530
22510
22508
22392
22221
22198
22113
22076
22047
21961
21943
21940
21928
21908
21900
21878
21834
21829
21814
21801
21779
21700
21678
21677
21671
21662
21590
21566
21549
21546
21528
21497
21494
21463
21460
21413
21385
21383
21366
21334
21217
21195
21165
21154
21051
21048
21039
21029
21010
20964
20876
20871
20798
20794
20786
20784
20768
20746
20727
20705
20697
20691
20670
20639
20617
20611
20532
20529
20507
20503
20471
20433
20392
20302
20255
20254
20223
20210
20068
20040
19991
19848
19734
19729
19662
19650
19639
19617
19571
19526
19479
19386
19375
19328
19321
19301
19278
19275
19255
19245
19243
19239
19204
19184
19173
19173
19170
19160
19152
19079
18976
18966
18913
18815
18793
18772
18772
18769
18768
18755
18708
18671
18653
18619
18602
18601
18586
18584
18569
18568
18545
18513
18503
18483
18480
18478
18387
18248
18217
18210
18201
18129
18106
18062
18020
17994
17985
17973
17839
17835
17819
17796
17774
17703
17690
17679
17678
17637
17610
17531
17525
17454
17449
17430
17420
17415
17412
17258
17220
17217
17208
17171
17146
17133
17129
17090
17048
17041
17034
16969
16968
16939
16916
16898
16844
16843
16820
16769
16769
16762
16725
16659
16599
16556
16547
16485
16417
16397
16377
16332
16327
16324
16304
16275
16243
16227
16200
16151
16138
16081
16064
16026
15989
15985
15968
15963
15933
15929
15919
15904
15880
15781
15744
15662
15646
15643
15527
15515
15511
15477
15476
15450
15433
15426
15417
15364
15357
15240
15194
15165
15113
15111
15071
15056
15045
15034
15027
14937
14932
14919
14916
14829
14800
14798
14765
14748
14737
14733
14695
14618
14600
14580
14541
14473
14313
14295
14240
14189
14186
14185
14160
14160
14149
14144
14122
14080
14063
13994
13949
13938
13869
13856
13842
13828
13813
13809
13804
13753
13741
13735
13720
13673
13662
13660
13660
13626
13590
13553
13502
13450
13443
13429
13414
13408
13380
13337
13309
13279
13084
13057
13031
13017
12999
12970
12911
12849
12830
12780
12755
12686
12683
12656
12654
12645
12636
12636
12625
12586
12583
12568
12565
12557
12552
12523
12502
12489
12488
12388
12379
12309
12248
12242
12219
12217
12190
12083
12044
12038
11968
11959
11940
11907
11901
11898
11891
11865
11825
11705
11644
11611
11572
11559
11542
11509
11454
11291
11287
11253
11232
11225
11201
11200
11126
11100
10996
10949
10920
10840
10821
10785
10778
10707
10669
10644
10552
10525
10503
10483
10467
10419
10377
10322
10321
10318
10277
10177
10173
10161
10136
10093
10057
10053
10034
10014
10012
10008
10006
9979
9948
9913
9890
9827
9734
9716
9704
9652
9651
9643
9615
9538
9527
9448
9408
9408
9384
9343
9283
9236
9234
9192
9163
9134
9081
9067
9038
8993
8910
8898
8885
8862
8839
8797
8775
8772
8675
8669
8632
8622
8611
8573
8561
8546
8522
8463
8353
8352
8339
8288
8224
8216
8216
8210
8197
8196
8154
8146
8106
8074
8046
8000
7942
7940
7904
7861
7801
7759
7737
7714
7702
7691
7681
7679
7666
7633
7611
7569
7561
7543
7542
7530
7527
7491
7489
7475
7423
7404
7392
7334
7296
7271
7265
7246
7197
7141
6983
6983
6971
6950
6905
6814
6773
6748
6747
6706
6683
6680
6663
6654
6570
6521
6462
6431
6367
6343
6341
6331
6294
6294
6257
6229
6185
6123
6112
5926
5872
5832
5815
5797
5772
5768
5719
5689
5681
5673
5671
5649
5559
5556
5554
5525
5521
5519
5513
5503
5458
5448
5328
5231
5218
5190
5181
5140
5109
5080
5002
4990
4984
4968
4960
4892
4873
4873
4861
4746
4689
4670
4660
4642
4615
4607
4604
4578
4576
4554
4526
4503
4451
4434
4170
4085
4083
4024
3964
3776
3758
3741
3713
3708
3652
3644
3621
3486
3480
3434
3422
3402
3351
3196
3187
3122
3087
3086
3046
3042
3040
3028
2991
2955
2940
2913
2912
2894
2892
2870
2836
2802
2771
2747
2726
2694
2665
2652
2645
2632
2570
2537
2507
2429
2424
2403
2347
2110
2077
2035
2017
1944
1903
1898
1895
1784
1771
1770
1770
1719
1666
1650
1645
1629
1556
1529
1495
1420
1358
1317
1240
1240
1163
996
989
944
940
910
908
906
855
809
805
798
771
737
726
691
678
630
576
569
551
429
266
258
197
187
165
143
122
19
