357
11569
4109
12204
6011
17525
13026
27594
9398
1791
16458
6269
22494
11361
5505
19786
10456
380
15781
29526
11938
19665
19985
8333
22796
11143
11386
31125
2615
13116
6860
18038
19407
25740
9410
9733
7176
14946
19272
3093
3673
25089
2448
30301
15355
26577
4086
1064
16416
25834
20628
23743
15348
31074
14757
4246
7765
8023
14746
24889
11089
8891
26878
7156
32611
18914
30218
29509
2669
31437
11784
771
15989
26932
16488
27466
28191
6485
6051
11822
5870
17279
25555
15387
4923
25693
13071
23309
28657
1539
13192
21621
25102
3514
31589
5607
6105
6796
29278
12420
25059
16526
14618
25386
28608
11504
10825
7004
7299
32453
20865
6387
1786
24723
29658
8322
29102
11930
1608
26762
9881
13797
11707
11619
23205
22545
9464
6117
19689
8160
9269
25305
7587
4733
9847
27426
6387
18829
10412
5803
29021
8698
16008
15887
9724
2942
6431
1291
4231
17649
23367
19877
22277
4435
22443
12824
15696
12697
5295
12678
4683
12088
12808
31581
13539
17266
3095
1413
27846
26467
14600
22862
4838
22730
15278
17180
17836
8089
2077
20687
9469
24635
13829
19189
20973
1703
31953
5295
11846
5673
21891
7780
6071
10731
24142
22311
6876
29254
23536
18665
23026
15051
29910
19294
9046
17679
494
31152
29634
1082
4425
22246
24647
1359
30329
19731
9226
4152
1189
29502
19902
19865
20076
17941
18661
32081
1919
16208
16070
2512
25597
30694
2861
1052
4493
16627
16613
21664
9789
24420
31222
11451
8478
22120
28575
1284
22683
27798
5650
13407
29341
22494
14322
27585
16993
15409
19853
8899
10260
26864
3033
16616
20019
278
26416
4013
24741
31268
1483
16726
6549
7632
24064
6259
16401
31340
31803
31796
29796
28183
11454
1394
26164
14503
1304
20601
20570
16466
2406
8087
22148
29983
26957
6758
8333
32527
4275
13785
20375
8970
2112
4359
10478
2699
24983
21178
4764
23051
11092
21431
15820
16942
10437
8651
6879
30640
18793
10138
29520
15886
7210
1319
17736
28916
14937
25890
15616
14442
26221
23285
26587
21437
23163
5517
32063
10030
629
29416
22839
30813
7715
16483
1225
1395
1761
13249
26648
25362
5405
26875
570
19710
24975
28874
17111
21896
24119
15349
24966
8126
792
28506
20199
4180
2742
27839
7040
8528
31312
7254
28761
17529
29150
17170
30038
125
32713
29100
16727
13541
29805
22644
12305
12473
29007
3032
14762
2034
12318
1461
10263
21412
15723
28513
17974
18664
9000
117
25770
21131
16098
32347
20602
6520
16318
10395
5992
10213
2101
7652
13843
4928
28559
1501
3020
22744
7968
2985
12344
22860
1861
30012
1706
7860
10270
25441
11069
22929
10760
1671
5556
16501
481
21583
3603
15985
7419
2518
20217
7235
20700
1730
29124
4156
2748
19726
99
24819
31420
12694
18681
1708
14054
2401
20279
30597
4584
24498
30582
2662
8592
205
18327
7334
12551
25994
22939
26238
6861
19355
23553
10798
18040
1692
15331
10737
17964
21983
21711
4258
20441
19189
16998
14634
3639
3325
12215
177
1411
1196
16473
3968
2039
15648
28490
17592
30218
1380
32650
12469
18028
7874
23159
19007
4543
972
30695
19063
7703
5161
11271
23420
9776
12576
30455
1504
22642
5862
12833
2254
18853
32424
14173
2295
22388
21846
24006
16961
13987
4917
26714
10286
10512
36
16980
8462
5995
28841
9545
18405
2741
18371
1284
24858
16761
18798
23842
28132
23757
2550
15470
2676
24840
1532
10746
738
1600
12105
16386
19162
5258
31318
6272
17411
18417
14487
26510
32563
30770
19339
24448
25683
62
31877
15037
27923
8557
1336
1890
24143
24194
5380
4245
11324
2658
24322
425
30043
1684
31953
7926
16410
28023
12830
12406
26442
9287
23797
31264
24901
4302
7883
24068
19931
28393
2631
1067
30465
450
25044
9260
12344
7367
13032
19598
16574
16492
23057
17377
17527
18086
15300
24475
12186
23330
15845
27827
24860
15177
19989
1535
28636
31221
191
29774
7827
17136
5346
29765
8826
23089
26780
32250
10424
21205
10874
27218
18066
14815
21377
4635
16465
12463
13819
17128
21234
13123
11523
9648
27792
1585
14544
29478
32658
2144
5057
4566
23700
25738
3116
31236
16150
24178
12006
31556
30951
14308
3730
16345
26703
26993
13226
10702
9471
10983
335
26070
4025
1938
6865
20452
12479
31285
5628
1418
4349
19655
1576
16915
31222
14318
11263
24671
18543
32317
22028
7809
15836
32556
15881
32538
31886
32219
28389
25715
6810
6022
32663
16732
30601
9671
11941
31688
16577
2191
10867
23845
20662
5090
4684
11389
21712
7510
31794
20046
26139
25929
2918
1577
177
22501
25526
13837
1511
25045
1417
14209
13626
21700
24235
10867
18424
6042
7129
21971
7086
7797
1804
30191
5973
26217
32390
5261
14139
28920
20637
18122
27570
31568
2122
27829
13947
27975
30320
20139
13041
15383
1006
13424
29942
15577
6243
21010
27294
8899
8644
9854
11421
9505
2207
10207
26993
2324
7468
22970
22350
2830
18712
10442
22734
25609
4626
10396
16469
26250
14610
3819
24134
28505
620
2233
17895
9725
29336
17714
29972
18681
3006
21056
19111
457
22532
9965
30627
31899
19608
30589
22307
16334
20860
12103
22789
32555
31252
11351
27477
26342
14961
6341
3707
6739
9563
32211
37
25192
32544
27850
10482
18422
12575
22929
14563
5543
27155
786
7810
32182
30497
1357
17616
24433
8608
28984
17392
26736
7594
1629
28820
3474
21862
27186
30251
6076
7444
31031
26567
16465
7125
3538
29648
6512
30016
22762
9835
15857
32677
10309
26280
1309
4895
13986
6766
13871
15708
24982
7462
30606
26155
24871
29994
30152
12490
23850
29676
32334
9709
31836
11494
2546
29326
18755
28485
29473
18296
2243
11861
21472
9617
24191
1195
18312
8938
23285
15892
3136
29832
20312
5184
16447
18672
812
2606
14015
16244
10148
4695
8384
2112
9403
27546
1410
31011
7188
24810
18111
8991
15762
22457
11436
13487
18871
22819
13742
13530
23998
475
9693
25340
25974
1238
4665
18255
20197
11449
25518
16444
23448
2051
3529
6244
11211
11258
30008
29037
24382
14935
16900
3981
26578
5553
6541
20951
27110
28842
31817
25416
18035
9179
17212
28816
10985
30336
31030
28322
17096
17891
3023
15866
26367
