32766
32763
32757
32750
32744
32740
32737
32728
32725
32724
32714
32714
32711
32711
32703
32697
32696
32696
32695
32693
32691
32689
32674
32669
32667
32661
32657
32649
32637
32635
32635
32629
32624
32617
32614
32610
32609
32609
32607
32595
32590
32584
32582
32580
32579
32577
32569
32569
32565
32558
32556
32554
32551
32550
32549
32547
32547
32545
32542
32538
32534
32532
32529
32529
32525
32516
32511
32509
32508
32507
32507
32506
32503
32499
32494
32487
32486
32486
32483
32481
32479
32479
32476
32476
32475
32466
32463
32453
32453
32446
32445
32444
32443
32442
32432
32428
32428
32422
32421
32421
32417
32408
32405
32396
32391
32391
32390
32389
32389
32384
32376
32373
32362
32359
32356
32355
32352
32350
32349
32349
32348
32347
32344
32342
32340
32336
32328
32326
32320
32308
32306
32306
32302
32294
32281
32277
32270
32264
32263
32261
32258
32258
32255
32255
32244
32232
32227
32226
32223
32221
32220
32220
32219
32213
32212
32206
32203
32201
32190
32189
32188
32187
32183
32180
32175
32173
32171
32171
32170
32167
32166
32165
32159
32151
32134
32131
32130
32130
32129
32128
32125
32115
32114
32110
32110
32103
32102
32100
32093
32093
32087
32081
32079
32079
32074
32073
32073
32066
32063
32062
32060
32055
32054
32052
32050
32045
32042
32041
32035
32030
32021
32015
32013
32013
32008
32008
32004
32003
32003
31999
31996
31996
31992
31985
31982
31980
31973
31973
31971
31966
31962
31959
31953
31952
31947
31945
31945
31943
31935
31934
31931
31921
31914
31913
31913
31909
31908
31906
31902
31894
31891
31883
31876
31875
31870
31869
31869
31866
31863
31861
31854
31853
31844
31841
31836
31826
31825
31823
31821
31815
31814
31810
31806
31802
31802
31795
31791
31791
31788
31780
31779
31775
31765
31764
31764
31757
31756
31755
31755
31745
31744
31741
31735
31735
31731
31730
31729
31727
31725
31722
31720
31719
31719
31719
31718
31715
31709
31707
31705
31705
31704
31702
31690
31687
31680
31677
31674
31672
31672
31671
31665
31663
31662
31658
31652
31646
31646
31646
31644
31640
31638
31638
31635
31633
31633
31629
31624
31623
31623
31619
31617
31612
31603
31602
31599
31596
31593
31590
31589
31587
31583
31578
31573
31572
31566
31565
31565
31564
31564
31559
31559
31550
31546
31545
31544
31540
31539
31538
31538
31538
31537
31535
31530
31528
31522
31519
31519
31515
31512
31508
31498
31497
31486
31485
31484
31484
31466
31460
31455
31452
31448
31446
31433
31433
31432
31430
31413
31413
31412
31410
31407
31403
31391
31386
31383
31383
31380
31374
31374
31369
31367
31365
31360
31360
31357
31355
31353
31350
31345
31344
31339
31338
31334
31331
31329
31328
31322
31320
31314
31312
31311
31310
31299
31298
31297
31295
31292
31290
31287
31285
31281
31280
31276
31275
31274
31274
31269
31268
31266
31266
31262
31261
31261
31259
31257
31256
31254
31250
31249
31248
31246
31243
31243
31236
31225
31223
31221
31221
31215
31208
31206
31206
31200
31200
31194
31194
31193
31192
31188
31181
31177
31177
31175
31173
31172
31167
31165
31165
31163
31163
31163
31161
31158
31156
31152
31151
31144
31137
31135
31128
31123
31122
31119
31114
31114
31111
31110
31109
31104
31099
31099
31090
31090
31084
31082
31079
31072
31070
31067
31066
31066
31066
31059
31059
31054
31052
31048
31046
31035
31017
31016
31013
31012
31011
31008
31002
30999
30998
30997
30995
30993
30989
30987
30984
30982
30982
30978
30974
30971
30968
30967
30964
30958
30958
30956
30952
30951
30951
30946
30940
30933
30926
30925
30922
30919
30919
30917
30915
30913
30906
30904
30902
30896
30891
30890
30889
30888
30885
30881
30877
30875
30874
30873
30872
30872
30872
30866
30860
30855
30854
30851
30844
30844
30843
30836
30833
30828
30826
30824
30824
30812
30809
30806
30805
30805
30803
30799
30797
30794
30790
30787
30778
30775
30773
30773
30770
30767
30764
30764
30763
30754
30743
30743
30742
30740
30738
30737
30737
30736
30732
30725
30724
30722
30722
30721
30720
30720
30719
30716
30714
30713
30712
30704
30703
30699
30693
30692
30690
30689
30684
30675
30654
30652
30643
30636
30625
30620
30613
30608
30607
30604
30603
30597
30593
30588
30584
30584
30583
30581
30579
30576
30575
30574
30573
30562
30555
30552
30546
30545
30544
30542
30536
30535
30527
30526
30524
30522
30521
30519
30515
30508
30507
30507
30505
30502
30498
30497
30496
30494
30490
30487
30484
30482
30471
30467
30466
30466
30458
30457
30456
30452
30452
30448
30441
30439
30435
30431
30427
30426
30424
30424
30417
30417
30416
30414
30407
30405
30404
30403
30400
30400
30398
30398
30391
30389
30378
30374
30369
30368
30367
30366
30361
30352
30348
30345
30339
30336
30334
30327
30326
30317
30307
30305
30298
30295
30290
30288
30282
30281
30280
30279
30279
30279
30271
30268
30263
30261
30259
30257
30255
30253
30248
30244
30243
30242
30237
30230
30230
30223
30222
30215
30211
30210
30210
30209
30209
30209
30203
30194
30184
30176
30175
30174
30171
30167
30165
30164
30158
30157
30157
30149
30146
30131
30131
30127
30124
30124
30110
30102
30101
30094
30094
30091
30091
30087
30081
30080
30076
30071
30070
30061
30060
30057
30049
30042
30031
30030
30023
30022
30021
30018
30018
30015
30014
30008
30005
29998
29987
29982
29979
29978
29977
29976
29971
29971
29965
29962
29960
29958
29957
29954
29951
29943
29938
29937
29937
29930
29930
29929
29915
29911
29906
29903
29903
29890
29887
29875
29874
29870
29869
29868
29864
29862
29860
29858
29857
29856
29846
29845
29844
29844
29840
29840
29832
29830
29830
29823
29821
29808
29799
29796
29794
29792
29787
29787
29781
29775
29770
29764
29759
29757
29748
29745
29738
29738
29734
29726
29715
29709
29704
29703
29702
29697
29689
29685
29680
29677
29672
29672
29672
29671
29669
29666
29651
29649
29649
29646
29642
29642
29641
29638
29637
29637
29636
29633
29633
29630
29629
29627
29619
29619
29618
29617
29615
29608
29604
29603
29601
29595
29594
29592
29591
29589
29585
29580
29576
29574
29573
29563
29559
29555
29554
29545
29536
29536
29530
29528
29517
29516
29504
29502
29498
29498
29497
29492
29488
29478
29471
29468
29467
29462
29462
29458
29457
29445
29441
29440
29432
29431
29426
29417
29417
29410
29409
29408
29405
29401
29400
29397
29395
29395
29395
29393
29392
29387
29387
29386
29386
29383
29382
29375
29374
29374
29374
29373
29369
29368
29366
29365
29363
29362
29361
29358
29350
29342
29339
29338
29337
29334
29331
29327
29325
29323
29322
29316
29315
29314
29311
29307
29301
29297
29296
29296
29289
29289
29287
29285
29284
29279
29279
29278
29272
29269
29268
29262
29257
29252
29251
29249
29244
29243
29238
29236
29229
29228
29226
29226
29225
29224
29224
29218
29216
29215
29211
29211
29207
29203
29201
29197
29188
29187
29187
29187
29183
29183
29178
29173
29172
29172
29171
29166
29164
29164
29161
29159
29157
29153
29151
29148
29145
29141
29131
29124
29120
29103
29101
29098
29087
29084
29082
29077
29077
29072
29072
29070
29068
29067
29063
29058
29057
29057
29054
29054
29051
29046
29041
29039
29037
29026
29013
29009
28994
28993
28987
28984
28978
28975
28974
28969
28969
28968
28967
28960
28952
28952
28948
28940
28935
28934
28934
28933
28932
28930
28925
28919
28914
28913
28912
28908
28905
28903
28903
28899
28896
28891
28881
28878
28878
28877
28877
28876
28876
28864
28864
28862
28859
28851
28851
28850
28846
28836
28834
28832
28826
28824
28812
28811
28808
28806
28805
28805
28804
28801
28799
28798
28795
28794
28787
28784
28781
28774
28768
28768
28758
28758
28757
28756
28755
28753
28743
28741
28735
28734
28733
28728
28727
28727
28724
28717
28715
28707
28707
28705
28703
28694
28691
28689
28687
28687
28681
28680
28679
28676
28672
28668
28663
28660
28655
28655
28652
28649
28642
28640
28639
28639
28638
28636
28636
28635
28632
28632
28627
28621
28615
28613
28604
28601
28600
28600
28597
28596
28594
28593
28589
28588
28581
28579
28578
28577
28569
28565
28565
28558
28554
28554
28546
28544
28540
28538
28537
28537
28534
28530
28527
28526
28524
28520
28519
28517
28515
28514
28514
28512
28511
28506
28505
28503
28488
28484
28483
28482
28477
28474
28474
28459
28458
28455
28455
28453
28441
28440
28432
28430
28430
28428
28425
28421
28416
28416
28416
28412
28409
28403
28403
28400
28399
28396
28393
28393
28393
28393
28390
28389
28389
28381
28380
28374
28372
28370
28368
28368
28367
28352
28346
28345
28340
28340
28339
28336
28335
28329
28319
28318
28311
28309
28301
28299
28297
28297
28292
28288
28283
28281
28280
28280
28278
28268
28263
28261
28256
28253
28240
28237
28236
28235
28234
28232
28223
28222
28216
28213
28212
28208
28187
28179
28170
28167
28166
28155
28154
28148
28147
28147
28133
28130
28129
28129
28126
28121
28118
28118
28111
28110
28098
28097
28096
28095
28085
28077
28077
28076
28062
28062
28056
28055
28045
28045
28043
28041
28034
28033
28032
28029
28021
28017
28013
28012
28009
27987
27982
27982
27981
27975
27973
27970
27969
27968
27967
27964
27964
27958
27958
27956
27956
27955
27954
27947
27940
27935
27935
27934
27933
27933
27930
27930
27925
27922
27909
27909
27906
27905
27903
27900
27899
27892
27876
27874
27870
27868
27863
27861
27856
27853
27848
27841
27833
27833
27828
27828
27827
27825
27822
27822
27821
27817
27816
27816
27814
27813
27810
27808
27806
27805
27804
27792
27791
27791
27789
27789
27785
27773
27772
27772
27771
27765
27764
27764
27759
27753
27753
27751
27745
27741
27736
27734
27734
27730
27726
27724
27724
27724
27722
27716
27704
27696
27693
27688
27679
27679
27675
27673
27672
27669
27666
27665
27662
27660
27660
27659
27657
27645
27644
27644
27644
27641
27641
27635
27633
27631
27627
27625
27625
27624
27620
27619
27618
27615
27614
27610
27609
27608
27606
27592
27592
27587
27584
27580
27579
27577
27575
27569
27569
27567
27555
27553
27552
27545
27543
27541
27539
27538
27537
27535
27532
27531
27526
27517
27516
27515
27512
27510
27509
27507
27507
27506
27506
27505
27505
27504
27503
27498
27495
27494
27493
27492
27490
27487
27485
27482
27479
27478
27474
27473
27470
27469
27466
27465
27463
27462
27461
27451
27448
27435
27435
27434
27433
27432
27431
27430
27428
27419
27419
27416
27414
27408
27405
27402
27401
27397
27395
27389
27383
27375
27366
27364
27363
27362
27362
27361
27359
27358
27358
27350
27349
27346
27345
27343
27342
27341
27340
27333
27332
27331
27330
27329
27315
27314
27312
27311
27305
27305
27299
27291
27289
27288
27284
27282
27277
27276
27271
27250
27249
27248
27247
27241
27233
27232
27229
27228
27222
27216
27208
27208
27206
27200
27198
27193
27192
27185
27177
27170
27164
27164
27161
27157
27152
27151
27150
27148
27148
27147
27136
27134
27132
27131
27130
27129
27129
27126
27124
27120
27120
27119
27117
27112
27108
27108
27107
27105
27105
27095
27080
27079
27078
27077
27073
27073
27068
27067
27065
27052
27038
27029
27028
27027
27027
27022
27013
27012
27008
27003
27003
27002
26992
26987
26985
26978
26976
26976
26972
26969
26967
26966
26965
26957
26956
26955
26954
26952
26949
26947
26946
26946
26944
26938
26935
26933
26931
26924
26922
26920
26916
26904
26897
26893
26888
26886
26880
26874
26874
26869
26858
26856
26852
26847
26842
26837
26831
26829
26827
26823
26822
26818
26812
26811
26807
26796
26791
26790
26786
26786
26783
26781
26781
26780
26779
26778
26778
26778
26772
26770
26763
26752
26745
26739
26728
26727
26725
26724
26723
26722
26720
26718
26715
26714
26711
26708
26703
26700
26699
26694
26692
26685
26682
26681
26680
26674
26669
26663
26663
26659
26653
26650
26641
26638
26632
26623
26616
26615
26610
26604
26601
26596
26595
26595
26592
26592
26590
26588
26584
26578
26571
26570
26569
26557
26551
26542
26540
26533
26529
26528
26524
26523
26518
26517
26503
26502
26500
26500
26489
26485
26485
26477
26474
26473
26473
26472
26466
26463
26461
26455
26454
26447
26447
26439
26435
26429
26429
26428
26427
26425
26422
26416
26415
26415
26405
26405
26402
26400
26399
26398
26395
26391
26386
26386
26385
26383
26383
26378
26377
26376
26375
26375
26372
26371
26371
26369
26358
26357
26349
26346
26345
26345
26343
26339
26339
26339
26331
26331
26328
26326
26323
26322
26321
26315
26310
26309
26309
26308
26306
26303
26303
26299
26295
26291
26288
26288
26285
26281
26279
26277
26274
26271
26264
26264
26260
26259
26247
26245
26240
26239
26234
26228
26221
26212
26210
26207
26207
26201
26197
26195
26192
26189
26189
26185
26184
26180
26171
26171
26169
26169
26160
26158
26158
26158
26157
26153
26151
26143
26131
26127
26126
26126
26120
26117
26115
26113
26108
26100
26099
26084
26076
26075
26070
26068
26067
26063
26059
26059
26047
26044
26041
26040
26037
26025
26016
26013
26013
26007
26003
26002
26001
26000
25998
25998
25989
25985
25984
25984
25983
25983
25978
25978
25973
25965
25955
25951
25948
25947
25944
25941
25924
25924
25919
25916
25915
25914
25906
25905
25895
25895
25894
25894
25889
25887
25880
25880
25879
25873
25869
25868
25865
25864
25862
25861
25861
25860
25852
25851
25837
25831
25827
25825
25824
25821
25821
25819
25814
25813
25812
25808
25807
25807
25806
25806
25805
25805
25803
25803
25802
25800
25799
25792
25787
25787
25786
25781
25778
25777
25776
25760
25758
25757
25754
25751
25751
25747
25743
25743
25742
25739
25739
25738
25734
25733
25732
25730
25725
25724
25720
25710
25709
25705
25689
25687
25683
25681
25680
25670
25669
25659
25658
25654
25652
25648
25647
25645
25644
25641
25640
25629
25629
25627
25627
25627
25609
25602
25601
25601
25599
25597
25597
25593
25591
25588
25588
25586
25585
25581
25577
25576
25574
25574
25570
25569
25561
25560
25554
25553
25553
25552
25549
25548
25548
25534
25522
25522
25519
25515
25514
25511
25505
25505
25503
25500
25497
25496
25487
25477
25476
25455
25452
25448
25441
25438
25436
25434
25434
25429
25429
25428
25427
25418
25418
25417
25409
25405
25404
25400
25397
25396
25392
25390
25389
25387
25387
25384
25380
25379
25379
25376
25376
25373
25367
25367
25365
25363
25360
25358
25356
25352
25350
25347
25341
25340
25336
25335
25330
25329
25327
25327
25321
25319
25316
25311
25311
25302
25298
25294
25293
25291
25289
25288
25285
25285
25282
25276
25274
25272
25264
25262
25260
25258
25251
25251
25250
25246
25236
25235
25230
25228
25226
25226
25221
25218
25218
25209
25207
25198
25197
25194
25192
25189
25189
25184
25174
25169
25164
25158
25155
25155
25153
25152
25149
25149
25148
25148
25139
25138
25137
25125
25124
25123
25119
25110
25110
25110
25097
25095
25095
25089
25087
25087
25085
25083
25075
25074
25072
25069
25062
25061
25057
25051
25048
25039
25036
25030
25028
25027
25027
25018
25005
25005
25004
25002
24994
24994
24992
24991
24989
24988
24987
24985
24982
24976
24975
24966
24963
24961
24958
24953
24952
24951
24951
24950
24947
24943
24941
24940
24939
24937
24937
24933
24929
24926
24922
24921
24918
24913
24912
24899
24899
24897
24886
24886
24886
24882
24881
24878
24874
24869
24868
24864
24863
24860
24854
24835
24833
24829
24827
24826
24820
24817
24810
24806
24802
24801
24800
24796
24795
24790
24788
24779
24773
24771
24768
24757
24756
24750
24750
24748
24743
24738
24729
24729
24728
24727
24722
24721
24719
24716
24712
24710
24707
24704
24701
24701
24698
24697
24694
24686
24679
24676
24675
24668
24663
24661
24657
24656
24646
24645
24643
24639
24634
24631
24629
24620
24615
24614
24613
24605
24596
24584
24577
24575
24573
24571
24571
24569
24567
24567
24564
24564
24560
24552
24545
24538
24537
24528
24527
24527
24526
24525
24523
24523
24522
24522
24520
24519
24517
24517
24515
24515
24514
24514
24514
24508
24506
24506
24502
24501
24500
24499
24496
24494
24487
24483
24483
24481
24478
24473
24467
24466
24456
24455
24455
24449
24444
24443
24440
24439
24438
24435
24429
24426
24422
24422
24419
24414
24413
24412
24406
24402
24399
24393
24390
24383
24382
24378
24372
24370
24369
24356
24354
24346
24344
24344
24343
24338
24338
24338
24335
24335
24335
24334
24332
24331
24328
24328
24324
24319
24316
24315
24312
24311
24306
24306
24304
24300
24293
24290
24289
24287
24282
24282
24277
24268
24267
24267
24261
24261
24259
24259
24252
24249
24247
24246
24246
24245
24242
24240
24238
24235
24235
24235
24233
24229
24221
24206
24204
24203
24197
24195
24187
24187
24186
24182
24182
24179
24172
24170
24159
24152
24150
24148
24147
24145
24143
24143
24142
24139
24135
24133
24132
24119
24114
24111
24109
24108
24104
24101
24100
24098
24096
24096
24086
24082
24082
24079
24079
24079
24078
24071
24069
24068
24066
24065
24065
24064
24053
24046
24043
24037
24032
24030
24029
24029
24028
24028
24021
24019
24019
24018
24011
24000
23993
23990
23990
23989
23986
23981
23980
23978
23975
23974
23974
23974
23972
23972
23972
23971
23969
23963
23958
23951
23946
23944
23935
23934
23929
23926
23926
23920
23920
23916
23916
23914
23911
23909
23907
23906
23901
23900
23896
23895
23891
23890
23883
23877
23875
23872
23863
23862
23861
23860
23854
23851
23850
23850
23850
23848
23842
23841
23840
23837
23836
23832
23832
23831
23831
23828
23824
23824
23822
23818
23817
23816
23816
23803
23800
23798
23795
23795
23790
23780
23774
23772
23770
23766
23763
23758
23757
23751
23748
23741
23739
23738
23730
23727
23726
23720
23711
23707
23706
23705
23703
23699
23697
23686
23673
23668
23667
23664
23663
23661
23652
23651
23648
23644
23642
23641
23637
23634
23630
23626
23626
23624
23618
23610
23606
23603
23601
23601
23600
23599
23599
23594
23594
23593
23590
23578
23578
23574
23570
23570
23570
23568
23555
23554
23551
23546
23545
23541
23540
23539
23537
23535
23534
23534
23532
23530
23529
23527
23522
23521
23516
23514
23513
23511
23509
23505
23502
23499
23498
23492
23482
23482
23481
23477
23475
23464
23463
23457
23453
23445
23445
23438
23436
23436
23436
23424
23420
23411
23408
23401
23401
23400
23390
23389
23386
23386
23377
23375
23370
23370
23368
23368
23353
23349
23345
23344
23338
23329
23326
23317
23316
23316
23305
23298
23285
23282
23277
23270
23268
23267
23265
23264
23262
23259
23257
23256
23255
23255
23244
23243
23241
23241
23240
23236
23232
23231
23215
23214
23211
23211
23209
23207
23207
23204
23201
23200
23199
23188
23187
23183
23183
23181
23179
23173
23172
23171
23170
23169
23168
23162
23161
23160
23159
23158
23153
23151
23150
23149
23149
23146
23145
23140
23135
23127
23123
23121
23121
23115
23112
23108
23107
23106
23106
23103
23103
23101
23101
23099
23098
23094
23093
23092
23092
23090
23090
23081
23081
23077
23073
23071
23065
23062
23054
23049
23048
23046
23046
23033
23032
23029
23029
23025
23021
23016
23016
23016
23014
23011
23010
23010
23009
23008
23005
22996
22994
22993
22983
22981
22980
22975
22975
22973
22972
22970
22965
22964
22963
22958
22958
22957
22953
22952
22949
22949
22941
22939
22939
22936
22934
22933
22922
22918
22918
22918
22918
22916
22910
22906
22905
22895
22878
22877
22876
22873
22867
22867
22867
22862
22857
22856
22853
22847
22845
22840
22838
22832
22832
22831
22831
22827
22826
22823
22822
22816
22815
22808
22802
22799
22795
22792
22784
22782
22781
22767
22766
22761
22754
22751
22741
22741
22740
22739
22731
22727
22724
22724
22716
22712
22710
22709
22706
22706
22704
22702
22702
22701
22699
22698
22697
22692
22686
22684
22684
22683
22681
22680
22679
22677
22671
22666
22664
22660
22657
22655
22653
22653
22647
22646
22642
22641
22641
22640
22636
22634
22630
22630
22627
22625
22624
22618
22617
22614
22608
22598
22595
22595
22588
22585
22572
22564
22563
22562
22559
22553
22550
22547
22541
22539
22538
22537
22528
22524
22520
22508
22505
22504
22504
22503
22503
22499
22497
22494
22489
22488
22487
22485
22483
22474
22467
22467
22457
22451
22448
22445
22443
22440
22435
22425
22418
22414
22413
22410
22405
22399
22394
22393
22393
22392
22391
22388
22383
22383
22381
22376
22376
22375
22374
22369
22364
22360
22358
22357
22355
22354
22351
22347
22345
22344
22342
22337
22334
22330
22330
22323
22321
22321
22318
22316
22315
22309
22305
22298
22293
22292
22292
22288
22285
22284
22282
22264
22262
22261
22259
22254
22252
22252
22250
22249
22249
22245
22244
22238
22232
22231
22231
22226
22224
22217
22216
22216
22215
22210
22209
22194
22192
22189
22188
22185
22185
22183
22174
22173
22170
22165
22163
22161
22160
22159
22158
22155
22150
22147
22147
22146
22146
22132
22131
22130
22123
22122
22119
22117
22110
22105
22104
22103
22102
22092
22091
22090
22081
22079
22075
22073
22073
22070
22066
22064
22064
22058
22058
22056
22055
22049
22047
22044
22035
22033
22030
22030
22029
22029
22029
22027
22024
22024
22024
22017
22017
22013
22013
22009
22006
22004
22000
21989
21983
21981
21980
21977
21974
21971
21969
21968
21967
21961
21955
21955
21948
21947
21942
21940
21939
21936
21927
21925
21922
21920
21912
21911
21907
21906
21906
21891
21887
21879
21879
21876
21867
21867
21863
21863
21862
21857
21852
21834
21825
21816
21816
21805
21804
21802
21790
21788
21782
21782
21770
21768
21767
21766
21766
21763
21759
21757
21757
21753
21751
21750
21749
21742
21741
21740
21737
21734
21730
21730
21729
21726
21725
21715
21709
21704
21703
21701
21694
21687
21683
21681
21676
21676
21676
21676
21675
21672
21671
21667
21667
21663
21658
21656
21648
21646
21638
21633
21625
21622
21617
21616
21614
21611
21607
21596
21591
21586
21584
21576
21570
21569
21566
21564
21563
21562
21552
21546
21541
21540
21540
21539
21533
21532
21531
21531
21530
21528
21527
21523
21520
21515
21513
21507
21506
21504
21497
21494
21482
21478
21477
21475
21475
21473
21470
21465
21461
21461
21460
21459
21446
21445
21444
21441
21435
21431
21430
21428
21426
21423
21421
21415
21414
21413
21413
21407
21401
21400
21399
21398
21396
21394
21392
21387
21384
21378
21377
21377
21374
21368
21365
21361
21358
21347
21338
21336
21335
21334
21334
21333
21332
21330
21330
21328
21320
21315
21313
21311
21310
21306
21295
21292
21292
21289
21284
21278
21274
21266
21266
21262
21261
21259
21258
21256
21256
21251
21242
21239
21235
21234
21233
21229
21228
21216
21216
21215
21215
21213
21208
21206
21202
21201
21198
21192
21189
21188
21187
21185
21185
21178
21174
21173
21171
21170
21166
21165
21164
21164
21162
21152
21150
21150
21139
21139
21136
21133
21124
21122
21118
21118
21118
21115
21111
21110
21107
21106
21106
21106
21102
21102
21098
21094
21091
21091
21090
21089
21085
21083
21082
21081
21079
21069
21065
21064
21061
21061
21054
21050
21048
21043
21043
21036
21033
21031
21026
21026
21022
21014
21014
21012
21011
21006
20999
20992
20991
20990
20989
20973
20971
20966
20964
20962
20959
20959
20958
20958
20958
20952
20949
20921
20921
20920
20915
20914
20908
20907
20906
20901
20900
20900
20895
20884
20883
20881
20881
20877
20875
20874
20873
20871
20869
20868
20864
20860
20851
20850
20847
20846
20845
20842
20840
20839
20836
20835
20833
20831
20830
20827
20824
20823
20822
20819
20818
20812
20812
20808
20807
20806
20802
20800
20800
20791
20787
20784
20781
20779
20779
20776
20775
20772
20770
20767
20766
20765
20764
20756
20755
20748
20747
20744
20730
20721
20716
20712
20711
20704
20695
20688
20685
20684
20680
20670
20668
20663
20662
20645
20643
20640
20639
20635
20634
20632
20629
20619
20618
20612
20606
20601
20600
20593
20592
20588
20584
20576
20576
20568
20553
20550
20547
20545
20537
20536
20520
20518
20511
20510
20507
20504
20500
20500
20498
20486
20486
20480
20479
20478
20478
20475
20474
20473
20465
20462
20459
20458
20455
20453
20444
20444
20443
20441
20441
20441
20439
20439
20438
20438
20434
20428
20428
20428
20427
20424
20424
20423
20420
20417
20411
20410
20408
20407
20403
20401
20400
20398
20393
20391
20390
20390
20388
20386
20386
20384
20384
20382
20378
20376
20372
20370
20368
20364
20359
20348
20339
20335
20333
20327
20316
20315
20314
20301
20301
20300
20296
20292
20291
20291
20289
20287
20284
20281
20272
20269
20269
20266
20265
20261
20258
20254
20250
20249
20245
20242
20242
20241
20235
20225
20224
20224
20217
20214
20213
20209
20209
20207
20202
20197
20184
20184
20181
20180
20179
20177
20175
20169
20164
20161
20157
20157
20156
20152
20151
20150
20146
20143
20141
20133
20131
20123
20114
20113
20110
20106
20103
20099
20096
20091
20087
20087
20086
20081
20062
20061
20060
20041
20038
20033
20030
20023
20022
20015
20013
20010
20006
20001
19998
19997
19996
19996
19984
19978
19978
19977
19977
19971
19971
19969
19967
19965
19964
19962
19957
19957
19955
19955
19948
19944
19942
19936
19936
19931
19931
19930
19922
19921
19920
19917
19915
19908
19905
19899
19898
19897
19896
19891
19888
19886
19878
19873
19867
19866
19865
19857
19853
19852
19851
19843
19836
19834
19834
19833
19833
19832
19818
19817
19816
19814
19812
19810
19810
19806
19805
19801
19801
19800
19799
19798
19798
19795
19792
19792
19790
19783
19776
19771
19748
19745
19724
19723
19717
19716
19715
19711
19710
19697
19697
19697
19691
19681
19668
19666
19665
19665
19660
19659
19659
19654
19652
19652
19633
19629
19628
19628
19626
19626
19621
19620
19617
19608
19608
19606
19606
19604
19604
19601
19599
19598
19598
19592
19591
19590
19586
19581
19581
19576
19572
19572
19571
19569
19563
19562
19557
19553
19548
19548
19527
19523
19522
19517
19515
19512
19508
19508
19507
19506
19505
19501
19497
19495
19495
19494
19491
19490
19489
19488
19485
19475
19474
19466
19465
19464
19461
19461
19460
19436
19436
19432
19427
19421
19420
19418
19413
19411
19409
19406
19404
19394
19392
19392
19391
19388
19382
19374
19374
19370
19368
19367
19363
19362
19356
19355
19353
19353
19352
19344
19343
19343
19341
19340
19339
19336
19335
19335
19333
19332
19331
19328
19327
19323
19321
19306
19305
19303
19302
19300
19300
19298
19297
19296
19294
19293
19286
19284
19284
19279
19278
19277
19277
19273
19273
19273
19271
19268
19262
19262
19259
19251
19251
19250
19242
19241
19235
19234
19231
19230
19227
19224
19220
19214
19213
19199
19190
19188
19187
19185
19185
19185
19183
19176
19173
19171
19171
19164
19164
19161
19161
19155
19151
19151
19150
19150
19150
19147
19145
19140
19129
19128
19125
19122
19121
19119
19118
19118
19114
19113
19107
19104
19104
19098
19096
19090
19087
19087
19083
19082
19074
19069
19067
19066
19055
19051
19049
19048
19047
19042
19042
19028
19028
19019
19015
19012
19012
19011
19005
19000
19000
18996
18995
18993
18991
18987
18985
18984
18979
18976
18975
18973
18969
18969
18968
18966
18966
18963
18955
18951
18949
18945
18944
18940
18937
18931
18930
18925
18925
18917
18913
18907
18897
18890
18887
18883
18877
18875
18874
18868
18867
18867
18867
18867
18866
18859
18854
18846
18846
18846
18841
18838
18834
18831
18829
18829
18823
18820
18816
18816
18808
18807
18807
18796
18795
18784
18781
18780
18779
18777
18776
18774
18773
18771
18757
18757
18757
18757
18752
18752
18745
18737
18735
18727
18723
18719
18717
18709
18706
18701
18700
18699
18693
18692
18689
18689
18686
18685
18683
18673
18669
18665
18664
18659
18657
18652
18643
18642
18633
18625
18619
18615
18613
18606
18606
18606
18603
18602
18601
18601
18596
18592
18589
18587
18587
18584
18577
18575
18573
18568
18568
18567
18565
18564
18561
18558
18549
18548
18548
18548
18544
18541
18524
18516
18503
18500
18498
18498
18497
18488
18482
18476
18470
18468
18468
18467
18467
18464
18453
18452
18447
18442
18431
18429
18417
18414
18414
18412
18411
18411
18410
18409
18408
18405
18404
18403
18398
18388
18388
18387
18381
18378
18378
18369
18368
18368
18363
18361
18360
18360
18358
18354
18354
18349
18348
18348
18340
18339
18339
18337
18334
18333
18332
18331
18320
18313
18308
18306
18303
18302
18301
18297
18294
18292
18292
18286
18285
18284
18282
18281
18278
18276
18275
18273
18271
18270
18268
18265
18262
18261
18259
18257
18246
18244
18243
18242
18240
18229
18222
18217
18209
18204
18204
18203
18203
18201
18200
18191
18188
18188
18184
18176
18176
18168
18168
18167
18165
18163
18162
18159
18153
18149
18149
18140
18138
18136
18133
18130
18128
18127
18119
18118
18104
18102
18099
18098
18096
18096
18095
18090
18084
18084
18082
18082
18082
18081
18070
18063
18061
18059
18057
18056
18054
18052
18047
18042
18037
18037
18036
18033
18033
18032
18030
18030
18029
18025
18024
18023
18022
18020
18015
18012
18012
18010
17990
17989
17987
17983
17982
17978
17973
17966
17964
17960
17960
17957
17956
17956
17945
17944
17941
17931
17927
17925
17924
17920
17920
17917
17916
17915
17915
17914
17911
17908
17907
17903
17889
17872
17870
17864
17861
17857
17854
17853
17853
17851
17849
17844
17844
17842
17841
17837
17835
17831
17831
17826
17824
17823
17813
17806
17805
17803
17803
17799
17799
17797
17788
17788
17768
17759
17756
17750
17747
17744
17743
17743
17739
17737
17727
17715
17714
17712
17712
17709
17707
17704
17698
17690
17688
17687
17687
17686
17685
17683
17678
17676
17674
17672
17671
17670
17669
17668
17667
17664
17663
17658
17658
17655
17655
17654
17651
17640
17636
17636
17635
17629
17617
17615
17610
17608
17608
17605
17602
17598
17597
17593
17592
17591
17589
17589
17587
17580
17575
17573
17570
17566
17565
17564
17563
17555
17543
17528
17525
17517
17517
17516
17516
17515
17515
17505
17504
17502
17496
17495
17493
17487
17487
17486
17484
17483
17476
17476
17473
17471
17467
17467
17467
17467
17462
17462
17455
17453
17436
17435
17427
17426
17417
17415
17415
17414
17411
17409
17404
17398
17391
17388
17388
17387
17386
17382
17381
17379
17379
17374
17371
17369
17367
17366
17362
17358
17349
17349
17336
17335
17333
17329
17324
17322
17320
17318
17314
17313
17311
17304
17302
17298
17292
17284
17279
17273
17272
17264
17260
17257
17257
17252
17250
17247
17242
17241
17241
17237
17235
17233
17229
17227
17226
17226
17226
17224
17221
17219
17210
17209
17208
17208
17207
17207
17202
17201
17201
17200
17197
17175
17174
17172
17169
17169
17169
17164
17163
17162
17161
17159
17152
17151
17150
17138
17136
17133
17132
17132
17129
17129
17115
17113
17112
17104
17098
17097
17094
17094
17091
17090
17089
17081
17079
17078
17077
17072
17067
17067
17066
17057
17057
17055
17054
17049
17045
17041
17037
17028
17026
17024
17024
17024
17020
17007
17002
17001
17000
16997
16996
16988
16983
16983
16982
16980
16980
16975
16965
16962
16959
16959
16959
16956
16952
16951
16947
16946
16942
16941
16940
16940
16936
16935
16933
16932
16928
16917
16914
16912
16911
16902
16895
16885
16884
16883
16881
16881
16880
16879
16877
16871
16868
16867
16862
16860
16855
16849
16842
16842
16842
16833
16832
16828
16825
16823
16821
16820
16815
16802
16798
16794
16792
16791
16791
16783
16782
16781
16774
16774
16771
16770
16753
16752
16751
16747
16747
16747
16746
16745
16744
16742
16737
16735
16735
16726
16723
16722
16720
16719
16709
16708
16707
16705
16703
16698
16695
16694
16693
16691
16688
16688
16661
16655
16646
16646
16642
16641
16640
16639
16637
16635
16627
16622
16622
16621
16621
16618
16614
16614
16613
16610
16610
16607
16606
16601
16592
16592
16589
16585
16583
16582
16579
16579
16570
16568
16566
16564
16562
16561
16559
16555
16554
16531
16531
16527
16526
16522
16522
16520
16516
16515
16513
16510
16505
16504
16500
16500
16498
16495
16493
16492
16486
16483
16483
16481
16478
16477
16474
16469
16469
16465
16454
16453
16447
16447
16447
16442
16429
16425
16424
16422
16421
16418
16409
16408
16400
16392
16389
16388
16387
16386
16386
16381
16381
16379
16378
16361
16348
16346
16345
16339
16337
16330
16329
16325
16322
16322
16321
16318
16314
16311
16309
16308
16307
16307
16306
16306
16303
16303
16295
16293
16287
16286
16284
16282
16280
16279
16275
16274
16273
16272
16264
16263
16262
16260
16260
16253
16248
16245
16243
16242
16240
16239
16239
16238
16237
16236
16234
16234
16231
16219
16217
16196
16193
16192
16188
16187
16185
16180
16178
16168
16163
16163
16161
16149
16148
16148
16147
16143
16141
16135
16130
16126
16126
16117
16115
16112
16110
16109
16108
16101
16100
16100
16099
16097
16096
16094
16089
16089
16086
16084
16079
16074
16073
16069
16068
16065
16059
16059
16057
16052
16049
16048
16045
16042
16042
16038
16026
16025
16020
16019
16007
16007
16007
15999
15996
15995
15985
15983
15982
15976
15970
15968
15968
15964
15964
15964
15961
15958
15955
15948
15947
15945
15942
15939
15934
15932
15932
15930
15925
15921
15917
15916
15914
15911
15910
15910
15908
15907
15899
15896
15896
15895
15887
15885
15885
15879
15877
15872
15872
15871
15870
15869
15853
15849
15845
15845
15843
15843
15835
15834
15830
15825
15822
15814
15813
15810
15809
15806
15801
15796
15795
15792
15791
15789
15782
15781
15777
15774
15755
15746
15745
15742
15739
15735
15734
15728
15724
15722
15721
15721
15721
15715
15714
15709
15702
15701
15696
15696
15694
15686
15685
15676
15670
15667
15664
15661
15659
15658
15654
15649
15645
15642
15634
15633
15630
15627
15626
15625
15622
15615
15615
15614
15613
15604
15599
15595
15594
15593
15583
15579
15578
15575
15575
15572
15569
15560
15558
15557
15552
15550
15546
15545
15544
15544
15534
15529
15521
15510
15507
15499
15498
15482
15479
15475
15473
15464
15461
15456
15456
15452
15446
15437
15436
15436
15433
15432
15427
15427
15427
15423
15418
15417
15417
15414
15410
15406
15406
15401
15398
15397
15394
15393
15392
15390
15383
15377
15370
15369
15369
15362
15361
15358
15351
15349
15340
15334
15333
15331
15328
15327
15324
15321
15315
15313
15310
15309
15309
15307
15302
15298
15298
15295
15291
15288
15284
15282
15270
15267
15264
15254
15251
15245
15242
15241
15233
15231
15228
15227
15226
15224
15222
15221
15217
15217
15200
15196
15195
15192
15185
15184
15181
15175
15164
15164
15159
15158
15157
15155
15145
15141
15139
15136
15134
15132
15128
15119
15117
15113
15111
15103
15101
15101
15093
15086
15084
15083
15083
15077
15073
15072
15070
15070
15070
15070
15070
15063
15061
15060
15048
15046
15043
15042
15038
15034
15029
15012
15011
15009
15009
14998
14997
14996
14984
14983
14979
14971
14962
14960
14959
14958
14954
14953
14952
14952
14948
14946
14943
14926
14925
14917
14916
14915
14910
14908
14908
14897
14896
14888
14886
14885
14884
14884
14875
14873
14864
14863
14859
14859
14841
14833
14806
14799
14797
14794
14794
14791
14782
14776
14772
14769
14767
14766
14765
14763
14761
14761
14761
14760
14752
14749
14740
14738
14730
14727
14722
14719
14716
14709
14709
14708
14706
14705
14705
14704
14700
14699
14696
14691
14691
14690
14688
14688
14676
14673
14672
14668
14668
14664
14664
14662
14662
14657
14657
14655
14653
14653
14651
14650
14649
14645
14637
14636
14628
14616
14608
14607
14606
14599
14594
14592
14590
14586
14584
14582
14577
14573
14570
14570
14570
14568
14562
14561
14561
14557
14556
14555
14535
14532
14529
14526
14525
14519
14519
14511
14505
14501
14499
14494
14489
14488
14483
14481
14473
14471
14464
14459
14459
14458
14458
14453
14448
14447
14447
14446
14445
14444
14444
14443
14442
14440
14434
14433
14430
14428
14412
14409
14408
14402
14394
14385
14384
14379
14373
14370
14369
14361
14361
14360
14351
14350
14346
14343
14341
14338
14332
14331
14330
14329
14329
14325
14316
14314
14309
14306
14305
14304
14292
14290
14288
14286
14284
14282
14276
14267
14261
14260
14257
14252
14251
14246
14246
14242
14239
14234
14233
14230
14224
14224
14222
14219
14213
14212
14212
14210
14206
14206
14205
14204
14203
14198
14195
14193
14184
14183
14182
14179
14177
14172
14169
14169
14166
14162
14162
14161
14157
14157
14144
14144
14144
14143
14138
14135
14134
14131
14127
14122
14121
14118
14117
14110
14104
14103
14101
14099
14098
14092
14089
14088
14085
14080
14080
14077
14057
14052
14036
14035
14026
14024
14022
14020
14014
14013
14010
14006
14003
14001
14000
13996
13993
13992
13991
13989
13988
13984
13984
13973
13972
13964
13961
13961
13957
13956
13955
13952
13950
13942
13936
13927
13927
13926
13916
13913
13911
13910
13904
13897
13894
13889
13886
13884
13880
13878
13866
13865
13862
13859
13859
13857
13856
13852
13852
13852
13848
13846
13845
13839
13838
13837
13837
13837
13833
13833
13832
13828
13819
13816
13812
13805
13801
13800
13797
13793
13789
13785
13782
13782
13780
13774
13769
13763
13744
13742
13741
13740
13740
13735
13733
13733
13732
13730
13729
13726
13721
13716
13714
13714
13709
13708
13708
13707
13706
13706
13703
13699
13697
13695
13692
13691
13688
13686
13680
13674
13674
13673
13672
13665
13656
13653
13650
13649
13647
13646
13645
13640
13632
13632
13624
13621
13618
13610
13607
13607
13605
13604
13600
13599
13599
13598
13588
13586
13583
13582
13574
13573
13565
13565
13565
13562
13562
13558
13553
13552
13551
13549
13545
13541
13541
13539
13537
13530
13528
13526
13522
13522
13520
13516
13515
13510
13509
13508
13504
13503
13501
13501
13500
13496
13495
13493
13490
13487
13485
13484
13479
13471
13469
13466
13463
13461
13459
13459
13458
13452
13450
13449
13448
13444
13443
13442
13442
13440
13439
13437
13436
13434
13433
13429
13428
13427
13426
13425
13424
13420
13419
13413
13410
13405
13404
13396
13392
13382
13381
13377
13375
13372
13370
13366
13361
13358
13358
13350
13343
13342
13342
13341
13340
13340
13338
13337
13336
13332
13327
13325
13324
13318
13313
13311
13307
13305
13298
13296
13293
13292
13288
13283
13283
13283
13282
13262
13262
13261
13260
13257
13252
13249
13248
13247
13238
13237
13236
13231
13231
13228
13227
13221
13220
13215
13211
13210
13206
13206
13198
13197
13196
13195
13195
13185
13184
13183
13181
13180
13176
13176
13170
13158
13155
13153
13150
13141
13138
13135
13135
13134
13133
13124
13120
13117
13114
13110
13109
13109
13108
13107
13106
13104
13100
13100
13099
13093
13093
13092
13090
13084
13081
13079
13077
13076
13071
13069
13062
13060
13059
13055
13054
13054
13053
13049
13048
13036
13033
13031
13030
13022
13016
13011
13010
13008
12997
12992
12991
12984
12980
12978
12976
12975
12967
12967
12961
12960
12958
12953
12951
12950
12948
12947
12946
12944
12937
12934
12928
12926
12922
12916
12915
12914
12903
12897
12887
12886
12866
12851
12849
12847
12846
12843
12842
12837
12834
12828
12823
12823
12818
12818
12818
12800
12799
12788
12776
12772
12769
12763
12762
12758
12754
12743
12740
12738
12734
12728
12727
12724
12718
12712
12709
12707
12704
12704
12702
12701
12693
12688
12686
12684
12682
12677
12671
12668
12668
12668
12666
12664
12661
12661
12657
12655
12655
12652
12646
12638
12624
12620
12619
12614
12607
12604
12599
12595
12593
12588
12587
12587
12584
12584
12583
12579
12578
12574
12569
12564
12564
12563
12561
12559
12559
12556
12556
12551
12549
12547
12537
12532
12523
12516
12512
12507
12498
12498
12495
12492
12489
12489
12488
12487
12483
12474
12473
12473
12469
12465
12465
12459
12459
12458
12448
12444
12439
12437
12432
12428
12428
12426
12420
12420
12411
12406
12401
12401
12400
12399
12393
12381
12376
12376
12371
12371
12366
12362
12362
12359
12359
12358
12356
12351
12350
12344
12343
12342
12336
12336
12320
12310
12305
12303
12299
12299
12299
12297
12296
12294
12289
12281
12274
12271
12265
12259
12257
12247
12242
12242
12241
12241
12240
12238
12235
12214
12200
12199
12196
12196
12177
12175
12174
12168
12168
12165
12163
12157
12138
12133
12133
12132
12130
12129
12122
12122
12119
12119
12119
12118
12118
12117
12108
12101
12095
12086
12084
12082
12081
12080
12079
12071
12069
12065
12061
12061
12059
12059
12059
12056
12056
12050
12044
12039
12038
12032
12030
12028
12027
12025
12024
12020
12020
12018
12018
12012
12010
12007
12006
12001
12000
11999
11997
11994
11994
11994
11987
11985
11984
11980
11978
11973
11966
11956
11955
11952
11948
11948
11942
11934
11929
11926
11923
11922
11919
11918
11918
11917
11915
11912
11911
11910
11910
11907
11900
11894
11892
11891
11878
11874
11873
11872
11869
11859
11857
11854
11849
11848
11848
11843
11839
11838
11831
11831
11826
11822
11822
11820
11809
11808
11804
11800
11800
11800
11798
11794
11792
11789
11787
11783
11781
11769
11752
11749
11748
11747
11739
11733
11731
11729
11726
11721
11720
11720
11718
11716
11708
11706
11703
11698
11697
11695
11695
11692
11689
11673
11672
11670
11670
11669
11667
11665
11662
11657
11656
11656
11655
11652
11645
11635
11632
11624
11620
11612
11606
11603
11603
11600
11596
11595
11594
11584
11580
11579
11575
11573
11573
11572
11569
11568
11567
11564
11555
11554
11552
11552
11551
11550
11544
11543
11541
11536
11535
11533
11529
11514
11508
11498
11496
11495
11488
11481
11481
11477
11477
11469
11469
11463
11462
11460
11457
11456
11453
11452
11448
11438
11438
11435
11429
11428
11427
11422
11422
11421
11415
11414
11413
11408
11408
11405
11404
11401
11399
11398
11396
11394
11391
11388
11387
11383
11383
11381
11380
11380
11379
11379
11376
11370
11367
11364
11354
11352
11350
11340
11338
11338
11337
11337
11334
11333
11327
11324
11323
11323
11323
11318
11316
11315
11315
11309
11307
11303
11300
11291
11290
11285
11283
11282
11280
11279
11273
11272
11271
11267
11266
11256
11254
11249
11248
11244
11243
11240
11239
11239
11234
11232
11231
11230
11218
11214
11212
11211
11209
11207
11201
11201
11190
11186
11185
11185
11184
11183
11180
11178
11178
11176
11174
11165
11164
11163
11159
11149
11147
11140
11126
11125
11121
11120
11116
11115
11114
11112
11110
11109
11108
11107
11105
11104
11098
11098
11092
11085
11084
11070
11070
11069
11052
11051
11051
11048
11048
11046
11039
11037
11036
11034
11022
11018
11018
11005
11003
11001
10997
10988
10988
10988
10977
10966
10965
10963
10954
10953
10945
10943
10942
10941
10940
10940
10936
10933
10930
10926
10923
10916
10913
10912
10911
10910
10906
10900
10899
10897
10895
10892
10890
10889
10887
10882
10879
10868
10867
10860
10857
10852
10850
10843
10841
10841
10841
10840
10837
10837
10834
10832
10829
10829
10823
10823
10823
10823
10817
10810
10810
10807
10806
10801
10794
10792
10785
10784
10778
10777
10775
10772
10770
10769
10767
10765
10764
10764
10764
10758
10757
10756
10751
10750
10750
10745
10740
10740
10731
10726
10708
10705
10703
10701
10692
10691
10690
10680
10679
10663
10663
10654
10652
10651
10651
10649
10648
10647
10638
10637
10636
10636
10635
10635
10634
10629
10625
10619
10618
10611
10608
10608
10601
10590
10588
10586
10574
10572
10570
10569
10559
10552
10551
10549
10549
10546
10543
10538
10536
10534
10532
10532
10526
10515
10510
10509
10507
10505
10502
10497
10497
10492
10484
10479
10476
10474
10472
10456
10453
10452
10447
10444
10437
10429
10428
10419
10418
10412
10411
10405
10404
10404
10403
10402
10400
10398
10398
10396
10393
10391
10384
10383
10381
10368
10361
10356
10356
10349
10339
10335
10333
10331
10327
10322
10321
10321
10319
10319
10315
10311
10310
10310
10309
10300
10300
10296
10293
10292
10288
10286
10286
10274
10273
10271
10264
10264
10264
10261
10260
10258
10250
10248
10240
10238
10236
10234
10232
10229
10228
10225
10224
10220
10217
10215
10212
10211
10205
10199
10199
10195
10193
10193
10190
10186
10183
10177
10171
10168
10161
10160
10160
10152
10149
10145
10141
10140
10139
10139
10136
10134
10133
10130
10129
10125
10124
10120
10114
10114
10112
10112
10112
10111
10111
10105
10104
10103
10101
10100
10094
10091
10091
10090
10089
10082
10059
10052
10052
10048
10048
10046
10041
10040
10039
10038
10036
10035
10034
10034
10030
10030
10029
10029
10020
10013
10012
10009
10001
9996
9996
9991
9989
9986
9986
9983
9982
9980
9980
9979
9973
9970
9960
9956
9956
9954
9951
9949
9948
9946
9943
9936
9936
9929
9924
9923
9921
9918
9916
9916
9910
9909
9909
9908
9904
9898
9891
9889
9888
9879
9872
9871
9869
9859
9859
9854
9847
9847
9847
9845
9843
9839
9835
9832
9831
9829
9829
9825
9823
9821
9820
9820
9815
9810
9808
9807
9806
9791
9789
9787
9778
9777
9773
9768
9768
9762
9757
9745
9743
9741
9741
9731
9730
9728
9720
9719
9714
9712
9709
9707
9699
9695
9684
9684
9682
9681
9680
9678
9677
9670
9666
9660
9654
9653
9646
9643
9642
9640
9639
9638
9631
9628
9628
9624
9622
9621
9617
9614
9613
9611
9607
9604
9604
9593
9592
9585
9581
9577
9565
9564
9554
9551
9547
9545
9544
9539
9539
9538
9538
9533
9532
9530
9526
9526
9523
9519
9519
9511
9505
9502
9501
9500
9499
9496
9496
9495
9480
9480
9467
9461
9461
9454
9450
9448
9447
9437
9434
9429
9428
9428
9426
9422
9422
9413
9413
9407
9404
9401
9396
9389
9384
9383
9381
9381
9380
9372
9372
9356
9336
9336
9336
9333
9329
9326
9323
9320
9312
9311
9307
9307
9306
9306
9304
9303
9302
9301
9300
9298
9297
9292
9292
9290
9284
9280
9277
9272
9271
9265
9256
9254
9251
9251
9247
9245
9244
9236
9235
9234
9230
9229
9226
9217
9214
9214
9212
9211
9208
9207
9207
9206
9205
9203
9200
9196
9191
9191
9186
9185
9180
9180
9175
9169
9166
9166
9164
9161
9159
9157
9157
9154
9154
9148
9144
9139
9137
9135
9134
9131
9127
9122
9113
9111
9108
9105
9095
9094
9092
9089
9087
9068
9067
9057
9055
9045
9043
9039
9035
9033
9028
9023
9018
9017
9015
9012
9006
9004
9004
9001
8998
8997
8994
8991
8989
8989
8988
8988
8984
8983
8975
8972
8969
8968
8967
8967
8967
8966
8965
8962
8962
8960
8957
8956
8948
8947
8945
8944
8942
8940
8939
8938
8936
8935
8934
8932
8932
8930
8927
8924
8922
8919
8906
8905
8899
8899
8889
8888
8888
8886
8884
8882
8880
8879
8878
8878
8869
8868
8862
8859
8858
8852
8847
8842
8837
8836
8833
8830
8826
8824
8822
8820
8816
8814
8803
8797
8791
8788
8788
8782
8775
8768
8760
8760
8757
8754
8748
8747
8744
8728
8727
8726
8724
8719
8719
8719
8718
8718
8714
8711
8709
8703
8703
8697
8696
8694
8690
8688
8681
8681
8680
8678
8669
8668
8662
8661
8659
8655
8648
8647
8647
8633
8630
8626
8616
8614
8613
8611
8611
8604
8601
8596
8591
8588
8582
8576
8574
8573
8571
8566
8565
8559
8558
8555
8554
8545
8544
8538
8538
8536
8536
8533
8532
8529
8524
8524
8518
8512
8502
8502
8499
8498
8490
8485
8481
8480
8470
8469
8469
8466
8452
8450
8450
8442
8441
8432
8425
8415
8413
8410
8406
8404
8400
8388
8383
8379
8378
8378
8378
8377
8373
8371
8369
8367
8367
8365
8354
8349
8348
8343
8341
8337
8327
8326
8322
8321
8319
8311
8307
8304
8300
8291
8290
8288
8285
8285
8284
8280
8277
8273
8273
8270
8268
8267
8267
8264
8263
8259
8255
8250
8244
8242
8236
8236
8233
8230
8223
8220
8220
8219
8212
8212
8212
8212
8201
8199
8199
8195
8193
8191
8190
8175
8170
8161
8160
8160
8158
8153
8152
8147
8145
8143
8126
8125
8120
8119
8118
8103
8101
8099
8095
8087
8086
8076
8062
8057
8056
8051
8045
8041
8036
8025
8020
8019
8000
7998
7986
7983
7979
7979
7976
7975
7974
7973
7973
7972
7968
7963
7963
7962
7961
7960
7957
7950
7950
7946
7945
7945
7944
7940
7940
7936
7933
7932
7927
7924
7918
7918
7918
7916
7910
7909
7907
7906
7902
7900
7894
7884
7881
7880
7879
7879
7877
7872
7872
7871
7871
7870
7869
7866
7861
7861
7858
7857
7847
7840
7831
7829
7826
7824
7818
7815
7808
7803
7801
7800
7799
7796
7795
7790
7787
7781
7779
7776
7775
7775
7771
7770
7770
7768
7765
7765
7762
7761
7760
7748
7747
7746
7745
7732
7725
7722
7718
7717
7711
7699
7697
7694
7694
7694
7692
7686
7686
7684
7683
7673
7662
7662
7661
7656
7649
7647
7645
7643
7641
7636
7633
7631
7631
7618
7617
7616
7607
7606
7604
7601
7600
7599
7597
7597
7574
7572
7570
7565
7564
7563
7562
7562
7555
7541
7540
7538
7533
7527
7526
7524
7522
7517
7517
7515
7511
7508
7508
7507
7503
7502
7501
7501
7499
7499
7491
7488
7482
7480
7477
7476
7473
7473
7469
7458
7456
7450
7448
7448
7445
7444
7444
7440
7432
7430
7429
7426
7423
7420
7419
7417
7415
7414
7408
7407
7405
7397
7395
7390
7387
7384
7383
7380
7380
7371
7370
7366
7365
7356
7355
7354
7354
7353
7350
7348
7347
7347
7347
7345
7345
7343
7339
7336
7336
7335
7335
7335
7333
7328
7327
7323
7320
7316
7310
7303
7299
7299
7295
7295
7293
7292
7286
7282
7279
7272
7265
7254
7246
7244
7242
7227
7221
7220
7218
7216
7196
7191
7190
7179
7176
7173
7171
7165
7162
7160
7154
7150
7146
7142
7139
7139
7136
7129
7121
7119
7119
7116
7116
7097
7092
7090
7083
7067
7064
7062
7060
7054
7044
7042
7042
7040
7035
7034
7030
7029
7027
7027
7026
7021
7019
7016
7014
7012
7012
7010
7010
7009
7009
7009
7009
7007
7005
7005
7004
7000
6994
6980
6978
6976
6975
6973
6972
6967
6966
6962
6961
6954
6954
6944
6944
6942
6941
6933
6932
6928
6927
6920
6916
6914
6912
6911
6911
6910
6910
6909
6909
6905
6903
6902
6902
6900
6897
6884
6882
6874
6873
6872
6871
6868
6865
6861
6859
6850
6848
6848
6845
6844
6844
6838
6837
6836
6832
6829
6813
6811
6809
6809
6805
6801
6796
6795
6792
6787
6781
6781
6779
6774
6766
6763
6761
6758
6754
6754
6754
6750
6749
6746
6744
6742
6738
6736
6730
6727
6727
6726
6725
6721
6718
6716
6705
6701
6699
6697
6696
6695
6693
6689
6688
6688
6687
6679
6678
6676
6675
6675
6673
6670
6670
6663
6652
6645
6644
6641
6637
6629
6625
6624
6620
6620
6611
6603
6602
6601
6601
6598
6596
6594
6593
6592
6589
6582
6572
6570
6570
6568
6566
6564
6563
6562
6557
6551
6551
6545
6544
6542
6540
6536
6530
6529
6527
6527
6513
6506
6503
6501
6497
6494
6491
6489
6480
6475
6475
6472
6472
6471
6470
6468
6468
6466
6466
6462
6460
6458
6457
6454
6451
6447
6447
6446
6445
6445
6443
6439
6434
6434
6433
6425
6415
6411
6409
6404
6403
6400
6397
6393
6386
6386
6385
6384
6382
6382
6372
6369
6366
6365
6365
6363
6363
6359
6358
6355
6349
6348
6346
6344
6342
6335
6333
6328
6327
6325
6320
6317
6316
6311
6307
6299
6293
6289
6283
6275
6274
6272
6272
6264
6263
6253
6249
6248
6229
6227
6226
6226
6220
6217
6217
6207
6207
6204
6202
6199
6195
6194
6189
6185
6178
6173
6172
6167
6166
6162
6158
6157
6155
6150
6148
6147
6144
6143
6143
6127
6123
6119
6114
6110
6109
6107
6105
6103
6101
6098
6098
6096
6094
6094
6092
6085
6073
6067
6066
6066
6063
6062
6059
6056
6053
6052
6045
6042
6039
6032
6022
6017
6016
6013
6013
6010
6008
6008
6004
5998
5990
5983
5980
5979
5978
5975
5974
5972
5971
5969
5969
5968
5961
5952
5952
5951
5945
5942
5941
5941
5937
5933
5932
5930
5928
5927
5927
5921
5919
5915
5905
5903
5895
5893
5892
5886
5881
5872
5870
5866
5866
5864
5862
5860
5860
5850
5849
5837
5837
5832
5830
5820
5820
5817
5816
5810
5805
5801
5793
5792
5792
5791
5791
5789
5785
5782
5781
5778
5773
5772
5771
5769
5768
5768
5763
5761
5759
5757
5756
5756
5753
5751
5749
5748
5745
5745
5744
5743
5740
5740
5734
5733
5726
5724
5700
5699
5698
5695
5694
5694
5693
5693
5687
5687
5685
5683
5681
5680
5680
5661
5660
5656
5655
5650
5650
5648
5646
5645
5632
5631
5630
5628
5626
5624
5623
5616
5612
5610
5606
5605
5602
5599
5598
5597
5585
5581
5573
5571
5563
5562
5559
5557
5557
5555
5551
5546
5546
5543
5542
5537
5536
5532
5531
5527
5524
5517
5513
5513
5513
5511
5505
5502
5499
5496
5495
5493
5492
5491
5486
5478
5477
5473
5470
5468
5466
5466
5465
5461
5449
5448
5447
5446
5446
5444
5442
5442
5439
5437
5422
5421
5421
5420
5414
5405
5404
5400
5397
5395
5385
5384
5376
5376
5374
5371
5370
5361
5360
5360
5355
5353
5352
5351
5351
5350
5349
5348
5341
5338
5337
5335
5334
5328
5326
5324
5324
5320
5313
5311
5305
5304
5302
5301
5289
5285
5279
5276
5269
5269
5268
5267
5265
5258
5257
5257
5254
5252
5251
5250
5248
5240
5239
5230
5230
5227
5222
5216
5212
5210
5209
5207
5197
5189
5187
5187
5185
5179
5179
5168
5166
5161
5158
5154
5151
5150
5145
5144
5138
5137
5135
5125
5119
5114
5112
5098
5093
5091
5085
5085
5073
5064
5063
5057
5055
5053
5053
5046
5044
5043
5031
5020
5019
5018
5018
5010
5003
4988
4988
4979
4978
4975
4973
4971
4969
4964
4959
4958
4953
4952
4946
4944
4933
4932
4932
4929
4927
4924
4924
4924
4919
4919
4919
4911
4910
4907
4905
4904
4898
4893
4887
4885
4883
4867
4866
4863
4862
4861
4861
4854
4851
4849
4844
4843
4838
4837
4836
4830
4830
4828
4824
4821
4821
4821
4816
4813
4810
4808
4807
4807
4807
4806
4805
4803
4794
4791
4787
4784
4783
4777
4772
4770
4753
4752
4750
4738
4732
4722
4713
4711
4708
4698
4694
4692
4683
4681
4675
4675
4669
4669
4664
4662
4661
4661
4660
4657
4654
4652
4650
4648
4639
4630
4628
4624
4624
4623
4620
4619
4615
4614
4612
4606
4605
4602
4596
4590
4589
4589
4587
4585
4584
4583
4577
4576
4576
4569
4569
4562
4558
4556
4552
4551
4547
4533
4531
4525
4522
4518
4517
4501
4498
4497
4493
4488
4485
4484
4483
4479
4477
4473
4467
4461
4453
4450
4443
4441
4436
4433
4433
4432
4432
4429
4428
4423
4423
4415
4410
4408
4407
4403
4397
4386
4384
4382
4381
4380
4377
4369
4368
4365
4360
4359
4358
4356
4335
4334
4332
4330
4328
4325
4323
4322
4321
4303
4302
4301
4298
4297
4295
4292
4288
4286
4286
4285
4284
4283
4277
4277
4275
4273
4272
4268
4266
4264
4263
4262
4258
4256
4256
4252
4252
4249
4245
4244
4244
4243
4243
4241
4240
4236
4235
4234
4230
4227
4223
4221
4219
4213
4212
4211
4206
4202
4201
4196
4196
4192
4190
4190
4189
4181
4179
4174
4166
4165
4161
4159
4156
4156
4152
4151
4150
4145
4139
4137
4135
4135
4132
4131
4129
4117
4104
4102
4102
4098
4096
4091
4075
4075
4070
4062
4058
4055
4053
4052
4051
4046
4044
4042
4040
4038
4036
4035
4032
4031
4031
4030
4024
4023
4018
4015
4010
4008
4001
4000
3993
3992
3992
3990
3988
3985
3974
3973
3970
3968
3967
3966
3966
3966
3963
3960
3959
3957
3953
3948
3933
3927
3926
3925
3924
3920
3919
3915
3913
3912
3909
3907
3902
3898
3896
3886
3886
3883
3881
3873
3871
3865
3865
3861
3861
3854
3854
3850
3847
3846
3843
3839
3838
3838
3829
3818
3816
3814
3809
3808
3807
3806
3798
3798
3795
3795
3794
3791
3779
3775
3775
3773
3773
3772
3762
3748
3748
3743
3743
3741
3739
3737
3725
3721
3721
3721
3711
3708
3707
3701
3698
3698
3698
3694
3694
3694
3690
3686
3686
3682
3681
3677
3676
3675
3673
3665
3658
3655
3652
3652
3651
3641
3636
3636
3624
3621
3620
3608
3608
3606
3602
3599
3598
3591
3591
3586
3586
3580
3578
3574
3559
3556
3547
3537
3534
3532
3529
3519
3516
3515
3513
3513
3511
3510
3510
3509
3508
3506
3499
3495
3492
3476
3468
3467
3466
3465
3457
3451
3449
3447
3441
3441
3431
3428
3428
3425
3423
3419
3415
3412
3405
3404
3390
3388
3385
3385
3383
3377
3375
3375
3372
3371
3370
3370
3369
3367
3362
3360
3358
3357
3356
3353
3352
3350
3348
3347
3345
3344
3342
3335
3335
3332
3328
3323
3319
3319
3317
3304
3299
3298
3296
3296
3296
3295
3295
3294
3287
3287
3286
3285
3284
3279
3277
3273
3268
3263
3254
3251
3242
3237
3237
3234
3233
3227
3219
3217
3211
3211
3209
3206
3206
3192
3191
3189
3185
3185
3176
3165
3161
3157
3154
3152
3151
3150
3145
3145
3143
3141
3136
3131
3128
3128
3127
3122
3122
3122
3120
3120
3106
3105
3103
3096
3091
3089
3084
3081
3080
3080
3074
3068
3066
3060
3058
3054
3053
3053
3048
3046
3044
3041
3033
3030
3029
3024
3022
3022
3018
3016
3015
3015
3014
3012
3011
3007
2999
2995
2985
2981
2981
2980
2979
2974
2974
2971
2967
2967
2965
2958
2957
2953
2950
2940
2937
2934
2934
2933
2930
2926
2925
2925
2924
2918
2914
2912
2911
2908
2900
2896
2894
2889
2888
2887
2881
2878
2877
2876
2872
2868
2863
2856
2854
2853
2849
2848
2838
2836
2822
2820
2817
2815
2813
2813
2811
2806
2795
2795
2792
2792
2786
2785
2784
2783
2782
2781
2778
2778
2775
2775
2772
2768
2763
2746
2744
2743
2738
2738
2737
2736
2735
2726
2717
2713
2707
2702
2701
2695
2691
2682
2679
2679
2672
2671
2666
2659
2658
2658
2656
2656
2654
2650
2648
2643
2640
2637
2635
2627
2625
2623
2622
2622
2616
2614
2610
2606
2602
2601
2599
2589
2584
2578
2577
2557
2555
2553
2549
2541
2541
2540
2540
2538
2533
2528
2527
2525
2524
2515
2515
2513
2510
2501
2496
2491
2485
2477
2472
2468
2458
2457
2456
2452
2451
2448
2448
2443
2439
2435
2433
2432
2429
2421
2419
2415
2412
2410
2410
2404
2402
2389
2389
2387
2385
2384
2380
2378
2378
2376
2375
2372
2357
2356
2353
2351
2346
2343
2332
2322
2321
2317
2316
2312
2312
2305
2303
2299
2298
2292
2290
2280
2273
2272
2270
2269
2264
2263
2259
2259
2257
2256
2252
2252
2251
2251
2244
2243
2242
2240
2240
2237
2237
2236
2235
2232
2230
2228
2227
2224
2220
2218
2207
2202
2201
2198
2195
2194
2190
2187
2185
2183
2183
2180
2179
2178
2172
2168
2162
2149
2143
2140
2134
2131
2130
2130
2126
2123
2118
2109
2108
2104
2101
2096
2091
2090
2087
2083
2074
2074
2066
2064
2064
2063
2062
2061
2059
2056
2052
2049
2048
2047
2046
2046
2045
2043
2042
2037
2030
2023
2023
2022
2020
2015
2014
2008
2005
1998
1994
1994
1986
1977
1974
1964
1960
1960
1958
1953
1948
1941
1935
1934
1932
1931
1929
1927
1925
1925
1924
1923
1922
1921
1910
1901
1891
1888
1887
1887
1886
1886
1886
1885
1884
1881
1880
1877
1876
1870
1870
1864
1861
1858
1858
1854
1850
1848
1843
1841
1830
1826
1820
1819
1816
1811
1811
1808
1807
1805
1805
1785
1785
1784
1768
1765
1764
1762
1756
1747
1746
1744
1742
1741
1730
1729
1727
1722
1713
1712
1708
1701
1700
1697
1696
1691
1690
1690
1690
1689
1688
1686
1686
1683
1678
1676
1675
1674
1674
1670
1668
1657
1654
1649
1649
1646
1643
1643
1643
1642
1640
1639
1633
1629
1628
1626
1626
1623
1622
1621
1620
1611
1607
1607
1602
1600
1599
1599
1594
1588
1587
1587
1578
1576
1568
1564
1564
1563
1557
1545
1538
1534
1532
1531
1526
1524
1523
1522
1518
1510
1509
1507
1481
1473
1457
1454
1449
1448
1442
1438
1433
1425
1423
1419
1414
1410
1405
1398
1394
1394
1394
1392
1387
1387
1378
1374
1370
1364
1355
1353
1352
1352
1346
1339
1339
1337
1336
1330
1330
1330
1328
1323
1321
1316
1311
1309
1308
1301
1301
1298
1296
1295
1291
1291
1290
1290
1285
1282
1281
1280
1270
1267
1265
1264
1263
1261
1260
1259
1257
1256
1251
1250
1250
1247
1247
1246
1239
1237
1233
1232
1232
1231
1230
1228
1225
1224
1213
1209
1207
1194
1192
1188
1180
1177
1166
1158
1157
1156
1156
1155
1136
1132
1130
1128
1127
1123
1122
1119
1113
1108
1107
1105
1097
1095
1094
1093
1089
1079
1078
1078
1075
1074
1074
1074
1072
1072
1069
1064
1062
1061
1058
1056
1054
1053
1053
1049
1046
1041
1035
1032
1031
1023
1023
1022
1019
1015
1012
1012
1008
1005
1003
1002
994
989
987
986
983
976
971
963
956
949
947
945
944
937
930
930
929
929
926
924
923
916
911
909
901
901
900
899
888
888
887
886
875
862
862
856
854
853
849
848
846
841
841
834
828
822
815
811
803
801
799
798
795
795
794
792
791
790
789
786
785
783
781
776
772
772
766
765
763
762
760
756
753
750
748
742
742
741
740
739
737
729
727
713
698
696
696
694
692
692
691
690
688
688
688
682
680
677
672
671
670
666
665
657
656
655
654
653
653
651
645
642
637
634
627
619
619
613
607
606
598
597
595
584
583
581
580
577
576
569
568
566
562
557
556
555
553
549
547
547
543
541
537
532
530
529
527
525
523
522
521
519
507
507
505
498
498
498
495
495
491
488
488
482
478
469
457
452
451
449
444
441
436
431
428
424
424
424
424
419
416
415
410
405
404
403
401
397
394
390
381
380
379
377
371
370
366
365
359
357
356
356
350
348
347
345
339
338
334
327
320
320
318
317
316
316
316
311
303
299
292
290
287
283
283
281
277
276
273
267
266
259
253
252
250
247
246
240
225
215
210
205
200
183
182
182
168
168
166
163
158
158
151
147
143
129
126
123
118
117
102
97
83
83
83
82
71
70
69
63
61
50
48
45
45
42
39
37
36
35
34
34
31
27
22
21
20
19
17
1
