32756
32756
32755
32754
32752
32750
32747
32747
32740
32729
32728
32725
32710
32709
32708
32708
32707
32705
32703
32703
32702
32701
32700
32696
32696
32687
32683
32676
32675
32668
32668
32665
32658
32657
32645
32642
32636
32636
32632
32632
32630
32623
32623
32618
32617
32613
32606
32600
32598
32594
32591
32587
32582
32578
32578
32569
32566
32559
32556
32555
32552
32552
32546
32543
32541
32541
32540
32539
32534
32532
32528
32527
32526
32523
32509
32503
32502
32496
32495
32491
32487
32486
32479
32477
32472
32470
32465
32465
32461
32457
32451
32450
32447
32443
32442
32439
32427
32426
32424
32417
32416
32412
32410
32410
32409
32402
32401
32399
32396
32394
32394
32392
32392
32390
32388
32384
32382
32381
32381
32380
32370
32369
32367
32365
32363
32362
32359
32358
32357
32357
32353
32353
32350
32342
32336
32331
32330
32329
32328
32327
32315
32309
32305
32302
32299
32294
32291
32291
32289
32288
32286
32282
32274
32271
32271
32265
32262
32259
32257
32255
32255
32251
32250
32249
32246
32240
32231
32231
32227
32220
32219
32218
32215
32214
32210
32208
32204
32204
32201
32194
32190
32186
32183
32182
32178
32169
32157
32156
32154
32152
32149
32147
32140
32137
32135
32132
32132
32130
32129
32124
32114
32113
32113
32111
32104
32094
32090
32089
32072
32069
32068
32060
32060
32045
32044
32044
32036
32035
32032
32030
32027
32025
32019
32011
32006
32005
32004
32001
31993
31989
31984
31984
31979
31972
31969
31945
31942
31941
31938
31934
31931
31930
31929
31925
31924
31923
31923
31919
31915
31912
31907
31907
31903
31895
31889
31889
31887
31885
31884
31879
31879
31878
31875
31874
31866
31864
31856
31856
31856
31856
31849
31847
31842
31842
31842
31834
31833
31832
31821
31819
31816
31815
31812
31808
31806
31801
31801
31799
31796
31793
31786
31777
31773
31769
31766
31765
31756
31755
31753
31749
31742
31737
31734
31731
31726
31725
31723
31723
31718
31717
31709
31704
31704
31701
31696
31692
31689
31688
31681
31673
31670
31668
31667
31663
31662
31659
31654
31652
31648
31647
31644
31630
31627
31625
31623
31622
31620
31611
31609
31606
31602
31599
31598
31596
31596
31590
31586
31584
31574
31574
31573
31569
31567
31563
31555
31553
31550
31540
31540
31539
31532
31523
31522
31519
31516
31513
31512
31510
31497
31492
31491
31489
31486
31484
31484
31483
31483
31483
31482
31478
31476
31476
31472
31472
31466
31465
31465
31463
31463
31459
31451
31437
31436
31435
31434
31433
31429
31429
31429
31429
31427
31424
31423
31414
31398
31390
31390
31388
31385
31384
31378
31377
31374
31373
31368
31367
31367
31359
31353
31351
31351
31349
31348
31347
31337
31334
31331
31328
31320
31316
31309
31304
31302
31298
31296
31296
31295
31293
31283
31274
31273
31272
31269
31267
31263
31262
31260
31258
31258
31252
31247
31242
31242
31240
31240
31239
31231
31227
31226
31221
31220
31216
31215
31212
31210
31210
31206
31202
31198
31197
31195
31194
31181
31180
31175
31174
31172
31170
31169
31166
31166
31164
31151
31145
31142
31139
31138
31136
31135
31134
31132
31129
31125
31121
31118
31116
31115
31108
31108
31103
31102
31097
31092
31082
31078
31074
31067
31066
31065
31065
31061
31060
31060
31054
31051
31032
31029
31024
31022
31020
31017
31017
31014
31014
31012
31010
31006
31005
30995
30994
30993
30992
30987
30986
30985
30984
30981
30980
30976
30973
30967
30960
30956
30948
30947
30947
30947
30945
30936
30936
30935
30932
30932
30928
30921
30919
30918
30913
30909
30902
30901
30899
30898
30895
30893
30891
30891
30890
30881
30875
30871
30870
30866
30865
30864
30864
30862
30855
30852
30851
30845
30845
30845
30844
30842
30836
30835
30832
30830
30824
30822
30821
30817
30815
30815
30813
30813
30808
30807
30802
30801
30795
30795
30795
30793
30786
30779
30779
30777
30769
30767
30760
30760
30756
30745
30743
30740
30739
30738
30736
30733
30733
30733
30731
30730
30726
30724
30723
30723
30722
30722
30721
30721
30720
30719
30718
30716
30714
30707
30703
30700
30697
30695
30694
30691
30690
30689
30688
30688
30685
30670
30669
30668
30661
30652
30649
30647
30646
30644
30642
30642
30641
30639
30635
30633
30632
30631
30627
30626
30625
30622
30618
30617
30609
30606
30606
30595
30593
30590
30590
30589
30584
30575
30573
30572
30569
30566
30565
30562
30561
30529
30528
30525
30520
30518
30513
30512
30511
30503
30502
30501
30498
30497
30493
30489
30488
30475
30474
30471
30469
30466
30462
30461
30451
30450
30448
30445
30445
30444
30444
30441
30439
30436
30435
30432
30429
30427
30426
30418
30417
30414
30414
30413
30412
30408
30405
30404
30398
30397
30396
30392
30392
30387
30383
30381
30378
30374
30369
30368
30364
30357
30354
30353
30353
30350
30348
30333
30330
30328
30323
30317
30312
30312
30310
30308
30307
30303
30299
30294
30287
30285
30283
30283
30281
30280
30278
30275
30270
30260
30255
30255
30250
30249
30240
30238
30237
30236
30235
30234
30231
30231
30227
30227
30222
30221
30217
30216
30213
30212
30211
30210
30210
30202
30196
30193
30190
30186
30185
30179
30173
30158
30157
30155
30155
30155
30154
30153
30150
30150
30138
30136
30135
30134
30132
30130
30128
30125
30119
30118
30118
30117
30112
30110
30109
30104
30097
30094
30091
30091
30090
30089
30087
30083
30079
30078
30073
30069
30069
30066
30061
30058
30054
30054
30052
30046
30045
30043
30040
30031
30031
30030
30029
30028
30024
30017
30012
30008
30007
30004
29995
29995
29994
29985
29981
29978
29967
29964
29960
29957
29953
29951
29942
29938
29933
29930
29929
29925
29921
29921
29916
29916
29910
29905
29904
29898
29893
29888
29883
29883
29875
29870
29861
29854
29851
29850
29844
29842
29841
29841
29833
29822
29816
29815
29807
29807
29804
29796
29794
29793
29779
29777
29768
29768
29768
29761
29754
29747
29744
29742
29737
29735
29725
29714
29714
29714
29713
29712
29711
29711
29708
29707
29707
29691
29689
29687
29686
29680
29678
29677
29675
29674
29669
29664
29659
29658
29658
29643
29643
29640
29640
29637
29635
29632
29632
29626
29620
29620
29611
29608
29607
29603
29602
29592
29592
29591
29591
29589
29588
29583
29576
29569
29567
29564
29564
29562
29561
29557
29550
29549
29546
29546
29544
29542
29539
29534
29533
29529
29525
29519
29504
29501
29498
29493
29481
29477
29475
29475
29474
29473
29459
29458
29449
29448
29442
29435
29429
29428
29424
29422
29420
29415
29409
29406
29404
29402
29402
29389
29387
29386
29384
29381
29380
29374
29372
29366
29360
29357
29356
29342
29341
29340
29337
29332
29332
29330
29329
29327
29326
29316
29315
29315
29306
29303
29303
29299
29299
29298
29297
29297
29294
29292
29290
29284
29282
29270
29265
29265
29254
29254
29253
29250
29245
29244
29236
29233
29231
29230
29224
29219
29211
29207
29203
29202
29202
29194
29187
29186
29181
29180
29178
29168
29166
29164
29164
29164
29156
29154
29154
29150
29150
29143
29139
29137
29137
29134
29129
29126
29123
29122
29119
29119
29114
29106
29106
29102
29101
29096
29093
29091
29090
29089
29082
29079
29075
29071
29067
29066
29058
29056
29056
29055
29052
29047
29045
29043
29042
29035
29033
29029
29024
29022
29020
29016
29015
29014
29009
29006
29001
29001
29000
28998
28997
28995
28993
28991
28990
28983
28981
28975
28970
28969
28967
28965
28963
28961
28957
28957
28955
28954
28944
28938
28933
28932
28923
28919
28916
28913
28901
28901
28900
28890
28889
28889
28886
28882
28869
28869
28862
28855
28853
28841
28836
28836
28831
28829
28828
28827
28823
28820
28819
28810
28804
28803
28801
28799
28799
28798
28795
28794
28793
28791
28777
28773
28765
28757
28755
28751
28746
28745
28745
28733
28729
28726
28725
28724
28723
28719
28713
28713
28711
28710
28706
28702
28697
28689
28688
28687
28686
28684
28683
28682
28682
28677
28674
28673
28670
28665
28661
28660
28655
28654
28646
28642
28630
28628
28625
28620
28619
28618
28617
28613
28612
28605
28605
28604
28599
28597
28597
28591
28591
28586
28586
28585
28584
28580
28579
28574
28574
28569
28567
28567
28557
28554
28551
28548
28540
28533
28529
28526
28522
28522
28517
28515
28514
28513
28513
28509
28505
28503
28494
28494
28492
28491
28490
28487
28486
28486
28483
28482
28478
28470
28459
28458
28457
28450
28450
28448
28446
28442
28437
28434
28425
28421
28417
28414
28408
28406
28402
28402
28393
28393
28392
28389
28382
28379
28368
28367
28367
28366
28365
28365
28359
28354
28353
28353
28347
28344
28340
28330
28319
28319
28319
28316
28314
28313
28310
28308
28304
28303
28300
28293
28292
28286
28285
28284
28279
28278
28278
28273
28272
28268
28265
28259
28254
28254
28250
28237
28228
28227
28225
28225
28219
28217
28215
28208
28205
28204
28197
28197
28195
28194
28194
28194
28191
28185
28183
28179
28174
28165
28163
28161
28154
28153
28149
28145
28145
28142
28141
28136
28133
28131
28126
28119
28118
28118
28106
28105
28096
28093
28091
28081
28079
28079
28077
28076
28070
28067
28064
28064
28064
28056
28046
28041
28039
28035
28032
28031
28030
28027
28022
28018
28011
28000
27994
27989
27988
27986
27985
27982
27977
27972
27971
27962
27962
27961
27955
27953
27952
27950
27949
27949
27946
27943
27943
27941
27935
27928
27924
27920
27917
27916
27916
27914
27914
27910
27910
27908
27905
27905
27903
27892
27890
27885
27885
27878
27867
27866
27865
27864
27860
27855
27851
27851
27850
27844
27842
27842
27838
27838
27834
27833
27830
27828
27824
27819
27819
27815
27812
27811
27810
27806
27805
27802
27800
27797
27791
27786
27786
27784
27780
27777
27776
27774
27773
27771
27769
27767
27765
27764
27763
27762
27761
27759
27758
27756
27755
27748
27747
27745
27742
27740
27738
27735
27731
27730
27730
27725
27723
27722
27720
27719
27719
27718
27718
27705
27701
27699
27698
27685
27683
27675
27666
27665
27653
27647
27639
27635
27633
27625
27614
27607
27598
27593
27587
27586
27583
27580
27579
27578
27574
27571
27569
27561
27559
27558
27552
27552
27549
27546
27541
27540
27540
27540
27537
27535
27530
27527
27526
27524
27524
27524
27523
27523
27522
27516
27515
27515
27503
27500
27497
27496
27491
27491
27489
27488
27486
27485
27478
27478
27477
27476
27473
27473
27472
27465
27463
27461
27456
27450
27442
27441
27435
27419
27415
27414
27414
27410
27406
27402
27400
27399
27393
27388
27387
27385
27382
27382
27375
27371
27370
27367
27358
27358
27357
27350
27334
27331
27331
27325
27322
27316
27311
27298
27298
27298
27294
27291
27286
27285
27283
27282
27281
27280
27264
27264
27258
27253
27253
27251
27249
27248
27232
27231
27221
27221
27221
27219
27218
27218
27216
27216
27216
27208
27194
27189
27189
27188
27187
27184
27184
27182
27178
27178
27167
27166
27160
27159
27154
27152
27142
27140
27138
27135
27130
27129
27121
27118
27118
27114
27112
27108
27107
27101
27101
27099
27097
27096
27095
27092
27081
27081
27079
27075
27070
27066
27063
27051
27041
27041
27036
27029
27028
27020
27017
27010
27005
27005
26997
26995
26989
26989
26986
26985
26984
26977
26976
26973
26972
26969
26964
26962
26959
26957
26954
26945
26939
26928
26928
26923
26922
26918
26916
26903
26898
26897
26894
26890
26886
26884
26883
26882
26878
26875
26874
26874
26871
26871
26868
26867
26857
26854
26852
26850
26842
26835
26830
26827
26826
26824
26813
26812
26801
26794
26794
26790
26790
26788
26787
26778
26778
26778
26777
26775
26755
26751
26751
26749
26749
26747
26743
26734
26733
26732
26730
26730
26719
26714
26713
26711
26710
26706
26703
26700
26697
26694
26694
26692
26689
26686
26684
26683
26671
26669
26669
26665
26664
26663
26659
26657
26655
26647
26641
26635
26631
26629
26628
26624
26623
26623
26623
26622
26622
26617
26613
26604
26602
26601
26596
26595
26592
26590
26588
26587
26581
26579
26570
26568
26568
26567
26566
26564
26564
26556
26555
26553
26552
26550
26549
26548
26538
26538
26538
26537
26532
26531
26525
26522
26519
26519
26516
26513
26512
26508
26498
26498
26496
26494
26492
26490
26488
26480
26478
26477
26468
26464
26457
26453
26450
26446
26445
26445
26444
26443
26439
26433
26431
26430
26427
26425
26422
26409
26408
26406
26395
26388
26388
26383
26382
26377
26375
26373
26366
26362
26358
26357
26354
26352
26347
26346
26343
26341
26338
26336
26335
26332
26329
26324
26324
26323
26313
26307
26302
26290
26284
26282
26282
26280
26280
26279
26277
26275
26270
26267
26256
26249
26248
26248
26247
26244
26242
26241
26238
26238
26237
26237
26237
26236
26236
26235
26234
26234
26234
26221
26214
26213
26212
26209
26196
26196
26193
26183
26179
26178
26178
26168
26158
26155
26153
26151
26145
26144
26143
26142
26138
26129
26125
26119
26119
26118
26117
26107
26103
26101
26101
26100
26099
26097
26095
26093
26092
26086
26084
26082
26074
26071
26070
26063
26063
26057
26052
26048
26045
26041
26038
26036
26034
26030
26029
26026
26026
26026
26021
26020
26013
26013
26006
26006
26005
26004
25995
25993
25986
25986
25982
25979
25977
25969
25964
25961
25956
25955
25946
25942
25936
25935
25934
25930
25929
25923
25922
25918
25915
25914
25912
25911
25911
25906
25904
25902
25901
25895
25894
25893
25891
25887
25886
25886
25880
25877
25872
25869
25865
25839
25835
25833
25833
25828
25827
25819
25818
25816
25812
25811
25806
25805
25803
25792
25781
25778
25774
25774
25765
25763
25763
25762
25759
25757
25754
25754
25750
25749
25745
25744
25744
25744
25741
25729
25725
25723
25718
25715
25704
25702
25697
25696
25695
25694
25692
25689
25680
25680
25676
25671
25664
25662
25658
25645
25645
25643
25640
25639
25638
25632
25632
25630
25606
25599
25596
25596
25594
25594
25588
25585
25583
25581
25580
25578
25578
25573
25571
25565
25563
25560
25560
25559
25558
25557
25555
25554
25553
25551
25550
25548
25547
25544
25525
25520
25518
25510
25496
25494
25493
25488
25482
25481
25481
25479
25478
25477
25472
25464
25461
25459
25455
25455
25451
25450
25450
25447
25446
25442
25441
25440
25438
25437
25433
25432
25432
25430
25430
25430
25429
25426
25419
25417
25417
25415
25412
25411
25411
25407
25401
25401
25396
25395
25385
25384
25378
25377
25373
25368
25367
25366
25360
25354
25353
25352
25340
25335
25331
25329
25328
25323
25323
25317
25316
25315
25314
25311
25309
25307
25297
25297
25292
25289
25287
25287
25282
25276
25275
25274
25268
25264
25262
25262
25258
25253
25250
25241
25241
25241
25231
25228
25227
25222
25219
25214
25208
25208
25206
25196
25191
25189
25185
25183
25182
25181
25178
25168
25154
25151
25150
25142
25140
25138
25133
25129
25125
25123
25120
25111
25110
25110
25108
25108
25106
25100
25099
25087
25085
25082
25081
25081
25079
25073
25073
25063
25061
25052
25051
25051
25047
25046
25044
25042
25042
25038
25035
25034
25031
25030
25027
25024
25019
25017
25016
25009
25006
25005
25005
25003
24998
24994
24993
24978
24978
24977
24973
24973
24970
24969
24961
24960
24959
24957
24954
24953
24953
24947
24941
24940
24938
24937
24923
24914
24910
24903
24903
24900
24898
24895
24893
24883
24878
24870
24869
24857
24853
24849
24845
24839
24839
24837
24830
24828
24827
24826
24825
24822
24817
24814
24813
24813
24807
24802
24796
24795
24795
24791
24780
24779
24779
24777
24775
24772
24768
24762
24757
24757
24754
24747
24747
24745
24744
24743
24742
24740
24735
24732
24726
24722
24708
24708
24707
24707
24705
24699
24692
24687
24686
24686
24685
24683
24680
24677
24675
24673
24673
24672
24670
24670
24666
24662
24660
24657
24657
24656
24654
24642
24638
24638
24628
24625
24624
24620
24615
24610
24610
24610
24608
24608
24604
24588
24584
24579
24576
24573
24572
24572
24568
24563
24563
24559
24559
24553
24538
24528
24520
24517
24515
24506
24505
24486
24485
24480
24477
24476
24474
24470
24468
24467
24465
24462
24461
24460
24455
24453
24451
24450
24444
24443
24443
24442
24440
24437
24435
24434
24428
24428
24427
24426
24426
24421
24417
24408
24407
24406
24398
24397
24395
24391
24388
24381
24379
24376
24373
24371
24362
24354
24348
24347
24347
24337
24330
24330
24329
24327
24327
24318
24316
24314
24311
24307
24307
24299
24297
24296
24296
24294
24291
24291
24289
24269
24260
24257
24247
24241
24240
24239
24238
24238
24230
24230
24222
24220
24216
24207
24205
24195
24194
24192
24190
24184
24180
24178
24173
24169
24164
24161
24153
24151
24144
24141
24135
24135
24134
24133
24132
24130
24129
24124
24120
24118
24113
24108
24108
24103
24102
24100
24098
24091
24091
24087
24085
24085
24084
24082
24079
24071
24068
24064
24059
24054
24043
24038
24026
24025
24024
24019
24015
24014
24012
24009
24009
24009
24008
24006
24002
23987
23984
23983
23983
23981
23981
23980
23976
23973
23973
23967
23961
23960
23960
23956
23943
23943
23942
23941
23933
23930
23930
23926
23920
23918
23915
23911
23911
23898
23895
23894
23887
23880
23873
23868
23860
23860
23856
23852
23851
23850
23848
23841
23840
23840
23840
23839
23821
23820
23818
23817
23816
23814
23813
23812
23811
23806
23800
23798
23797
23794
23792
23785
23779
23775
23768
23767
23767
23765
23762
23761
23760
23758
23758
23756
23756
23752
23751
23747
23746
23743
23741
23737
23734
23728
23727
23727
23722
23715
23714
23713
23710
23703
23698
23694
23689
23683
23681
23662
23661
23658
23654
23653
23646
23643
23642
23629
23626
23619
23614
23614
23611
23599
23591
23588
23582
23577
23574
23573
23573
23571
23567
23563
23560
23554
23550
23548
23547
23543
23541
23535
23531
23531
23531
23527
23524
23521
23519
23518
23516
23516
23515
23500
23489
23488
23487
23482
23481
23479
23475
23475
23474
23472
23471
23470
23470
23467
23463
23462
23461
23459
23442
23442
23438
23437
23436
23434
23428
23423
23415
23411
23399
23399
23389
23385
23381
23379
23378
23377
23373
23365
23363
23362
23362
23361
23354
23353
23352
23345
23344
23337
23330
23330
23319
23312
23309
23306
23299
23295
23294
23291
23283
23276
23271
23268
23267
23263
23254
23254
23250
23242
23233
23233
23227
23226
23225
23224
23223
23222
23216
23206
23194
23194
23192
23189
23189
23186
23181
23181
23179
23170
23168
23167
23165
23155
23152
23147
23146
23146
23145
23145
23134
23131
23127
23126
23117
23116
23115
23115
23114
23112
23111
23107
23103
23100
23099
23098
23085
23080
23077
23075
23068
23067
23062
23060
23056
23055
23051
23049
23047
23042
23042
23039
23039
23035
23027
23025
23022
23019
23019
23016
23012
23009
23008
23008
23002
22995
22991
22988
22983
22982
22979
22978
22978
22974
22972
22960
22958
22957
22957
22956
22951
22949
22948
22947
22943
22939
22936
22934
22932
22930
22930
22927
22926
22925
22924
22922
22910
22909
22902
22901
22899
22899
22898
22891
22890
22890
22889
22889
22885
22882
22880
22879
22869
22868
22867
22862
22861
22861
22854
22850
22850
22847
22839
22838
22838
22835
22833
22832
22828
22828
22827
22820
22814
22813
22813
22808
22799
22796
22792
22790
22785
22784
22783
22782
22780
22775
22773
22766
22766
22765
22762
22761
22760
22756
22748
22747
22743
22741
22741
22740
22739
22735
22734
22733
22730
22730
22726
22721
22720
22714
22710
22707
22706
22705
22704
22702
22700
22698
22697
22696
22693
22693
22692
22684
22683
22681
22680
22678
22678
22677
22669
22668
22666
22663
22663
22657
22656
22655
22644
22640
22640
22637
22636
22635
22633
22627
22621
22621
22620
22619
22618
22616
22613
22609
22607
22602
22600
22597
22597
22593
22589
22580
22576
22574
22572
22569
22563
22559
22557
22551
22542
22537
22537
22535
22529
22527
22523
22523
22521
22518
22515
22514
22507
22507
22505
22505
22499
22496
22492
22490
22482
22481
22481
22479
22477
22466
22464
22461
22448
22447
22445
22434
22433
22429
22429
22427
22417
22413
22413
22412
22410
22400
22396
22396
22395
22394
22394
22394
22386
22384
22383
22376
22372
22364
22357
22354
22351
22350
22345
22344
22343
22335
22330
22323
22321
22317
22309
22301
22298
22295
22291
22288
22288
22286
22283
22278
22270
22265
22264
22256
22255
22254
22247
22244
22243
22242
22241
22237
22230
22229
22225
22220
22218
22217
22211
22202
22200
22197
22195
22190
22173
22173
22171
22169
22167
22165
22165
22163
22160
22158
22156
22155
22154
22146
22143
22129
22127
22122
22117
22109
22108
22099
22097
22093
22093
22092
22090
22088
22088
22088
22085
22085
22078
22071
22063
22063
22060
22057
22046
22041
22039
22035
22032
22032
22028
22026
22026
22026
22025
22020
22020
22017
22016
22007
21994
21994
21984
21983
21982
21981
21981
21981
21979
21978
21975
21973
21971
21969
21963
21957
21957
21951
21942
21941
21940
21939
21938
21930
21930
21930
21928
21927
21926
21919
21919
21919
21918
21915
21915
21915
21908
21905
21901
21892
21890
21887
21884
21883
21883
21875
21875
21869
21868
21867
21855
21854
21854
21851
21849
21844
21839
21838
21834
21833
21829
21826
21823
21815
21814
21807
21803
21798
21791
21789
21787
21786
21785
21784
21781
21773
21770
21768
21764
21763
21759
21756
21751
21750
21748
21747
21741
21740
21739
21731
21727
21721
21718
21711
21710
21705
21703
21698
21694
21694
21693
21691
21690
21679
21673
21673
21664
21661
21654
21651
21645
21644
21641
21632
21628
21628
21625
21612
21611
21604
21603
21601
21598
21589
21587
21580
21576
21569
21566
21562
21551
21546
21545
21545
21544
21544
21540
21536
21531
21530
21529
21528
21527
21525
21519
21516
21516
21514
21510
21508
21496
21494
21490
21487
21483
21482
21481
21477
21475
21474
21471
21469
21458
21458
21450
21447
21447
21431
21431
21428
21428
21426
21420
21420
21415
21409
21405
21404
21404
21389
21388
21386
21378
21374
21371
21370
21369
21367
21366
21363
21363
21356
21355
21352
21352
21351
21349
21348
21347
21342
21340
21336
21328
21325
21316
21314
21306
21297
21297
21295
21295
21284
21270
21269
21267
21266
21264
21264
21263
21259
21252
21249
21249
21243
21238
21234
21233
21232
21232
21230
21224
21223
21222
21220
21219
21219
21214
21211
21211
21209
21205
21200
21194
21186
21184
21181
21179
21166
21163
21159
21154
21144
21141
21140
21137
21136
21131
21131
21123
21121
21118
21116
21115
21114
21109
21106
21106
21105
21104
21098
21097
21097
21095
21089
21084
21076
21076
21073
21069
21065
21053
21053
21052
21051
21047
21046
21042
21041
21040
21040
21036
21034
21034
21029
21028
21023
21014
21014
21011
21008
21006
20997
20996
20994
20992
20987
20986
20979
20969
20968
20962
20957
20957
20956
20952
20948
20947
20933
20931
20931
20930
20921
20921
20921
20919
20918
20913
20913
20909
20904
20904
20901
20901
20898
20896
20894
20892
20891
20889
20889
20888
20885
20883
20881
20873
20862
20861
20860
20857
20848
20848
20848
20841
20835
20834
20831
20831
20828
20828
20826
20818
20817
20816
20799
20799
20794
20793
20792
20791
20786
20782
20782
20782
20778
20776
20774
20773
20772
20770
20769
20767
20751
20750
20748
20746
20745
20744
20741
20736
20736
20724
20723
20718
20718
20715
20709
20705
20705
20704
20698
20694
20692
20686
20684
20683
20674
20670
20670
20664
20662
20659
20659
20656
20650
20644
20641
20635
20634
20631
20627
20626
20626
20625
20623
20621
20615
20613
20612
20612
20608
20608
20604
20603
20601
20598
20594
20592
20588
20587
20586
20585
20581
20578
20565
20565
20550
20549
20546
20545
20541
20538
20535
20535
20534
20532
20524
20524
20519
20517
20510
20509
20509
20508
20502
20502
20501
20493
20491
20490
20487
20486
20481
20473
20469
20466
20462
20458
20457
20456
20449
20448
20434
20422
20415
20415
20414
20411
20411
20409
20409
20406
20404
20396
20393
20389
20384
20381
20368
20367
20360
20356
20355
20355
20350
20346
20345
20339
20337
20337
20334
20330
20328
20325
20323
20322
20321
20321
20321
20312
20311
20300
20298
20296
20294
20294
20292
20290
20290
20289
20287
20285
20285
20279
20270
20270
20266
20262
20261
20257
20256
20255
20248
20242
20240
20236
20235
20235
20234
20233
20233
20233
20230
20227
20225
20223
20221
20207
20203
20201
20196
20196
20194
20192
20187
20183
20179
20172
20170
20168
20167
20167
20165
20158
20158
20154
20152
20151
20146
20139
20135
20116
20115
20112
20111
20111
20110
20109
20108
20107
20104
20100
20096
20092
20089
20089
20089
20087
20086
20080
20077
20076
20070
20070
20069
20066
20064
20062
20061
20043
20038
20029
20029
20028
20021
20021
20019
20018
20014
20006
20003
20000
19999
19998
19998
19997
19993
19992
19992
19991
19991
19986
19982
19976
19975
19975
19963
19962
19961
19960
19959
19959
19952
19948
19947
19943
19941
19940
19940
19939
19939
19937
19936
19935
19935
19933
19927
19920
19915
19911
19902
19896
19896
19895
19894
19891
19888
19886
19883
19882
19880
19877
19876
19869
19865
19855
19852
19850
19849
19849
19837
19837
19835
19834
19833
19833
19829
19827
19826
19826
19825
19814
19811
19804
19804
19793
19783
19780
19780
19771
19769
19768
19767
19764
19761
19753
19750
19745
19743
19720
19715
19714
19714
19712
19710
19707
19700
19694
19693
19692
19691
19685
19683
19679
19678
19677
19674
19670
19668
19667
19665
19663
19660
19646
19636
19633
19630
19624
19611
19608
19603
19594
19589
19586
19585
19582
19580
19579
19574
19567
19566
19563
19555
19554
19552
19551
19547
19541
19540
19539
19538
19535
19530
19528
19526
19524
19523
19521
19519
19516
19515
19515
19513
19510
19508
19508
19506
19504
19501
19498
19493
19492
19483
19482
19477
19473
19470
19468
19468
19462
19462
19461
19460
19453
19443
19443
19441
19438
19435
19434
19428
19425
19425
19422
19418
19418
19416
19416
19411
19404
19403
19401
19399
19398
19396
19394
19394
19393
19390
19389
19386
19385
19376
19375
19374
19363
19361
19358
19358
19357
19356
19351
19343
19342
19341
19335
19326
19322
19313
19312
19308
19304
19303
19301
19298
19297
19297
19295
19295
19293
19290
19289
19287
19285
19284
19284
19283
19278
19268
19262
19258
19253
19249
19246
19239
19238
19237
19237
19236
19235
19232
19222
19220
19210
19209
19204
19201
19200
19199
19197
19196
19194
19186
19182
19182
19181
19179
19178
19177
19174
19172
19171
19167
19164
19164
19159
19154
19151
19138
19137
19130
19130
19129
19121
19120
19111
19095
19083
19082
19081
19081
19078
19072
19070
19064
19062
19062
19040
19040
19034
19029
19026
19022
19020
19008
19007
19005
18996
18994
18986
18983
18983
18982
18979
18975
18975
18972
18972
18972
18971
18965
18965
18959
18953
18948
18947
18947
18929
18921
18917
18917
18910
18909
18909
18902
18902
18895
18891
18890
18889
18887
18878
18872
18866
18865
18861
18857
18854
18842
18842
18837
18835
18833
18833
18822
18821
18813
18811
18803
18803
18803
18803
18802
18798
18798
18789
18785
18777
18770
18769
18768
18767
18766
18758
18753
18749
18748
18744
18742
18737
18734
18733
18725
18714
18713
18708
18707
18705
18703
18696
18693
18689
18684
18679
18677
18672
18671
18670
18663
18660
18659
18656
18640
18639
18638
18632
18631
18626
18625
18624
18621
18616
18614
18612
18607
18601
18598
18597
18596
18596
18589
18578
18571
18562
18557
18557
18556
18552
18543
18539
18535
18530
18530
18529
18527
18522
18522
18522
18514
18511
18509
18507
18501
18498
18498
18491
18490
18490
18484
18483
18482
18477
18472
18467
18462
18461
18460
18459
18459
18456
18454
18451
18451
18450
18446
18442
18439
18436
18435
18426
18425
18423
18422
18417
18414
18413
18413
18409
18402
18397
18396
18395
18395
18392
18391
18390
18390
18384
18379
18371
18370
18359
18356
18355
18349
18349
18349
18339
18338
18336
18333
18330
18329
18327
18322
18320
18319
18316
18311
18308
18304
18304
18302
18301
18301
18292
18290
18288
18284
18284
18280
18279
18278
18278
18274
18261
18258
18256
18253
18253
18253
18245
18238
18237
18237
18228
18227
18222
18219
18213
18209
18205
18200
18196
18192
18191
18190
18188
18186
18182
18181
18179
18179
18172
18172
18169
18169
18168
18166
18164
18160
18158
18154
18152
18152
18148
18145
18144
18143
18140
18139
18132
18131
18128
18128
18126
18125
18125
18124
18119
18119
18116
18108
18107
18096
18093
18091
18090
18087
18085
18084
18081
18064
18063
18060
18058
18057
18053
18053
18050
18046
18043
18042
18035
18033
18032
18031
18026
18022
18020
18016
18013
18011
18011
18008
18006
18004
18004
17996
17995
17994
17993
17989
17978
17977
17962
17959
17955
17945
17944
17943
17935
17927
17926
17925
17924
17914
17906
17905
17905
17901
17897
17894
17892
17891
17889
17883
17872
17872
17860
17860
17848
17848
17846
17845
17844
17843
17839
17837
17836
17835
17829
17829
17826
17822
17817
17815
17804
17799
17798
17796
17794
17793
17791
17790
17786
17784
17784
17778
17776
17770
17768
17768
17764
17763
17759
17750
17745
17744
17743
17739
17738
17737
17728
17727
17726
17717
17711
17707
17706
17706
17702
17702
17699
17690
17687
17686
17686
17685
17683
17682
17674
17671
17669
17667
17658
17653
17648
17647
17629
17625
17624
17621
17619
17614
17611
17608
17604
17597
17594
17592
17591
17590
17590
17587
17584
17583
17573
17571
17571
17566
17564
17563
17561
17556
17552
17549
17544
17543
17536
17532
17524
17521
17519
17518
17517
17516
17516
17513
17511
17508
17507
17503
17500
17497
17497
17494
17492
17491
17490
17478
17476
17474
17470
17467
17465
17461
17458
17457
17456
17452
17449
17448
17445
17445
17445
17441
17440
17426
17423
17419
17415
17411
17409
17408
17401
17401
17401
17397
17388
17386
17386
17381
17379
17378
17373
17366
17365
17364
17361
17361
17360
17358
17357
17357
17355
17352
17335
17333
17331
17325
17324
17324
17319
17314
17312
17307
17304
17284
17283
17282
17274
17272
17271
17270
17268
17268
17268
17257
17253
17248
17242
17239
17238
17237
17227
17226
17225
17224
17223
17217
17215
17210
17207
17204
17203
17196
17195
17191
17188
17187
17187
17186
17180
17179
17175
17169
17168
17161
17158
17157
17157
17154
17147
17141
17137
17136
17134
17133
17130
17126
17115
17114
17110
17101
17097
17084
17079
17079
17078
17072
17064
17059
17059
17053
17049
17048
17040
17037
17036
17033
17033
17032
17028
17020
17018
17015
17013
17012
17005
16999
16996
16993
16992
16992
16990
16987
16985
16979
16976
16972
16970
16970
16967
16961
16957
16956
16948
16946
16944
16935
16935
16933
16930
16927
16926
16924
16923
16920
16918
16915
16914
16903
16902
16898
16894
16893
16891
16885
16884
16882
16876
16874
16871
16866
16865
16860
16855
16852
16850
16848
16846
16844
16840
16834
16829
16826
16826
16825
16823
16818
16814
16813
16794
16793
16793
16790
16787
16786
16782
16778
16777
16776
16766
16766
16763
16763
16762
16762
16761
16760
16759
16750
16747
16743
16741
16736
16734
16722
16719
16718
16710
16707
16699
16698
16693
16688
16687
16685
16682
16673
16672
16671
16668
16665
16662
16656
16653
16652
16646
16642
16642
16641
16638
16636
16626
16623
16616
16616
16614
16611
16611
16611
16611
16609
16607
16605
16599
16595
16593
16592
16592
16590
16589
16588
16581
16579
16579
16577
16577
16574
16571
16569
16560
16559
16557
16557
16555
16552
16548
16544
16539
16535
16535
16526
16524
16512
16504
16504
16501
16498
16497
16497
16496
16494
16494
16480
16475
16475
16473
16469
16468
16467
16465
16461
16461
16456
16455
16454
16453
16453
16452
16451
16446
16445
16442
16440
16437
16435
16427
16426
16416
16415
16410
16410
16407
16405
16400
16397
16395
16393
16392
16392
16389
16386
16379
16377
16371
16371
16370
16369
16363
16351
16345
16337
16336
16333
16331
16329
16327
16327
16322
16316
16311
16310
16310
16308
16307
16302
16295
16295
16292
16288
16287
16285
16284
16279
16274
16272
16265
16264
16263
16261
16260
16260
16257
16257
16251
16248
16245
16242
16242
16241
16237
16236
16235
16230
16230
16229
16227
16224
16219
16215
16214
16212
16208
16207
16199
16196
16194
16192
16192
16182
16182
16181
16179
16179
16171
16169
16168
16162
16160
16160
16155
16144
16143
16142
16140
16138
16137
16135
16134
16125
16124
16109
16107
16101
16099
16099
16096
16096
16096
16096
16095
16089
16088
16084
16081
16078
16073
16072
16069
16063
16056
16053
16052
16050
16046
16038
16038
16030
16027
16025
16023
16016
16007
16005
15997
15995
15988
15988
15987
15984
15982
15978
15978
15972
15970
15967
15962
15956
15954
15950
15950
15948
15947
15945
15945
15942
15940
15936
15934
15933
15931
15928
15927
15926
15922
15919
15918
15917
15912
15910
15902
15901
15895
15890
15888
15885
15884
15882
15882
15880
15874
15873
15871
15868
15858
15854
15850
15849
15848
15845
15845
15844
15842
15836
15835
15834
15833
15831
15830
15829
15823
15818
15817
15816
15808
15805
15801
15799
15799
15798
15794
15792
15790
15788
15783
15781
15776
15774
15765
15764
15757
15754
15753
15749
15749
15746
15745
15745
15744
15743
15741
15733
15720
15720
15716
15715
15713
15711
15709
15701
15697
15692
15692
15690
15688
15688
15683
15683
15682
15679
15679
15671
15669
15663
15657
15655
15649
15646
15645
15634
15631
15627
15612
15598
15593
15589
15585
15585
15578
15558
15557
15557
15555
15543
15538
15538
15537
15534
15526
15523
15523
15520
15519
15515
15513
15509
15504
15501
15499
15498
15487
15486
15485
15482
15480
15477
15472
15470
15468
15468
15466
15460
15460
15458
15457
15456
15456
15453
15451
15447
15442
15440
15438
15433
15423
15423
15414
15410
15409
15406
15405
15403
15399
15383
15381
15375
15373
15373
15372
15371
15366
15357
15357
15352
15349
15349
15349
15348
15340
15325
15322
15319
15315
15311
15310
15293
15285
15279
15273
15273
15267
15266
15263
15263
15260
15257
15255
15255
15255
15249
15243
15233
15227
15227
15226
15223
15219
15216
15216
15213
15213
15212
15203
15197
15194
15187
15183
15182
15179
15173
15172
15170
15163
15160
15160
15156
15155
15154
15147
15144
15144
15138
15136
15133
15129
15129
15129
15127
15120
15120
15115
15104
15097
15092
15091
15091
15088
15087
15086
15085
15084
15083
15072
15070
15064
15064
15063
15061
15057
15057
15056
15056
15055
15055
15046
15045
15042
15040
15038
15037
15031
15029
15029
15028
15025
15019
15016
15014
15008
15008
14998
14986
14977
14975
14973
14967
14964
14962
14947
14942
14941
14940
14937
14933
14923
14906
14906
14890
14889
14888
14887
14883
14880
14874
14873
14871
14868
14867
14866
14863
14862
14860
14858
14855
14855
14847
14839
14837
14834
14827
14826
14818
14818
14817
14814
14812
14805
14805
14796
14795
14791
14791
14790
14790
14790
14784
14780
14778
14768
14764
14762
14761
14742
14731
14725
14721
14721
14719
14717
14707
14705
14704
14700
14698
14698
14688
14684
14679
14678
14677
14671
14665
14662
14662
14661
14659
14654
14649
14638
14635
14635
14620
14616
14615
14608
14606
14600
14593
14589
14586
14582
14576
14573
14573
14573
14569
14567
14557
14553
14551
14549
14546
14544
14539
14538
14537
14534
14533
14533
14531
14531
14526
14518
14517
14514
14513
14511
14509
14508
14508
14506
14494
14494
14487
14487
14487
14485
14484
14483
14472
14469
14466
14466
14461
14460
14460
14456
14455
14445
14435
14425
14425
14420
14418
14412
14412
14408
14404
14401
14397
14394
14393
14393
14390
14389
14384
14382
14378
14361
14359
14356
14354
14352
14351
14346
14338
14337
14336
14334
14332
14327
14326
14320
14318
14314
14308
14307
14306
14305
14302
14301
14300
14299
14298
14296
14294
14294
14292
14292
14287
14284
14281
14280
14279
14269
14254
14253
14250
14249
14244
14242
14239
14239
14238
14236
14235
14235
14231
14231
14230
14230
14227
14225
14221
14219
14218
14214
14214
14213
14209
14207
14204
14204
14204
14202
14201
14198
14188
14184
14180
14180
14177
14167
14158
14158
14155
14153
14149
14146
14140
14139
14133
14132
14128
14126
14125
14124
14120
14112
14112
14111
14109
14100
14095
14090
14089
14074
14073
14072
14071
14070
14070
14066
14065
14061
14053
14052
14051
14050
14042
14041
14040
14034
14033
14021
14020
14011
14006
13998
13991
13990
13989
13987
13984
13979
13975
13973
13973
13970
13967
13963
13957
13957
13956
13950
13945
13942
13940
13935
13935
13933
13932
13932
13929
13926
13923
13918
13909
13906
13903
13902
13900
13900
13897
13895
13892
13891
13889
13886
13877
13875
13874
13873
13873
13872
13870
13863
13862
13857
13856
13851
13850
13849
13846
13841
13834
13831
13828
13815
13814
13814
13811
13809
13807
13805
13801
13795
13791
13788
13787
13784
13782
13781
13777
13772
13771
13768
13761
13760
13758
13758
13751
13750
13749
13747
13746
13740
13722
13721
13719
13716
13715
13714
13707
13707
13701
13700
13692
13690
13688
13683
13682
13675
13674
13673
13671
13671
13667
13662
13658
13652
13647
13645
13636
13629
13626
13626
13624
13623
13621
13620
13614
13611
13608
13604
13600
13598
13596
13593
13588
13587
13581
13574
13574
13573
13571
13568
13565
13560
13558
13556
13554
13553
13550
13548
13548
13548
13544
13543
13543
13542
13539
13538
13530
13528
13519
13516
13513
13512
13508
13507
13506
13501
13497
13491
13488
13477
13473
13470
13468
13466
13466
13460
13457
13453
13451
13449
13441
13439
13438
13437
13436
13425
13417
13415
13414
13413
13407
13407
13405
13394
13392
13387
13385
13383
13381
13379
13379
13374
13369
13363
13354
13349
13348
13341
13339
13337
13336
13334
13334
13327
13325
13317
13308
13302
13298
13297
13295
13290
13277
13273
13267
13260
13256
13252
13251
13250
13246
13232
13227
13219
13215
13213
13213
13205
13203
13196
13193
13189
13188
13188
13187
13185
13183
13180
13179
13178
13170
13170
13168
13167
13161
13161
13156
13153
13145
13145
13144
13144
13137
13135
13134
13130
13129
13129
13123
13119
13113
13113
13112
13111
13110
13108
13108
13105
13104
13103
13082
13080
13079
13061
13056
13054
13054
13041
13040
13037
13036
13036
13035
13029
13020
13015
13014
13013
12992
12991
12989
12988
12975
12975
12972
12972
12969
12961
12955
12946
12946
12944
12944
12944
12932
12931
12930
12926
12924
12920
12917
12916
12915
12915
12915
12913
12912
12912
12912
12910
12907
12906
12894
12890
12889
12889
12889
12888
12885
12882
12881
12881
12879
12876
12866
12862
12860
12856
12855
12853
12849
12845
12842
12841
12841
12840
12837
12836
12834
12830
12829
12827
12823
12823
12822
12818
12815
12808
12805
12800
12798
12796
12792
12790
12786
12785
12780
12777
12770
12768
12768
12762
12760
12757
12751
12746
12746
12744
12743
12741
12740
12739
12739
12734
12723
12722
12718
12716
12713
12705
12703
12693
12692
12689
12680
12672
12666
12661
12652
12647
12643
12637
12631
12629
12622
12621
12618
12613
12612
12609
12604
12599
12598
12596
12594
12590
12571
12571
12566
12560
12560
12558
12558
12550
12549
12543
12536
12531
12523
12518
12515
12511
12509
12509
12503
12503
12500
12496
12496
12491
12488
12487
12481
12473
12470
12469
12465
12463
12457
12455
12455
12453
12453
12450
12449
12446
12446
12443
12440
12440
12437
12436
12431
12429
12427
12422
12422
12419
12418
12416
12416
12413
12413
12403
12402
12399
12396
12395
12394
12393
12390
12386
12383
12381
12378
12371
12371
12369
12369
12368
12368
12365
12342
12332
12329
12328
12326
12325
12323
12322
12321
12320
12318
12317
12309
12307
12284
12276
12275
12275
12273
12272
12271
12269
12265
12265
12264
12263
12261
12257
12254
12240
12227
12227
12226
12224
12223
12218
12217
12214
12212
12211
12211
12199
12196
12196
12192
12191
12188
12183
12179
12177
12172
12168
12166
12166
12164
12162
12161
12156
12151
12147
12144
12142
12139
12135
12122
12122
12118
12118
12104
12100
12097
12094
12092
12092
12085
12074
12074
12074
12070
12063
12052
12050
12047
12044
12038
12036
12033
12031
12031
12027
12026
12025
12023
12023
12022
12018
12015
12014
12007
12005
12001
11999
11997
11991
11989
11989
11982
11981
11978
11977
11973
11966
11962
11960
11957
11952
11946
11945
11943
11942
11925
11924
11924
11912
11909
11908
11898
11887
11882
11874
11873
11868
11866
11866
11865
11864
11861
11856
11856
11854
11852
11844
11844
11841
11841
11839
11836
11834
11833
11831
11831
11823
11821
11816
11813
11810
11807
11800
11796
11795
11790
11787
11786
11784
11782
11773
11773
11772
11771
11770
11765
11764
11763
11752
11751
11750
11747
11747
11747
11745
11743
11741
11740
11739
11735
11733
11729
11727
11724
11715
11714
11706
11706
11701
11700
11698
11690
11690
11688
11679
11674
11661
11659
11659
11659
11658
11658
11653
11647
11647
11641
11640
11638
11637
11637
11633
11633
11632
11618
11618
11613
11606
11601
11599
11599
11597
11589
11589
11585
11585
11583
11580
11579
11578
11577
11573
11573
11552
11546
11544
11543
11538
11537
11523
11518
11515
11514
11511
11509
11509
11508
11507
11504
11499
11498
11496
11495
11493
11489
11487
11486
11485
11480
11479
11478
11477
11477
11467
11466
11462
11460
11453
11452
11451
11449
11445
11442
11441
11436
11428
11421
11417
11414
11411
11408
11405
11403
11402
11399
11392
11391
11391
11387
11385
11383
11382
11382
11379
11377
11376
11371
11371
11364
11363
11362
11356
11355
11354
11339
11339
11336
11333
11329
11323
11321
11320
11318
11316
11315
11315
11314
11314
11310
11307
11306
11303
11299
11299
11299
11298
11293
11284
11279
11273
11272
11268
11267
11254
11254
11247
11241
11236
11235
11234
11233
11233
11231
11229
11218
11214
11213
11208
11204
11202
11202
11201
11200
11197
11196
11192
11191
11185
11180
11180
11180
11180
11179
11178
11178
11176
11173
11172
11168
11164
11163
11163
11162
11159
11150
11147
11147
11146
11145
11144
11131
11117
11117
11109
11108
11106
11103
11100
11097
11096
11093
11092
11091
11080
11080
11074
11073
11072
11071
11070
11063
11061
11056
11054
11054
11053
11050
11047
11041
11034
11032
11032
11029
11025
11014
11010
11010
11008
11006
11000
10996
10995
10980
10971
10969
10967
10966
10966
10965
10959
10958
10954
10951
10950
10949
10947
10943
10940
10939
10937
10935
10933
10923
10918
10916
10912
10910
10909
10906
10892
10891
10885
10878
10877
10876
10871
10871
10871
10866
10863
10862
10862
10857
10855
10841
10841
10836
10835
10835
10835
10827
10820
10819
10816
10807
10807
10806
10805
10804
10793
10785
10785
10780
10775
10771
10768
10764
10762
10762
10750
10745
10743
10741
10739
10738
10726
10724
10706
10702
10701
10701
10700
10698
10689
10688
10688
10687
10685
10682
10665
10664
10662
10661
10661
10659
10659
10659
10650
10645
10638
10638
10636
10636
10633
10621
10620
10620
10618
10617
10612
10606
10602
10601
10599
10599
10595
10592
10590
10589
10584
10577
10576
10573
10568
10554
10551
10547
10544
10543
10540
10539
10533
10527
10525
10523
10523
10500
10498
10495
10493
10487
10485
10475
10474
10470
10470
10464
10454
10453
10452
10451
10445
10438
10433
10430
10417
10417
10415
10410
10410
10409
10409
10408
10406
10404
10404
10401
10396
10395
10394
10391
10386
10380
10380
10379
10379
10378
10373
10371
10358
10356
10355
10354
10353
10349
10347
10346
10340
10340
10337
10334
10331
10330
10328
10321
10316
10315
10315
10312
10306
10303
10301
10292
10291
10289
10285
10285
10284
10279
10269
10269
10267
10266
10262
10261
10256
10253
10253
10249
10238
10235
10230
10224
10222
10220
10213
10213
10203
10203
10200
10198
10198
10190
10189
10183
10183
10182
10168
10162
10162
10158
10155
10153
10151
10149
10147
10144
10143
10141
10140
10135
10130
10129
10126
10112
10109
10107
10106
10106
10100
10098
10097
10097
10094
10087
10086
10085
10084
10078
10075
10073
10070
10067
10066
10060
10059
10059
10058
10056
10054
10052
10047
10046
10045
10044
10036
10035
10033
10029
10028
10023
10023
10022
10021
10019
10016
10014
9999
9988
9988
9982
9976
9969
9963
9960
9954
9947
9944
9942
9931
9930
9925
9924
9923
9921
9920
9911
9910
9909
9903
9899
9895
9883
9880
9871
9871
9870
9858
9856
9854
9852
9851
9848
9846
9845
9837
9832
9829
9829
9827
9824
9822
9820
9819
9807
9804
9798
9790
9786
9777
9774
9774
9770
9767
9765
9751
9744
9738
9732
9731
9730
9726
9726
9723
9721
9719
9711
9708
9708
9708
9707
9697
9694
9688
9686
9685
9682
9681
9675
9673
9671
9671
9670
9670
9668
9665
9663
9659
9656
9656
9654
9647
9645
9640
9637
9636
9636
9634
9628
9627
9626
9624
9621
9613
9612
9604
9601
9600
9596
9588
9588
9581
9577
9577
9576
9575
9575
9573
9569
9566
9565
9564
9564
9551
9545
9544
9544
9540
9534
9533
9530
9530
9528
9525
9521
9519
9516
9514
9513
9510
9509
9507
9505
9502
9497
9491
9489
9487
9485
9485
9484
9474
9474
9473
9469
9466
9462
9461
9461
9459
9452
9427
9420
9420
9418
9415
9413
9410
9409
9409
9407
9406
9404
9401
9399
9394
9389
9386
9385
9382
9370
9370
9369
9364
9361
9360
9360
9358
9358
9356
9355
9354
9353
9350
9345
9342
9341
9340
9335
9333
9332
9329
9328
9323
9323
9322
9318
9312
9310
9302
9298
9292
9291
9290
9287
9287
9287
9286
9280
9276
9275
9259
9253
9252
9250
9249
9244
9237
9236
9235
9235
9235
9230
9227
9225
9224
9218
9217
9214
9209
9199
9195
9195
9186
9184
9177
9173
9172
9165
9164
9160
9157
9153
9151
9141
9141
9140
9134
9133
9132
9123
9122
9119
9118
9102
9097
9097
9091
9088
9086
9084
9083
9083
9082
9080
9080
9073
9072
9069
9062
9057
9057
9047
9045
9043
9041
9039
9038
9034
9032
9031
9025
9021
9008
9004
8999
8999
8997
8987
8986
8986
8985
8984
8980
8980
8980
8979
8976
8972
8971
8970
8966
8965
8960
8956
8954
8954
8953
8953
8950
8948
8946
8943
8938
8934
8930
8930
8927
8924
8923
8920
8918
8916
8915
8913
8911
8904
8902
8897
8895
8892
8889
8879
8878
8871
8869
8867
8866
8860
8857
8847
8838
8837
8830
8830
8828
8824
8817
8814
8808
8805
8800
8798
8793
8791
8790
8772
8770
8770
8766
8764
8760
8760
8758
8757
8751
8750
8748
8745
8745
8740
8740
8733
8732
8732
8731
8729
8728
8726
8724
8720
8718
8710
8704
8701
8701
8698
8695
8690
8690
8689
8686
8684
8682
8675
8674
8673
8673
8672
8669
8665
8660
8647
8644
8642
8641
8639
8639
8636
8635
8635
8633
8631
8629
8611
8608
8602
8595
8590
8575
8572
8563
8557
8552
8548
8542
8535
8521
8518
8517
8515
8512
8510
8508
8507
8506
8505
8502
8495
8495
8494
8492
8492
8491
8490
8489
8484
8481
8475
8475
8470
8463
8459
8458
8457
8456
8434
8434
8431
8431
8428
8426
8425
8422
8419
8418
8415
8404
8396
8396
8392
8383
8381
8374
8369
8364
8362
8360
8359
8358
8356
8350
8346
8344
8338
8332
8329
8328
8323
8322
8319
8314
8308
8307
8307
8303
8302
8300
8298
8296
8293
8289
8281
8280
8279
8276
8274
8269
8258
8253
8250
8247
8241
8241
8240
8237
8236
8236
8236
8233
8223
8220
8217
8217
8217
8216
8186
8184
8181
8178
8176
8174
8172
8163
8162
8155
8143
8138
8136
8128
8126
8122
8116
8116
8114
8113
8111
8099
8096
8095
8090
8088
8085
8083
8076
8076
8068
8064
8062
8059
8055
8051
8051
8048
8042
8040
8040
8033
8031
8031
8031
8031
8029
8018
8015
8015
8008
8002
7999
7999
7997
7996
7993
7986
7986
7978
7976
7969
7969
7968
7962
7952
7951
7941
7941
7934
7929
7924
7921
7916
7915
7907
7896
7895
7893
7888
7886
7886
7882
7881
7881
7875
7874
7873
7870
7870
7867
7861
7860
7848
7843
7838
7835
7832
7832
7824
7823
7815
7813
7811
7809
7808
7807
7807
7807
7806
7806
7806
7805
7801
7800
7798
7796
7796
7794
7794
7790
7782
7779
7775
7775
7773
7767
7755
7753
7752
7752
7749
7748
7745
7743
7741
7738
7731
7730
7730
7726
7724
7723
7721
7715
7713
7709
7709
7701
7698
7697
7695
7693
7691
7689
7688
7680
7677
7676
7672
7670
7669
7666
7659
7653
7650
7645
7634
7634
7630
7630
7628
7628
7626
7626
7625
7625
7625
7623
7621
7617
7617
7609
7606
7601
7598
7595
7592
7591
7587
7587
7586
7584
7582
7581
7577
7575
7574
7570
7570
7567
7563
7560
7559
7558
7556
7548
7538
7534
7534
7533
7530
7529
7529
7525
7522
7521
7516
7514
7501
7500
7500
7494
7493
7484
7479
7476
7473
7472
7471
7471
7468
7464
7463
7462
7457
7443
7437
7433
7427
7427
7426
7424
7418
7416
7404
7400
7391
7385
7384
7384
7383
7381
7380
7380
7379
7377
7377
7374
7370
7364
7364
7359
7359
7346
7345
7338
7333
7331
7331
7329
7326
7313
7313
7311
7310
7309
7305
7303
7291
7289
7272
7269
7268
7267
7264
7259
7255
7255
7254
7249
7245
7244
7242
7242
7240
7234
7232
7230
7229
7227
7226
7220
7219
7214
7211
7207
7207
7200
7199
7198
7195
7189
7185
7180
7175
7171
7168
7165
7160
7158
7155
7154
7153
7149
7148
7143
7136
7133
7133
7131
7131
7125
7121
7113
7110
7109
7098
7092
7089
7089
7086
7084
7083
7080
7077
7073
7068
7068
7064
7055
7054
7053
7053
7051
7048
7047
7045
7041
7040
7040
7032
7032
7030
7027
7023
7020
7017
7017
7015
7015
7014
7008
7005
6991
6988
6988
6986
6985
6984
6980
6976
6970
6965
6962
6961
6958
6956
6956
6951
6950
6950
6948
6946
6944
6941
6938
6937
6933
6932
6929
6927
6926
6922
6922
6921
6919
6918
6917
6917
6915
6904
6903
6901
6895
6886
6878
6878
6871
6871
6867
6863
6862
6860
6852
6849
6848
6846
6843
6842
6841
6839
6838
6830
6824
6824
6823
6821
6816
6815
6813
6809
6802
6800
6799
6798
6795
6795
6793
6786
6784
6783
6782
6781
6777
6777
6766
6766
6762
6761
6759
6750
6745
6744
6742
6740
6738
6731
6724
6723
6717
6716
6712
6709
6709
6704
6703
6694
6693
6692
6690
6688
6686
6686
6684
6684
6683
6682
6680
6678
6678
6677
6674
6671
6660
6659
6654
6652
6651
6648
6646
6644
6639
6631
6626
6624
6622
6615
6613
6607
6607
6604
6601
6593
6591
6581
6580
6577
6574
6570
6569
6565
6565
6560
6557
6553
6549
6547
6538
6537
6533
6531
6531
6531
6531
6528
6519
6515
6515
6511
6509
6506
6501
6497
6497
6493
6489
6484
6480
6473
6471
6468
6458
6458
6454
6452
6434
6433
6432
6429
6429
6423
6423
6420
6420
6419
6417
6404
6402
6399
6399
6391
6388
6386
6384
6384
6376
6365
6364
6363
6358
6352
6343
6340
6331
6328
6327
6323
6320
6316
6307
6306
6300
6299
6298
6292
6291
6287
6286
6285
6277
6276
6276
6262
6262
6254
6253
6252
6252
6250
6242
6242
6242
6239
6238
6237
6234
6228
6220
6218
6218
6214
6209
6209
6198
6196
6195
6188
6186
6184
6170
6165
6164
6162
6159
6158
6156
6152
6150
6150
6147
6147
6144
6143
6143
6143
6139
6139
6139
6134
6132
6131
6130
6128
6117
6117
6116
6115
6096
6095
6095
6086
6080
6073
6071
6070
6060
6058
6058
6057
6057
6056
6047
6046
6044
6044
6039
6039
6024
6021
6015
6012
6003
5995
5992
5985
5975
5973
5968
5962
5961
5960
5954
5951
5949
5940
5940
5938
5938
5919
5917
5901
5900
5900
5898
5898
5892
5892
5892
5891
5889
5885
5883
5883
5880
5878
5875
5874
5870
5869
5864
5861
5859
5856
5856
5855
5853
5851
5847
5844
5841
5839
5837
5833
5811
5810
5809
5803
5796
5796
5784
5777
5776
5775
5774
5774
5769
5767
5760
5760
5751
5751
5744
5744
5735
5735
5732
5732
5728
5723
5720
5719
5718
5718
5713
5708
5699
5698
5698
5698
5697
5696
5691
5686
5682
5677
5675
5673
5672
5666
5665
5664
5659
5658
5654
5653
5652
5648
5647
5641
5641
5640
5638
5638
5636
5631
5630
5629
5628
5612
5608
5605
5604
5600
5598
5594
5594
5585
5584
5584
5576
5573
5571
5566
5563
5561
5560
5557
5554
5548
5548
5542
5542
5542
5542
5541
5539
5538
5535
5533
5530
5529
5527
5521
5521
5517
5516
5512
5506
5504
5502
5500
5496
5496
5487
5486
5485
5480
5478
5477
5468
5467
5466
5464
5463
5452
5450
5444
5438
5437
5437
5434
5433
5429
5427
5422
5421
5415
5410
5402
5397
5397
5395
5385
5384
5381
5377
5373
5365
5363
5363
5363
5362
5361
5361
5359
5352
5346
5345
5340
5337
5335
5333
5332
5331
5325
5324
5321
5320
5314
5314
5309
5308
5306
5306
5303
5298
5297
5292
5284
5282
5279
5273
5261
5261
5252
5246
5244
5244
5242
5242
5234
5223
5222
5203
5195
5194
5194
5192
5190
5187
5185
5184
5180
5179
5174
5172
5168
5167
5163
5158
5155
5155
5150
5147
5145
5145
5142
5142
5124
5124
5121
5120
5120
5120
5120
5117
5116
5111
5110
5102
5095
5093
5092
5090
5088
5085
5084
5084
5080
5073
5071
5069
5063
5062
5055
5050
5046
5040
5036
5035
5034
5033
5032
5024
5023
5022
5022
5020
5013
5013
5005
5001
5001
5000
4998
4997
4996
4994
4993
4988
4987
4975
4973
4970
4969
4968
4966
4965
4958
4951
4946
4942
4935
4935
4929
4923
4923
4918
4915
4915
4913
4912
4912
4912
4907
4907
4906
4901
4897
4888
4888
4887
4886
4877
4874
4864
4863
4859
4856
4845
4839
4833
4821
4821
4819
4818
4815
4814
4813
4810
4807
4806
4804
4797
4795
4793
4788
4785
4781
4781
4781
4774
4772
4772
4770
4768
4766
4763
4762
4749
4744
4741
4741
4736
4732
4731
4731
4728
4726
4721
4720
4719
4717
4715
4713
4712
4712
4712
4712
4709
4709
4702
4699
4694
4688
4687
4685
4683
4682
4678
4675
4675
4663
4662
4661
4659
4659
4657
4653
4651
4650
4649
4648
4637
4634
4632
4630
4630
4629
4629
4623
4622
4618
4616
4612
4607
4600
4591
4585
4583
4582
4581
4574
4574
4572
4562
4560
4557
4554
4553
4543
4540
4536
4535
4535
4531
4528
4526
4521
4518
4514
4509
4504
4502
4498
4495
4494
4482
4476
4470
4465
4465
4464
4463
4453
4452
4450
4450
4439
4434
4433
4426
4424
4421
4416
4416
4413
4406
4395
4381
4372
4372
4366
4365
4360
4354
4353
4351
4344
4343
4341
4340
4338
4332
4329
4326
4325
4324
4312
4309
4308
4308
4301
4297
4293
4287
4281
4277
4274
4272
4270
4269
4262
4262
4262
4259
4252
4252
4244
4242
4240
4239
4239
4236
4234
4233
4227
4226
4223
4218
4218
4209
4207
4199
4198
4196
4194
4193
4189
4189
4184
4183
4177
4177
4176
4175
4175
4174
4171
4165
4159
4159
4157
4157
4154
4154
4153
4152
4150
4147
4144
4141
4139
4136
4129
4128
4127
4127
4126
4126
4122
4121
4121
4120
4119
4119
4114
4111
4110
4103
4084
4084
4076
4074
4071
4070
4068
4063
4061
4057
4047
4047
4045
4043
4042
4042
4040
4037
4035
4026
4026
4025
4022
4016
4001
4000
3999
3995
3995
3995
3993
3992
3991
3988
3985
3985
3984
3976
3971
3969
3966
3965
3964
3960
3958
3958
3956
3954
3952
3949
3948
3947
3943
3943
3936
3932
3928
3923
3917
3900
3896
3887
3885
3882
3876
3875
3873
3869
3865
3858
3853
3848
3847
3844
3842
3841
3836
3834
3832
3831
3827
3827
3814
3812
3810
3800
3799
3797
3797
3794
3789
3788
3783
3776
3770
3767
3766
3766
3762
3752
3751
3749
3749
3745
3736
3732
3730
3729
3728
3721
3721
3718
3717
3715
3713
3706
3701
3698
3695
3679
3675
3674
3667
3664
3658
3657
3654
3653
3648
3644
3643
3638
3630
3626
3624
3623
3622
3617
3613
3612
3610
3602
3594
3593
3592
3580
3579
3577
3574
3574
3573
3564
3563
3562
3560
3558
3556
3552
3552
3545
3544
3539
3538
3536
3536
3535
3528
3523
3522
3521
3519
3517
3514
3507
3503
3501
3501
3501
3497
3491
3488
3485
3483
3483
3478
3477
3472
3472
3471
3461
3459
3457
3440
3439
3432
3430
3430
3425
3425
3419
3412
3412
3407
3404
3404
3400
3398
3390
3388
3388
3385
3385
3375
3372
3372
3371
3366
3365
3363
3359
3355
3354
3352
3351
3350
3343
3343
3338
3337
3337
3334
3333
3333
3332
3320
3319
3317
3308
3308
3305
3304
3302
3296
3292
3290
3289
3288
3284
3270
3268
3257
3256
3255
3252
3247
3246
3237
3235
3233
3224
3221
3220
3211
3210
3208
3206
3205
3199
3194
3190
3190
3182
3182
3180
3180
3179
3175
3171
3158
3158
3148
3148
3148
3141
3138
3135
3131
3122
3122
3120
3118
3112
3110
3110
3107
3100
3098
3098
3097
3097
3097
3091
3090
3090
3085
3083
3082
3077
3074
3069
3063
3059
3059
3055
3051
3050
3048
3047
3044
3042
3041
3040
3036
3027
3025
3021
3016
3013
3012
3010
3009
3005
3004
2998
2993
2992
2992
2989
2987
2980
2978
2976
2969
2956
2953
2952
2947
2944
2937
2935
2935
2935
2934
2927
2927
2924
2920
2918
2918
2910
2910
2908
2906
2903
2901
2900
2897
2891
2891
2885
2883
2882
2871
2870
2868
2867
2853
2853
2851
2847
2842
2839
2836
2835
2831
2828
2825
2820
2811
2810
2806
2806
2803
2803
2802
2800
2797
2797
2793
2788
2787
2785
2779
2778
2774
2773
2769
2764
2761
2758
2755
2755
2748
2747
2738
2736
2736
2736
2734
2731
2718
2714
2714
2710
2710
2709
2709
2708
2701
2697
2694
2692
2691
2688
2688
2681
2681
2678
2675
2671
2669
2663
2656
2656
2647
2638
2637
2634
2627
2622
2621
2618
2613
2607
2600
2599
2589
2587
2584
2580
2579
2572
2571
2566
2565
2565
2562
2561
2560
2557
2553
2550
2549
2545
2542
2541
2537
2535
2531
2531
2521
2519
2519
2518
2516
2514
2512
2510
2509
2500
2496
2494
2491
2489
2489
2482
2478
2476
2465
2465
2465
2464
2461
2460
2459
2453
2453
2450
2449
2449
2449
2435
2434
2432
2431
2428
2423
2420
2419
2414
2407
2405
2399
2393
2390
2385
2385
2384
2379
2376
2372
2372
2372
2371
2366
2366
2347
2338
2337
2335
2331
2329
2323
2322
2316
2312
2311
2311
2311
2311
2310
2310
2302
2301
2281
2278
2276
2270
2268
2265
2265
2259
2259
2258
2255
2252
2248
2244
2240
2235
2234
2230
2226
2214
2201
2199
2197
2191
2190
2188
2187
2179
2175
2174
2172
2170
2169
2164
2157
2153
2152
2147
2144
2140
2135
2130
2130
2126
2118
2105
2103
2100
2099
2098
2098
2096
2096
2094
2093
2092
2086
2085
2085
2083
2082
2078
2077
2077
2074
2069
2069
2068
2061
2057
2053
2052
2046
2041
2041
2037
2032
2030
2026
2005
2001
1997
1997
1991
1991
1991
1987
1975
1974
1971
1966
1959
1955
1953
1952
1945
1932
1931
1930
1919
1917
1913
1910
1907
1903
1903
1902
1900
1899
1892
1877
1876
1873
1871
1865
1861
1852
1847
1846
1846
1839
1836
1834
1828
1822
1821
1803
1803
1801
1800
1798
1795
1794
1794
1792
1787
1784
1783
1774
1773
1766
1762
1754
1752
1746
1745
1743
1743
1736
1734
1728
1722
1721
1718
1709
1698
1697
1691
1690
1690
1685
1684
1681
1679
1678
1678
1674
1668
1667
1666
1664
1650
1649
1645
1642
1642
1641
1639
1638
1638
1637
1635
1634
1632
1631
1627
1623
1623
1620
1618
1615
1611
1610
1609
1596
1592
1587
1587
1586
1582
1576
1574
1573
1572
1569
1569
1564
1563
1558
1548
1547
1542
1534
1531
1531
1523
1523
1518
1516
1509
1503
1502
1501
1500
1498
1497
1497
1497
1497
1496
1491
1485
1483
1479
1476
1474
1473
1471
1470
1467
1457
1453
1453
1448
1442
1427
1426
1423
1421
1421
1420
1416
1414
1413
1411
1411
1407
1402
1400
1397
1391
1389
1387
1383
1380
1379
1377
1370
1366
1361
1358
1358
1353
1351
1351
1346
1337
1334
1332
1331
1329
1324
1318
1318
1318
1315
1314
1311
1309
1308
1305
1302
1301
1299
1299
1294
1286
1283
1283
1282
1276
1276
1273
1272
1272
1269
1256
1245
1243
1239
1236
1233
1233
1233
1232
1221
1220
1219
1217
1214
1207
1207
1199
1184
1181
1175
1173
1169
1165
1163
1162
1159
1159
1153
1152
1150
1150
1142
1140
1136
1135
1134
1133
1131
1125
1125
1124
1120
1110
1107
1103
1097
1095
1093
1087
1084
1080
1075
1072
1071
1068
1058
1056
1056
1054
1054
1053
1052
1052
1050
1037
1036
1035
1034
1026
1022
1020
1020
1017
1013
1008
1003
1001
996
996
992
992
988
985
985
980
970
968
964
961
959
956
955
942
939
935
933
932
925
924
921
919
912
911
910
904
902
902
902
899
894
883
882
881
877
876
874
872
861
856
848
847
845
843
843
839
837
833
829
824
821
816
816
814
812
810
807
806
804
804
801
796
796
790
788
787
785
784
783
782
781
781
779
779
773
765
765
762
761
760
752
751
749
748
747
745
743
739
738
737
723
722
722
722
721
721
715
715
713
710
705
695
688
685
684
681
680
678
674
673
663
657
657
651
648
646
638
631
628
627
625
625
623
622
617
612
608
606
605
602
602
596
595
594
590
589
573
572
570
568
563
562
561
547
547
540
538
522
521
517
516
515
514
513
510
508
507
499
496
494
492
482
482
480
479
478
473
471
470
469
459
457
455
452
443
438
436
429
417
417
416
414
411
407
403
401
400
400
399
395
392
392
390
384
384
379
375
374
374
373
373
371
371
362
362
361
356
355
350
345
340
339
334
332
331
327
325
319
318
314
313
292
292
288
287
286
285
285
284
280
277
274
272
263
259
259
258
258
258
258
256
252
252
251
248
246
243
240
238
233
230
229
223
223
215
211
203
202
200
188
178
176
174
173
165
164
161
160
156
156
155
153
152
152
140
131
131
130
130
126
121
119
117
116
110
92
92
86
80
80
78
78
77
72
72
68
63
60
58
46
45
24
24
23
23
22
17
16
14
13
10
9
8
6
0
