14895
388
8133
28796
2980
16384
6540
26502
9208
27275
6986
7907
1004
19497
1475
15323
6913
2637
5695
20338
22380
15146
3301
13210
14810
5306
23762
3865
26852
139
16892
11320
80
8268
22730
3633
6157
3867
4975
29014
16109
27532
10506
8705
25888
30329
23167
22079
29300
21132
10515
30267
1102
12429
23241
32620
3943
29804
26752
28286
24904
7950
12745
23553
15747
2264
4746
14292
4791
14588
13908
20304
833
25990
17795
2612
15810
26661
18459
2643
24917
13242
23133
6655
27021
5794
3884
5428
24113
21956
7203
14724
17079
27737
11123
2246
385
31870
28541
10878
20185
15483
21555
30731
16302
27857
27183
8083
4108
8965
26512
2479
21853
29999
23192
28117
6241
21057
27142
16777
4847
4888
16180
28227
3433
4164
30193
31263
6144
18584
11804
3911
7085
25712
6917
3616
32490
8645
11395
5687
23092
29938
11733
12778
30786
27203
30265
4310
7682
5187
1870
32004
22104
4802
13610
30418
15766
32424
13371
9123
2233
18045
10462
31558
17513
18356
5313
24615
1967
12474
15865
3640
5748
30659
27618
3229
12221
29263
5562
3610
936
22910
24317
27709
3366
18201
32126
10571
19318
30556
25930
9451
5989
23429
22076
28564
4167
18717
10080
26808
23731
21001
27656
5037
15106
4431
20144
20320
7558
30889
15763
23736
20107
27340
17673
24523
22543
11893
13223
18371
11072
1592
25621
18831
17338
30984
18605
22857
17021
6021
5337
20074
15536
18953
8233
7856
14871
29553
24375
23498
8022
29867
3643
24521
32739
23812
26989
21575
5068
21295
3870
85
19758
788
26517
2342
18801
7262
11946
4476
6724
11715
31524
25558
8796
26898
24532
4950
492
7166
622
16244
20195
27052
17450
26213
5352
4350
22558
29257
22806
19357
25434
27927
7543
4553
705
1865
8258
20192
21162
23879
21204
21167
21562
10132
17520
2940
19583
16826
31927
21711
31053
13302
486
26372
14297
11172
1745
13202
30999
3689
31907
14873
8147
5154
1107
8749
9361
5007
31717
9701
6950
28095
9061
6434
30227
17467
5540
6559
9124
26098
4273
13245
24781
7912
18966
2060
23999
22173
19160
15769
4173
10558
3884
19706
20482
26510
26105
28698
6142
10642
19474
17093
2709
24575
16176
24562
4774
4196
17584
2004
16059
10263
8210
6815
12773
4577
29997
29722
18005
31337
21043
29673
15802
28513
23913
16024
7006
17778
8867
871
1024
28904
15488
21208
16239
15645
21867
20985
14315
3751
15437
22130
4923
7233
2322
14157
16782
19066
3298
24200
7698
5663
2588
26460
32086
14697
28690
21835
17760
30695
5767
12268
27534
15658
13545
3958
29741
31282
4430
26126
20443
28059
9009
4560
12957
17031
9705
927
16575
12874
22253
1709
11631
5336
23497
29897
10008
3055
3039
25452
11647
13572
6622
5506
11680
3567
22788
15864
32582
30806
6675
24329
8301
2009
23572
21065
19031
1794
19663
17774
15472
24299
21765
14305
22755
19884
11380
17673
28408
6027
12680
18258
20276
7907
225
8191
1327
3792
2185
12213
21299
1184
4849
19395
19353
25593
1456
15410
9188
16842
20476
3728
7578
4594
17636
18813
8422
947
23891
19698
25839
14549
7621
27476
16886
17306
7110
1853
2354
5989
24367
16901
32363
22569
6944
1810
20312
13458
31420
32740
9402
14070
32167
15583
10549
14586
8257
7895
8689
26116
19359
19806
29940
30820
18765
17869
14653
7489
14022
20243
11425
11077
13488
24128
11111
6152
19928
14288
1442
22590
20976
22968
20049
5791
8202
31282
55
28057
7379
10057
5243
4024
20624
21283
26368
2769
26842
22802
1154
4594
6681
18265
15989
31241
7362
31166
8350
21847
16976
20692
9326
22930
24068
4613
15905
31965
32092
15457
8091
30056
11347
24106
19709
2023
16734
14107
24330
20660
27939
13180
3901
29635
2551
3047
27046
24393
26398
5591
16520
3372
3010
4342
15796
28457
11695
32035
11684
29127
22484
17733
24662
16895
31866
19154
15342
16808
28481
7710
23819
22180
735
28516
24805
205
18072
1174
13611
25245
8061
16356
2462
10399
14692
782
16237
31641
2987
31594
29263
26998
28076
8884
30563
28918
30462
153
28103
7188
10097
30978
15610
21818
4808
13089
7410
25383
3124
25916
1020
14236
3477
4412
5720
31946
22128
32244
29584
3451
32430
31027
32156
17410
31002
11912
30135
19428
16792
7896
2815
25155
13094
1185
14031
12558
16788
12555
733
12522
4867
11699
5394
15839
13599
12087
7468
19139
27164
9345
22
24423
18802
28372
23810
19843
12375
3736
18508
18529
15873
20709
22543
19276
22424
18897
24195
31416
28669
10106
28189
27694
3901
10706
868
254
21971
19245
28821
16290
30625
25996
26358
22516
27309
24743
14842
15888
17820
13500
14362
2055
2543
19994
13678
31304
22015
7532
9229
28367
15033
24774
22058
779
12570
29041
17899
14480
27497
8823
32520
29825
32312
31725
1576
2491
7448
24323
23036
14786
26399
24269
27159
22636
32539
22990
8084
32335
27539
8265
21350
30187
31361
13128
20093
20376
9426
26729
12190
18478
11673
32363
21247
28278
30999
28284
6053
13139
22380
1600
7806
20656
16153
5793
24382
13097
13117
17241
12026
21113
20875
16193
5253
9382
17422
343
1678
6126
4764
16016
28534
16239
4123
13411
4850
7834
24439
4114
12645
16214
19551
32438
1274
32499
29634
12818
29829
15829
30733
26132
6167
24029
15649
13098
27491
15254
26646
14667
18900
3620
7858
28608
4202
23021
17063
9654
344
25092
9360
32645
17759
17498
27306
31934
9960
11427
10066
21239
25316
18953
23362
10581
11108
29588
24459
222
14327
10068
29522
21884
32711
20563
26954
17360
31090
32574
12533
16316
31913
461
14234
10159
8587
1272
23813
16559
14783
11736
30721
26408
16211
21853
9878
118
21848
21173
26115
31028
13882
119
11898
23618
11232
26771
3742
20120
28039
17147
701
31694
32606
13069
973
16231
28642
28615
2600
5857
3832
17065
7
10365
31436
2409
24512
27342
7787
9817
31167
14596
32290
2969
7750
24566
28054
19708
9956
28657
2976
25787
7094
24386
8174
5852
28769
18821
13915
8032
5323
22444
5129
5935
21916
7374
25156
15300
18552
29621
11030
1432
16377
10534
938
14672
878
32494
97
24485
18005
21425
20150
20503
7066
31602
4306
14929
24718
5345
22254
