19438
7134
9390
15549
16369
1692
10657
1584
17340
16807
10169
28899
2481
9751
14551
30312
32429
17679
6640
1083
21547
15782
10375
12686
4122
1434
15341
1490
15993
4275
22075
7173
8376
760
26892
11966
30415
22933
10747
22778
15899
13959
13024
6052
507
15117
27081
22502
6702
7375
27834
7730
29419
25035
32037
4623
15037
28419
10024
31396
4645
21992
8329
30726
6382
3204
7025
1345
30030
31851
2283
3880
12481
5215
1820
11229
1701
18630
30528
16159
150
11980
30569
5974
31879
7768
15350
20320
30885
1712
1236
281
16620
25067
10871
5292
23173
29466
32407
14493
18662
15157
31915
20114
2216
20679
1574
22756
23591
1625
9844
13545
17884
2976
6835
11775
19577
30054
6450
13657
25801
22584
5290
19081
7494
25044
30526
24785
26487
7505
4404
19753
6928
19980
14193
2320
3784
3414
19894
22035
25336
5855
14493
3614
23032
28641
29521
11398
23097
21772
17680
23506
30242
6965
21090
5197
5548
28349
1558
5964
7612
7618
3585
21311
12611
22792
26486
31866
26648
6054
14212
26305
6032
2416
27378
27541
2275
17448
23036
26945
14654
5987
27594
9891
32679
13117
30132
10171
13461
3516
21048
16117
14155
13061
27575
26422
27896
27713
14066
12969
5520
26956
22856
23110
4712
22820
30381
14887
31380
7436
25450
18058
6400
643
13719
17829
12369
12264
29272
23085
8313
12266
21210
10917
18972
18353
23820
12647
19366
974
19486
371
29737
10211
1210
3067
2039
27922
4357
12970
13059
15142
24660
12984
17656
18564
18094
13487
4887
19664
30726
3322
7121
12894
31541
31026
18472
29279
20665
26152
26310
1992
18736
2738
15578
9473
18322
25398
18614
6227
27441
23032
4650
2830
23922
10275
9374
1917
16201
15257
3825
29067
29302
11642
1301
24113
14977
5494
32614
30119
29046
17875
29647
19526
19553
15421
1179
24127
27528
21329
16668
6654
12907
232
21502
9564
9084
11555
15208
18823
15262
28219
26328
12721
2399
13574
22203
26747
31734
13896
6607
16416
9723
7359
17465
4450
28648
20460
15462
32053
30292
23459
31138
7468
4073
17490
4217
20135
14122
21521
10449
1210
21479
11373
14787
19676
8315
10484
10046
29268
9932
24192
7514
27747
4352
17220
17789
818
18943
19352
12592
22394
10669
1924
5823
14581
10468
3342
15250
30600
22836
15172
10318
6957
7258
8712
683
11938
22401
6814
10515
2259
7738
23798
27648
16648
4413
7610
275
14798
27869
280
3059
28327
845
28236
22763
28785
7829
4084
9538
15510
1618
3347
4441
23289
9520
18146
6279
28316
2600
10075
10933
9489
16762
19587
17336
12454
16746
7290
7281
14672
26298
3651
20902
28755
15594
13140
7327
12983
3634
19933
31104
26219
30523
32729
22378
32310
31393
24277
11856
20577
20522
30851
5785
11302
27587
5118
15994
22999
30782
15323
22802
29134
16846
23795
25410
13848
19518
1523
23122
23264
4340
5024
16453
27037
8361
21995
2552
11003
9445
31160
21245
17290
32061
17262
29497
28457
29773
26175
21055
1840
18547
1076
5227
16224
1104
8960
32191
17804
25343
8577
9853
12292
15379
31253
23944
26308
13139
23970
21627
29537
10293
29540
29062
25519
8475
18805
25357
11059
11855
16926
20735
12108
192
2527
18422
27168
12410
25152
14867
20551
28391
19798
12695
25914
8391
26132
4418
10874
7152
29015
32364
21888
1223
29615
20708
30824
1914
22510
9356
2396
26883
29299
26801
29889
11228
27956
2347
9764
17538
26765
3384
13283
6572
23754
18457
6555
19528
2165
30570
11605
826
30561
27458
15215
14035
28275
5135
30028
14355
18483
4654
7867
28575
3606
9037
9768
4225
23177
2433
4997
15010
20413
18470
31222
18695
12085
21114
22591
18382
24081
2040
5102
19943
25112
6774
31559
13971
9095
14845
31220
30366
32667
8812
27753
2396
30688
26315
15897
12645
2616
5744
15962
2320
32170
6100
22553
7856
12272
21811
6205
6289
12223
5861
11996
7345
12244
10111
22304
30782
7875
7593
20983
17108
28543
26557
24446
31091
24232
29989
25387
19777
16536
6513
7868
8709
9259
1338
12259
30815
22098
28859
15534
16329
4695
21544
31416
19534
27373
18901
32018
27660
14335
30216
29935
22635
5429
4250
20753
32538
15686
27728
26615
24270
19968
6139
6339
29625
16665
30033
3821
28620
9651
24970
5290
15021
26289
19386
8218
30071
10684
21745
1844
32309
4883
22036
1650
12060
31255
26490
1595
21898
23186
17990
19220
7362
3787
13191
31879
26725
7754
10513
11983
23215
11627
25
23368
631
22949
26002
29593
27877
3736
14411
31647
5872
8152
11461
22040
31391
13180
21205
12308
13307
18788
22782
14108
31190
27470
10636
1567
26175
20888
15728
29984
19136
2259
16607
14242
3166
25612
26025
30159
17230
18393
32602
19562
6775
6693
17682
24443
10923
25276
21796
27572
19877
26773
22129
677
9410
22499
21379
23972
20352
15578
11113
29562
3511
24385
13397
15565
18841
19132
27638
21329
17771
4055
20886
22447
26880
2514
17907
18993
27386
13615
3295
16946
20928
25340
19607
12359
2110
21728
9955
5933
608
3560
18417
26482
11596
25615
1778
27108
10082
7823
29810
25786
31732
11498
29304
26500
24261
17079
12897
27090
9027
25645
13437
10407
27524
12145
9574
28316
19202
28319
13604
13012
22807
16026
17410
15011
28471
22164
302
10749
3823
15452
22292
11936
11169
29035
16759
12801
21500
25772
26964
15864
30526
13583
8822
42
16937
4300
9944
6202
20422
15735
11199
7343
10717
5321
11412
675
21807
552
1922
21553
25977
19707
18388
24988
21802
15280
14860
22847
7391
23434
9666
29241
18082
31019
18755
5588
30951
5605
29413
13242
13634
26049
21548
11478
18153
8779
27294
267
7406
15907
6758
11160
3129
17733
22187
23110
13638
30227
29614
27479
2468
24360
32422
24110
11561
3547
14171
8893
12022
6549
1924
29619
22062
6099
5089
10083
32373
17658
17176
9075
16426
28126
22097
24393
24677
26128
28560
8501
17583
5867
8661
25182
26244
29533
26357
1390
649
23670
5943
19453
32653
17075
16046
14014
18754
4103
27737
15468
6840
9901
22267
882
29853
176
29627
2653
15158
15414
23164
27394
14364
8337
5114
9327
31671
26628
11689
6034
23164
23125
12110
8875
486
1046
20057
1907
24885
5812
31497
2058
25065
