32493
32047
31873
31553
31226
30462
30135
30089
30062
29976
29883
29598
29587
29461
28999
28994
27241
27082
26933
26556
25872
25334
24741
24691
24339
23685
23289
23017
22821
22766
22366
21987
21820
21211
21204
20553
19669
19650
19597
19195
19051
19028
18870
18478
18233
18055
17809
17456
17415
17165
16926
16828
16660
15935
15546
14826
14571
14548
14223
14157
14119
13694
11961
11413
11403
11383
10935
10880
10464
9456
9120
8346
7226
6904
6815
6272
6244
6041
5946
5546
5321
4949
4453
4017
3812
3668
3492
2767
2286
2264
2094
2065
1560
1335
887
820
462
403
278
