5441
28052
24681
32566
20319
32248
25517
10424
5878
27967
21618
15640
18002
17419
6457
8741
28365
31427
3344
16415
6909
3667
7071
6861
1949
9383
4592
24669
32572
31973
12290
2560
17576
10093
18188
27202
14360
16785
28817
17706
8987
12564
10792
19989
22340
7012
25096
10067
2962
5271
16469
16254
9378
16935
14638
10398
21395
28014
13171
17663
14269
16864
20567
26061
28433
13066
8105
14196
16718
17998
19681
6073
20969
15451
4333
12696
1209
22127
29881
31452
358
13132
12417
28545
400
32763
13270
9929
21950
30788
8817
7712
19725
29416
20923
21937
27541
30116
4888
