32561
32167
31920
31582
29954
29799
29664
29581
29227
29103
28954
28626
28590
28244
27664
27279
27236
26590
26331
26158
26148
24903
24824
23292
23031
22170
21517
21419
21020
20648
20424
20054
19818
19810
19393
18615
18592
18567
17690
16985
16944
16762
16718
16303
16058
15288
14981
14884
14869
14223
13872
12327
12109
11957
11777
11501
10506
10458
10315
10196
10162
10002
9689
9400
9381
9165
8480
7493
7427
7103
7022
6329
6192
6138
5537
5519
5409
5271
5192
5092
4883
4531
4266
3867
3770
3572
3508
3249
2824
2345
2172
2000
1987
1887
1846
1775
1561
623
503
