32584
32296
32266
31808
31717
30846
30691
30612
30236
29911
29686
29385
29209
28808
28082
27798
27366
26504
25768
25574
25443
24371
24197
23314
23152
22707
22660
22507
22017
21786
21279
21036
20674
20514
20360
20189
19639
19607
19215
19172
19114
17695
17366
16502
16356
15884
15774
14821
14645
14538
14014
14011
13801
13569
13401
13372
13288
13117
12756
12736
12728
12202
11871
11838
11434
11411
10957
10758
10539
10432
10112
8733
8644
8618
8406
8249
7755
7703
7659
7319
7078
6748
6047
5179
4650
4505
4296
4173
4066
3402
2720
2668
2655
2517
2244
1458
1378
1357
932
