31965
19769
4814
5940
25044
15354
6340
24009
15009
22973
17187
11648
1227
14113
16116
14397
31526
10044
8086
12625
407
19836
19817
21692
422
11582
13119
9763
968
5936
22147
9103
4458
4199
17959
26603
11197
3903
3151
31036
25412
10742
3775
16030
23583
4871
2565
23042
19221
32584
4966
25001
14179
20931
19849
13663
3398
10580
15333
27512
19786
11271
24812
4492
25681
11310
4853
15602
30818
837
13290
9981
13879
16007
14262
20729
27525
31052
9579
27619
31241
297
32567
32748
28503
8134
15621
4012
19810
9853
17906
13094
20426
6072
5238
26240
14824
2567
29007
