32758
32729
32656
32647
32635
32615
32611
32581
32565
32520
32516
32486
32461
32432
32428
32415
32407
32365
32343
32324
32303
32279
32278
32239
32181
32144
32120
32106
32079
31996
31960
31951
31948
31930
31899
31867
31844
31835
31812
31728
31720
31687
31682
31636
31605
31486
31483
31458
31394
31201
31187
31120
31018
30947
30931
30922
30888
30882
30831
30828
30827
30777
30761
30718
30702
30680
30676
30628
30610
30579
30529
30521
30507
30453
30444
30374
30361
30334
30253
30231
30120
30102
30086
30030
30025
30012
30009
30009
29979
29960
29927
29905
29778
29762
29727
29666
29653
29648
29635
29566
29565
29542
29487
29482
29438
29433
29433
29431
29307
29285
29242
29242
29227
29220
29184
29154
29132
29117
29061
29051
29044
29029
29028
28902
28880
28835
28793
28708
28672
28671
28633
28562
28523
28449
28448
28422
28400
28396
28385
28367
28355
28325
28316
28305
28287
28262
28247
28194
28189
28169
28121
28065
28037
27997
27975
27974
27947
27924
27917
27888
27883
27838
27837
27822
27808
27804
27594
27556
27551
27507
27471
27416
27346
27343
27288
27278
27278
27276
27205
27201
27169
27155
27155
27150
27056
27042
27016
27009
26948
26944
26941
26844
26837
26824
26819
26789
26763
26757
26709
26696
26657
26585
26562
26552
26490
26474
26442
26426
26178
26143
26137
26114
26044
26019
25991
25960
25917
25891
25887
25880
25862
25849
25845
25806
25793
25771
25740
25651
25611
25590
25555
25430
25422
25384
25378
25256
25217
25212
25098
25080
25029
25001
24968
24966
24964
24892
24868
24855
24812
24794
24757
24755
24736
24722
24718
24711
24610
24583
24471
24426
24399
24301
24239
24234
24200
24190
24131
24113
24104
24100
24069
24029
24028
24027
24011
23928
23901
23867
23858
23826
23821
23789
23779
23629
23499
23428
23424
23420
23417
23414
23323
23322
23283
23270
23212
23160
23137
23110
23032
22969
22956
22950
22949
22930
22848
22815
22790
22724
22683
22658
22647
22540
22536
22529
22507
22486
22457
22383
22359
22337
22311
22274
22223
22209
22200
22200
22176
22169
22163
22140
22096
22059
22039
21896
21893
21831
21817
21792
21769
21757
21695
21693
21683
21619
21607
21582
21557
21442
21409
21363
21362
21360
21301
21289
21280
21279
21271
21240
21230
21097
21045
21012
20982
20981
20962
20945
20924
20895
20813
20797
20778
20716
20710
20708
20678
20646
20619
20596
20575
20570
20557
20547
20544
20529
20493
20463
20461
20385
20383
20365
20340
20313
20266
20220
20199
20157
20094
19949
19946
19859
19742
19737
19736
19717
19689
19684
19622
19596
19551
19515
19490
19462
19344
19323
19315
19285
19233
19176
19031
19027
19026
19002
18971
18870
18804
18766
18751
18716
18701
18635
18591
18551
18547
18473
18468
18455
18373
18337
18228
18228
18221
18158
18155
18146
18126
18115
18078
18059
18054
18035
18014
17990
17971
17919
17909
17882
17831
17804
17788
17728
17707
17680
17676
17634
17631
17613
17598
17581
17562
17503
17465
17417
17352
17344
17334
17251
17183
17166
17161
17118
17097
17088
17051
17005
16998
16978
16950
16900
16883
16883
16822
16782
16772
16717
16709
16702
16664
16652
16632
16517
16515
16475
16457
16444
16363
16336
16282
16239
16225
16134
16113
16010
16010
15946
15884
15795
15761
15715
15609
15507
15489
15365
15361
15360
15343
15319
15254
15119
15082
15039
15031
14991
14957
14939
14898
14869
14849
14812
14742
14697
14659
14656
14637
14599
14454
14407
14286
14280
14275
14213
14166
14135
14127
14084
14071
14059
14012
13991
13926
13909
13882
13832
13654
13608
13585
13578
13570
13568
13550
13513
13438
13425
13395
13393
13383
13381
13357
13337
13293
13286
13213
13203
13194
13193
13174
13171
13162
13154
13117
13107
13093
13091
13072
13034
13031
13005
12922
12881
12879
12861
12827
12782
12767
12732
12656
12595
12594
12564
12526
12492
12491
12457
12388
12387
12371
12267
12248
12245
12211
12203
12159
12144
12100
11963
11946
11925
11891
11846
11762
11757
11739
11679
11669
11665
11635
11540
11538
11453
11453
11432
11416
11390
11382
11376
11371
11301
11241
11181
11168
11112
11005
10956
10937
10912
10807
10805
10764
10758
10758
10741
10671
10621
10617
10613
10613
10613
10608
10553
10541
10475
10439
10439
10414
10403
10368
10337
10309
10265
10209
10203
10176
10135
10099
10065
10060
10058
10043
10033
10023
9939
9930
9893
9852
9846
9805
9695
9662
9636
9608
9606
9601
9594
9588
9569
9556
9547
9534
9513
9502
9488
9436
9421
9421
9415
9349
9339
9271
9267
9255
9253
9245
9208
9199
9193
9153
9079
9059
9049
9047
9033
9029
8982
8939
8923
8914
8837
8831
8828
8810
8667
8659
8650
8639
8585
8559
8531
8506
8485
8480
8462
8432
8393
8384
8322
8307
8289
8253
8122
8120
8085
8078
8050
8002
7955
7935
7910
7890
7870
7750
7639
7582
7485
7476
7427
7390
7383
7335
7334
7332
7328
7284
7278
7267
7190
7157
7152
7127
7122
7026
6997
6989
6970
6952
6949
6946
6885
6864
6821
6818
6769
6766
6741
6718
6535
6510
6495
6475
6472
6386
6377
6361
6349
6299
6222
6178
6159
6151
6081
6072
6033
6009
5994
5980
5898
5820
5784
5779
5723
5591
5579
5556
5503
5486
5460
5400
5392
5390
5387
5377
5337
5336
5332
5234
5180
5142
5078
5009
4986
4911
4892
4836
4805
4799
4792
4786
4780
4757
4745
4619
4611
4606
4595
4566
4526
4503
4502
4498
4464
4460
4394
4372
4359
4345
4327
4318
4314
4246
4220
4176
4128
4091
4073
4058
4039
4021
3994
3918
3897
3884
3861
3790
3775
3760
3756
3742
3557
3478
3466
3463
3456
3358
3238
3193
3184
3168
3167
3128
3098
3018
3017
2998
2975
2921
2916
2883
2857
2838
2829
2824
2801
2798
2760
2753
2640
2592
2561
2559
2543
2532
2532
2531
2514
2506
2468
2375
2369
2311
2301
2296
2257
2227
2174
2128
2123
2110
2103
2064
2034
2004
1981
1962
1928
1927
1913
1865
1834
1817
1779
1770
1680
1571
1565
1522
1401
1389
1374
1329
1199
1196
1192
1146
1128
1096
1066
1060
1059
968
832
822
746
722
666
629
586
542
501
500
498
404
400
397
290
222
192
115
91
71
28
11
