5693
18503
23724
15266
11715
24251
18272
5886
24855
15433
7145
6062
32420
10063
6338
30794
21853
31862
23958
17505
5500
9923
12377
19821
246
3165
30758
632
10176
31772
2519
5770
11204
26582
8806
8665
18594
30568
11015
10672
6951
16518
8961
15131
25742
12099
19280
1111
17785
27487
28668
6397
11437
18004
27447
19688
30096
32287
15929
20971
29284
24783
23516
1076
24129
7375
247
4478
29396
18930
13946
26362
7642
30531
22862
4603
4698
18826
17386
32612
12709
30366
30133
17874
2062
10606
21534
26248
22890
6861
24957
12574
31046
27393
1448
13801
27371
2058
17493
29481
1298
11442
32051
10485
5479
17497
4551
32743
16320
16253
3335
28295
5402
9484
10424
2424
7768
27753
19591
10853
22202
27712
25321
6569
21022
27146
8116
9921
2810
5727
5242
23410
5141
511
11946
13753
10760
22430
31588
5239
24696
26227
19743
17113
26384
18815
7933
20105
8769
14238
20969
5270
5049
18511
8054
12579
20132
14658
24183
15827
29605
166
30046
2800
28819
14385
5717
16222
32756
11500
8478
2882
9274
8132
18091
22897
6847
721
19069
11163
642
16227
32189
3380
12959
20689
20507
18726
31888
16386
4714
20024
22054
19384
18168
28220
10053
18848
7087
25595
14178
3098
27117
19425
30398
22728
22563
31592
8031
15320
31023
25414
27091
17426
1402
26710
20900
29601
2513
24391
9626
29089
10244
5895
24499
18540
17729
7661
227
15524
16942
11689
27788
2304
6344
27116
32699
2775
31742
24022
24616
11118
21772
25636
16108
4610
15000
26134
2816
27284
15759
7457
20345
19831
10174
17241
14726
5018
2096
24220
549
9110
10570
4736
14248
886
19623
9466
8939
15178
18612
8659
17490
21610
25611
18635
9349
395
2704
12938
29931
15235
14414
22602
15335
24284
13839
27206
2261
5658
957
8417
27587
7372
3195
29847
11503
10069
131
26788
5
31608
28862
21622
12053
1445
2085
22483
31062
30469
32474
26058
8605
14407
8965
4699
26779
15656
4975
3814
28377
1221
2017
340
14965
21152
17210
8711
23706
27764
2899
19586
29376
26809
17043
28376
32681
23029
32593
982
22550
25289
15596
1008
8013
32439
684
30956
3916
2996
7255
8272
2250
24689
16531
18572
9970
31593
16639
21736
21215
5803
8207
5164
4822
11365
10411
22033
4421
14388
25479
27498
6015
16685
1601
32018
30773
30891
14396
26004
9652
31191
18751
31133
28640
30200
13772
27426
9716
22912
5441
13137
6135
13778
19889
12089
13309
31700
10623
23352
15139
21305
10944
22824
19016
6795
14414
11592
12940
23547
172
24044
23945
17128
11933
25061
14676
24113
19331
2478
26674
15163
27512
20315
12314
9665
32558
14658
26095
6239
26503
15206
20601
10716
9971
17319
16168
826
19597
23724
20617
10879
29941
5004
9348
11841
31979
3135
30300
32244
16816
28871
23139
31476
2845
10014
7040
3665
31616
31198
29794
20316
8506
8115
8321
1781
1561
19841
217
7058
22646
16212
20582
12816
2574
25611
9310
3898
161
6084
13361
1562
13388
6406
9537
32514
22439
9393
22113
25432
26014
25766
26383
31269
12560
7478
30321
349
21033
17740
22034
4076
3456
30041
11353
3205
4336
22786
17101
17705
8758
3980
31754
29561
6991
9987
11650
14781
20623
7725
22773
25776
15489
6450
430
32273
3458
13576
6531
31722
28956
9632
16778
6302
14627
2770
23195
8118
13970
10249
8586
15208
26147
27310
21281
3819
19120
27478
5088
10621
4428
21930
6004
7728
23328
25370
17399
19576
18695
21569
19693
9590
9449
5398
506
31234
17624
30680
19813
7547
1004
12984
7757
26958
27871
3139
15021
27975
29287
25238
13585
22682
20823
31040
533
26544
30836
14837
27042
25267
4632
21496
20456
30936
2953
26182
4635
1135
13846
8323
29421
940
24055
1702
21198
21043
29410
17251
12262
28517
7789
13659
10702
23917
25639
8966
1298
25865
10100
16732
27239
18968
13100
31046
23981
15592
7923
6088
10403
5181
11862
21739
13676
7201
1450
23915
5317
1391
20645
19237
11267
16925
14009
14399
18127
23116
14644
22805
2210
1553
22297
18663
31230
6145
4796
30019
11634
1151
13599
21555
14411
4549
27407
20775
31514
31923
6142
7329
30186
7770
31391
19107
9278
24136
32580
27608
7373
32145
23543
3460
28924
1698
21082
19501
2079
28101
13119
25863
29296
11891
6
29216
28619
29021
17850
15696
9775
1849
3562
21982
17397
17485
329
21746
2510
2236
6149
31935
30846
404
29671
7789
7770
28307
16431
29383
16514
30908
13101
20905
23519
26014
3487
29735
14811
13151
13262
11646
5347
27019
15463
18107
2206
10911
4378
26925
18922
21075
31988
17292
25243
11435
17533
21990
27890
4540
9105
4173
2783
29247
19711
12354
5367
8407
18403
2271
15667
25634
18115
8648
8558
7553
21612
22736
2460
4264
29323
29290
19915
6116
1546
17622
8156
20783
11568
27143
13566
4086
23415
9302
2798
8100
22316
25065
17647
8950
29897
2785
23691
7166
11282
1607
8712
26868
25330
8628
18601
16832
2579
18370
31402
584
26431
12598
12537
19833
10617
31978
19124
21783
8922
23163
8294
21061
17453
13240
3841
31444
13898
197
13979
32587
11571
13074
26857
23994
20720
25344
892
5439
22570
11341
12733
1621
12425
25923
21161
3040
20687
7333
32333
6393
4273
2644
26369
26489
8825
24260
4708
839
2653
7459
9755
15970
12188
27715
17480
22957
25438
2635
13260
28286
31049
20258
20541
25829
19939
27031
32166
700
22186
17232
7169
24435
6133
14201
13941
18584
7305
2088
27216
25385
19194
16018
16835
5530
13512
25072
32351
1700
15157
12591
3923
15571
9703
19290
12130
10958
1858
29384
26279
13413
2691
22277
27657
30813
1949
4481
8828
27387
30932
16634
11772
3409
11802
28587
23626
19786
23084
12338
23909
23159
21868
7490
1991
31640
12925
10253
9317
12522
161
24942
32355
12084
22482
10714
12955
32655
2721
29701
31436
20472
6610
1619
28834
16535
17845
26373
1130
14796
22850
24352
9105
5887
2812
16412
19169
12836
3970
22610
124
7185
14837
16931
29076
3455
17933
31207
12272
23778
10234
26268
19230
1257
32252
16715
16760
2003
32705
1849
1241
15224
1922
25299
3869
18962
4316
14167
16986
29648
18799
15170
4319
23833
3896
19837
10481
30112
30895
