1
9
11
15
16
22
23
25
30
32
33
37
37
37
40
41
44
45
46
46
48
54
55
56
59
63
63
64
67
73
76
78
80
85
86
92
94
109
126
128
129
135
136
137
138
139
139
141
143
148
152
154
158
164
164
172
183
189
194
197
205
205
208
208
211
213
215
220
221
223
223
223
226
228
238
256
259
259
260
261
263
273
276
278
279
280
281
286
290
292
293
294
303
304
316
319
319
324
326
330
331
335
335
336
337
345
346
347
350
351
354
357
359
360
363
370
370
373
374
388
388
397
398
400
406
407
412
412
423
430
437
443
450
451
460
460
469
472
473
474
474
476
477
480
480
481
481
485
488
489
496
498
502
503
508
510
511
514
514
519
521
522
523
525
528
529
531
534
538
539
539
548
554
556
559
559
560
561
561
562
563
566
566
569
574
581
593
598
598
606
609
610
610
610
612
614
617
621
621
625
628
629
629
633
637
643
647
650
652
653
661
661
662
674
676
676
677
677
684
686
687
690
693
695
695
698
699
704
705
707
710
712
714
716
718
725
727
731
732
739
742
745
757
765
770
772
776
780
785
793
795
796
801
809
809
810
813
814
815
817
817
818
821
823
825
827
830
832
835
836
838
839
842
845
847
849
853
854
855
856
859
861
861
865
873
877
881
883
884
894
898
898
898
899
902
902
904
907
911
912
913
915
922
924
924
926
931
932
934
936
941
947
951
952
961
962
972
972
987
989
991
992
994
1000
1000
1003
1006
1009
1009
1022
1022
1023
1024
1026
1030
1034
1034
1035
1036
1036
1046
1051
1060
1064
1065
1066
1071
1074
1078
1078
1081
1081
1085
1085
1087
1091
1091
1092
1094
1096
1110
1113
1114
1115
1127
1129
1132
1133
1133
1134
1136
1140
1141
1146
1149
1150
1151
1158
1158
1164
1164
1171
1174
1175
1176
1178
1180
1183
1184
1187
1188
1189
1193
1196
1197
1200
1202
1203
1203
1215
1215
1215
1220
1235
1236
1238
1246
1250
1250
1263
1265
1270
1274
1276
1277
1280
1281
1289
1289
1290
1296
1298
1299
1299
1300
1303
1304
1305
1311
1316
1318
1319
1321
1322
1322
1329
1331
1334
1338
1342
1345
1346
1349
1363
1367
1385
1385
1393
1395
1397
1397
1398
1404
1404
1405
1407
1410
1416
1417
1418
1418
1419
1419
1432
1436
1439
1439
1447
1450
1451
1453
1454
1455
1459
1475
1490
1491
1492
1493
1494
1496
1497
1497
1498
1498
1505
1524
1530
1531
1537
1538
1542
1544
1545
1545
1550
1553
1553
1558
1564
1567
1567
1569
1570
1573
1578
1580
1582
1585
1586
1591
1592
1594
1599
1599
1604
1606
1607
1612
1613
1614
1614
1615
1619
1629
1634
1643
1646
1648
1653
1661
1665
1666
1668
1673
1677
1679
1679
1685
1687
1695
1702
1704
1709
1710
1711
1711
1711
1713
1714
1715
1722
1722
1727
1729
1733
1737
1738
1739
1743
1743
1754
1756
1759
1762
1765
1775
1775
1782
1786
1794
1794
1800
1803
1804
1809
1812
1816
1818
1821
1824
1826
1829
1829
1830
1832
1836
1837
1838
1838
1838
1841
1842
1843
1853
1856
1879
1882
1885
1894
1898
1909
1912
1916
1918
1918
1921
1921
1925
1930
1931
1936
1937
1940
1946
1955
1959
1961
1961
1962
1968
1969
1969
1969
1974
1977
1978
1978
1997
2006
2007
2008
2010
2013
2017
2017
2019
2021
2022
2027
2027
2034
2051
2054
2054
2060
2062
2065
2069
2072
2079
2079
2080
2082
2083
2084
2096
2096
2102
2104
2107
2108
2121
2121
2128
2129
2136
2137
2140
2143
2149
2154
2155
2160
2161
2163
2170
2173
2177
2178
2179
2180
2182
2186
2187
2191
2206
2206
2208
2213
2219
2223
2225
2228
2236
2237
2243
2244
2249
2256
2261
2263
2263
2264
2266
2266
2272
2273
2278
2280
2283
2286
2287
2288
2288
2292
2296
2305
2311
2316
2318
2323
2325
2325
2326
2327
2329
2335
2339
2339
2339
2339
2341
2344
2349
2350
2354
2357
2360
2364
2369
2374
2378
2380
2382
2385
2387
2397
2401
2401
2407
2434
2436
2436
2437
2440
2441
2448
2449
2453
2456
2456
2460
2461
2463
2470
2473
2480
2485
2505
2507
2514
2523
2528
2534
2534
2535
2544
2546
2547
2547
2549
2552
2553
2558
2559
2565
2573
2574
2578
2581
2581
2583
2584
2584
2590
2592
2593
2594
2602
2603
2605
2608
2609
2612
2617
2622
2626
2637
2638
2639
2639
2642
2644
2646
2649
2649
2652
2656
2657
2661
2674
2675
2676
2685
2686
2688
2694
2709
2719
2724
2725
2726
2729
2730
2734
2734
2734
2735
2738
2742
2746
2746
2747
2747
2748
2754
2758
2762
2766
2769
2769
2771
2788
2788
2789
2792
2801
2801
2807
2815
2815
2821
2824
2824
2830
2831
2836
2838
2846
2849
2853
2856
2856
2865
2869
2874
2876
2877
2883
2886
2886
2887
2889
2897
2901
2904
2905
2916
2917
2924
2927
2927
2931
2938
2941
2942
2944
2949
2957
2958
2966
2975
2976
2979
2984
2989
2990
2992
2993
2993
2995
3010
3017
3020
3020
3031
3034
3041
3047
3048
3049
3053
3057
3059
3067
3069
3070
3072
3075
3078
3078
3079
3088
3094
3095
3095
3095
3096
3104
3109
3113
3113
3121
3125
3131
3147
3147
3147
3148
3158
3163
3165
3173
3204
3206
3212
3214
3215
3221
3222
3227
3228
3229
3235
3236
3241
3243
3249
3251
3254
3256
3262
3264
3268
3270
3272
3273
3276
3277
3281
3283
3286
3288
3289
3295
3298
3300
3303
3304
3310
3316
3323
3331
3333
3335
3336
3339
3345
3348
3350
3350
3352
3352
3354
3358
3361
3364
3365
3371
3372
3373
3376
3379
3381
3381
3384
3394
3395
3396
3400
3403
3413
3415
3417
3418
3418
3422
3428
3433
3436
3440
3441
3456
3457
3460
3461
3467
3474
3484
3487
3490
3490
3493
3497
3497
3505
3507
3515
3516
3518
3520
3523
3527
3530
3531
3532
3533
3535
3537
3539
3542
3544
3546
3547
3548
3548
3554
3554
3560
3561
3564
3566
3578
3581
3589
3590
3595
3602
3605
3614
3615
3615
3620
3620
3641
3644
3646
3647
3649
3656
3660
3663
3664
3673
3673
3673
3674
3679
3684
3693
3696
3698
3710
3718
3721
3722
3723
3725
3727
3727
3735
3739
3739
3739
3740
3740
3748
3748
3749
3751
3752
3752
3762
3765
3768
3769
3772
3775
3779
3780
3781
3782
3784
3785
3786
3787
3788
3788
3789
3791
3796
3798
3803
3803
3804
3811
3813
3814
3816
3817
3818
3819
3826
3827
3833
3833
3835
3836
3837
3839
3840
3856
3861
3861
3864
3865
3870
3871
3872
3873
3874
3895
3895
3898
3899
3901
3901
3907
3915
3919
3920
3920
3932
3932
3933
3935
3936
3940
3945
3947
3957
3958
3959
3959
3960
3964
3972
3973
3977
3978
3978
3979
3981
3981
3985
3990
3993
4001
4001
4008
4009
4033
4044
4049
4051
4051
4052
4052
4054
4055
4056
4056
4061
4061
4064
4065
4069
4082
4083
4087
4088
4088
4090
4093
4096
4096
4098
4106
4111
4113
4115
4117
4117
4123
4135
4138
4142
4143
4146
4146
4152
4152
4155
4155
4160
4160
4162
4163
4165
4169
4170
4184
4188
4189
4190
4195
4196
4200
4200
4201
4206
4209
4210
4210
4217
4218
4220
4221
4222
4224
4226
4229
4231
4232
4242
4244
4251
4256
4259
4260
4262
4262
4264
4268
4271
4271
4280
4281
4286
4291
4291
4292
4296
4300
4303
4303
4316
4317
4321
4329
4333
4341
4345
4350
4353
4357
4361
4362
4363
4373
4374
4375
4386
4389
4391
4391
4394
4398
4401
4410
4417
4418
4430
4432
4433
4433
4435
4436
4437
4437
4451
4454
4462
4466
4469
4479
4487
4496
4497
4502
4504
4512
4515
4515
4519
4519
4522
4525
4529
4531
4537
4537
4537
4542
4542
4558
4559
4563
4567
4570
4575
4575
4576
4577
4578
4590
4596
4596
4597
4611
4612
4614
4617
4619
4622
4627
4627
4630
4633
4635
4636
4637
4638
4646
4651
4653
4664
4668
4670
4674
4679
4682
4682
4685
4690
4694
4695
4700
4702
4702
4704
4705
4709
4718
4719
4723
4723
4727
4727
4729
4731
4733
4742
4743
4744
4744
4744
4751
4754
4757
4761
4764
4764
4767
4769
4772
4774
4776
4782
4784
4797
4797
4800
4802
4806
4806
4813
4814
4817
4819
4820
4828
4832
4832
4834
4836
4840
4845
4846
4847
4850
4854
4857
4868
4870
4871
4872
4876
4879
4881
4882
4886
4886
4891
4894
4896
4897
4897
4902
4906
4908
4913
4915
4929
4933
4940
4942
4944
4947
4956
4960
4966
4971
4971
4973
4978
4978
4980
4983
4983
4988
4992
4993
5002
5004
5007
5014
5015
5016
5018
5019
5023
5029
5030
5040
5043
5050
5063
5066
5068
5071
5073
5073
5076
5088
5090
5093
5099
5104
5111
5112
5112
5113
5115
5116
5117
5123
5124
5129
5129
5131
5134
5138
5139
5139
5141
5141
5142
5143
5146
5151
5152
5154
5156
5158
5162
5165
5165
5167
5167
5169
5189
5192
5194
5200
5202
5207
5208
5213
5223
5231
5234
5236
5241
5244
5247
5251
5251
5252
5255
5256
5258
5263
5268
5269
5272
5275
5276
5277
5277
5280
5283
5284
5286
5288
5295
5296
5299
5306
5309
5313
5315
5317
5317
5320
5330
5331
5332
5334
5337
5340
5345
5347
5348
5356
5357
5357
5362
5363
5363
5364
5365
5368
5372
5374
5374
5378
5383
5383
5384
5384
5385
5389
5389
5390
5391
5391
5395
5395
5401
5405
5405
5409
5410
5414
5417
5421
5422
5423
5423
5429
5437
5437
5438
5442
5442
5446
5461
5461
5463
5466
5469
5469
5472
5476
5489
5496
5500
5501
5504
5506
5509
5510
5511
5515
5520
5521
5536
5539
5540
5541
5547
5548
5549
5558
5559
5559
5560
5561
5563
5579
5584
5584
5586
5588
5590
5604
5605
5605
5606
5607
5608
5608
5614
5614
5618
5620
5626
5631
5632
5635
5638
5644
5646
5657
5659
5662
5666
5668
5669
5673
5676
5677
5681
5692
5695
5696
5701
5706
5709
5710
5710
5710
5712
5719
5737
5739
5748
5751
5755
5761
5763
5763
5766
5768
5772
5775
5777
5781
5785
5786
5788
5788
5789
5794
5796
5799
5800
5808
5813
5827
5828
5836
5841
5844
5850
5852
5859
5861
5865
5867
5872
5879
5880
5880
5880
5881
5882
5888
5893
5899
5902
5904
5907
5908
5918
5922
5930
5937
5948
5950
5952
5952
5952
5961
5962
5963
5963
5968
5968
5979
5986
5995
6000
6000
6001
6013
6016
6016
6020
6020
6022
6024
6026
6026
6026
6030
6031
6033
6035
6037
6038
6041
6041
6047
6050
6052
6053
6056
6059
6060
6063
6064
6066
6069
6077
6077
6077
6078
6078
6079
6080
6084
6090
6092
6093
6096
6098
6103
6109
6111
6112
6115
6116
6116
6119
6126
6133
6150
6151
6151
6152
6155
6155
6163
6164
6167
6170
6177
6182
6187
6189
6190
6191
6191
6193
6195
6198
6201
6203
6203
6207
6213
6231
6235
6235
6236
6239
6247
6247
6249
6251
6252
6253
6262
6265
6268
6270
6275
6277
6279
6283
6293
6298
6299
6304
6306
6307
6309
6320
6321
6322
6322
6323
6326
6332
6339
6340
6340
6341
6341
6344
6347
6351
6351
6354
6357
6358
6359
6364
6365
6371
6371
6371
6380
6385
6397
6398
6399
6400
6406
6407
6408
6411
6412
6413
6414
6420
6424
6427
6427
6429
6429
6432
6442
6446
6452
6452
6457
6459
6460
6460
6461
6463
6469
6470
6471
6480
6481
6486
6487
6498
6500
6503
6504
6504
6504
6520
6521
6523
6525
6527
6533
6536
6540
6541
6542
6547
6551
6555
6558
6564
6566
6567
6572
6585
6586
6587
6591
6593
6604
6606
6609
6610
6612
6616
6620
6624
6626
6631
6634
6635
6638
6641
6647
6647
6648
6648
6653
6654
6655
6656
6672
6672
6672
6675
6675
6676
6679
6680
6682
6682
6683
6684
6694
6699
6703
6709
6712
6713
6715
6715
6715
6717
6721
6722
6723
6726
6729
6737
6747
6750
6755
6760
6762
6766
6769
6776
6779
6780
6783
6785
6788
6789
6792
6792
6793
6795
6798
6799
6799
6802
6805
6815
6823
6823
6824
6827
6827
6827
6830
6834
6837
6842
6850
6855
6862
6867
6884
6890
6892
6905
6924
6928
6929
6930
6932
6936
6942
6943
6949
6950
6953
6959
6961
6962
6966
6971
6976
6980
6983
6991
7001
7007
7015
7017
7019
7020
7025
7030
7035
7038
7038
7040
7043
7048
7051
7055
7058
7061
7066
7075
7081
7091
7094
7097
7102
7103
7103
7104
7113
7116
7121
7122
7123
7124
7125
7126
7126
7128
7129
7133
7135
7136
7139
7141
7153
7159
7161
7163
7164
7164
7175
7175
7176
7178
7185
7186
7188
7192
7192
7198
7199
7200
7201
7204
7205
7207
7207
7209
7218
7221
7222
7222
7225
7225
7229
7237
7241
7242
7246
7249
7250
7252
7252
7256
7257
7258
7260
7261
7261
7263
7265
7267
7273
7274
7275
7280
7280
7281
7289
7292
7294
7297
7298
7299
7315
7323
7327
7328
7330
7341
7342
7342
7344
7347
7352
7352
7353
7362
7364
7366
7367
7367
7371
7374
7385
7385
7393
7395
7398
7401
7402
7408
7409
7412
7414
7414
7416
7417
7424
7426
7426
7431
7435
7439
7440
7440
7440
7448
7450
7451
7451
7452
7453
7454
7455
7457
7466
7473
7473
7480
7484
7486
7494
7497
7500
7501
7505
7505
7506
7507
7508
7510
7512
7514
7521
7521
7521
7523
7527
7530
7531
7531
7535
7539
7540
7540
7545
7548
7548
7550
7551
7554
7562
7564
7571
7575
7577
7579
7587
7594
7594
7597
7599
7605
7606
7608
7622
7629
7631
7641
7642
7642
7642
7650
7661
7663
7664
7665
7668
7671
7672
7673
7686
7686
7687
7689
7689
7693
7694
7696
7699
7699
7702
7704
7705
7705
7707
7711
7713
7719
7723
7750
7750
7752
7753
7761
7764
7767
7774
7777
7777
7779
7783
7788
7794
7796
7799
7803
7804
7806
7808
7821
7822
7827
7832
7839
7841
7845
7847
7851
7853
7861
7868
7869
7869
7869
7870
7872
7886
7890
7892
7894
7894
7901
7904
7906
7907
7908
7908
7919
7920
7922
7922
7923
7926
7927
7930
7932
7932
7940
7940
7941
7944
7948
7949
7954
7957
7963
7965
7968
7968
7973
7980
7982
7985
7997
7997
8000
8004
8009
8009
8011
8018
8022
8025
8027
8031
8035
8035
8038
8038
8039
8044
8046
8051
8053
8054
8056
8060
8061
8063
8063
8064
8067
8069
8072
8078
8084
8084
8087
8088
8089
8090
8092
8093
8101
8102
8106
8108
8109
8111
8113
8114
8117
8118
8120
8123
8140
8141
8141
8141
8149
8153
8153
8155
8156
8158
8159
8165
8169
8170
8171
8173
8174
8175
8177
8183
8188
8192
8195
8196
8198
8199
8205
8207
8208
8208
8210
8215
8217
8219
8224
8226
8237
8237
8238
8238
8241
8256
8263
8268
8270
8270
8271
8277
8277
8280
8282
8284
8285
8297
8300
8311
8314
8318
8322
8326
8331
8334
8338
8342
8349
8354
8356
8360
8362
8365
8365
8373
8376
8377
8381
8385
8386
8391
8396
8398
8399
8405
8406
8406
8409
8410
8414
8418
8425
8429
8435
8437
8438
8444
8448
8449
8455
8456
8459
8467
8471
8473
8473
8473
8480
8484
8509
8510
8515
8523
8526
8533
8539
8543
8548
8548
8561
8574
8575
8576
8577
8578
8579
8579
8582
8590
8592
8592
8594
8594
8608
8608
8610
8615
8622
8622
8623
8623
8626
8643
8643
8643
8645
8645
8647
8649
8650
8652
8653
8660
8671
8675
8678
8682
8686
8689
8697
8703
8703
8706
8711
8714
8717
8718
8719
8721
8728
8736
8739
8739
8748
8749
8751
8755
8756
8761
8764
8774
8775
8776
8779
8781
8794
8796
8799
8799
8819
8830
8831
8832
8839
8839
8840
8844
8846
8847
8851
8852
8852
8857
8857
8874
8874
8876
8883
8883
8885
8886
8886
8887
8893
8893
8900
8907
8914
8916
8920
8922
8922
8922
8924
8924
8930
8933
8934
8941
8942
8943
8945
8949
8951
8956
8956
8956
8960
8963
8963
8964
8968
8970
8972
8976
8980
8982
8988
8991
9000
9007
9013
9015
9016
9019
9019
9024
9026
9026
9027
9032
9035
9041
9041
9043
9047
9052
9060
9060
9061
9066
9067
9069
9072
9073
9080
9081
9084
9085
9093
9096
9099
9100
9101
9102
9104
9112
9117
9120
9121
9123
9133
9140
9141
9141
9144
9147
9159
9163
9166
9173
9175
9176
9180
9188
9190
9198
9204
9205
9205
9208
9211
9212
9218
9224
9224
9229
9230
9231
9231
9234
9238
9243
9247
9248
9250
9255
9257
9257
9258
9265
9265
9274
9279
9283
9283
9287
9288
9289
9289
9293
9294
9298
9300
9309
9323
9323
9324
9330
9330
9331
9331
9337
9338
9342
9343
9352
9357
9359
9368
9368
9370
9370
9373
9376
9378
9381
9383
9387
9401
9403
9404
9404
9404
9405
9406
9406
9419
9433
9435
9441
9443
9448
9453
9455
9461
9462
9466
9474
9477
9478
9480
9481
9481
9485
9485
9490
9499
9499
9500
9501
9508
9510
9523
9525
9525
9526
9535
9535
9540
9549
9549
9550
9553
9562
9563
9566
9571
9578
9582
9583
9588
9612
9614
9614
9617
9621
9621
9627
9629
9634
9635
9637
9639
9640
9642
9646
9650
9655
9662
9664
9664
9668
9670
9671
9671
9673
9676
9681
9682
9682
9685
9686
9689
9693
9700
9702
9707
9708
9709
9709
9712
9712
9714
9715
9718
9726
9728
9728
9730
9732
9733
9741
9751
9753
9755
9766
9767
9769
9769
9771
9774
9777
9779
9780
9786
9789
9792
9805
9805
9810
9811
9812
9812
9822
9824
9826
9826
9827
9827
9829
9831
9831
9838
9843
9843
9844
9848
9850
9854
9856
9871
9884
9889
9893
9895
9897
9898
9901
9907
9907
9908
9914
9914
9920
9922
9922
9925
9930
9938
9941
9943
9944
9951
9951
9961
9966
9966
9967
9981
9982
9983
9985
9991
9994
9995
9996
10008
10009
10014
10015
10019
10019
10020
10036
10036
10037
10052
10054
10054
10065
10070
10071
10075
10079
10080
10083
10086
10091
10104
10104
10105
10108
10111
10113
10117
10119
10126
10127
10141
10146
10146
10149
10153
10159
10162
10163
10167
10168
10174
10179
10182
10183
10185
10193
10194
10195
10195
10196
10198
10207
10207
10208
10211
10214
10214
10221
10222
10223
10227
10229
10230
10232
10237
10243
10244
10245
10249
10262
10264
10268
10281
10287
10294
10302
10302
10310
10317
10321
10323
10325
10326
10331
10334
10337
10340
10341
10341
10343
10346
10356
10357
10358
10360
10363
10369
10371
10371
10377
10382
10387
10388
10393
10402
10406
10407
10415
10424
10438
10438
10438
10451
10453
10456
10462
10466
10476
10479
10480
10487
10488
10491
10493
10497
10497
10499
10500
10506
10513
10513
10514
10516
10517
10519
10526
10530
10533
10535
10536
10539
10542
10545
10553
10554
10556
10559
10559
10562
10571
10577
10582
10585
10595
10596
10596
10598
10601
10608
10614
10614
10616
10620
10620
10622
10632
10633
10634
10640
10644
10658
10662
10666
10678
10679
10683
10689
10690
10691
10699
10701
10701
10703
10712
10715
10717
10720
10723
10736
10737
10737
10747
10752
10763
10763
10768
10776
10778
10779
10779
10785
10785
10786
10794
10797
10800
10802
10806
10806
10809
10820
10820
10821
10823
10825
10825
10829
10834
10836
10836
10845
10851
10857
10858
10860
10861
10869
10871
10872
10872
10873
10876
10881
10883
10884
10890
10890
10892
10904
10907
10912
10912
10920
10924
10928
10930
10938
10944
10944
10944
10949
10951
10958
10960
10969
10984
10987
10988
10992
11002
11007
11010
11011
11015
11021
11024
11029
11035
11038
11040
11042
11042
11044
11045
11049
11055
11066
11068
11069
11072
11078
11078
11085
11089
11096
11097
11106
11110
11110
11113
11114
11114
11115
11115
11122
11125
11125
11126
11126
11130
11130
11130
11132
11133
11134
11137
11139
11143
11162
11164
11165
11173
11174
11177
11181
11181
11182
11185
11190
11191
11192
11194
11198
11201
11205
11206
11211
11211
11217
11224
11224
11227
11229
11232
11232
11234
11235
11236
11243
11245
11246
11247
11256
11258
11262
11265
11269
11270
11273
11275
11277
11278
11283
11283
11283
11290
11297
11299
11300
11300
11306
11308
11308
11309
11309
11316
11317
11322
11328
11334
11336
11337
11337
11337
11342
11346
11347
11350
11353
11353
11365
11370
11371
11372
11374
11375
11375
11375
11381
11382
11387
11398
11399
11403
11406
11410
11412
11412
11417
11417
11419
11420
11423
11428
11430
11434
11436
11437
11438
11439
11441
11442
11445
11447
11448
11449
11450
11465
11472
11479
11481
11482
11486
11489
11490
11491
11493
11494
11500
11508
11510
11522
11526
11530
11533
11536
11536
11537
11539
11545
11547
11548
11549
11555
11558
11559
11559
11564
11569
11572
11572
11572
11573
11576
11581
11581
11582
11583
11590
11597
11599
11602
11606
11607
11607
11612
11618
11619
11629
11639
11640
11647
11650
11657
11659
11661
11666
11674
11682
11692
11692
11701
11708
11715
11716
11718
11720
11722
11727
11732
11737
11738
11739
11744
11751
11757
11759
11759
11762
11765
11765
11766
11770
11774
11776
11776
11781
11785
11787
11791
11792
11800
11800
11802
11803
11803
11805
11822
11827
11830
11835
11837
11838
11842
11842
11844
11848
11849
11853
11854
11854
11855
11858
11858
11858
11859
11864
11868
11871
11878
11878
11887
11891
11892
11900
11900
11902
11903
11906
11907
11910
11910
11911
11911
11911
11913
11915
11917
11919
11920
11920
11925
11926
11929
11932
11932
11933
11934
11940
11944
11944
11949
11959
11969
11975
11977
11981
11988
11990
11995
11997
11999
12001
12002
12002
12003
12004
12006
12008
12017
12017
12020
12021
12022
12023
12032
12032
12035
12044
12050
12054
12058
12059
12067
12069
12071
12071
12074
12079
12081
12081
12081
12087
12093
12095
12096
12097
12101
12102
12104
12110
12112
12121
12123
12125
12131
12134
12150
12151
12159
12159
12162
12168
12169
12172
12173
12175
12177
12185
12186
12186
12187
12188
12199
12201
12201
12210
12219
12222
12225
12229
12234
12239
12255
12258
12259
12259
12270
12271
12273
12273
12274
12274
12276
12279
12284
12287
12291
12295
12295
12297
12301
12304
12304
12305
12305
12312
12313
12313
12314
12315
12319
12323
12328
12329
12336
12343
12344
12350
12352
12361
12361
12364
12367
12379
12382
12384
12389
12402
12408
12411
12417
12419
12421
12426
12434
12442
12458
12479
12485
12486
12496
12496
12499
12504
12506
12508
12509
12514
12515
12517
12535
12535
12554
12554
12555
12561
12562
12562
12567
12571
12571
12572
12574
12574
12577
12580
12585
12588
12589
12595
12598
12599
12604
12605
12609
12611
12612
12614
12616
12619
12621
12624
12628
12630
12635
12635
12637
12640
12641
12650
12653
12654
12657
12674
12678
12682
12695
12698
12700
12702
12705
12707
12708
12710
12713
12714
12716
12721
12722
12725
12726
12729
12729
12730
12730
12732
12736
12736
12737
12738
12740
12741
12748
12751
12753
12759
12760
12767
12772
12779
12781
12781
12782
12783
12783
12787
12788
12790
12794
12797
12799
12801
12804
12810
12812
12814
12819
12823
12829
12840
12841
12842
12845
12846
12854
12855
12858
12858
12865
12871
12876
12880
12883
12891
12892
12893
12907
12911
12914
12915
12916
12920
12920
12926
12933
12933
12933
12940
12953
12953
12956
12957
12960
12961
12961
12964
12969
12971
12973
12974
12977
12979
12986
12988
12991
12996
13001
13001
13002
13007
13011
13015
13018
13023
13025
13028
13029
13030
13030
13031
13031
13032
13032
13033
13034
13034
13037
13040
13040
13043
13045
13046
13046
13054
13056
13058
13063
13070
13073
13073
13075
13076
13076
13080
13084
13087
13095
13096
13097
13098
13099
13101
13102
13105
13111
13111
13112
13113
13115
13116
13123
13125
13127
13137
13141
13147
13149
13153
13158
13160
13161
13168
13169
13172
13181
13185
13194
13196
13205
13209
13212
13216
13226
13226
13228
13228
13230
13231
13231
13235
13236
13237
13239
13240
13242
13249
13250
13262
13262
13263
13264
13267
13269
13270
13275
13278
13279
13285
13290
13295
13295
13298
13300
13314
13317
13318
13318
13326
13327
13329
13332
13333
13333
13336
13341
13344
13347
13348
13350
13353
13355
13356
13362
13362
13363
13364
13369
13370
13370
13374
13375
13378
13382
13385
13387
13388
13394
13394
13397
13402
13402
13413
13414
13417
13422
13423
13423
13424
13430
13437
13439
13442
13446
13446
13447
13449
13450
13453
13457
13461
13464
13465
13465
13466
13468
13472
13485
13485
13492
13493
13498
13499
13501
13503
13505
13506
13507
13507
13509
13509
13514
13519
13520
13523
13530
13535
13536
13541
13559
13561
13563
13563
13571
13574
13575
13583
13584
13584
13590
13599
13601
13602
13602
13603
13605
13605
13609
13617
13621
13623
13641
13643
13643
13647
13654
13663
13666
13674
13675
13675
13685
13689
13694
13695
13695
13695
13700
13701
13703
13704
13707
13708
13720
13722
13726
13728
13735
13740
13741
13742
13743
13745
13745
13748
13749
13762
13763
13770
13776
13777
13784
13787
13794
13797
13804
13804
13805
13812
13813
13816
13817
13817
13820
13824
13829
13831
13832
13835
13841
13847
13849
13853
13853
13856
13859
13859
13864
13867
13870
13871
13881
13887
13889
13891
13892
13893
13897
13900
13902
13903
13906
13913
13915
13916
13923
13924
13925
13925
13926
13927
13927
13927
13927
13930
13943
13945
13946
13946
13954
13954
13959
13963
13972
13973
13974
13982
13983
13986
13987
13990
13991
13994
13994
13995
13995
14000
14001
14006
14007
14013
14016
14018
14019
14019
14020
14022
14024
14031
14036
14043
14043
14043
14053
14056
14059
14061
14069
14071
14073
14073
14078
14079
14086
14091
14097
14098
14102
14104
14105
14106
14107
14112
14112
14115
14117
14120
14129
14130
14132
14132
14132
14139
14139
14141
14145
14148
14148
14149
14150
14153
14162
14164
14165
14171
14171
14172
14176
14180
14182
14186
14186
14190
14191
14193
14194
14194
14196
14199
14199
14201
14203
14209
14213
14214
14214
14217
14219
14222
14227
14229
14239
14242
14242
14249
14254
14259
14259
14261
14265
14266
14268
14269
14271
14272
14277
14277
14278
14284
14290
14299
14300
14300
14305
14307
14308
14311
14313
14314
14318
14321
14325
14329
14332
14335
14336
14337
14338
14339
14342
14347
14357
14361
14361
14363
14375
14382
14383
14385
14400
14408
14413
14414
14419
14425
14428
14430
14431
14431
14432
14433
14438
14447
14452
14460
14467
14470
14471
14476
14476
14478
14479
14480
14484
14488
14489
14491
14492
14504
14507
14510
14517
14517
14519
14519
14521
14522
14524
14533
14533
14535
14541
14543
14545
14547
14549
14552
14560
14561
14572
14577
14577
14578
14579
14581
14583
14588
14590
14590
14590
14592
14600
14607
14610
14613
14616
14621
14621
14625
14628
14632
14634
14641
14641
14642
14644
14644
14646
14649
14649
14654
14667
14669
14675
14679
14679
14689
14692
14694
14695
14699
14707
14709
14710
14715
14734
14739
14742
14757
14760
14762
14773
14773
14774
14775
14775
14777
14779
14782
14784
14787
14788
14790
14793
14795
14797
14800
14800
14801
14801
14803
14805
14806
14806
14806
14809
14810
14814
14819
14824
14826
14827
14828
14834
14834
14839
14839
14842
14849
14849
14850
14851
14852
14865
14873
14876
14876
14885
14887
14887
14888
14888
14891
14891
14893
14893
14893
14893
14897
14900
14901
14906
14907
14907
14909
14910
14912
14912
14912
14913
14919
14919
14921
14922
14934
14934
14939
14942
14949
14954
14954
14954
14955
14956
14958
14970
14971
14984
14988
14989
14995
15001
15002
15011
15024
15025
15028
15033
15034
15040
15044
15052
15057
15059
15067
15073
15074
15085
15087
15098
15114
15124
15131
15136
15139
15140
15141
15141
15142
15143
15148
15156
15170
15174
15181
15187
15188
15191
15192
15200
15206
15207
15210
15212
15212
15215
15218
15225
15225
15227
15228
15229
15229
15251
15254
15256
15259
15261
15262
15264
15268
15268
15274
15275
15276
15278
15282
15283
15286
15286
15286
15288
15288
15289
15294
15296
15300
15317
15320
15323
15324
15325
15326
15326
15327
15328
15328
15335
15342
15343
15344
15345
15345
15345
15347
15348
15348
15349
15351
15363
15367
15367
15372
15372
15379
15381
15381
15382
15383
15386
15389
15390
15397
15397
15401
15405
15408
15408
15410
15412
15412
15413
15423
15425
15435
15438
15449
15452
15458
15459
15459
15467
15470
15472
15484
15485
15486
15491
15491
15494
15494
15499
15502
15502
15505
15515
15515
15516
15518
15519
15525
15529
15529
15531
15540
15545
15547
15547
15552
15555
15557
15567
15573
15577
15581
15592
15593
15598
15602
15608
15608
15614
15616
15616
15620
15620
15624
15625
15626
15627
15627
15636
15646
15650
15651
15652
15658
15659
15661
15661
15666
15667
15679
15683
15685
15692
15694
15694
15701
15701
15707
15707
15711
15712
15717
15718
15720
15734
15737
15737
15738
15738
15740
15741
15744
15745
15746
15746
15755
15756
15757
15758
15758
15760
15763
15763
15765
15768
15768
15771
15772
15780
15782
15785
15791
15794
15796
15800
15802
15806
15808
15813
15817
15824
15825
15832
15856
15857
15865
15866
15867
15870
15874
15882
15883
15884
15889
15891
15893
15907
15908
15911
15914
15917
15924
15928
15930
15938
15940
15941
15943
15946
15948
15952
15955
15955
15957
15960
15962
15963
15964
15967
15967
15969
15980
15982
15983
15986
15990
15999
16000
16010
16011
16012
16022
16022
16024
16028
16028
16029
16035
16038
16038
16038
16039
16043
16044
16062
16069
16069
16071
16073
16073
16074
16078
16079
16083
16085
16087
16093
16096
16102
16105
16106
16107
16111
16116
16116
16116
16116
16119
16121
16125
16126
16127
16127
16130
16135
16135
16137
16139
16145
16152
16157
16164
16168
16173
16176
16178
16185
16189
16196
16208
16213
16214
16215
16217
16219
16223
16227
16232
16233
16235
16237
16245
16245
16245
16247
16255
16259
16259
16262
16262
16274
16276
16277
16278
16280
16282
16282
16283
16284
16287
16290
16292
16294
16298
16301
16303
16311
16314
16316
16319
16327
16329
16335
16339
16342
16346
16346
16351
16353
16353
16354
16355
16355
16356
16363
16365
16366
16366
16378
16382
16383
16384
16386
16386
16386
16393
16396
16398
16403
16405
16425
16426
16430
16435
16436
16441
16448
16455
16459
16463
16464
16466
16470
16471
16473
16475
16482
16483
16487
16493
16495
16502
16503
16507
16509
16513
16519
16521
16524
16526
16528
16528
16531
16534
16540
16541
16542
16546
16547
16551
16554
16557
16561
16566
16566
16574
16582
16589
16590
16594
16596
16596
16610
16610
16615
16616
16623
16624
16627
16627
16627
16630
16630
16631
16637
16649
16656
16667
16668
16675
16675
16684
16686
16698
16700
16701
16701
16702
16710
16711
16714
16715
16720
16721
16724
16733
16736
16737
16739
16744
16746
16748
16750
16751
16754
16761
16763
16764
16765
16767
16767
16775
16781
16781
16785
16788
16797
16799
16799
16802
16803
16806
16808
16809
16814
16818
16819
16819
16821
16823
16827
16830
16831
16834
16840
16845
16847
16848
16848
16848
16854
16856
16865
16870
16871
16874
16876
16877
16884
16889
16890
16890
16891
16898
16901
16901
16902
16904
16905
16914
16916
16920
16921
16922
16925
16925
16929
16932
16935
16935
16936
16940
16942
16942
16944
16944
16949
16949
16953
16956
16962
16967
16975
16975
16975
16976
16978
16984
16985
16986
16987
16987
16995
16998
17002
17003
17003
17007
17012
17014
17017
17019
17020
17020
17032
17035
17035
17045
17045
17049
17056
17056
17058
17060
17060
17067
17067
17077
17085
17086
17087
17088
17097
17098
17103
17104
17108
17109
17120
17122
17122
17130
17136
17137
17143
17147
17150
17151
17155
17157
17157
17163
17164
17172
17175
17178
17190
17190
17192
17195
17195
17196
17215
17216
17216
17223
17227
17229
17230
17233
17234
17235
17235
17235
17239
17241
17241
17243
17246
17257
17258
17258
17260
17268
17276
17280
17280
17281
17285
17289
17289
17291
17295
17297
17298
17299
17299
17310
17313
17318
17326
17327
17330
17334
17337
17341
17342
17349
17352
17354
17355
17362
17366
17368
17387
17392
17397
17400
17403
17404
17405
17409
17417
17420
17421
17421
17422
17423
17424
17434
17439
17443
17443
17445
17445
17447
17449
17451
17454
17455
17456
17457
17457
17457
17458
17462
17463
17463
17464
17465
17466
17467
17468
17475
17477
17479
17481
17490
17491
17499
17499
17506
17508
17527
17528
17537
17538
17541
17543
17544
17546
17555
17555
17562
17563
17563
17566
17569
17571
17573
17575
17581
17588
17588
17591
17597
17598
17599
17601
17606
17607
17609
17610
17613
17614
17615
17619
17625
17628
17628
17630
17632
17635
17639
17643
17643
17645
17646
17647
17650
17650
17654
17654
17660
17660
17660
17661
17662
17668
17668
17669
17672
17676
17677
17678
17680
17682
17687
17688
17694
17695
17696
17699
17700
17710
17723
17726
17727
17728
17731
17739
17743
17745
17746
17749
17750
17752
17753
17753
17753
17754
17755
17757
17757
17758
17760
17763
17765
17767
17767
17768
17770
17777
17778
17780
17784
17786
17789
17795
17801
17806
17807
17809
17810
17810
17810
17812
17815
17819
17830
17833
17842
17843
17845
17847
17849
17854
17854
17856
17859
17862
17864
17866
17869
17869
17873
17874
17875
17876
17878
17882
17883
17900
17902
17903
17904
17908
17918
17919
17920
17923
17931
17932
17936
17936
17942
17946
17946
17946
17947
17957
17960
17967
17967
17974
17976
17983
17992
18003
18005
18006
18010
18017
18018
18019
18020
18024
18028
18028
18030
18047
18048
18056
18057
18061
18062
18065
18066
18069
18075
18077
18079
18085
18093
18095
18097
18099
18102
18102
18103
18107
18111
18113
18120
18127
18128
18132
18137
18138
18139
18143
18143
18148
18149
18152
18153
18164
18167
18168
18170
18174
18176
18182
18183
18190
18192
18196
18199
18204
18208
18210
18219
18224
18224
18226
18229
18230
18232
18233
18233
18234
18234
18237
18244
18254
18255
18262
18266
18266
18276
18283
18284
18293
18295
18296
18296
18299
18302
18320
18323
18327
18332
18336
18338
18339
18341
18344
18346
18347
18356
18358
18358
18369
18372
18373
18385
18386
18387
18393
18396
18402
18403
18403
18410
18419
18420
18422
18423
18425
18428
18431
18444
18445
18447
18448
18450
18452
18469
18470
18473
18476
18478
18481
18483
18486
18487
18489
18492
18494
18504
18506
18508
18511
18511
18514
18516
18518
18523
18524
18525
18526
18531
18534
18536
18537
18548
18548
18548
18552
18555
18560
18563
18566
18570
18574
18578
18578
18581
18586
18586
18587
18594
18608
18609
18612
18612
18614
18614
18614
18622
18622
18624
18628
18628
18629
18631
18633
18642
18644
18646
18647
18648
18659
18664
18673
18677
18680
18680
18683
18686
18689
18695
18697
18698
18708
18713
18715
18721
18724
18730
18735
18735
18736
18739
18740
18741
18749
18757
18760
18761
18763
18768
18780
18784
18786
18791
18791
18794
18801
18803
18804
18804
18806
18808
18809
18817
18821
18823
18829
18833
18833
18835
18839
18840
18840
18841
18851
18854
18855
18856
18860
18861
18863
18869
18875
18879
18880
18884
18888
18898
18899
18907
18923
18925
18931
18934
18934
18935
18936
18944
18948
18950
18955
18956
18957
18957
18959
18960
18961
18963
18964
18967
18976
18982
18982
18988
18993
18998
19000
19003
19004
19005
19008
19018
19018
19018
19025
19026
19031
19040
19041
19042
19044
19046
19049
19051
19058
19065
19066
19071
19074
19085
19088
19093
19121
19125
19135
19138
19138
19139
19139
19140
19154
19155
19156
19161
19161
19163
19165
19168
19172
19174
19175
19180
19180
19185
19186
19186
19188
19194
19195
19197
19197
19200
19203
19205
19212
19215
19217
19220
19221
19221
19227
19229
19235
19237
19237
19237
19240
19245
19248
19248
19249
19251
19252
19254
19255
19259
19269
19270
19271
19272
19284
19292
19293
19293
19295
19296
19299
19304
19305
19309
19312
19312
19315
19316
19319
19320
19325
19325
19328
19330
19336
19336
19337
19342
19343
19347
19349
19356
19358
19365
19375
19377
19379
19383
19389
19391
19393
19396
19402
19404
19411
19414
19421
19423
19432
19434
19434
19438
19438
19451
19457
19457
19457
19465
19468
19470
19470
19476
19480
19481
19482
19487
19495
19495
19503
19503
19510
19513
19515
19515
19516
19518
19522
19524
19527
19529
19534
19537
19538
19542
19558
19560
19561
19570
19573
19576
19577
19586
19589
19594
19605
19605
19605
19607
19611
19618
19620
19622
19626
19629
19629
19634
19638
19640
19643
19644
19645
19646
19656
19657
19658
19663
19666
19668
19675
19681
19682
19683
19689
19690
19694
19703
19703
19710
19714
19714
19717
19719
19724
19732
19739
19744
19744
19744
19744
19745
19747
19749
19750
19750
19750
19760
19762
19764
19766
19774
19774
19779
19781
19784
19785
19786
19792
19795
19795
19804
19806
19811
19820
19820
19829
19829
19829
19835
19837
19838
19843
19847
19848
19850
19851
19855
19856
19857
19861
19862
19875
19876
19877
19877
19878
19879
19879
19880
19880
19884
19884
19890
19890
19890
19894
19895
19898
19902
19918
19920
19928
19932
19936
19936
19938
19947
19948
19948
19949
19950
19952
19957
19958
19961
19962
19965
19967
19970
19974
19975
19976
19978
19983
19986
19989
19989
19997
19998
20003
20003
20006
20008
20010
20010
20012
20013
20015
20018
20020
20021
20024
20026
20027
20034
20037
20047
20051
20052
20052
20056
20056
20058
20059
20059
20061
20062
20064
20066
20069
20072
20073
20073
20075
20083
20084
20087
20089
20090
20090
20092
20094
20097
20097
20100
20116
20121
20128
20131
20144
20148
20151
20154
20156
20157
20163
20164
20164
20166
20168
20183
20184
20185
20186
20189
20192
20194
20194
20196
20211
20213
20218
20222
20223
20224
20231
20231
20232
20233
20239
20240
20240
20244
20245
20248
20250
20261
20263
20265
20271
20274
20274
20276
20286
20287
20292
20294
20295
20296
20300
20303
20304
20306
20314
20317
20317
20325
20325
20326
20328
20330
20330
20333
20334
20339
20341
20342
20346
20348
20349
20350
20353
20357
20359
20361
20361
20365
20373
20377
20378
20383
20385
20385
20392
20400
20405
20405
20406
20410
20411
20412
20419
20421
20421
20430
20432
20432
20434
20435
20435
20437
20440
20442
20442
20452
20455
20458
20458
20458
20468
20469
20473
20477
20478
20481
20486
20489
20490
20494
20496
20501
20503
20507
20512
20517
20521
20521
20529
20534
20539
20542
20548
20557
20560
20563
20564
20564
20568
20577
20581
20582
20583
20586
20598
20598
20600
20602
20613
20615
20620
20620
20622
20623
20626
20626
20629
20632
20635
20637
20640
20644
20652
20656
20660
20660
20662
20667
20671
20677
20680
20681
20683
20686
20687
20689
20694
20694
20697
20697
20700
20703
20708
20709
20714
20721
20721
20726
20728
20738
20738
20739
20742
20742
20746
20760
20760
20763
20774
20774
20778
20779
20781
20786
20788
20793
20799
20802
20804
20809
20810
20822
20822
20828
20829
20837
20842
20843
20845
20846
20848
20851
20857
20860
20866
20866
20875
20885
20888
20890
20894
20899
20901
20903
20906
20907
20912
20914
20914
20920
20924
20929
20930
20936
20943
20945
20948
20957
20957
20962
20974
20974
20974
20983
20983
20987
20988
20990
20990
20995
20997
20998
20999
21002
21004
21004
21009
21009
21009
21017
21023
21025
21027
21028
21031
21034
21037
21040
21047
21048
21050
21051
21064
21067
21068
21071
21073
21073
21078
21079
21080
21081
21082
21082
21089
21089
21091
21102
21102
21105
21107
21109
21109
21110
21116
21120
21126
21128
21129
21131
21132
21134
21136
21140
21148
21150
21151
21160
21178
21185
21185
21186
21188
21188
21192
21198
21205
21208
21209
21214
21214
21215
21224
21235
21247
21248
21250
21250
21257
21261
21269
21275
21276
21278
21283
21283
21284
21289
21301
21307
21310
21315
21317
21328
21333
21351
21352
21355
21356
21356
21364
21371
21372
21385
21386
21390
21398
21398
21403
21404
21407
21407
21410
21412
21415
21417
21417
21420
21425
21425
21427
21434
21438
21440
21448
21452
21452
21455
21456
21458
21459
21459
21460
21462
21462
21467
21473
21474
21474
21483
21486
21486
21488
21493
21493
21497
21500
21500
21503
21515
21518
21518
21518
21518
21524
21525
21525
21527
21536
21537
21537
21543
21548
21552
21553
21556
21557
21560
21561
21561
21564
21567
21569
21581
21584
21586
21586
21589
21594
21594
21598
21598
21598
21603
21603
21603
21605
21606
21611
21617
21622
21623
21627
21630
21635
21637
21638
21638
21640
21642
21643
21644
21653
21658
21668
21671
21671
21672
21673
21681
21684
21689
21692
21698
21711
21712
21721
21722
21725
21730
21731
21732
21732
21735
21742
21746
21749
21759
21761
21762
21762
21766
21766
21770
21772
21772
21773
21775
21779
21780
21780
21780
21784
21788
21790
21793
21807
21809
21815
21819
21821
21825
21828
21829
21830
21837
21837
21839
21839
21854
21859
21860
21861
21862
21869
21883
21886
21894
21904
21905
21906
21909
21909
21912
21915
21915
21917
21921
21922
21933
21942
21943
21944
21945
21950
21954
21958
21959
21963
21966
21967
21971
21972
21972
21982
21983
21985
21987
21987
21991
21996
21999
22001
22002
22005
22009
22012
22021
22022
22027
22032
22034
22036
22041
22042
22044
22045
22045
22045
22046
22048
22049
22051
22051
22061
22063
22063
22064
22067
22069
22074
22084
22087
22096
22097
22100
22102
22106
22108
22110
22111
22112
22112
22117
22122
22125
22132
22139
22140
22142
22143
22145
22145
22152
22153
22157
22165
22165
22167
22171
22172
22172
22174
22175
22178
22182
22182
22184
22188
22193
22193
22195
22202
22203
22207
22207
22212
22213
22217
22222
22235
22239
22239
22242
22244
22244
22249
22250
22250
22251
22252
22261
22267
22270
22270
22279
22282
22291
22306
22308
22311
22312
22316
22318
22319
22321
22322
22325
22332
22337
22343
22348
22349
22349
22349
22350
22353
22363
22366
22367
22369
22369
22376
22379
22386
22390
22395
22395
22401
22404
22404
22409
22411
22421
22424
22428
22428
22431
22433
22437
22444
22446
22453
22454
22458
22459
22463
22465
22467
22469
22470
22470
22472
22474
22477
22479
22482
22485
22488
22489
22490
22491
22500
22509
22509
22515
22517
22523
22523
22532
22534
22536
22541
22542
22543
22548
22552
22553
22553
22553
22556
22560
22561
22564
22569
22569
22570
22580
22583
22584
22586
22588
22591
22593
22596
22598
22598
22602
22614
22616
22617
22620
22620
22622
22640
22640
22646
22648
22650
22654
22657
22664
22665
22669
22669
22670
22672
22677
22680
22683
22684
22685
22687
22694
22696
22701
22709
22716
22718
22718
22719
22722
22725
22726
22734
22736
22738
22739
22740
22742
22745
22749
22750
22757
22762
22767
22769
22772
22773
22774
22774
22775
22778
22780
22782
22782
22783
22784
22786
22797
22803
22813
22815
22816
22817
22818
22818
22819
22824
22839
22840
22845
22848
22851
22860
22862
22864
22868
22869
22872
22873
22873
22874
22874
22879
22882
22882
22883
22887
22892
22895
22896
22898
22901
22902
22903
22904
22916
22917
22924
22925
22926
22929
22941
22942
22945
22954
22960
22961
22964
22964
22970
22979
22980
22986
22988
22989
22993
22999
23000
23001
23002
23005
23006
23009
23021
23024
23026
23031
23031
23033
23033
23041
23045
23067
23073
23079
23083
23087
23087
23090
23095
23098
23099
23102
23108
23112
23117
23119
23121
23121
23123
23126
23127
23132
23132
23133
23141
23142
23143
23144
23147
23147
23149
23153
23154
23159
23164
23168
23175
23176
23178
23179
23187
23195
23200
23204
23208
23208
23213
23215
23216
23217
23220
23224
23232
23238
23241
23249
23251
23254
23258
23258
23259
23264
23265
23271
23271
23274
23281
23289
23291
23301
23304
23306
23313
23317
23325
23326
23331
23337
23339
23341
23343
23344
23347
23351
23359
23364
23368
23369
23371
23373
23380
23383
23384
23386
23391
23395
23398
23399
23400
23401
23401
23403
23407
23408
23414
23416
23416
23423
23425
23426
23427
23428
23429
23430
23432
23432
23435
23437
23437
23438
23438
23438
23441
23448
23450
23451
23456
23467
23472
23475
23481
23482
23484
23489
23489
23494
23495
23497
23502
23503
23505
23505
23506
23512
23520
23521
23524
23526
23528
23529
23531
23533
23534
23534
23537
23542
23542
23546
23547
23551
23554
23556
23556
23562
23571
23572
23592
23598
23602
23603
23606
23608
23612
23613
23614
23615
23618
23623
23625
23625
23628
23629
23633
23639
23642
23645
23648
23651
23653
23656
23657
23657
23658
23661
23665
23671
23671
23675
23677
23678
23680
23685
23686
23686
23694
23696
23698
23709
23710
23711
23714
23714
23715
23715
23718
23721
23724
23735
23737
23741
23744
23746
23758
23758
23760
23762
23765
23768
23773
23775
23775
23777
23781
23784
23785
23791
23793
23794
23803
23803
23808
23809
23819
23822
23823
23823
23826
23827
23832
23832
23839
23840
23842
23844
23850
23855
23861
23862
23863
23866
23866
23879
23880
23884
23886
23889
23892
23893
23895
23899
23900
23902
23902
23904
23904
23905
23914
23914
23916
23916
23920
23923
23930
23930
23932
23935
23938
23948
23950
23953
23955
23959
23960
23965
23966
23970
23972
23972
23973
23976
23979
23979
23985
23990
23997
23998
23998
24001
24007
24014
24014
24021
24022
24025
24029
24032
24032
24034
24038
24041
24043
24046
24065
24070
24072
24075
24076
24077
24079
24082
24082
24085
24086
24089
24098
24105
24109
24109
24114
24119
24122
24128
24133
24139
24140
24145
24146
24152
24153
24167
24169
24174
24174
24183
24185
24192
24192
24193
24194
24194
24197
24201
24202
24205
24207
24210
24213
24214
24225
24231
24232
24232
24232
24233
24234
24235
24240
24252
24254
24256
24262
24264
24266
24266
24271
24284
24284
24287
24289
24290
24290
24290
24292
24295
24296
24312
24312
24313
24318
24318
24323
24328
24333
24337
24341
24348
24354
24365
24366
24372
24377
24380
24380
24382
24384
24385
24388
24392
24398
24398
24414
24415
24419
24422
24423
24425
24430
24432
24437
24439
24447
24451
24455
24458
24463
24465
24469
24472
24473
24474
24477
24485
24485
24507
24518
24518
24519
24523
24527
24528
24530
24531
24535
24535
24547
24548
24552
24559
24559
24560
24565
24567
24581
24583
24591
24593
24597
24598
24599
24600
24601
24601
24605
24618
24619
24621
24622
24628
24629
24632
24639
24658
24659
24661
24664
24676
24678
24683
24686
24687
24687
24688
24692
24694
24698
24698
24698
24702
24703
24713
24717
24728
24733
24734
24736
24736
24742
24743
24751
24754
24754
24756
24757
24760
24762
24763
24765
24777
24777
24784
24785
24786
24790
24793
24800
24801
24812
24813
24816
24819
24820
24822
24823
24823
24825
24826
24830
24831
24834
24835
24840
24843
24843
24847
24848
24855
24858
24860
24862
24864
24866
24868
24869
24871
24878
24884
24886
24893
24900
24900
24905
24906
24907
24907
24912
24917
24919
24925
24926
24927
24929
24941
24942
24945
24946
24947
24948
24954
24955
24956
24959
24960
24961
24962
24963
24963
24964
24965
24966
24970
24972
24976
24978
24979
24980
24980
24982
24983
24989
24995
24995
25004
25004
25006
25009
25015
25020
25021
25027
25032
25034
25037
25037
25043
25045
25052
25055
25058
25058
25061
25076
25079
25079
25080
25093
25095
25097
25106
25116
25116
25117
25119
25120
25124
25127
25128
25129
25130
25132
25136
25138
25139
25144
25147
25149
25153
25161
25163
25169
25172
25174
25178
25180
25182
25184
25187
25188
25189
25193
25199
25201
25209
25212
25214
25216
25216
25219
25222
25223
25226
25226
25227
25228
25230
25235
25247
25254
25255
25256
25258
25260
25265
25267
25268
25268
25268
25270
25272
25276
25278
25280
25280
25281
25283
25284
25290
25294
25295
25313
25315
25328
25329
25330
25331
25339
25343
25350
25352
25360
25360
25364
25368
25369
25376
25379
25382
25395
25397
25398
25402
25402
25402
25406
25406
25406
25409
25414
25421
25427
25431
25435
25441
25442
25445
25447
25447
25461
25469
25474
25479
25480
25481
25483
25486
25492
25495
25505
25506
25509
25512
25513
25518
25522
25524
25538
25541
25542
25544
25550
25560
25571
25571
25571
25571
25574
25575
25576
25581
25581
25583
25583
25583
25585
25590
25593
25594
25596
25603
25616
25622
25633
25640
25641
25641
25641
25642
25645
25646
25655
25662
25694
25695
25701
25704
25708
25709
25710
25714
25715
25715
25716
25717
25718
25721
25722
25726
25726
25728
25733
25733
25735
25737
25738
25744
25749
25763
25765
25766
25767
25767
25774
25775
25781
25788
25789
25791
25792
25802
25803
25803
25807
25808
25815
25817
25818
25824
25826
25829
25829
25833
25834
25836
25843
25849
25849
25850
25851
25857
25858
25861
25863
25867
25867
25868
25869
25869
25875
25877
25881
25881
25883
25884
25890
25890
25891
25892
25896
25896
25901
25909
25917
25921
25925
25925
25929
25930
25931
25932
25932
25933
25935
25944
25950
25953
25955
25959
25959
25962
25963
25968
25977
25979
25984
25985
26004
26006
26008
26016
26021
26030
26036
26037
26038
26043
26044
26044
26045
26046
26047
26049
26052
26052
26054
26055
26060
26061
26062
26064
26070
26074
26080
26086
26088
26093
26102
26104
26106
26106
26110
26111
26116
26118
26120
26124
26124
26126
26134
26136
26138
26141
26143
26147
26153
26154
26157
26158
26159
26161
26166
26168
26169
26174
26179
26181
26182
26182
26183
26191
26193
26194
26196
26197
26203
26217
26220
26222
26236
26237
26240
26240
26241
26258
26259
26262
26266
26267
26268
26269
26272
26273
26274
26278
26283
26283
26292
26293
26293
26295
26298
26302
26303
26306
26306
26307
26308
26310
26311
26312
26316
26326
26326
26327
26327
26331
26336
26345
26346
26346
26354
26354
26360
26361
26366
26368
26370
26373
26374
26375
26380
26385
26388
26390
26391
26394
26395
26398
26404
26405
26407
26410
26413
26414
26415
26419
26420
26427
26428
26431
26431
26432
26433
26434
26435
26436
26437
26437
26438
26440
26443
26446
26449
26454
26456
26461
26462
26464
26466
26473
26473
26474
26482
26487
26488
26490
26495
26500
26504
26507
26508
26512
26513
26519
26521
26527
26529
26530
26546
26547
26547
26548
26550
26557
26561
26568
26568
26573
26579
26582
26582
26589
26591
26594
26597
26599
26601
26603
26606
26610
26610
26620
26625
26630
26632
26634
26635
26639
26641
26646
26646
26650
26652
26652
26652
26658
26660
26662
26664
26669
26674
26674
26676
26681
26685
26687
26690
26697
26697
26698
26706
26710
26713
26714
26720
26723
26729
26732
26733
26741
26744
26745
26746
26751
26752
26755
26756
26757
26768
26773
26774
26774
26779
26783
26785
26788
26791
26792
26793
26794
26797
26803
26806
26816
26819
26821
26822
26829
26836
26839
26841
26845
26853
26853
26854
26858
26867
26870
26870
26872
26878
26886
26887
26892
26893
26898
26902
26906
26908
26910
26910
26911
26913
26917
26918
26927
26929
26932
26934
26934
26938
26942
26943
26944
26947
26948
26949
26952
26957
26958
26960
26963
26965
26966
26973
26974
26978
26981
26983
26984
26990
26999
27006
27008
27015
27016
27016
27021
27024
27025
27028
27030
27036
27037
27038
27039
27042
27057
27059
27059
27059
27062
27063
27064
27064
27072
27072
27074
27075
27081
27085
27085
27088
27089
27090
27091
27095
27100
27100
27104
27108
27108
27108
27110
27116
27116
27116
27118
27119
27120
27120
27126
27128
27128
27135
27141
27144
27144
27144
27151
27153
27156
27158
27162
27168
27169
27171
27177
27182
27196
27201
27201
27209
27211
27212
27221
27222
27224
27229
27230
27230
27235
27239
27241
27241
27245
27245
27247
27250
27251
27257
27262
27266
27271
27273
27281
27287
27296
27297
27300
27304
27316
27317
27330
27336
27338
27339
27342
27343
27343
27348
27349
27350
27352
27356
27360
27361
27367
27376
27377
27386
27388
27389
27390
27390
27392
27393
27395
27399
27399
27400
27401
27403
27416
27419
27425
27425
27432
27435
27435
27437
27437
27438
27442
27443
27444
27445
27455
27456
27461
27468
27475
27481
27483
27492
27492
27500
27504
27508
27511
27511
27520
27524
27530
27530
27532
27534
27536
27537
27539
27540
27544
27544
27544
27544
27545
27548
27550
27562
27563
27564
27569
27570
27578
27584
27589
27595
27597
27599
27602
27605
27606
27608
27611
27611
27611
27611
27622
27623
27625
27630
27637
27637
27640
27641
27642
27643
27643
27646
27651
27652
27653
27654
27655
27656
27659
27660
27660
27661
27663
27664
27665
27666
27667
27670
27671
27673
27680
27682
27695
27700
27706
27708
27710
27711
27725
27729
27729
27746
27747
27751
27752
27754
27759
27760
27760
27761
27769
27770
27774
27784
27785
27787
27789
27792
27805
27806
27806
27811
27814
27814
27819
27820
27822
27825
27826
27829
27833
27840
27844
27847
27850
27859
27860
27861
27868
27869
27870
27871
27875
27886
27889
27889
27891
27892
27896
27898
27898
27907
27908
27909
27912
27913
27916
27916
27920
27923
27925
27940
27941
27944
27947
27950
27953
27954
27957
27958
27958
27960
27961
27962
27967
27974
27978
27986
27994
27995
27998
28002
28006
28006
28011
28013
28014
28019
28020
28022
28025
28027
28031
28032
28037
28040
28045
28045
28051
28051
28054
28057
28060
28063
28065
28070
28070
28078
28082
28082
28083
28085
28086
28093
28098
28098
28109
28109
28109
28112
28119
28120
28122
28123
28125
28127
28128
28128
28130
28131
28133
28143
28144
28145
28148
28152
28161
28165
28171
28176
28185
28189
28189
28191
28192
28193
28195
28195
28195
28201
28213
28215
28217
28222
28238
28252
28265
28267
28271
28272
28274
28275
28278
28279
28280
28281
28282
28286
28286
28287
28295
28298
28302
28303
28304
28308
28309
28313
28315
28316
28320
28325
28326
28326
28331
28335
28337
28343
28344
28346
28347
28354
28359
28366
28372
28374
28376
28377
28380
28384
28384
28386
28387
28390
28392
28392
28410
28410
28412
28414
28422
28423
28426
28429
28432
28435
28435
28437
28439
28442
28452
28455
28460
28474
28475
28480
28482
28482
28488
28492
28500
28503
28511
28511
28516
28521
28522
28523
28530
28537
28539
28543
28543
28547
28547
28548
28555
28556
28565
28573
28575
28581
28585
28589
28590
28597
28605
28608
28611
28612
28623
28624
28627
28628
28633
28635
28639
28641
28645
28647
28653
28655
28657
28657
28661
28661
28668
28669
28670
28670
28673
28678
28679
28681
28681
28681
28684
28690
28700
28702
28705
28714
28721
28735
28745
28746
28751
28752
28760
28762
28768
28771
28776
28778
28780
28781
28781
28790
28791
28796
28803
28805
28806
28806
28815
28820
28824
28824
28826
28828
28829
28829
28829
28844
28848
28849
28854
28854
28857
28858
28862
28863
28863
28863
28870
28872
28874
28875
28876
28876
28878
28880
28881
28894
28896
28896
28898
28899
28909
28916
28934
28935
28936
28938
28940
28941
28942
28943
28946
28952
28955
28957
28959
28962
28962
28964
28964
28964
28969
28970
28970
28975
28978
28978
28987
28989
28992
28993
28997
28997
28998
29001
29001
29006
29007
29008
29010
29012
29013
29016
29017
29021
29033
29041
29042
29044
29044
29049
29053
29056
29057
29058
29062
29064
29065
29068
29070
29075
29091
29094
29094
29095
29095
29101
29102
29107
29109
29112
29117
29125
29128
29129
29129
29130
29130
29133
29134
29134
29135
29139
29143
29144
29151
29152
29156
29174
29176
29183
29185
29186
29188
29191
29194
29194
29196
29205
29207
29207
29211
29211
29214
29215
29215
29225
29227
29229
29230
29233
29237
29241
29242
29244
29247
29258
29259
29265
29275
29277
29278
29282
29298
29301
29329
29331
29335
29338
29346
29351
29353
29354
29355
29359
29363
29369
29370
29378
29384
29384
29388
29388
29390
29392
29398
29409
29413
29413
29416
29421
29422
29425
29425
29425
29426
29427
29428
29428
29428
29429
29431
29432
29436
29443
29445
29452
29453
29455
29467
29468
29479
29480
29481
29483
29483
29492
29495
29498
29501
29501
29502
29503
29504
29505
29506
29506
29509
29515
29516
29519
29520
29525
29529
29529
29539
29544
29547
29551
29551
29557
29568
29571
29576
29577
29578
29579
29580
29588
29592
29594
29603
29605
29613
29616
29620
29623
29624
29626
29628
29629
29629
29630
29643
29643
29648
29651
29660
29661
29678
29688
29691
29693
29693
29696
29697
29699
29699
29705
29707
29711
29713
29724
29725
29727
29730
29730
29735
29742
29743
29745
29745
29745
29749
29754
29755
29755
29764
29767
29779
29780
29780
29781
29784
29787
29796
29798
29800
29801
29802
29808
29812
29814
29815
29816
29817
29821
29825
29825
29826
29827
29828
29829
29834
29836
29842
29843
29848
29852
29854
29855
29860
29864
29864
29864
29864
29871
29878
29881
29882
29884
29888
29890
29898
29901
29901
29901
29906
29910
29914
29915
29915
29923
29928
29929
29936
29938
29939
29940
29940
29941
29941
29953
29959
29965
29968
29970
29973
29974
29974
29977
29979
29983
29984
29993
29994
29995
29997
29997
29999
30001
30003
30004
30005
30006
30011
30014
30016
30017
30020
30022
30023
30026
30032
30035
30036
30036
30038
30042
30050
30051
30052
30053
30058
30060
30065
30065
30069
30070
30071
30075
30081
30082
30085
30086
30093
30097
30098
30109
30111
30118
30121
30123
30131
30135
30138
30142
30142
30148
30151
30153
30156
30158
30178
30182
30183
30195
30202
30207
30223
30227
30233
30238
30246
30254
30256
30258
30261
30261
30270
30270
30271
30271
30279
30281
30281
30285
30287
30288
30289
30297
30298
30304
30308
30309
30312
30315
30315
30316
30317
30317
30320
30323
30327
30330
30331
30332
30332
30339
30349
30354
30355
30360
30369
30374
30386
30391
30396
30398
30406
30409
30412
30414
30414
30415
30415
30423
30423
30427
30431
30443
30444
30446
30458
30464
30470
30478
30479
30483
30485
30486
30486
30489
30490
30490
30496
30498
30501
30501
30502
30503
30503
30508
30509
30511
30512
30512
30516
30522
30533
30535
30535
30543
30561
30563
30563
30569
30575
30581
30582
30583
30583
30603
30610
30611
30624
30628
30634
30634
30636
30641
30645
30647
30648
30648
30661
30662
30670
30672
30675
30681
30686
30688
30690
30690
30697
30705
30713
30717
30719
30721
30725
30735
30736
30739
30740
30742
30744
30744
30746
30746
30750
30750
30751
30758
30763
30764
30767
30768
30768
30768
30770
30772
30777
30778
30778
30779
30779
30784
30790
30798
30799
30799
30800
30803
30805
30805
30807
30811
30816
30818
30821
30825
30826
30826
30829
30843
30843
30852
30856
30859
30864
30867
30869
30871
30875
30878
30881
30883
30884
30889
30904
30906
30914
30915
30917
30927
30928
30929
30930
30945
30946
30950
30955
30957
30958
30962
30964
30968
30968
30968
30973
30976
30979
30980
30980
30981
30982
30994
30997
31001
31003
31008
31011
31012
31016
31018
31021
31022
31035
31037
31041
31044
31046
31047
31055
31055
31056
31059
31061
31062
31063
31064
31068
31071
31072
31073
31075
31076
31077
31078
31090
31091
31096
31097
31098
31106
31106
31114
31121
31123
31126
31130
31131
31132
31132
31134
31136
31139
31149
31150
31156
31163
31166
31177
31178
31179
31184
31187
31191
31196
31197
31198
31198
31201
31201
31214
31222
31224
31227
31229
31230
31232
31236
31236
31237
31238
31240
31244
31248
31253
31255
31264
31266
31267
31275
31280
31280
31286
31293
31294
31299
31300
31304
31309
31315
31317
31317
31318
31322
31335
31345
31350
31351
31352
31353
31357
31360
31366
31386
31409
31409
31410
31412
31412
31415
31426
31427
31432
31432
31436
31439
31440
31443
31450
31450
31455
31463
31468
31470
31470
31471
31477
31478
31495
31503
31511
31512
31512
31514
31517
31518
31522
31522
31526
31527
31546
31548
31550
31551
31552
31553
31554
31557
31557
31559
31560
31563
31564
31567
31567
31569
31569
31571
31571
31573
31576
31578
31580
31585
31586
31588
31595
31598
31607
31613
31615
31615
31622
31623
31631
31631
31635
31636
31637
31641
31645
31646
31648
31649
31650
31651
31654
31655
31658
31660
31662
31662
31663
31670
31673
31673
31676
31680
31685
31690
31691
31692
31693
31695
31710
31711
31713
31724
31728
31729
31731
31734
31735
31736
31737
31738
31739
31741
31742
31744
31745
31746
31747
31753
31757
31762
31764
31767
31767
31768
31769
31771
31774
31781
31782
31783
31784
31788
31788
31790
31792
31794
31799
31822
31826
31827
31829
31831
31832
31836
31839
31844
31847
31851
31857
31862
31864
31870
31879
31880
31881
31882
31884
31888
31891
31891
31891
31891
31894
31897
31898
31905
31909
31910
31911
31913
31916
31916
31928
31936
31941
31942
31945
31945
31945
31947
31952
31958
31959
31961
31968
31970
31978
31978
31980
31982
31982
31984
31992
31992
31994
31998
31998
31999
32000
32004
32007
32009
32015
32016
32017
32021
32022
32026
32029
32031
32033
32035
32043
32050
32053
32055
32055
32055
32056
32056
32064
32067
32070
32079
32079
32080
32084
32085
32090
32098
32099
32100
32101
32102
32106
32112
32114
32114
32129
32130
32135
32136
32140
32143
32145
32146
32148
32148
32152
32153
32164
32174
32175
32176
32179
32186
32191
32194
32197
32197
32201
32201
32202
32205
32207
32208
32229
32234
32243
32244
32244
32250
32251
32253
32257
32266
32267
32269
32273
32273
32280
32284
32287
32293
32296
32301
32305
32306
32307
32308
32309
32312
32314
32315
32317
32322
32323
32323
32327
32331
32332
32333
32335
32345
32347
32350
32359
32360
32362
32365
32368
32370
32373
32374
32377
32383
32386
32389
32392
32392
32392
32393
32394
32395
32395
32396
32404
32408
32411
32411
32414
32418
32421
32422
32425
32425
32432
32435
32435
32437
32439
32441
32443
32443
32445
32446
32448
32449
32452
32452
32454
32456
32460
32460
32464
32473
32476
32483
32485
32486
32489
32492
32498
32499
32503
32507
32511
32511
32514
32515
32515
32518
32524
32528
32529
32530
32531
32533
32539
32542
32543
32547
32547
32548
32548
32559
32560
32561
32561
32574
32576
32582
32584
32584
32585
32585
32585
32594
32595
32596
32599
32602
32607
32614
32615
32622
32624
32625
32626
32628
32638
32639
32656
32660
32667
32669
32674
32676
32683
32686
32691
32695
32701
32707
32712
32716
32720
32720
32722
32723
32726
32730
32734
32738
32739
32743
32745
32746
32747
32750
32753
32753
32756
32758
32758
32766
32767
