20230
7322
27748
31858
8684
23110
11787
4794
24665
8149
30441
7700
10930
18198
2308
26330
18310
1351
13872
8318
15942
5404
28461
24698
25028
30095
10366
6139
1645
18795
12551
31821
24645
9110
22126
2565
17575
19489
29486
3824
19386
18961
17019
26302
3507
15851
5593
22126
30668
22785
18554
12921
29960
32127
3164
15294
26275
21300
27935
24368
10331
23842
9383
17473
7266
23492
7542
22029
31518
2082
16070
13127
25254
29589
24169
12516
25085
6234
29793
23433
31756
26329
27711
9141
24161
23475
12348
8366
18346
27278
18968
5677
23023
18848
13750
10441
21651
27132
16756
27940
29192
10399
6220
15831
25941
1082
20908
1054
13129
25533
8981
24387
25468
14760
3957
22220
17675
4112
12357
867
17167
18803
29795
23177
1250
8765
28845
2299
22033
16151
7777
2016
4639
21490
9015
22711
4095
12246
32571
5123
18767
14699
15468
14003
14678
10308
31767
23123
12220
1775
32240
17397
4876
18877
31989
30173
20202
1617
32259
12272
27155
6123
27701
2778
25
15474
7936
6656
6876
30275
9743
16428
10184
16060
30431
8946
1232
21895
22554
26853
24878
14502
9909
11900
28119
4419
20680
24001
6592
8501
8752
21695
21971
32082
16103
1705
7344
8311
26398
970
14884
9048
24863
5168
3690
9480
9445
20760
18724
12360
9592
26904
22551
10639
21515
31503
1449
4573
14548
13261
796
10816
15789
6785
23176
17443
1647
14310
1178
19034
29450
1069
7695
20205
10084
18345
30958
10664
13559
23101
1416
29535
16937
28037
20272
27137
19306
19911
2235
2404
23056
17816
25782
25802
19698
4174
13674
3382
3782
1833
4240
4209
22075
30016
29396
23771
19413
15917
7948
5618
12684
17272
13621
9636
26660
13508
15665
5716
28235
14011
8515
430
13684
3259
21574
8235
26742
12605
8112
17763
32739
2313
21835
21782
16425
7452
24749
31992
32107
1876
29820
16192
16669
32225
20323
6639
11617
10604
21715
22241
14885
12805
30074
20629
10233
11981
9092
14268
17585
25703
20116
9603
23999
32288
9089
1696
31821
11736
3025
11038
18205
24248
10486
1769
9761
26258
18250
28441
985
25110
1228
24574
18544
10170
10136
6128
27286
32103
24616
4819
12828
31972
29517
12908
2129
21251
2027
8039
29214
17806
5239
12068
4067
11247
10290
23109
16144
18081
3106
4088
14724
8538
30677
29189
20133
27637
21973
17815
4676
30241
21482
9418
7470
14796
15122
15608
15249
8269
19265
9667
9493
28244
5848
7394
6838
658
6631
12973
1635
21287
2339
13158
30808
21967
5286
22861
7740
16076
6761
4962
4090
17043
1153
27896
3679
17974
20252
25086
3960
10900
29243
11277
13481
7746
11053
21553
1677
8760
25039
5495
4753
11580
9605
23611
17999
6670
32247
28206
9388
19544
2956
1833
12464
14420
13223
30389
10792
14651
21668
2646
30717
25201
15761
20636
23635
14194
26028
231
20065
30330
8097
5117
5651
25079
17536
22861
1377
13487
4736
5376
27501
11441
15221
29381
7519
22781
24339
22873
12545
5618
27872
27353
17689
25724
10747
15815
29578
2042
22158
6878
18729
5872
12052
19350
24416
27249
17740
17781
29573
6218
27896
15900
6136
25582
14430
29709
23295
21030
16508
14397
32609
19317
13577
1118
8900
31052
28720
10729
28102
18930
2572
26093
10718
18225
10210
26010
22769
11201
800
1932
10932
25462
25625
26073
27588
25128
3198
29913
19078
32102
19868
17080
3520
13530
18007
9148
6388
5498
1258
22359
23168
9076
2140
29164
32631
30422
24001
5985
2365
30465
21814
21097
8420
24780
2714
5262
17482
887
15884
11009
10479
24662
14377
13346
28823
6457
13827
25037
2979
22942
6368
5226
25904
9878
21943
6835
13548
16759
24682
8772
4796
2375
3780
9444
10256
1763
12082
24213
6913
4083
20290
6237
3887
11406
28124
21459
22621
11180
5443
9064
15049
4687
6345
15227
21836
20848
29269
2075
4406
28332
31638
21401
13287
2987
32516
18901
28206
30804
23707
25670
1377
15283
15958
2758
29249
16293
6254
29987
4491
2889
29008
6502
16989
14374
11615
13025
3663
3612
23150
11770
14157
29196
14075
1210
18230
4935
28972
22549
32054
951
22923
20983
13539
9935
1410
7187
8986
9012
7573
30570
1176
17192
21345
16541
6743
28603
15192
27892
4014
12976
1594
19498
9768
27440
22098
6910
17183
8497
11382
12923
15137
9124
10428
24578
30463
23905
6908
12828
20148
3283
7946
17921
13820
19043
16560
25063
5808
2469
25454
26636
29924
325
27121
28290
14527
9648
22867
1982
14877
8834
29720
2014
27110
32434
2276
21181
13612
22399
28926
32441
32263
24089
31365
22591
17968
1040
14964
4635
26464
637
599
11905
30054
10226
30154
27866
9738
6435
31670
18512
23205
28753
1867
21272
10109
26490
29885
31362
29922
31042
30142
32706
5641
9375
18878
12668
29099
16200
15845
12817
6237
731
12492
22188
25774
16593
5631
27403
259
26914
13619
26126
28465
20407
8519
23297
28127
23700
8957
13225
22426
4801
4981
32528
22453
6653
25197
24848
4326
14114
17466
28321
4514
24407
17285
740
12852
20983
12999
22763
14495
25924
14722
30286
24121
29132
31045
12911
4868
2199
1629
26248
6859
24598
12379
4729
24577
9163
22090
596
6233
4791
17069
16548
5924
6280
19259
24961
26990
19839
12377
29268
6104
2339
30811
6762
10804
29607
17019
14396
18658
16924
19861
1913
6125
2391
11944
7127
10213
21408
29453
15518
6266
25887
10869
27889
18653
23303
5284
11483
12759
4479
28399
16157
17830
31829
7542
32698
29082
24162
11298
5950
7540
3003
25437
5842
17529
8860
27796
18689
1113
26389
17006
17224
15811
11634
26825
1120
8901
32619
10361
11082
20196
26640
19135
4894
17663
4723
4235
24468
28388
10002
24946
17999
31407
5131
28269
8429
12775
11262
17495
5072
9815
18369
2596
21929
20652
22215
26338
25545
31955
2637
19314
12071
8208
1866
7171
3632
29918
19220
30034
32594
30858
11986
2466
2118
9870
13733
20861
15905
3502
4501
3113
16922
6868
2878
19433
16153
13740
14391
2553
13316
2815
11333
32326
5832
8400
4420
14065
7209
4152
20945
11138
12362
258
17080
18412
27644
17158
30497
11077
4807
8518
11129
5698
26041
19146
29473
17780
22256
27963
5337
13124
27113
23874
16875
32175
19591
26782
