3
4
6
14
14
27
29
31
35
44
47
50
50
51
55
57
58
58
65
68
75
78
80
83
84
91
95
103
103
107
111
117
119
119
123
124
125
125
127
133
135
135
137
140
145
150
153
155
165
166
171
171
179
180
181
181
182
183
187
188
189
192
196
197
203
207
210
216
218
220
221
221
222
227
232
235
246
249
252
255
255
256
258
261
265
265
266
267
269
277
286
286
288
291
292
296
296
301
303
303
307
309
310
313
317
321
326
326
328
331
333
334
335
337
338
341
342
343
347
356
362
364
368
376
379
390
390
396
396
404
404
407
414
414
419
425
426
428
433
433
433
436
439
443
451
455
457
458
478
480
487
488
488
489
495
497
502
506
506
512
519
523
528
529
535
536
536
539
541
545
550
552
553
553
558
559
560
560
565
565
569
573
577
583
584
590
593
595
604
607
608
609
613
613
620
625
626
637
639
644
645
647
661
661
661
663
670
671
678
680
682
687
692
694
697
707
708
711
720
721
723
733
740
750
758
760
760
761
776
777
785
788
788
788
790
797
797
797
798
802
804
808
809
810
813
813
813
818
820
824
829
831
832
834
839
840
842
842
844
857
860
865
868
869
870
876
876
884
890
891
892
893
893
900
900
904
904
910
910
924
925
925
925
930
930
936
936
937
937
939
939
944
950
950
952
953
954
955
958
964
969
970
971
973
976
979
991
993
995
996
998
1000
1001
1004
1010
1018
1020
1022
1027
1030
1032
1037
1037
1037
1039
1039
1048
1048
1055
1056
1056
1058
1058
1064
1067
1068
1073
1074
1074
1075
1078
1089
1097
1107
1109
1117
1122
1124
1125
1129
1129
1130
1130
1132
1135
1136
1141
1141
1145
1159
1161
1167
1168
1174
1178
1183
1185
1185
1187
1188
1191
1192
1194
1195
1198
1202
1207
1211
1212
1225
1226
1230
1230
1231
1232
1235
1239
1241
1245
1247
1250
1251
1252
1257
1259
1268
1271
1272
1279
1287
1289
1297
1301
1301
1302
1302
1306
1312
1314
1314
1314
1321
1330
1337
1345
1348
1358
1365
1366
1370
1370
1375
1382
1393
1395
1401
1402
1408
1409
1409
1409
1412
1415
1430
1435
1453
1458
1466
1477
1478
1480
1485
1493
1496
1497
1501
1507
1513
1516
1525
1531
1531
1533
1535
1538
1539
1542
1548
1548
1550
1553
1561
1563
1565
1567
1573
1575
1581
1585
1588
1605
1608
1613
1618
1623
1623
1624
1628
1629
1631
1633
1633
1635
1636
1636
1638
1641
1647
1647
1650
1651
1654
1658
1661
1663
1667
1674
1677
1681
1683
1683
1684
1687
1689
1690
1694
1695
1695
1697
1698
1701
1710
1711
1714
1724
1724
1727
1734
1735
1738
1739
1740
1742
1747
1752
1760
1771
1772
1775
1777
1778
1781
1781
1782
1786
1787
1788
1788
1788
1794
1800
1803
1805
1806
1814
1817
1820
1821
1829
1830
1835
1839
1840
1845
1845
1848
1852
1854
1854
1859
1863
1865
1868
1871
1876
1877
1877
1881
1883
1888
1890
1891
1897
1899
1906
1908
1915
1916
1923
1925
1935
1937
1939
1940
1944
1948
1949
1949
1952
1956
1960
1966
1971
1972
1973
1973
1975
1984
1985
1991
1993
1993
2003
2004
2010
2014
2015
2018
2019
2028
2028
2029
2029
2031
2034
2040
2040
2043
2045
2047
2048
2050
2053
2068
2070
2072
2075
2078
2080
2082
2082
2085
2086
2089
2089
2093
2094
2095
2106
2114
2115
2119
2120
2122
2124
2133
2135
2144
2146
2151
2153
2157
2159
2162
2162
2163
2164
2165
2165
2166
2167
2168
2182
2183
2184
2184
2196
2196
2196
2199
2204
2216
2222
2227
2228
2230
2232
2235
2237
2237
2238
2241
2242
2245
2247
2247
2250
2252
2255
2255
2255
2256
2257
2266
2267
2274
2275
2280
2284
2287
2288
2292
2294
2296
2296
2303
2310
2313
2321
2331
2340
2342
2346
2347
2349
2363
2367
2369
2371
2374
2376
2381
2393
2398
2399
2399
2400
2403
2403
2406
2412
2413
2418
2419
2420
2423
2423
2426
2434
2435
2436
2439
2444
2445
2449
2451
2458
2462
2463
2465
2468
2471
2472
2477
2477
2481
2484
2485
2485
2486
2487
2491
2493
2497
2497
2498
2498
2499
2500
2501
2503
2506
2514
2515
2523
2525
2527
2530
2532
2536
2539
2542
2546
2547
2554
2570
2570
2571
2578
2582
2585
2586
2590
2593
2597
2599
2600
2602
2612
2614
2618
2622
2631
2633
2634
2636
2640
2656
2660
2660
2661
2670
2674
2675
2677
2685
2698
2698
2700
2703
2704
2708
2710
2726
2727
2728
2728
2734
2736
2736
2737
2738
2746
2762
2764
2766
2769
2770
2778
2780
2790
2793
2793
2797
2802
2804
2805
2807
2807
2815
2821
2823
2823
2830
2831
2831
2839
2841
2851
2861
2862
2863
2866
2867
2870
2875
2878
2878
2879
2879
2884
2889
2890
2894
2896
2897
2898
2916
2916
2916
2916
2918
2919
2923
2933
2941
2944
2946
2949
2954
2955
2961
2961
2962
2967
2967
2968
2973
2973
2974
2978
2979
2984
2987
2988
2988
2990
2992
2994
2999
3010
3011
3015
3017
3018
3019
3021
3021
3021
3022
3024
3025
3029
3031
3034
3035
3036
3037
3040
3040
3049
3050
3052
3054
3057
3057
3057
3059
3063
3068
3073
3075
3081
3088
3090
3098
3099
3102
3103
3108
3116
3118
3120
3121
3126
3130
3134
3136
3144
3152
3174
3177
3177
3185
3197
3205
3212
3215
3216
3218
3218
3220
3222
3223
3225
3225
3228
3229
3230
3231
3232
3233
3233
3235
3236
3242
3242
3244
3250
3253
3256
3258
3266
3271
3272
3274
3281
3281
3282
3290
3291
3292
3293
3295
3297
3305
3305
3308
3314
3315
3323
3326
3329
3329
3333
3335
3335
3335
3341
3342
3346
3347
3347
3347
3347
3348
3349
3352
3352
3353
3358
3360
3361
3366
3370
3376
3380
3381
3384
3384
3386
3392
3393
3397
3402
3409
3417
3418
3423
3425
3427
3427
3429
3447
3448
3453
3454
3457
3457
3461
3463
3463
3479
3482
3493
3495
3503
3511
3516
3518
3519
3520
3520
3521
3526
3527
3528
3531
3534
3537
3549
3554
3556
3558
3564
3569
3569
3571
3575
3577
3582
3589
3600
3605
3606
3607
3611
3611
3616
3624
3628
3636
3636
3637
3641
3641
3645
3646
3648
3650
3651
3654
3665
3668
3671
3673
3675
3677
3677
3678
3683
3683
3691
3693
3694
3712
3716
3722
3731
3733
3736
3736
3741
3746
3746
3747
3748
3748
3753
3757
3760
3760
3774
3782
3784
3784
3786
3792
3797
3803
3805
3808
3808
3808
3811
3813
3814
3819
3819
3832
3837
3838
3845
3851
3852
3862
3866
3874
3881
3884
3884
3886
3891
3898
3898
3900
3904
3906
3912
3918
3918
3921
3924
3927
3932
3933
3936
3941
3941
3944
3945
3946
3953
3953
3953
3961
3967
3970
3971
3978
3980
3994
3999
4005
4007
4014
4016
4020
4020
4021
4023
4029
4031
4034
4035
4035
4038
4039
4040
4040
4046
4049
4053
4057
4062
4069
4075
4075
4076
4079
4087
4089
4095
4099
4099
4100
4104
4108
4112
4116
4117
4126
4128
4134
4137
4141
4141
4146
4147
4153
4162
4162
4162
4164
4173
4175
4179
4182
4182
4194
4201
4202
4203
4205
4211
4217
4219
4220
4221
4225
4229
4230
4232
4245
4249
4249
4259
4259
4262
4272
4273
4276
4277
4279
4279
4280
4285
4292
4293
4294
4306
4307
4311
4325
4326
4326
4328
4331
4336
4338
4342
4350
4358
4359
4365
4369
4371
4383
4384
4387
4387
4388
4393
4404
4404
4406
4407
4410
4419
4420
4420
4421
4421
4425
4426
4428
4429
4435
4441
4449
4449
4450
4451
4452
4452
4455
4457
4460
4462
4463
4468
4471
4478
4486
4489
4497
4498
4498
4510
4513
4516
4517
4517
4520
4521
4524
4524
4534
4538
4538
4539
4543
4548
4549
4551
4554
4554
4556
4557
4557
4565
4568
4572
4575
4576
4578
4579
4581
4582
4583
4585
4591
4593
4598
4598
4601
4605
4608
4620
4622
4623
4624
4631
4638
4638
4639
4642
4648
4652
4661
4661
4663
4664
4676
4678
4680
4681
4684
4685
4690
4690
4693
4693
4693
4700
4701
4705
4710
4713
4716
4717
4719
4729
4732
4735
4736
4736
4739
4741
4742
4749
4753
4753
4762
4765
4765
4766
4768
4771
4773
4775
4780
4782
4785
4787
4789
4793
4794
4800
4806
4808
4808
4810
4813
4814
4815
4819
4822
4828
4831
4832
4833
4841
4841
4843
4846
4847
4849
4850
4854
4855
4856
4863
4865
4866
4872
4873
4875
4881
4886
4889
4889
4890
4895
4895
4896
4900
4904
4912
4912
4913
4916
4917
4923
4924
4926
4926
4927
4934
4943
4946
4950
4951
4954
4959
4966
4975
4975
4977
4978
4978
4979
4982
4990
4991
4991
4992
4992
4993
4993
4994
4995
4999
5006
5008
5013
5014
5016
5018
5020
5022
5024
5030
5036
5037
5039
5045
5047
5049
5050
5051
5053
5053
5058
5058
5059
5059
5064
5066
5067
5069
5070
5071
5072
5077
5078
5078
5078
5085
5088
5088
5089
5091
5091
5092
5093
5096
5101
5104
5106
5118
5119
5122
5127
5156
5160
5160
5165
5168
5170
5175
5180
5183
5196
5196
5198
5199
5217
5218
5223
5225
5226
5226
5230
5232
5238
5242
5243
5258
5259
5272
5275
5275
5275
5276
5276
5277
5279
5283
5291
5292
5294
5297
5306
5322
5326
5343
5344
5354
5372
5374
5379
5391
5393
5396
5397
5400
5402
5402
5408
5408
5410
5411
5411
5417
5417
5418
5420
5426
5427
5429
5435
5439
5440
5443
5443
5446
5446
5447
5450
5451
5452
5453
5453
5455
5455
5458
5459
5472
5476
5478
5478
5478
5484
5486
5487
5490
5494
5497
5498
5498
5501
5502
5505
5511
5515
5525
5528
5530
5533
5534
5541
5543
5543
5549
5557
5558
5560
5561
5565
5565
5568
5572
5579
5581
5582
5584
5586
5588
5589
5593
5594
5595
5599
5600
5604
5607
5609
5609
5612
5617
5636
5637
5638
5643
5643
5644
5645
5646
5647
5648
5654
5654
5656
5656
5657
5663
5670
5670
5674
5676
5677
5685
5690
5691
5693
5693
5697
5704
5707
5707
5708
5713
5715
5720
5722
5723
5726
5730
5731
5745
5745
5750
5750
5750
5757
5760
5761
5763
5764
5771
5773
5777
5785
5789
5790
5790
5792
5793
5798
5799
5800
5802
5803
5804
5811
5814
5817
5825
5828
5833
5845
5846
5847
5855
5858
5861
5863
5869
5871
5877
5879
5884
5889
5890
5892
5900
5901
5906
5906
5908
5912
5913
5916
5917
5919
5926
5928
5931
5936
5936
5946
5947
5949
5956
5961
5964
5964
5964
5968
5972
5973
5976
5978
5979
5987
5987
5988
5990
5994
5994
6003
6003
6020
6025
6029
6033
6038
6042
6048
6052
6059
6064
6085
6086
6087
6089
6091
6095
6097
6098
6098
6101
6107
6107
6108
6108
6113
6115
6128
6129
6130
6133
6149
6150
6152
6154
6155
6158
6159
6169
6174
6198
6201
6206
6207
6209
6210
6214
6219
6222
6230
6232
6234
6235
6235
6237
6242
6246
6248
6255
6256
6258
6259
6260
6263
6267
6274
6277
6287
6294
6297
6299
6300
6308
6312
6313
6313
6317
6320
6322
6324
6326
6332
6342
6345
6345
6349
6355
6358
6359
6360
6360
6362
6365
6367
6367
6368
6374
6375
6376
6378
6380
6383
6384
6386
6389
6397
6400
6403
6408
6412
6412
6415
6424
6425
6426
6428
6429
6430
6431
6437
6438
6439
6452
6454
6461
6463
6469
6470
6471
6474
6475
6477
6483
6483
6485
6488
6492
6493
6498
6498
6504
6509
6511
6512
6518
6518
6525
6526
6533
6536
6536
6539
6546
6549
6550
6554
6554
6558
6567
6568
6572
6575
6576
6577
6580
6590
6598
6599
6601
6602
6607
6608
6609
6609
6610
6615
6616
6618
6625
6627
6627
6632
6641
6643
6646
6648
6650
6651
6658
6658
6659
6670
6673
6678
6679
6684
6685
6685
6686
6689
6691
6700
6703
6704
6706
6708
6709
6710
6711
6721
6726
6733
6743
6750
6755
6756
6760
6763
6769
6773
6778
6781
6792
6796
6806
6808
6814
6814
6815
6822
6825
6826
6827
6828
6829
6831
6831
6831
6836
6847
6848
6854
6857
6869
6874
6878
6882
6882
6886
6887
6896
6896
6897
6900
6903
6916
6918
6920
6920
6923
6930
6931
6932
6933
6933
6933
6935
6935
6937
6944
6959
6960
6961
6961
6962
6964
6966
6966
6966
6967
6978
6982
6984
6993
6994
6994
6998
6999
7002
7013
7017
7019
7020
7028
7032
7040
7044
7044
7044
7045
7049
7051
7051
7051
7053
7055
7055
7060
7062
7063
7065
7066
7071
7077
7088
7091
7093
7094
7094
7096
7097
7098
7106
7108
7111
7124
7128
7135
7137
7138
7139
7148
7154
7155
7160
7161
7164
7166
7167
7167
7173
7175
7176
7181
7181
7187
7195
7197
7200
7205
7208
7208
7209
7215
7215
7223
7229
7229
7233
7235
7244
7257
7258
7258
7260
7264
7264
7272
7273
7279
7285
7288
7289
7290
7291
7293
7297
7299
7307
7312
7314
7321
7331
7334
7335
7337
7338
7349
7349
7350
7350
7350
7352
7354
7355
7357
7360
7360
7364
7364
7366
7367
7368
7369
7371
7372
7377
7377
7379
7380
7383
7389
7390
7391
7391
7396
7403
7412
7413
7414
7419
7420
7421
7421
7422
7428
7429
7432
7433
7434
7434
7434
7435
7435
7437
7446
7449
7451
7452
7453
7459
7462
7463
7464
7471
7471
7483
7486
7494
7495
7501
7502
7502
7504
7514
7520
7537
7540
7540
7541
7543
7547
7549
7549
7555
7556
7561
7562
7563
7566
7570
7573
7575
7582
7586
7590
7592
7594
7595
7598
7601
7608
7608
7612
7614
7618
7621
7622
7624
7625
7628
7628
7629
7631
7638
7656
7656
7670
7670
7671
7675
7677
7680
7688
7690
7690
7691
7695
7702
7708
7716
7716
7725
7729
7729
7744
7751
7752
7756
7766
7770
7782
7783
7785
7785
7787
7791
7791
7793
7794
7794
7795
7798
7798
7799
7800
7801
7802
7805
7812
7812
7815
7817
7819
7821
7821
7833
7834
7837
7840
7846
7846
7847
7848
7849
7856
7857
7871
7871
7873
7876
7881
7888
7894
7900
7907
7918
7919
7922
7922
7924
7927
7932
7937
7939
7941
7941
7944
7947
7957
7960
7962
7962
7970
7977
7977
7981
7983
7984
7989
7990
7992
7996
7996
7997
8000
8001
8002
8004
8007
8010
8017
8018
8025
8026
8028
8029
8033
8038
8042
8043
8055
8057
8068
8070
8073
8074
8075
8080
8082
8082
8085
8089
8089
8103
8109
8111
8113
8113
8114
8118
8125
8125
8130
8134
8135
8135
8138
8139
8147
8148
8151
8151
8154
8155
8157
8161
8165
8166
8166
8168
8171
8172
8176
8179
8180
8187
8188
8192
8192
8193
8197
8199
8199
8201
8203
8207
8207
8214
8215
8216
8216
8217
8220
8224
8225
8226
8232
8232
8235
8237
8239
8239
8240
8240
8243
8244
8249
8256
8257
8261
8265
8266
8277
8280
8283
8291
8292
8294
8295
8301
8303
8312
8316
8317
8318
8319
8319
8319
8327
8334
8338
8340
8342
8344
8347
8348
8349
8352
8352
8357
8361
8365
8367
8373
8379
8384
8385
8385
8386
8386
8387
8389
8391
8391
8394
8394
8394
8394
8396
8397
8404
8404
8405
8409
8409
8412
8418
8428
8431
8435
8436
8436
8437
8442
8447
8449
8451
8451
8454
8459
8461
8469
8476
8482
8491
8493
8495
8497
8508
8514
8521
8524
8526
8526
8556
8557
8558
8558
8560
8561
8570
8574
8577
8594
8594
8597
8599
8602
8605
8605
8606
8608
8614
8625
8625
8635
8641
8642
8643
8645
8653
8657
8658
8658
8659
8670
8671
8676
8678
8683
8684
8684
8689
8691
8694
8698
8698
8699
8705
8708
8709
8711
8725
8725
8729
8729
8732
8734
8740
8743
8745
8750
8761
8766
8771
8771
8779
8781
8783
8785
8787
8789
8789
8794
8794
8804
8806
8807
8815
8816
8816
8817
8818
8830
8833
8836
8837
8837
8840
8844
8853
8855
8856
8856
8863
8868
8869
8875
8875
8894
8898
8900
8901
8903
8910
8924
8927
8929
8934
8944
8944
8946
8948
8948
8956
8957
8961
8967
8976
8978
8980
8985
8986
8988
8990
8998
9000
9005
9009
9010
9012
9013
9013
9019
9022
9023
9037
9043
9043
9044
9050
9052
9056
9057
9060
9063
9064
9065
9065
9065
9066
9068
9071
9072
9074
9075
9075
9077
9083
9090
9094
9096
9112
9115
9116
9118
9119
9119
9121
9127
9133
9134
9142
9148
9150
9152
9153
9153
9155
9159
9167
9169
9169
9171
9172
9172
9179
9183
9186
9188
9198
9200
9200
9202
9208
9210
9216
9216
9217
9220
9224
9228
9231
9238
9249
9251
9256
9256
9256
9257
9268
9274
9276
9277
9283
9284
9284
9289
9290
9290
9290
9290
9292
9294
9303
9316
9317
9328
9330
9333
9334
9334
9336
9338
9342
9349
9351
9353
9355
9361
9362
9363
9363
9366
9368
9369
9371
9377
9378
9381
9383
9390
9394
9395
9396
9399
9400
9406
9409
9409
9411
9416
9416
9417
9418
9423
9427
9433
9435
9435
9438
9439
9442
9445
9447
9450
9458
9460
9465
9466
9467
9471
9471
9474
9474
9483
9485
9507
9513
9513
9516
9517
9517
9537
9539
9544
9547
9550
9551
9551
9553
9558
9562
9564
9565
9570
9570
9570
9575
9575
9586
9589
9591
9597
9599
9602
9607
9609
9611
9615
9615
9620
9625
9627
9629
9634
9635
9638
9645
9652
9655
9659
9660
9662
9676
9678
9681
9686
9687
9689
9690
9693
9695
9695
9698
9703
9708
9712
9713
9714
9719
9720
9728
9729
9730
9737
9743
9749
9750
9757
9757
9763
9767
9772
9778
9781
9782
9785
9786
9787
9789
9795
9796
9797
9797
9802
9804
9805
9808
9816
9832
9839
9840
9841
9854
9857
9861
9866
9872
9883
9883
9890
9891
9894
9896
9900
9900
9905
9908
9908
9909
9913
9915
9925
9926
9940
9943
9944
9950
9951
9955
9957
9959
9967
9967
9970
9971
9972
9972
9972
9980
9982
9982
9990
9991
9993
9999
10001
10001
10006
10010
10012
10022
10024
10024
10026
10031
10034
10036
10039
10044
10050
10055
10059
10063
10064
10065
10069
10076
10078
10079
10084
10087
10089
10098
10106
10110
10112
10119
10127
10130
10131
10141
10141
10143
10154
10162
10168
10176
10181
10182
10186
10186
10193
10194
10200
10201
10202
10205
10206
10213
10214
10225
10226
10230
10232
10236
10238
10240
10241
10248
10251
10252
10257
10257
10259
10259
10261
10265
10265
10269
10271
10284
10286
10298
10308
10311
10311
10318
10321
10323
10323
10325
10332
10333
10335
10337
10337
10342
10353
10354
10354
10355
10374
10378
10382
10387
10388
10390
10397
10403
10409
10417
10418
10432
10436
10437
10440
10441
10441
10452
10461
10462
10470
10471
10471
10471
10472
10472
10473
10476
10476
10480
10480
10489
10494
10494
10495
10495
10504
10504
10505
10505
10505
10506
10521
10523
10525
10525
10528
10529
10533
10535
10537
10540
10548
10549
10552
10554
10555
10556
10559
10560
10563
10568
10568
10571
10571
10580
10583
10591
10592
10592
10598
10602
10605
10605
10606
10612
10612
10617
10621
10625
10636
10649
10653
10655
10657
10660
10661
10662
10664
10668
10671
10672
10673
10676
10676
10678
10680
10680
10683
10685
10694
10694
10697
10705
10712
10717
10721
10732
10734
10737
10743
10744
10746
10756
10758
10759
10761
10766
10767
10769
10769
10772
10774
10776
10779
10781
10782
10788
10791
10792
10793
10796
10803
10805
10809
10818
10820
10827
10828
10842
10846
10848
10851
10851
10851
10857
10866
10868
10868
10872
10878
10880
10881
10887
10893
10895
10899
10909
10910
10911
10911
10912
10916
10918
10918
10919
10921
10922
10925
10928
10935
10938
10940
10946
10947
10949
10949
10956
10957
10958
10964
10979
10980
10982
10986
10998
10999
11002
11003
11004
11005
11005
11007
11009
11014
11017
11017
11018
11021
11032
11035
11036
11042
11045
11045
11045
11046
11048
11050
11055
11073
11074
11079
11085
11091
11097
11109
11112
11117
11119
11121
11121
11123
11125
11128
11129
11131
11133
11136
11141
11143
11144
11144
11152
11152
11157
11159
11162
11164
11166
11173
11183
11190
11190
11198
11201
11210
11213
11215
11219
11220
11220
11224
11226
11230
11230
11236
11237
11242
11247
11255
11257
11266
11266
11270
11271
11273
11276
11278
11280
11281
11281
11284
11290
11292
11292
11293
11294
11300
11302
11309
11310
11311
11313
11313
11316
11316
11318
11321
11322
11324
11324
11332
11336
11337
11344
11358
11365
11367
11371
11372
11376
11376
11381
11391
11395
11403
11404
11404
11417
11421
11422
11427
11432
11433
11436
11439
11441
11441
11446
11447
11452
11453
11454
11460
11464
11469
11470
11475
11478
11486
11488
11491
11492
11494
11495
11495
11497
11501
11502
11504
11506
11510
11511
11512
11515
11518
11518
11519
11524
11528
11532
11536
11554
11557
11558
11565
11566
11570
11576
11578
11580
11583
11583
11587
11589
11594
11596
11597
11603
11605
11610
11610
11615
11615
11617
11618
11620
11622
11625
11626
11629
11635
11636
11640
11647
11652
11652
11658
11662
11678
11681
11685
11688
11698
11700
11705
11705
11708
11715
11717
11733
11733
11734
11736
11740
11749
11750
11751
11756
11760
11765
11770
11770
11773
11777
11777
11783
11783
11784
11791
11797
11797
11798
11800
11809
11810
11811
11813
11815
11819
11819
11822
11823
11824
11825
11828
11829
11834
11848
11849
11850
11850
11853
11856
11858
11859
11861
11863
11865
11866
11868
11869
11876
11878
11881
11890
11891
11891
11894
11896
11900
11901
11901
11901
11905
11907
11911
11911
11913
11917
11920
11922
11924
11925
11929
11931
11932
11933
11935
11939
11940
11952
11952
11954
11954
11955
11956
11956
11956
11957
11958
11960
11964
11966
11968
11969
11972
11973
11980
11983
11985
11985
11990
11991
11995
11997
11998
12003
12011
12012
12013
12015
12020
12020
12021
12023
12025
12029
12039
12040
12041
12047
12048
12051
12056
12061
12071
12071
12073
12074
12075
12080
12082
12089
12089
12091
12095
12096
12096
12103
12110
12111
12114
12122
12126
12127
12129
12130
12131
12133
12146
12148
12150
12154
12162
12171
12172
12173
12176
12177
12178
12179
12181
12183
12189
12191
12201
12205
12208
12211
12216
12216
12223
12225
12230
12232
12235
12242
12245
12249
12251
12254
12254
12255
12258
12260
12261
12264
12264
12267
12268
12269
12272
12273
12274
12275
12277
12279
12281
12283
12287
12294
12296
12297
12298
12301
12305
12307
12310
12310
12312
12312
12314
12314
12316
12319
12325
12330
12338
12345
12346
12349
12360
12366
12367
12369
12372
12379
12380
12384
12392
12392
12396
12396
12399
12406
12406
12407
12409
12410
12421
12422
12426
12431
12432
12435
12435
12439
12444
12446
12449
12452
12454
12456
12457
12458
12463
12466
12468
12472
12472
12475
12483
12489
12489
12494
12498
12503
12506
12507
12512
12512
12515
12516
12517
12537
12545
12550
12553
12555
12557
12557
12558
12561
12562
12565
12565
12572
12573
12574
12574
12579
12580
12585
12586
12587
12595
12599
12605
12609
12616
12618
12624
12649
12650
12668
12669
12672
12680
12685
12690
12692
12692
12692
12694
12695
12698
12700
12701
12702
12707
12707
12709
12709
12713
12715
12717
12724
12725
12726
12727
12728
12738
12746
12757
12761
12766
12766
12767
12769
12774
12778
12791
12795
12795
12797
12799
12800
12801
12807
12811
12817
12817
12821
12826
12831
12835
12835
12836
12838
12839
12839
12844
12849
12850
12850
12856
12861
12865
12867
12878
12879
12884
12885
12887
12900
12900
12904
12908
12908
12909
12910
12913
12915
12917
12920
12921
12923
12940
12940
12946
12947
12947
12947
12955
12959
12973
12975
12983
12984
12985
12985
12986
13002
13005
13007
13007
13010
13010
13015
13016
13019
13021
13035
13037
13047
13052
13055
13056
13057
13070
13077
13080
13083
13086
13086
13087
13088
13090
13091
13094
13102
13103
13109
13111
13114
13125
13128
13129
13132
13133
13140
13143
13147
13149
13151
13153
13155
13157
13157
13164
13165
13167
13177
13182
13186
13186
13188
13189
13190
13194
13196
13197
13201
13203
13205
13210
13213
13216
13218
13219
13220
13221
13221
13227
13237
13238
13242
13263
13266
13275
13277
13278
13280
13294
13302
13303
13303
13305
13312
13312
13313
13314
13314
13314
13321
13323
13326
13327
13330
13331
13333
13334
13334
13336
13339
13339
13353
13353
13355
13361
13372
13375
13377
13378
13378
13388
13389
13389
13402
13402
13408
13408
13408
13409
13414
13415
13417
13418
13422
13427
13427
13429
13433
13434
13436
13438
13440
13444
13445
13446
13449
13456
13462
13464
13464
13475
13475
13477
13479
13482
13484
13485
13493
13498
13503
13505
13512
13512
13516
13517
13518
13519
13524
13528
13532
13544
13548
13552
13564
13564
13565
13568
13591
13593
13593
13597
13602
13607
13610
13616
13616
13625
13631
13634
13634
13635
13637
13638
13643
13646
13648
13652
13655
13658
13659
13660
13665
13665
13668
13671
13678
13684
13689
13692
13699
13700
13704
13709
13712
13713
13714
13726
13726
13734
13734
13737
13738
13740
13741
13746
13749
13749
13756
13758
13759
13767
13769
13773
13774
13778
13780
13786
13794
13798
13807
13809
13818
13819
13822
13824
13826
13831
13831
13832
13832
13834
13834
13836
13838
13843
13843
13844
13846
13851
13854
13859
13860
13861
13862
13881
13884
13887
13888
13889
13904
13913
13920
13924
13926
13926
13931
13934
13939
13944
13947
13955
13957
13976
13976
13978
13978
13980
13982
13984
13986
13991
13995
13996
13997
14002
14003
14004
14005
14005
14007
14011
14013
14014
14017
14020
14023
14025
14025
14034
14038
14043
14046
14046
14046
14047
14053
14055
14060
14060
14062
14063
14065
14066
14073
14073
14078
14078
14090
14091
14096
14098
14107
14112
14114
14119
14119
14120
14121
14121
14123
14124
14125
14125
14127
14130
14130
14133
14136
14137
14139
14143
14148
14151
14152
14155
14163
14164
14166
14168
14173
14174
14176
14181
14185
14190
14190
14195
14196
14203
14204
14207
14210
14221
14222
14226
14228
14232
14234
14235
14235
14236
14237
14241
14242
14242
14243
14251
14259
14259
14264
14269
14271
14277
14280
14287
14291
14293
14294
14294
14297
14299
14301
14302
14310
14311
14311
14311
14311
14312
14316
14318
14318
14319
14320
14323
14325
14326
14331
14346
14348
14351
14358
14361
14365
14369
14369
14371
14372
14373
14378
14395
14396
14401
14401
14403
14410
14414
14415
14417
14426
14436
14437
14438
14439
14440
14447
14448
14449
14451
14454
14457
14460
14461
14467
14469
14479
14486
14487
14488
14492
14494
14498
14504
14505
14515
14517
14517
14518
14519
14520
14520
14525
14526
14526
14528
14529
14535
14539
14540
14553
14554
14554
14558
14571
14573
14577
14578
14586
14588
14596
14601
14606
14607
14608
14612
14614
14614
14617
14618
14624
14626
14628
14628
14635
14636
14637
14643
14645
14659
14663
14666
14667
14671
14672
14675
14675
14679
14688
14689
14696
14696
14700
14705
14706
14709
14711
14712
14714
14715
14715
14721
14722
14725
14727
14728
14730
14733
14734
14737
14739
14745
14750
14755
14756
14765
14779
14784
14791
14805
14808
14810
14814
14821
14823
14825
14826
14827
14829
14830
14834
14834
14835
14837
14837
14839
14844
14848
14856
14865
14866
14869
14874
14880
14880
14880
14883
14884
14885
14885
14890
14900
14903
14912
14913
14917
14924
14926
14927
14930
14950
14955
14963
14969
14971
14971
14971
14979
14983
14984
14985
14987
14991
14996
14996
14997
15001
15007
15012
15013
15023
15029
15030
15032
15033
15036
15036
15042
15046
15052
15053
15056
15056
15060
15061
15070
15076
15077
15078
15080
15085
15085
15085
15089
15095
15095
15095
15097
15104
15107
15110
15117
15121
15123
15128
15133
15133
15137
15140
15142
15153
15157
15161
15163
15165
15168
15171
15171
15180
15185
15191
15193
15196
15206
15207
15208
15209
15211
15212
15213
15215
15216
15218
15219
15221
15224
15227
15231
15235
15237
15239
15240
15242
15247
15249
15254
15261
15264
15273
15276
15277
15278
15283
15288
15289
15289
15291
15296
15296
15297
15301
15303
15304
15311
15314
15314
15315
15317
15319
15322
15324
15328
15328
15329
15329
15329
15335
15338
15341
15345
15352
15353
15368
15369
15372
15376
15379
15380
15381
15382
15384
15387
15388
15392
15392
15394
15396
15397
15398
15399
15402
15403
15411
15428
15431
15431
15431
15440
15441
15445
15450
15450
15453
15455
15456
15459
15463
15481
15481
15483
15487
15488
15489
15489
15498
15501
15505
15507
15509
15512
15515
15523
15525
15528
15531
15535
15538
15542
15544
15546
15549
15552
15555
15562
15564
15569
15571
15583
15583
15584
15586
15595
15596
15597
15599
15600
15611
15613
15614
15615
15616
15617
15619
15622
15624
15626
15631
15636
15639
15642
15642
15647
15653
15655
15656
15656
15659
15660
15661
15666
15667
15667
15669
15669
15669
15671
15675
15679
15679
15681
15681
15684
15685
15687
15691
15698
15699
15700
15703
15709
15711
15713
15717
15719
15720
15733
15734
15735
15738
15744
15758
15759
15770
15774
15775
15778
15780
15785
15786
15787
15798
15798
15799
15802
15804
15806
15809
15813
15814
15820
15820
15820
15821
15821
15822
15826
15829
15829
15831
15834
15837
15837
15844
15847
15854
15856
15858
15864
15867
15872
15875
15876
15883
15887
15888
15889
15893
15893
15895
15898
15902
15912
15915
15919
15920
15922
15936
15941
15943
15944
15950
15956
15965
15966
15970
15972
15976
15978
15979
15980
15981
15984
15986
15998
15999
16000
16001
16003
16010
16010
16012
16019
16023
16033
16033
16033
16034
16035
16042
16046
16046
16046
16052
16061
16062
16063
16065
16067
16075
16078
16078
16079
16082
16084
16099
16111
16111
16116
16116
16122
16122
16124
16126
16126
16135
16135
16138
16141
16143
16150
16150
16151
16151
16160
16162
16167
16170
16175
16177
16183
16185
16190
16190
16194
16194
16196
16197
16201
16201
16204
16213
16214
16214
16219
16223
16224
16224
16224
16248
16252
16254
16256
16258
16260
16261
16264
16267
16273
16273
16274
16276
16276
16279
16279
16284
16287
16298
16301
16303
16305
16305
16307
16311
16312
16317
16322
16326
16328
16330
16333
16341
16346
16346
16348
16348
16349
16368
16371
16374
16374
16375
16376
16381
16383
16385
16388
16396
16398
16401
16402
16420
16421
16422
16425
16438
16438
16440
16443
16448
16454
16460
16461
16471
16473
16474
16478
16480
16483
16488
16489
16490
16497
16503
16505
16507
16513
16520
16524
16525
16529
16539
16540
16547
16549
16555
16556
16566
16567
16572
16573
16579
16583
16584
16587
16590
16591
16597
16598
16603
16604
16605
16622
16625
16625
16628
16630
16633
16635
16638
16639
16639
16640
16646
16648
16649
16651
16652
16652
16656
16658
16659
16661
16666
16666
16668
16670
16674
16678
16678
16682
16688
16689
16694
16698
16702
16702
16704
16705
16705
16706
16709
16710
16711
16714
16714
16721
16723
16726
16728
16732
16747
16750
16754
16756
16772
16776
16783
16786
16792
16796
16801
16803
16803
16805
16809
16809
16814
16818
16821
16821
16821
16823
16824
16825
16825
16828
16828
16832
16834
16835
16836
16839
16841
16844
16845
16846
16846
16850
16856
16872
16877
16887
16887
16890
16893
16898
16899
16901
16901
16906
16911
16913
16916
16918
16919
16921
16923
16926
16927
16931
16932
16937
16939
16942
16949
16949
16963
16964
16966
16970
16971
16974
16976
16978
16980
16980
16984
16985
16985
16986
16988
16993
16994
16997
16999
17010
17014
17015
17016
17016
17018
17019
17026
17026
17029
17032
17048
17049
17050
17053
17074
17078
17078
17087
17095
17099
17101
17102
17103
17103
17104
17113
17115
17117
17117
17122
17128
17128
17132
17132
17135
17142
17145
17146
17147
17147
17148
17150
17153
17169
17173
17180
17180
17180
17185
17189
17196
17201
17206
17211
17213
17216
17220
17222
17225
17226
17226
17227
17232
17232
17234
17235
17235
17238
17239
17240
17240
17245
17249
17251
17257
17258
17260
17267
17271
17281
17288
17291
17300
17301
17302
17305
17308
17320
17321
17322
17322
17322
17325
17326
17331
17338
17338
17340
17351
17357
17359
17362
17364
17365
17366
17369
17370
17373
17381
17396
17397
17400
17401
17405
17411
17412
17417
17428
17434
17435
17437
17441
17448
17451
17457
17457
17459
17459
17460
17460
17461
17461
17468
17470
17477
17477
17478
17481
17487
17489
17495
17498
17498
17499
17504
17505
17505
17505
17505
17506
17507
17515
17516
17519
17520
17528
17530
17535
17535
17535
17539
17542
17543
17543
17551
17559
17562
17562
17563
17564
17573
17578
17589
17600
17600
17607
17607
17608
17612
17614
17616
17618
17620
17624
17635
17635
17638
17641
17641
17642
17645
17647
17651
17660
17668
17673
17678
17680
17684
17686
17690
17690
17691
17697
17700
17703
17715
17718
17719
17722
17723
17726
17726
17732
17735
17740
17740
17743
17747
17750
17752
17760
17765
17767
17773
17780
17780
17782
17783
17785
17786
17790
17791
17795
17797
17798
17799
17800
17800
17811
17817
17821
17823
17828
17828
17830
17831
17840
17841
17842
17850
17852
17853
17860
17861
17867
17868
17877
17879
17881
17882
17884
17886
17887
17887
17887
17892
17898
17900
17912
17922
17923
17925
17926
17928
17929
17936
17938
17939
17943
17943
17948
17948
17948
17955
17956
17958
17964
17964
17967
17972
17979
17980
17981
17984
17985
17990
17990
17991
18004
18008
18009
18009
18013
18015
18017
18020
18020
18023
18023
18026
18037
18039
18041
18041
18045
18045
18054
18056
18056
18057
18061
18061
18062
18065
18068
18068
18070
18070
18073
18075
18075
18076
18080
18082
18087
18090
18091
18094
18095
18098
18102
18102
18106
18108
18108
18110
18112
18115
18123
18130
18131
18136
18139
18139
18140
18140
18141
18142
18147
18152
18158
18160
18165
18176
18180
18187
18189
18191
18191
18209
18210
18212
18213
18219
18223
18233
18233
18234
18235
18236
18237
18239
18241
18244
18244
18246
18247
18249
18252
18255
18255
18260
18263
18265
18269
18269
18272
18273
18275
18277
18280
18280
18282
18287
18288
18290
18306
18312
18314
18314
18318
18319
18325
18325
18327
18328
18332
18338
18346
18346
18352
18353
18366
18377
18378
18379
18381
18385
18385
18388
18399
18399
18401
18402
18415
18416
18419
18419
18425
18434
18440
18440
18443
18443
18444
18449
18454
18461
18463
18468
18468
18472
18475
18480
18481
18487
18489
18491
18492
18493
18496
18497
18502
18508
18510
18511
18511
18512
18513
18513
18514
18515
18518
18522
18526
18529
18533
18536
18537
18537
18538
18538
18540
18546
18551
18551
18554
18556
18557
18560
18563
18566
18567
18573
18579
18581
18581
18583
18584
18585
18589
18598
18600
18603
18604
18608
18609
18610
18610
18611
18611
18612
18616
18624
18627
18629
18630
18633
18637
18638
18643
18644
18645
18646
18648
18649
18650
18654
18656
18662
18667
18671
18672
18672
18675
18681
18682
18684
18685
18692
18692
18703
18709
18713
18716
18722
18726
18736
18744
18751
18758
18759
18762
18762
18765
18766
18766
18770
18772
18774
18781
18784
18789
18794
18796
18806
18807
18808
18811
18813
18814
18815
18817
18821
18828
18830
18830
18831
18837
18842
18846
18848
18852
18855
18858
18860
18862
18862
18869
18875
18876
18891
18893
18893
18896
18900
18901
18905
18907
18913
18918
18925
18927
18930
18931
18939
18940
18943
18945
18956
18959
18962
18965
18968
18970
18970
18972
18977
18980
18980
18988
18993
19006
19010
19011
19011
19013
19017
19017
19018
19018
19023
19024
19025
19031
19035
19035
19036
19037
19044
19056
19059
19073
19075
19077
19079
19089
19089
19090
19093
19094
19094
19097
19099
19103
19105
19107
19112
19115
19116
19124
19128
19132
19135
19136
19139
19140
19140
19150
19154
19160
19164
19166
19166
19173
19174
19176
19177
19181
19183
19188
19198
19205
19209
19211
19215
19222
19223
19225
19226
19240
19246
19246
19247
19249
19251
19256
19257
19261
19263
19271
19277
19278
19278
19282
19282
19282
19285
19293
19298
19299
19307
19309
19310
19310
19318
19318
19320
19326
19328
19330
19336
19342
19344
19347
19351
19359
19361
19371
19371
19372
19373
19382
19388
19412
19414
19415
19417
19417
19421
19426
19429
19429
19432
19432
19440
19442
19443
19446
19448
19450
19451
19451
19455
19462
19465
19468
19472
19476
19477
19477
19479
19481
19482
19491
19493
19494
19494
19499
19504
19505
19506
19506
19508
19515
19523
19525
19527
19531
19531
19534
19540
19541
19542
19544
19544
19545
19545
19546
19547
19549
19554
19556
19557
19560
19561
19563
19567
19569
19569
19579
19600
19608
19610
19610
19611
19615
19620
19626
19627
19627
19627
19635
19636
19640
19643
19646
19649
19652
19655
19656
19658
19660
19660
19665
19666
19671
19675
19678
19680
19684
19685
19686
19691
19691
19700
19700
19704
19705
19706
19711
19713
19714
19720
19723
19725
19727
19730
19733
19734
19734
19737
19738
19740
19743
19750
19754
19755
19757
19758
19761
19770
19771
19772
19773
19775
19778
19779
19781
19783
19785
19789
19790
19790
19790
19791
19800
19801
19812
19816
19816
19816
19818
19825
19825
19829
19838
19839
19839
19846
19853
19856
19865
19866
19867
19870
19871
19871
19872
19875
19876
19879
19880
19888
19894
19894
19896
19897
19900
19905
19907
19907
19909
19914
19924
19926
19926
19927
19934
19939
19942
19946
19948
19950
19951
19952
19957
19960
19961
19963
19964
19964
19971
19981
19981
19984
19984
19994
19995
19997
19999
20011
20011
20015
20023
20027
20030
20032
20033
20047
20048
20056
20059
20060
20070
20073
20074
20074
20074
20076
20080
20087
20090
20090
20094
20097
20101
20103
20106
20109
20117
20120
20120
20121
20121
20126
20126
20126
20127
20133
20137
20139
20139
20142
20145
20148
20152
20155
20160
20160
20166
20176
20178
20179
20184
20190
20191
20192
20196
20202
20203
20203
20213
20214
20217
20219
20220
20223
20231
20233
20236
20240
20242
20246
20248
20249
20255
20258
20270
20271
20275
20278
20281
20285
20285
20288
20288
20292
20297
20299
20301
20304
20312
20319
20322
20329
20338
20341
20343
20344
20347
20347
20351
20351
20353
20357
20360
20361
20362
20369
20369
20370
20372
20374
20380
20383
20388
20393
20393
20394
20395
20398
20400
20402
20405
20406
20408
20411
20414
20415
20419
20420
20426
20428
20430
20431
20432
20436
20439
20440
20441
20448
20453
20459
20459
20467
20468
20470
20471
20471
20483
20485
20496
20499
20503
20515
20526
20530
20531
20532
20533
20533
20542
20543
20544
20545
20548
20550
20553
20556
20558
20559
20563
20565
20568
20573
20579
20582
20582
20586
20591
20595
20599
20599
20599
20601
20604
20608
20611
20613
20613
20624
20625
20629
20638
20644
20645
20646
20646
20651
20651
20654
20655
20655
20656
20668
20675
20679
20686
20692
20693
20702
20709
20709
20712
20722
20723
20729
20729
20739
20739
20759
20761
20762
20767
20768
20768
20772
20777
20780
20783
20793
20798
20799
20799
20803
20808
20809
20810
20815
20817
20823
20836
20842
20843
20845
20847
20858
20859
20861
20869
20870
20872
20872
20876
20877
20881
20886
20889
20895
20900
20907
20911
20911
20913
20918
20922
20923
20929
20932
20933
20934
20934
20941
20943
20947
20950
20951
20952
20952
20959
20968
20970
20971
20973
20975
20988
20990
20991
20995
21003
21005
21006
21009
21019
21019
21023
21023
21024
21024
21025
21027
21029
21040
21043
21047
21047
21047
21050
21050
21052
21054
21059
21063
21072
21075
21087
21089
21092
21096
21098
21103
21108
21111
21113
21114
21115
21118
21122
21124
21129
21134
21137
21143
21144
21146
21153
21153
21154
21156
21158
21162
21163
21165
21169
21172
21175
21180
21187
21188
21191
21193
21199
21202
21209
21214
21216
21218
21220
21220
21224
21225
21227
21229
21230
21231
21235
21236
21237
21239
21241
21258
21259
21261
21264
21268
21270
21276
21278
21281
21284
21287
21289
21293
21304
21312
21316
21324
21324
21329
21333
21335
21341
21349
21350
21359
21360
21363
21364
21367
21368
21373
21376
21377
21379
21382
21382
21382
21383
21400
21403
21413
21417
21421
21421
21427
21428
21429
21435
21437
21438
21439
21448
21449
21450
21450
21451
21456
21459
21460
21465
21474
21476
21482
21484
21484
21487
21487
21489
21490
21505
21508
21509
21510
21515
21526
21526
21527
21529
21531
21532
21542
21543
21544
21546
21550
21557
21558
21570
21582
21583
21590
21591
21595
21598
21601
21602
21603
21604
21605
21609
21613
21618
21628
21632
21634
21635
21639
21644
21645
21645
21650
21654
21654
21672
21673
21675
21677
21679
21684
21684
21685
21689
21689
21689
21690
21692
21692
21694
21708
21709
21715
21717
21718
21724
21727
21731
21731
21731
21732
21734
21734
21735
21736
21739
21739
21743
21743
21749
21750
21757
21758
21762
21762
21763
21765
21776
21778
21783
21784
21793
21794
21803
21808
21811
21812
21813
21813
21813
21819
21823
21829
21831
21831
21837
21842
21845
21850
21859
21860
21875
21882
21886
21888
21894
21896
21899
21904
21906
21909
21910
21912
21913
21915
21918
21919
21919
21921
21925
21926
21928
21928
21930
21931
21933
21934
21938
21941
21942
21944
21948
21957
21957
21958
21959
21961
21967
21982
21986
21994
22007
22011
22012
22042
22047
22048
22049
22054
22061
22066
22066
22069
22079
22083
22085
22085
22086
22097
22098
22099
22103
22116
22117
22117
22118
22122
22123
22126
22129
22132
22136
22136
22141
22142
22154
22158
22163
22166
22175
22176
22178
22178
22183
22185
22187
22189
22189
22195
22198
22199
22200
22202
22218
22227
22227
22227
22228
22242
22246
22248
22257
22260
22264
22264
22266
22268
22271
22272
22273
22276
22276
22281
22281
22291
22293
22300
22310
22311
22316
22318
22319
22321
22327
22329
22339
22339
22353
22353
22355
22356
22358
22359
22363
22366
22366
22371
22372
22375
22375
22376
22379
22380
22381
22381
22382
22385
22388
22392
22397
22401
22408
22409
22409
22411
22412
22416
22416
22417
22426
22433
22438
22441
22449
22451
22453
22454
22455
22459
22465
22468
22468
22469
22475
22475
22475
22477
22477
22479
22480
22481
22490
22497
22499
22499
22503
22508
22512
22514
22516
22521
22521
22526
22528
22535
22536
22543
22551
22557
22562
22569
22582
22583
22585
22587
22589
22598
22600
22601
22601
22606
22606
22609
22609
22611
22622
22623
22629
22630
22634
22643
22644
22645
22645
22645
22646
22649
22653
22654
22656
22658
22659
22661
22671
22672
22674
22675
22678
22682
22683
22698
22698
22701
22703
22709
22716
22717
22718
22719
22720
22722
22722
22728
22733
22735
22738
22742
22742
22753
22756
22759
22760
22762
22763
22764
22767
22770
22772
22786
22787
22793
22797
22799
22809
22810
22814
22816
22822
22830
22834
22838
22838
22843
22847
22849
22855
22858
22858
22861
22862
22863
22866
22868
22873
22887
22887
22889
22889
22891
22894
22896
22897
22903
22904
22908
22911
22912
22914
22917
22924
22934
22941
22947
22948
22950
22951
22953
22954
22961
22964
22969
22970
22976
22977
22978
22979
22982
22984
22992
22997
22998
23003
23003
23003
23008
23009
23010
23012
23021
23022
23023
23043
23045
23050
23050
23052
23052
23067
23068
23069
23071
23096
23096
23097
23099
23102
23103
23103
23105
23109
23111
23114
23114
23116
23125
23129
23130
23133
23134
23135
23138
23140
23140
23160
23161
23178
23178
23179
23183
23186
23187
23189
23193
23194
23194
23201
23202
23204
23208
23210
23211
23212
23212
23220
23225
23232
23236
23240
23243
23248
23249
23258
23261
23262
23264
23266
23270
23272
23273
23274
23276
23276
23280
23286
23287
23288
23294
23294
23296
23298
23298
23298
23298
23301
23308
23310
23312
23321
23334
23335
23337
23337
23338
23341
23346
23349
23353
23355
23362
23370
23370
23371
23378
23380
23385
23386
23387
23387
23390
23401
23402
23410
23411
23418
23419
23426
23429
23429
23430
23433
23434
23436
23441
23445
23447
23447
23450
23450
23451
23451
23457
23461
23463
23464
23468
23469
23469
23476
23488
23489
23498
23499
23499
23500
23508
23512
23514
23516
23517
23520
23521
23524
23530
23530
23531
23537
23538
23539
23545
23546
23546
23549
23553
23554
23554
23556
23564
23566
23566
23571
23573
23578
23582
23584
23585
23588
23594
23595
23595
23598
23605
23608
23612
23612
23612
23613
23616
23617
23622
23625
23630
23631
23632
23636
23637
23640
23644
23649
23650
23652
23658
23659
23664
23664
23676
23676
23678
23681
23685
23686
23700
23702
23705
23711
23715
23716
23719
23745
23749
23758
23758
23763
23772
23775
23777
23778
23779
23785
23791
23792
23800
23801
23815
23822
23823
23833
23834
23836
23838
23841
23841
23841
23844
23845
23848
23850
23853
23856
23858
23866
23878
23882
23883
23884
23886
23888
23891
23900
23901
23901
23904
23908
23909
23910
23921
23921
23922
23925
23929
23930
23936
23938
23947
23952
23952
23953
23954
23954
23957
23958
23962
23962
23962
23971
23974
23976
23976
23981
23983
23984
23993
23995
23998
24006
24006
24016
24021
24023
24033
24041
24041
24059
24060
24060
24062
24064
24067
24074
24074
24076
24077
24078
24082
24082
24083
24087
24088
24091
24094
24096
24097
24100
24101
24106
24108
24111
24113
24113
24114
24115
24119
24120
24126
24129
24131
24132
24132
24138
24140
24141
24142
24145
24152
24153
24153
24155
24156
24160
24162
24165
24167
24167
24169
24169
24173
24173
24173
24175
24182
24183
24190
24191
24192
24198
24202
24203
24204
24212
24212
24217
24220
24229
24230
24242
24243
24252
24257
24258
24258
24262
24263
24265
24269
24270
24273
24273
24277
24278
24280
24283
24283
24284
24285
24286
24289
24290
24291
24293
24295
24298
24299
24301
24302
24311
24313
24315
24321
24324
24331
24334
24335
24338
24342
24344
24344
24347
24351
24352
24360
24361
24370
24372
24374
24381
24381
24383
24387
24390
24401
24404
24404
24405
24409
24409
24409
24410
24410
24411
24412
24415
24416
24419
24419
24422
24424
24424
24425
24426
24426
24428
24428
24433
24434
24434
24435
24437
24441
24445
24449
24450
24451
24453
24454
24458
24469
24481
24487
24489
24492
24496
24497
24498
24507
24508
24510
24511
24515
24516
24520
24520
24522
24524
24532
24534
24536
24539
24541
24541
24545
24545
24547
24547
24555
24563
24565
24566
24567
24567
24572
24576
24579
24579
24580
24583
24590
24591
24598
24599
24602
24609
24611
24611
24614
24617
24617
24622
24622
24624
24629
24630
24631
24633
24633
24639
24641
24643
24646
24650
24650
24657
24661
24664
24671
24672
24680
24698
24703
24709
24711
24713
24717
24720
24724
24725
24725
24726
24726
24729
24735
24742
24743
24754
24755
24755
24756
24761
24761
24771
24773
24777
24780
24783
24786
24788
24799
24800
24803
24807
24812
24823
24825
24828
24831
24841
24846
24850
24851
24852
24854
24856
24859
24859
24865
24871
24879
24887
24887
24891
24892
24895
24897
24899
24900
24904
24911
24913
24914
24917
24918
24921
24938
24939
24945
24950
24951
24951
24955
24955
24956
24964
24968
24971
24975
24979
24983
24988
24988
24999
25005
25005
25006
25006
25008
25015
25015
25018
25026
25027
25031
25033
25035
25040
25040
25041
25049
25050
25051
25053
25053
25055
25062
25065
25071
25072
25074
25087
25092
25097
25101
25102
25107
25109
25109
25113
25117
25124
25125
25126
25131
25134
25135
25142
25147
25161
25167
25168
25168
25183
25187
25188
25195
25204
25211
25215
25216
25217
25226
25226
25230
25231
25235
25235
25239
25244
25249
25253
25254
25257
25259
25266
25266
25268
25273
25277
25285
25289
25290
25290
25292
25292
25292
25294
25294
25294
25298
25299
25301
25307
25311
25312
25317
25319
25320
25323
25324
25324
25328
25329
25334
25336
25339
25345
25349
25350
25352
25364
25368
25368
25375
25378
25383
25385
25388
25389
25390
25396
25397
25398
25399
25400
25402
25403
25404
25408
25410
25412
25412
25418
25418
25421
25424
25426
25432
25434
25436
25438
25440
25445
25449
25458
25463
25463
25470
25474
25479
25487
25488
25489
25490
25498
25505
25506
25507
25513
25519
25529
25537
25544
25544
25544
25550
25555
25562
25566
25569
25576
25577
25578
25578
25578
25579
25580
25582
25584
25588
25595
25597
25601
25608
25609
25611
25611
25614
25618
25625
25631
25634
25634
25635
25641
25642
25646
25647
25647
25651
25656
25657
25659
25660
25660
25663
25665
25666
25671
25679
25682
25684
25685
25695
25695
25699
25702
25705
25707
25707
25710
25713
25720
25721
25721
25722
25722
25727
25729
25731
25731
25733
25735
25735
25739
25749
25751
25752
25763
25766
25772
25773
25777
25787
25794
25795
25796
25798
25800
25804
25804
25812
25812
25812
25813
25815
25816
25820
25822
25825
25826
25832
25834
25842
25844
25845
25847
25847
25853
25861
25867
25868
25869
25869
25872
25881
25882
25883
25886
25886
25892
25898
25899
25907
25910
25917
25926
25926
25930
25936
25938
25941
25941
25943
25947
25949
25950
25957
25959
25960
25965
25966
25967
25971
25971
25975
25976
25978
25980
25980
25981
25981
25982
25986
25988
25991
25997
26002
26004
26008
26011
26013
26015
26017
26019
26019
26026
26043
26044
26047
26049
26051
26051
26056
26058
26060
26064
26065
26067
26070
26084
26085
26092
26094
26103
26105
26105
26108
26108
26117
26120
26124
26132
26136
26149
26152
26154
26157
26158
26160
26162
26163
26173
26178
26179
26179
26180
26182
26183
26184
26187
26187
26190
26192
26193
26195
26197
26200
26201
26201
26206
26211
26214
26215
26221
26230
26233
26235
26236
26243
26247
26253
26262
26265
26266
26271
26279
26279
26281
26285
26287
26288
26295
26298
26301
26302
26304
26308
26311
26319
26324
26324
26326
26328
26328
26329
26336
26338
26343
26345
26347
26355
26361
26368
26371
26373
26375
26382
26384
26399
26401
26404
26404
26406
26407
26408
26411
26414
26426
26427
26430
26433
26434
26436
26437
26437
26438
26441
26443
26443
26448
26448
26452
26459
26466
26466
26469
26472
26477
26490
26493
26496
26498
26498
26501
26502
26502
26504
26508
26513
26513
26521
26521
26525
26531
26536
26536
26540
26541
26547
26550
26554
26559
26567
26573
26580
26583
26588
26591
26599
26599
26600
26611
26611
26614
26620
26622
26625
26639
26640
26640
26641
26641
26644
26650
26652
26653
26654
26657
26658
26664
26664
26666
26666
26667
26670
26673
26676
26691
26696
26700
26700
26701
26701
26704
26705
26708
26712
26715
26717
26718
26719
26722
26725
26727
26737
26738
26740
26748
26753
26753
26754
26763
26770
26773
26787
26791
26796
26804
26814
26815
26826
26828
26829
26832
26834
26834
26834
26837
26841
26843
26848
26853
26854
26856
26859
26866
26870
26873
26877
26877
26878
26879
26882
26887
26888
26890
26892
26894
26895
26895
26899
26901
26902
26903
26904
26904
26916
26920
26927
26927
26930
26934
26935
26943
26951
26957
26959
26960
26961
26963
26965
26967
26970
26971
26971
26972
26975
26980
26984
26986
26995
26999
27000
27002
27005
27009
27010
27010
27012
27018
27022
27026
27033
27039
27039
27043
27048
27049
27060
27070
27072
27073
27075
27078
27079
27081
27083
27085
27092
27092
27094
27099
27103
27105
27111
27116
27130
27143
27151
27158
27161
27165
27166
27168
27168
27180
27182
27185
27188
27188
27189
27203
27204
27205
27205
27210
27211
27211
27212
27213
27214
27217
27222
27225
27227
27230
27237
27245
27247
27249
27249
27255
27260
27263
27269
27269
27273
27274
27276
27277
27277
27278
27279
27282
27284
27287
27293
27304
27307
27310
27311
27313
27320
27324
27327
27340
27342
27344
27344
27345
27345
27350
27353
27359
27360
27363
27365
27374
27375
27378
27380
27384
27389
27390
27391
27391
27411
27415
27418
27425
27426
27426
27426
27432
27434
27436
27439
27441
27442
27443
27443
27443
27444
27445
27445
27449
27453
27454
27457
27459
27462
27463
27463
27470
27473
27473
27476
27482
27484
27492
27495
27497
27510
27514
27516
27516
27519
27522
27523
27523
27525
27526
27528
27532
27539
27556
27557
27558
27566
27568
27571
27572
27572
27574
27578
27580
27581
27584
27585
27590
27591
27595
27596
27599
27602
27604
27615
27615
27617
27621
27627
27635
27640
27642
27644
27651
27651
27660
27662
27663
27663
27665
27665
27682
27685
27688
27691
27693
27694
27696
27699
27700
27704
27704
27708
27711
27715
27718
27719
27726
27731
27732
27740
27740
27740
27746
27753
27759
27760
27764
27770
27773
27775
27776
27779
27781
27784
27790
27790
27791
27792
27798
27802
27802
27804
27806
27814
27818
27823
27824
27833
27836
27836
27837
27843
27846
27849
27851
27851
27854
27855
27857
27857
27859
27865
27867
27870
27871
27873
27875
27875
27891
27893
27894
27899
27900
27902
27903
27912
27914
27916
27920
27921
27924
27925
27926
27927
27928
27935
27936
27936
27938
27938
27938
27939
27941
27942
27945
27949
27949
27952
27953
27958
27962
27964
27964
27972
27975
27975
27975
27976
27976
27977
27979
27983
27987
27991
27995
27997
27998
28001
28002
28006
28009
28010
28016
28018
28019
28024
28026
28028
28029
28032
28033
28033
28039
28040
28040
28041
28043
28046
28048
28049
28050
28052
28057
28057
28057
28058
28068
28076
28082
28084
28084
28085
28086
28092
28093
28093
28093
28098
28104
28106
28107
28109
28112
28113
28122
28132
28135
28136
28142
28153
28154
28160
28164
28167
28169
28183
28183
28184
28189
28192
28194
28209
28215
28216
28216
28219
28223
28226
28226
28228
28230
28232
28232
28233
28234
28235
28238
28238
28242
28244
28247
28247
28250
28254
28257
28262
28264
28269
28278
28278
28283
28287
28293
28294
28298
28299
28312
28312
28312
28315
28316
28317
28321
28323
28325
28328
28334
28335
28336
28338
28340
28341
28352
28355
28357
28357
28359
28360
28361
28363
28363
28366
28369
28369
28372
28372
28373
28378
28389
28390
28391
28397
28399
28403
28406
28410
28410
28411
28417
28420
28423
28424
28425
28425
28425
28427
28429
28429
28431
28432
28437
28448
28451
28455
28461
28463
28466
28469
28469
28470
28475
28480
28481
28484
28486
28491
28492
28495
28497
28508
28509
28517
28521
28523
28526
28527
28532
28533
28536
28544
28551
28551
28552
28553
28554
28555
28560
28564
28566
28567
28568
28568
28574
28581
28586
28586
28591
28593
28597
28601
28607
28607
28607
28610
28617
28624
28625
28627
28627
28632
28633
28634
28638
28642
28646
28648
28658
28661
28663
28665
28665
28666
28673
28674
28676
28679
28683
28685
28687
28697
28699
28699
28701
28704
28705
28705
28707
28710
28710
28710
28715
28720
28722
28724
28727
28729
28733
28733
28735
28738
28740
28755
28761
28761
28761
28762
28768
28768
28781
28782
28783
28783
28783
28783
28788
28792
28792
28795
28798
28806
28806
28811
28820
28821
28821
28825
28825
28825
28826
28833
28837
28837
28845
28845
28850
28851
28851
28852
28856
28858
28858
28859
28861
28871
28876
28876
28880
28884
28891
28891
28892
28903
28904
28905
28908
28908
28909
28909
28910
28912
28913
28914
28914
28915
28918
28918
28922
28926
28927
28928
28934
28934
28934
28942
28946
28948
28949
28949
28951
28952
28953
28957
28960
28970
28970
28971
28976
28977
28978
28980
28980
28984
28984
28991
28992
28992
28999
29001
29006
29013
29013
29017
29019
29020
29021
29022
29026
29027
29035
29042
29046
29046
29048
29051
29053
29054
29056
29065
29072
29072
29074
29077
29083
29085
29086
29095
29097
29113
29116
29117
29132
29134
29138
29139
29148
29153
29160
29162
29166
29170
29184
29185
29188
29189
29191
29191
29197
29200
29202
29203
29203
29206
29215
29218
29218
29222
29223
29230
29237
29237
29237
29239
29239
29240
29246
29250
29252
29255
29257
29266
29268
29271
29273
29280
29289
29292
29295
29295
29296
29302
29302
29304
29305
29310
29317
29317
29318
29323
29325
29330
29331
29334
29334
29335
29343
29356
29359
29360
29363
29367
29367
29372
29382
29382
29388
29390
29398
29399
29399
29408
29409
29420
29430
29433
29439
29440
29446
29454
29461
29469
29469
29470
29472
29477
29481
29481
29482
29483
29486
29494
29494
29496
29497
29497
29508
29514
29517
29521
29525
29527
29531
29531
29533
29540
29542
29553
29555
29558
29564
29565
29567
29572
29573
29582
29585
29586
29598
29600
29605
29610
29612
29613
29614
29621
29626
29627
29628
29629
29631
29639
29642
29644
29645
29646
29647
29648
29648
29653
29654
29657
29658
29659
29660
29661
29663
29663
29665
29665
29667
29668
29671
29676
29678
29680
29691
29697
29711
29713
29714
29716
29718
29720
29720
29721
29722
29724
29724
29725
29727
29729
29732
29742
29746
29747
29756
29758
29759
29766
29768
29768
29770
29772
29773
29776
29778
29787
29788
29789
29791
29793
29796
29800
29803
29804
29808
29812
29812
29815
29819
29823
29824
29829
29829
29835
29835
29838
29841
29848
29850
29851
29852
29856
29862
29863
29864
29867
29868
29874
29892
29904
29904
29905
29908
29910
29910
29918
29922
29927
29929
29932
29933
29934
29934
29935
29952
29954
29956
29967
29967
29970
29971
29983
29983
29984
29985
29986
29988
29988
29993
29997
30000
30006
30009
30010
30012
30019
30026
30027
30029
30032
30040
30040
30044
30051
30054
30062
30069
30075
30076
30076
30076
30078
30085
30087
30092
30095
30107
30109
30112
30122
30123
30124
30125
30136
30140
30145
30151
30152
30158
30162
30173
30174
30189
30190
30192
30192
30192
30195
30196
30197
30206
30213
30224
30227
30233
30238
30243
30246
30246
30248
30249
30251
30252
30254
30256
30261
30261
30264
30264
30272
30275
30275
30282
30283
30288
30289
30290
30291
30292
30292
30301
30301
30308
30309
30310
30314
30319
30319
30323
30329
30330
30345
30347
30350
30351
30355
30358
30359
30360
30363
30371
30375
30380
30382
30382
30382
30386
30387
30389
30396
30399
30401
30409
30416
30417
30418
30418
30420
30420
30423
30427
30430
30430
30430
30437
30439
30439
30441
30441
30446
30458
30459
30462
30464
30467
30468
30468
30468
30477
30480
30487
30493
30493
30495
30497
30503
30508
30518
30522
30523
30525
30531
30532
30532
30535
30535
30538
30538
30540
30543
30543
30545
30555
30555
30557
30558
30561
30566
30567
30578
30583
30583
30585
30587
30590
30595
30600
30601
30605
30608
30618
30621
30623
30626
30626
30628
30633
30633
30636
30640
30642
30642
30643
30644
30644
30646
30650
30652
30654
30655
30664
30672
30672
30679
30684
30684
30687
30689
30690
30694
30702
30704
30707
30708
30719
30723
30724
30725
30727
30738
30739
30741
30743
30744
30746
30747
30752
30756
30756
30758
30763
30763
30775
30777
30778
30780
30782
30787
30788
30790
30795
30795
30796
30798
30803
30803
30809
30812
30816
30818
30823
30828
30828
30835
30839
30843
30844
30852
30854
30855
30857
30857
30861
30862
30863
30864
30869
30875
30876
30876
30876
30878
30881
30883
30884
30888
30888
30891
30895
30895
30897
30903
30905
30922
30925
30935
30937
30938
30941
30947
30947
30953
30955
30959
30960
30961
30966
30974
30975
30975
30985
30986
30987
30989
30993
30995
30995
30995
31000
31000
31003
31004
31007
31008
31009
31012
31017
31021
31023
31026
31027
31031
31034
31039
31040
31043
31045
31046
31051
31053
31057
31062
31067
31070
31076
31082
31084
31086
31088
31096
31101
31102
31106
31111
31113
31116
31123
31123
31125
31125
31143
31145
31148
31149
31155
31160
31160
31164
31173
31174
31174
31175
31180
31181
31182
31191
31191
31193
31196
31198
31203
31204
31205
31207
31207
31217
31218
31227
31227
31229
31230
31231
31233
31239
31239
31243
31250
31254
31263
31266
31271
31272
31279
31279
31283
31286
31288
31290
31293
31293
31303
31304
31306
31307
31313
31323
31327
31328
31331
31332
31333
31335
31339
31340
31345
31347
31348
31349
31350
31351
31353
31358
31365
31371
31372
31379
31385
31395
31398
31401
31404
31407
31408
31412
31414
31416
31417
31417
31422
31425
31427
31428
31431
31433
31434
31434
31435
31440
31443
31448
31461
31462
31466
31466
31469
31474
31475
31477
31481
31486
31489
31492
31496
31496
31500
31503
31504
31515
31517
31517
31536
31540
31550
31550
31556
31557
31557
31560
31561
31564
31566
31567
31582
31583
31585
31587
31587
31589
31591
31593
31595
31596
31598
31599
31603
31604
31606
31615
31621
31627
31636
31647
31651
31652
31653
31658
31662
31665
31666
31675
31682
31685
31686
31695
31698
31702
31704
31704
31705
31710
31720
31722
31726
31727
31731
31736
31738
31745
31752
31752
31757
31766
31768
31768
31772
31777
31779
31781
31788
31788
31789
31793
31799
31801
31803
31808
31810
31813
31820
31821
31822
31823
31824
31824
31830
31831
31832
31835
31840
31841
31846
31848
31850
31852
31855
31855
31862
31876
31880
31883
31884
31891
31891
31898
31902
31906
31915
31918
31919
31921
31922
31922
31922
31926
31928
31932
31937
31946
31949
31953
31957
31958
31958
31960
31962
31962
31964
31967
31968
31969
31981
31985
31986
31988
31989
31992
31997
31999
32000
32011
32015
32018
32019
32021
32034
32035
32038
32040
32042
32048
32050
32074
32078
32080
32081
32084
32085
32085
32085
32090
32093
32095
32096
32097
32097
32104
32110
32116
32116
32129
32137
32145
32146
32150
32156
32156
32158
32170
32173
32179
32179
32185
32188
32192
32195
32195
32199
32203
32204
32204
32206
32214
32215
32215
32216
32217
32218
32219
32223
32224
32226
32227
32229
32233
32236
32249
32249
32254
32257
32260
32263
32266
32276
32293
32302
32303
32307
32313
32316
32320
32331
32332
32334
32334
32336
32338
32339
32341
32345
32345
32350
32355
32358
32360
32363
32368
32369
32372
32374
32386
32388
32396
32401
32403
32405
32407
32407
32408
32414
32421
32422
32422
32423
32426
32431
32432
32439
32439
32442
32443
32446
32450
32454
32465
32470
32473
32488
32489
32502
32507
32509
32509
32510
32511
32516
32517
32522
32522
32524
32529
32529
32531
32534
32535
32535
32536
32536
32538
32538
32540
32546
32549
32550
32552
32557
32557
32558
32559
32576
32579
32580
32582
32582
32597
32598
32600
32602
32604
32604
32605
32605
32616
32619
32623
32624
32644
32651
32656
32656
32656
32658
32663
32664
32666
32674
32681
32687
32691
32698
32701
32701
32704
32712
32714
32716
32720
32723
32729
32729
32733
32735
32735
32740
32741
32742
32742
32750
32752
32754
32759
32765
32767
