32611
32581
32457
31948
31695
31603
31511
31446
30038
29551
28418
28408
28338
28161
27990
27758
27704
27145
25439
24063
23822
23779
23591
23577
23220
23074
22419
22334
22178
22101
21869
21570
20323
20225
20153
20001
19731
19651
19174
19161
18317
16853
16511
16063
15869
15860
15803
15737
15361
15045
14736
14556
13811
13287
13029
12701
11184
11138
11026
10983
10729
10724
10670
10490
10374
10114
9954
9739
8618
8516
8118
8046
7765
7517
7478
7273
6870
6823
6662
6634
6298
5644
5373
4913
4474
4301
4200
3847
3819
3686
3529
3194
1637
1419
1103
1079
750
749
714
