32194
32137
32056
31558
30684
30328
29859
29809
29495
29272
28694
27894
27501
27425
26578
26544
26390
26115
25735
25063
24947
24871
24667
24383
24311
24134
23834
23745
23648
23361
23021
22221
21969
21718
21405
20820
20461
20016
19963
19785
19550
19374
18726
18722
18309
17684
17515
17159
15941
15829
15739
15606
14938
14081
14010
13493
13040
12738
12381
12223
12095
12089
12032
11967
11881
11217
11123
10401
10059
9668
9213
8881
8766
8321
8130
8082
6842
6493
5913
4273
4119
3963
3593
3276
2732
2713
2689
2060
1918
1846
1628
1572
1313
1280
1251
974
698
600
329
