84
104
187
963
1319
1553
2050
2129
2138
2306
3779
3803
3950
4044
4169
4261
4493
4688
4839
5394
5594
6069
6496
7362
7668
8258
8613
9532
9822
9837
10162
11604
11896
12143
13364
13506
13523
13744
13899
13974
15413
15964
16474
16872
17163
17372
17430
17670
17725
18550
18873
18893
19603
19738
20288
22020
22124
22308
22325
22352
22760
22907
23044
23153
23248
23305
23430
23576
23667
23729
24420
26253
26700
27531
27587
27747
27764
27819
27827
27905
27938
28023
28114
28215
28515
28567
29162
29201
30094
30114
30883
31197
31690
31881
31899
31970
32285
32584
32703
