7162
17718
13010
7858
31858
12801
7730
7390
5881
30874
21446
3804
18151
30800
12867
2744
26821
25748
25807
23400
8510
17984
6239
16641
6119
17835
10961
1947
8623
2413
12232
8453
5924
13811
26443
11561
21099
22977
541
7486
4348
21130
20442
23984
13601
30450
13014
13007
9006
4381
30133
13369
13950
30207
24266
4872
2609
17763
7472
5820
4519
7864
27562
31975
15547
22174
1340
10139
9152
31028
18310
18067
30524
9504
7907
26404
12135
2907
6213
5858
14177
8130
13518
1297
4151
18012
23343
20178
10132
2412
705
25098
24135
9270
29797
8977
31352
28306
15644
16671
426
30002
11877
25975
13936
19122
2138
10577
13807
23908
10633
32392
28951
24025
24723
30472
32160
560
15239
5877
31430
12830
28924
7580
1477
26561
16112
28954
31252
20772
23396
6350
31073
32401
21171
29312
30543
10650
28598
3662
17650
24806
2458
23898
22534
9404
21372
7989
18931
16465
2505
14858
19073
27601
6488
27018
603
815
7236
28827
8517
23981
18571
14784
5149
4651
11368
4679
7827
13359
21616
27700
21671
21944
14190
21232
12263
22978
1024
32433
15462
25497
11246
12969
6523
28382
18765
20974
19007
23642
14680
22316
4548
32646
2313
6924
22293
30934
3963
5475
19698
26825
20991
1307
22856
18354
3584
10978
30834
28227
1175
660
6194
6878
25581
10089
9838
32668
27220
20190
20394
9497
7972
1636
10569
11782
15703
8139
17283
18284
11236
30829
24357
20929
8156
1818
17164
3756
17477
23751
27999
24472
953
1013
7311
24826
20414
27363
27664
28259
484
17523
212
23365
12961
3037
396
27781
8685
5909
22174
24260
3484
25597
28133
1389
4478
3147
32299
20095
27959
3128
1638
14104
19424
18414
1206
31941
26970
31662
8474
6027
12662
708
18422
18612
13511
8492
28741
19035
3905
15362
2462
27575
7322
11434
19944
9767
5725
6851
29404
30465
30670
2253
30527
2586
17281
32660
2013
277
1721
1124
14404
25452
13953
17899
2886
832
17036
11244
1836
25312
31182
13737
20922
26395
7382
21262
4071
25158
14834
9373
1369
17420
12033
19997
12194
31224
27926
18434
22845
19652
22994
23451
24647
18015
27262
13822
11517
27840
21739
15795
5113
23917
29193
5923
8236
5578
11850
958
154
29730
9140
2031
5592
15735
14792
961
23367
13322
26391
10830
10254
2728
28829
1003
985
16571
17124
26389
2899
13068
16601
5146
8292
27993
9325
24455
25130
2203
19691
5973
10425
8723
5916
3794
147
14106
6940
32081
25062
29094
27642
7057
8072
12699
13587
11246
18867
24280
20779
22858
128
20476
14160
6329
29220
20988
22895
31214
238
7270
20659
4713
19708
15986
29601
28510
7616
20685
12789
14948
26422
30757
21050
31970
26339
1141
27947
11834
5260
14606
17100
30898
25276
2409
17736
24871
2803
22190
30089
15728
25006
31235
28057
9619
28187
10134
13500
19370
16793
30313
14665
26259
19185
6368
3148
7003
8534
4620
15069
4456
798
29621
24895
7528
1086
28969
21432
12029
10376
21191
31027
27941
26019
5706
13206
11627
18638
18391
29156
12751
15444
24517
18450
22902
10446
12590
10411
12306
28187
13625
7203
2063
28704
16165
4602
2947
13120
25878
10136
28626
17562
10656
227
14372
27141
12820
3745
12936
21965
5517
24209
7141
23082
4281
20808
5797
22660
10855
20940
24607
26729
5333
27378
28872
29258
22455
22136
29466
14841
3847
25057
15680
5347
19088
17684
14726
18445
23096
18099
27011
18895
4880
19004
28675
25427
22813
9186
19895
28109
31204
20009
15516
10103
9143
23876
22059
23636
1474
19502
28741
24224
25812
32650
23773
2841
12526
6716
30819
21745
26510
32707
13044
5518
20152
8285
66
7175
21705
27353
23109
14431
8443
58
17055
15999
8375
1296
28368
15605
7582
11414
2846
25455
10326
22924
16449
21749
25621
28883
26578
25066
32494
14794
7026
26048
25310
26731
2746
17534
27541
11556
17382
17395
11526
26230
23360
15544
5805
20559
7502
24295
32675
19752
14267
1692
26467
9438
1286
23600
30554
21841
26348
15408
4400
20671
23446
8991
30169
17886
14723
6384
20826
19899
15923
22594
14172
6997
23449
11609
23666
2296
28734
18656
6186
8027
22069
609
31701
29305
29890
18048
2582
28719
16585
11515
23341
31898
22520
29281
14849
30766
8884
20885
1519
2967
10436
30978
25941
21840
1216
6043
5340
21764
8759
15770
24457
12455
12963
3316
2947
12116
1294
30110
18338
1509
11392
31106
26044
20820
8495
13376
28078
23253
18534
8869
21804
431
3889
26092
26697
26334
973
32439
11973
13930
6611
15307
23066
10885
1310
22670
2117
9319
22401
1858
26453
30442
19754
25343
1461
16101
29652
1394
23352
25928
6320
15448
22249
9980
10513
6840
32144
15992
29146
25059
25860
2851
27048
32300
6196
21100
29118
4968
12275
30379
14772
21796
11399
16310
12767
9897
23536
4419
14463
16048
22776
11009
28075
19173
28415
20085
23037
20254
28291
26261
21501
15448
15986
3366
20558
31606
13871
2517
2203
26552
3174
10007
9535
29948
26256
30914
21943
32184
21829
28776
968
29875
18757
23416
3439
30342
19780
10002
12685
30422
4217
1453
6991
1358
3557
21099
14431
26207
23652
20023
17868
31671
29557
4772
16313
14466
28872
22149
8137
7523
10892
24652
5702
30769
6775
16931
10772
25458
28050
15308
27480
16792
17610
24121
9447
12285
29239
19691
14449
11680
16169
14603
4458
29085
1783
29257
23228
11630
12936
10616
25390
14052
24734
16614
23698
21987
18150
18045
25009
12768
6080
29595
28407
6940
30926
20145
14814
11165
22078
19101
4892
31729
7896
32712
16268
26530
13511
23295
29661
7544
7975
24082
24317
30577
18514
20015
28483
22145
21738
27644
15967
32266
24486
4470
20482
11033
9693
20876
3916
25446
28884
30074
14074
14346
18376
29670
4172
30718
14010
15805
13495
3671
13821
31948
15951
2116
32384
8222
4850
32451
22236
21016
13878
24614
9500
13397
19984
21833
20816
32066
17993
16016
17616
21369
16033
1187
4689
734
12224
14569
4777
26492
29408
16837
610
10781
6204
3731
27648
10923
14391
3937
27410
13385
11085
27757
5115
22321
21690
14691
3198
1100
27628
8275
8459
18067
28841
16500
25291
13864
13824
15515
6765
307
12273
13689
7086
9853
28636
11159
17835
15823
31658
1299
15334
27144
27581
13080
9242
20737
31640
13086
29887
13601
31054
26599
8283
3263
16300
1588
10639
13114
10022
4427
27613
4058
6530
9002
9530
20069
13382
31880
3159
1409
9698
6288
32687
26317
12702
16477
6481
21693
1602
23092
13163
31289
21383
28803
10650
16373
19008
11421
25331
15247
29512
16691
28881
29802
2346
146
20061
6733
16531
6814
3294
2490
11128
16018
30918
14863
8967
7285
888
29023
25679
603
32218
23053
19374
4449
28575
22062
23294
18022
5969
11420
30334
21130
24353
27610
1154
32615
21102
7851
23515
6930
24599
11889
11524
10192
30081
3910
21009
19352
15975
4572
12632
15181
5477
30485
7900
7607
28994
8545
26749
8774
23296
32731
30946
18311
14501
3875
15650
3426
30919
3065
14645
3866
27354
13214
30493
16641
20538
11755
15572
19966
29175
32046
13556
20672
18274
4040
30249
25791
31067
20359
5463
19191
20056
19140
11914
7780
19254
21308
4257
21564
5312
11951
30650
1007
24064
13626
604
13023
28488
31093
19815
8159
4606
22092
25276
19053
27947
32414
26284
12719
7875
27287
12322
1840
7602
16078
14223
20823
12459
2334
2200
14763
1455
28484
8834
712
13919
11069
29529
25120
17667
29021
23011
14707
24150
7215
23112
27660
27671
14864
29054
19393
17488
22666
13174
22952
356
10609
8200
22169
20188
24000
23199
24424
14062
21041
12452
4319
15569
27038
6828
28542
20419
12570
9312
3826
25302
10702
26416
13653
13694
21653
951
30251
6364
23383
17900
280
15816
29734
24590
8291
22433
23066
26702
9003
8148
30701
1337
12139
1581
8277
29932
14255
6624
28709
23286
4243
30550
13858
267
25088
18105
31910
30318
28710
5950
4343
14876
30777
9013
9316
23481
7403
18642
25381
16188
7852
17337
7408
28505
23460
29515
23387
10929
21356
14771
501
6076
10896
16303
21538
19314
27077
10526
31930
3772
29931
1614
29537
3742
30145
3587
23460
25377
13930
27719
14808
6401
10147
12789
6579
10779
3777
12547
679
4245
5997
20882
22018
24779
17696
11191
29383
5629
92
29191
15178
32185
15280
30949
22669
28169
27753
26251
22365
12893
21272
22489
31532
23351
20424
1504
25261
23705
15868
14382
23090
10030
5227
4055
30661
10298
17530
30536
23816
23619
5501
17099
15053
24701
30638
19929
29300
12022
2793
8483
28936
29062
21805
27999
8216
6004
25811
26323
2135
6632
23180
19874
499
6933
5916
11994
3765
19491
2264
10809
14813
17885
21728
18626
6587
16415
22557
12292
20237
21501
15353
15909
7708
13492
6881
23217
32149
2897
28796
2085
14120
24867
20904
569
30178
17634
10297
29937
24139
5788
28272
6242
3135
9827
9789
15685
4749
4536
2101
5693
22609
2997
9809
18920
28689
31742
32364
6567
17562
8294
14458
10542
14233
7520
3209
13002
3576
10540
3194
13429
17918
15805
19836
24988
13093
32108
11596
26026
31674
13919
12077
17244
21559
12471
11433
23748
5216
13181
22022
28698
544
27722
16007
5446
28193
9656
28776
2094
32301
30860
17559
19391
16711
25504
31282
29117
27016
30353
18884
4939
18363
31534
28735
17978
25784
18843
28089
6929
21633
13128
29671
28640
7966
12438
16474
9157
23352
15683
24187
30523
22135
3993
3399
9510
26525
5723
17611
159
18015
26986
5983
9087
1287
6458
27298
31149
1995
2297
17465
13608
5610
16249
9798
30419
24716
23265
14250
14340
6999
4888
13307
16587
721
30445
24388
14082
27768
20486
31103
4633
15523
22927
28115
32670
24087
13726
14734
1167
5992
19816
18145
26464
23062
2086
14173
11978
26467
1221
23089
16729
26357
16976
18976
29108
19248
25374
28485
939
8017
30395
24711
30211
6987
30359
24794
7425
6498
24944
29754
22967
18824
8577
18536
31248
15994
10600
28003
3485
12442
29656
6565
15134
4747
20995
30243
25296
21391
13508
11777
6522
27552
23696
15897
18485
3407
7195
16426
31998
6496
6601
11744
14333
12323
15323
22408
16786
31888
11094
2703
21797
5418
6578
9151
11434
3728
13640
2362
14583
7139
30841
18482
4805
22747
16285
21102
28808
6568
20914
6012
11503
23690
18369
30134
10809
14639
32527
16119
7742
27088
521
19739
4920
18954
5101
25144
10582
26493
19256
20637
25855
38
26323
9871
5606
2685
18940
22974
8914
9038
19189
11913
17963
32087
16495
22262
1860
11943
31157
1391
31850
30641
3481
28477
8624
24627
11295
31430
20600
17865
24299
5510
9154
14416
25706
28111
21812
16379
4547
3136
24301
26935
26492
2311
28170
12864
17644
22742
29172
13952
26213
28070
21616
13227
6685
10030
9828
17564
22497
20258
19818
28140
10104
7468
32278
22615
472
32427
3847
21712
6411
7726
28848
1630
13023
26287
21988
19901
592
32400
22819
21172
11190
30294
10919
18231
24495
10023
4908
16445
14538
32004
22403
16479
18424
10439
18645
20534
31667
30172
3512
16497
19947
16319
28659
29112
25781
17209
15121
15940
4531
18266
30632
24891
23617
23093
3942
30668
612
7518
9697
30735
7283
24100
12827
14746
20355
30095
9430
27619
14996
11288
10141
5720
2685
7467
16527
32320
24727
22109
26346
3663
30764
11885
21595
7180
13982
4092
7944
9955
4695
13324
26713
27913
31860
2106
11402
29204
14640
15547
32498
21334
21266
13848
16144
1533
5334
24233
4698
23275
13853
5075
11974
25686
9940
11009
16917
6431
9572
19043
482
20979
2974
4457
12398
31780
32356
19710
8744
7749
27672
13189
4095
2695
1478
25748
17000
23254
7953
10355
24878
4787
8414
11091
29693
720
31426
12366
24492
19053
16172
30754
27726
4725
22098
22445
8183
24151
29661
14888
31310
3750
15187
2851
23767
29039
16200
17476
11261
31838
18244
6847
29922
3215
2163
2197
9191
18485
15631
11660
6138
32237
18062
17393
7842
7648
18059
9488
9420
10395
23157
6512
10323
12206
26105
28879
13905
17414
6192
7648
552
28170
6024
20935
24910
2936
116
21328
14300
12030
8915
3571
8662
23960
10785
5256
25912
17836
7264
5066
30917
19431
23492
28814
11151
2517
5921
3519
14661
6723
21781
30240
22335
20309
1525
26049
1611
11878
18552
28478
13621
19874
19750
14523
24
28517
1150
3231
6247
30546
1002
14867
8634
5427
19811
313
3930
16788
26084
1837
20107
26654
26256
3516
18844
23476
29858
27367
4015
28751
19480
31766
11593
22170
18719
4380
408
5453
7229
2798
7304
15434
5441
10787
29060
11640
12522
18731
27404
5987
21850
32335
11003
32144
26937
24940
918
27297
12712
29039
30036
10286
8940
21903
15728
6237
4055
30285
16687
3399
25589
10797
25073
14858
21628
29234
1530
6574
13297
538
25086
26553
21658
4190
20334
1680
9639
10728
15237
28564
30495
1426
31505
2296
4236
4963
3842
32100
1637
17288
9652
29003
31296
16660
25852
12813
12724
7287
18676
15052
12303
8640
9094
11022
16061
22162
2235
2839
4211
23528
13249
31236
27422
12168
12478
8615
1167
2376
22359
3110
32227
20484
25087
14162
10675
25178
11776
456
2305
12076
28746
19914
10973
22995
27390
30171
23258
26147
28602
28444
18997
10275
15010
13673
8126
29577
29235
23859
6798
18168
22471
26395
13159
28408
29928
12628
26857
23737
20821
8885
8826
11399
32212
27553
22003
6157
32701
30871
23563
20553
26947
29336
8068
31571
10881
26940
4887
20941
26441
659
6688
6185
23979
19644
20489
28574
10567
3399
23160
15080
28499
10828
12856
4802
16235
2376
3816
1572
13596
32699
24934
8764
9774
12674
2297
32302
27061
30964
12097
18060
982
13503
30430
1172
16986
6017
26851
7468
5620
21798
19705
17310
13394
18948
22611
23571
20198
30647
24405
2513
27249
29630
30212
25908
9044
9170
11052
5486
27286
25610
19027
18942
1972
29360
20576
20465
27436
15841
32523
16092
7624
28390
15108
31125
22699
20309
8419
32436
4637
25575
31954
17612
2838
22808
4348
7785
10636
7553
22196
25033
11132
17909
9830
20571
32442
5981
29246
31225
18809
21076
32666
6116
28570
7297
19248
7043
8373
9144
1023
27867
15080
22224
18679
5325
3682
20546
5479
20243
19886
20102
2090
16377
14016
22062
29073
18907
16576
22975
21519
15970
23194
850
17319
26493
1602
31727
20502
9249
23752
19620
26048
5313
18207
13673
20827
5004
30637
5556
21085
29802
28818
17114
26662
18612
8888
26668
17901
8885
29087
19661
6508
5349
10213
6997
4171
26847
10392
1831
18510
18983
26940
27538
5693
24734
155
16554
20375
5825
22095
484
757
1957
16144
25204
19263
20659
4542
27495
10642
17187
301
24447
4589
12602
18100
210
5790
21314
26996
5153
24175
78
11881
15865
20879
13994
32050
5516
10562
12324
17824
2381
20040
32254
12800
29005
12815
26798
12841
27480
3736
3932
11076
23758
14633
792
22622
13891
29623
23007
10159
21718
26898
30028
8360
7506
16334
31006
7870
11526
28661
11629
27897
15460
18286
18603
3643
3932
18732
23901
15953
3958
21270
26519
30651
27570
14009
13881
2619
23071
12464
11244
3616
22333
27343
5082
16463
32532
29970
1583
4886
23569
24904
6228
32689
18339
28031
21734
25752
14490
26926
14200
31886
6970
16677
10254
14954
3874
24117
12884
5540
9951
17055
29857
5023
1359
4669
688
6584
29879
29042
14360
21523
21412
26323
13969
15648
29570
11154
3045
4591
17661
5806
15287
16185
28187
3805
10487
4906
9750
12084
6945
16367
29435
2716
23352
31492
9475
14837
9350
17723
11188
8455
25872
10123
8375
5677
2523
28830
9336
22720
21218
16152
26752
580
27346
25769
914
24149
16011
28113
27527
21839
20567
23158
12521
21952
744
21287
22610
26767
6164
26414
28035
23529
24399
8024
11331
12527
20460
29059
23294
14368
2835
24812
13081
2184
385
22325
29462
15782
14595
569
30316
10270
28080
17040
28452
23843
2793
30433
7475
20642
14353
12266
8090
26159
29965
6480
15168
9392
634
9000
13194
30924
4529
14401
4288
12817
30844
3383
28703
9960
25749
21561
14782
11065
19170
24981
22561
17885
3699
3336
19870
20679
6967
23496
17268
28658
28801
16205
28325
2826
22335
29923
26263
13786
16372
20977
18798
13176
1146
2311
18982
50
2426
13225
1140
3639
31655
11485
12890
8453
9405
2166
8076
29590
5181
13087
30342
5450
6117
1831
17258
10643
16369
25102
18587
30306
27412
1747
282
27989
5685
22779
27811
7069
27626
15457
390
11441
20405
9665
24647
27572
24833
10242
9461
28583
12762
2631
29258
24142
11632
12980
4744
29155
27210
29184
18958
11646
25673
31679
14268
27711
23140
5997
24332
14145
19485
22074
14317
3646
21190
22936
24671
3842
21109
30341
19408
10129
16072
16792
3128
16151
28505
20430
4342
404
16384
14354
30568
14916
30923
8590
18765
26831
14782
27316
17628
32053
26187
13578
2720
26231
19600
25017
19738
24582
1107
19157
24085
10733
16829
17771
13767
6077
6106
14411
20396
8764
26316
21402
31010
26572
29138
13590
28101
18333
22781
1320
23944
914
29356
22699
14488
5364
16588
25471
23793
8153
32209
18380
444
12626
32115
3606
31855
13400
23849
4613
15267
18804
16486
28658
5044
27952
5270
16177
14619
6464
6359
9505
1163
19568
9592
3316
23756
9549
28466
4159
25179
31635
16936
23617
14527
9306
28832
8179
2473
19711
29055
20179
7635
6355
27270
17521
10133
28038
8783
5302
6983
6737
5637
5367
12634
17895
12006
27070
28213
20249
21370
9554
19409
3147
20625
17164
24851
5531
22014
2905
8940
1483
788
11406
6963
24050
16100
5231
12605
30695
22581
22141
24642
13160
10560
11011
30575
18958
15152
21215
16330
30193
9564
27665
9162
22299
9282
773
13490
17325
9283
27808
10673
28371
15393
13580
13499
4713
21304
12100
18725
1898
28543
29022
12291
31005
26430
18844
1602
7934
29325
30769
132
10605
22672
14803
4286
19736
13428
28420
18835
6442
3624
27680
7023
1072
17116
15911
18276
23504
31034
28744
9156
808
7527
7730
3715
11271
8376
24346
10569
30414
31028
21898
15194
9508
7374
28656
21798
19293
29791
9698
4527
11432
613
15922
4511
11770
14718
27062
3109
3006
16034
16084
4499
15929
4899
25039
23481
14527
25190
26069
18431
28568
28511
12996
22340
20655
24014
31680
20346
6912
21307
4726
23294
16575
11186
9005
16824
16457
15935
9617
6135
8140
27944
3647
32521
30645
32237
3343
21405
14300
29952
25637
26073
4978
28996
9142
5947
16294
17224
22171
31281
28954
15424
27544
20342
17417
28871
26473
32050
31540
27479
11152
23505
16785
2692
24033
29855
23219
1787
15561
3624
28152
23870
27747
8786
22644
5917
2105
6710
12704
12531
1498
27587
28354
5798
13344
29969
20764
29788
25406
12678
2772
22269
396
9387
18086
22637
14610
5836
32332
21383
22998
32593
19368
23512
7397
14559
8375
29984
3107
23342
4662
18057
6868
22185
8466
17829
15078
11719
11921
5417
31492
26668
1857
4971
31067
7038
12451
21661
14122
9736
26007
1223
6412
30481
28039
28038
8197
250
14931
7046
10062
12570
30976
24512
13024
2394
288
10356
6851
14223
20223
28134
7956
18074
29842
11992
12503
17730
11552
14538
31618
32460
32686
14324
31557
8544
7211
19200
11290
28187
24416
5767
7569
20211
10646
5202
30553
28238
29700
6733
14989
11362
20735
21834
19396
3659
17120
13180
4567
749
5556
31406
13680
6543
10151
1606
19799
1588
19501
26877
892
4025
13814
28252
32452
17328
5007
14325
7572
3070
19160
29287
19742
567
32553
24079
2414
7348
20035
10126
21043
4474
28664
19455
8270
2762
9370
1269
10268
2439
7717
30775
29828
4428
20524
10043
9919
31305
21124
23139
26346
1250
17074
1017
20813
2822
20501
22252
27753
27471
24274
3400
29636
2526
28036
6775
883
756
10657
17721
28780
27473
24234
25956
22921
14925
11290
16733
15707
14775
11788
18258
8372
6001
1194
7741
4595
29896
26202
19096
5389
3988
10407
25312
17504
24852
27631
4044
12856
20102
21970
21578
22301
18313
1621
22846
6370
28211
13274
14586
13935
9458
6592
1659
9289
7715
9690
3177
9702
18804
4241
32717
12211
15098
19415
8848
24033
26641
29906
4535
3059
22007
13381
15200
22793
5671
14782
14459
9449
11383
15746
1609
20946
15089
13624
23447
22273
3953
10072
5558
28672
28419
18769
31041
29873
15097
21629
17038
9758
19407
15813
16880
31742
7616
15380
32691
16134
11044
18813
9173
31734
4240
2859
7556
7006
22188
19468
18012
10804
32210
30268
32093
7959
10092
14131
30126
10337
30986
15023
13587
20207
5446
10336
32303
31152
18008
20565
8827
7662
13944
12841
30722
10335
20983
19180
28386
27371
12059
21971
643
6971
6079
27552
660
11782
4263
11471
28618
6938
31396
25222
26712
22060
10605
16954
24620
2145
3127
16417
8432
22168
17433
7259
19899
16510
17443
5855
26267
25679
22328
30246
1988
13164
10159
19610
24724
25506
9389
10429
7758
10548
24896
7193
18067
1454
18748
17644
15775
14185
18390
18063
29769
5597
15362
23722
31161
26281
22156
29977
27878
30564
15864
31901
2519
2081
5147
19011
20117
21188
14710
21908
29682
15112
27221
9090
13821
29515
4524
5645
10304
8736
28076
2744
4544
21651
25128
29615
3250
18746
5291
22453
26109
24576
11861
25807
30836
15025
24442
434
32719
23109
248
2541
8046
17644
28508
8407
6350
221
31668
18230
28103
28639
3634
8116
27275
22420
22149
3586
21343
8840
9719
7369
12822
9725
20295
22101
32594
30836
10308
31744
9082
9467
2350
18528
2938
18234
26060
10288
19774
23611
23628
5631
6124
21501
21983
1179
27620
12215
5393
1083
22136
14572
19945
3694
11627
7475
9156
9415
1579
31427
10482
11845
25806
10688
15373
16261
24270
20041
24349
14758
11653
32574
25710
27648
27751
3538
3372
9348
32513
14804
30147
23281
23221
24252
27640
25276
12338
25976
2759
20412
12470
1780
14331
31129
27395
11116
24464
18931
31778
29297
2248
16721
4059
12220
8463
24272
27887
26806
6288
22152
2331
7875
11411
17085
24782
29266
31645
15306
3749
27301
16198
717
24234
28257
18392
11027
22865
14549
5548
28226
558
22538
11333
5961
18039
32655
31529
12296
22334
15361
30851
23998
27499
21340
18810
6198
9595
24069
5199
10161
6394
25747
22585
5522
11201
3681
26368
31692
20208
11476
23643
24332
19370
12141
12042
32677
8083
19598
14259
19775
9482
27404
18814
26944
807
6264
14447
25590
8563
6189
27014
8329
7018
22297
18584
2979
28593
20556
16364
4316
26391
11842
3477
31463
28494
13552
4754
10878
25958
16529
30630
20495
3085
25901
17400
5155
10632
31470
16747
23187
2416
8994
19131
3177
24109
4623
24412
5271
15924
10618
6419
31578
14592
12278
24401
19564
16337
12525
29778
13292
24103
20848
14330
32270
32253
9662
15466
25986
13254
21398
2149
23717
20009
3389
9062
15722
9595
12621
18301
3079
26368
6980
21741
14431
22498
28872
25479
2610
19437
30651
3524
9223
19472
16643
20901
18645
10388
13334
9035
20595
29465
18248
3414
30406
7253
28884
31485
29092
12684
7340
2034
31114
30159
13057
29171
12547
21236
31632
2096
5842
24153
27059
13408
28390
27991
7459
31137
19963
30088
9102
1300
13328
13497
18140
11317
24972
23726
29761
29947
21294
16024
2051
947
4281
12887
2568
2716
14941
13680
10023
5955
228
32204
29483
22941
29857
31798
16294
16614
22297
2706
4988
2620
23406
16862
3883
7418
399
13290
18907
20693
30754
1239
29481
31161
12588
8273
17843
21857
5510
1676
5731
14009
768
27903
3197
2803
338
12003
20070
5227
22983
18794
12090
30523
32168
24512
10508
29598
26473
707
12282
27142
25237
14465
10744
1275
26235
32629
5978
9401
28566
18817
14366
26761
957
10923
14847
29147
19727
14232
15163
15656
30620
20424
11807
11402
15828
20375
26967
8216
20400
26095
28919
14339
162
2510
17480
7282
26685
19323
15443
26397
24996
32135
18223
2731
5556
29062
3083
21452
31729
17547
17403
24598
32305
30565
21379
9889
11018
20122
28900
28257
8957
13863
25384
20038
11359
9461
9711
4885
6667
15387
32248
9988
28873
7639
19055
22296
30589
14409
7928
4671
7696
32757
29311
32301
26398
22006
28350
32247
16484
5635
11403
1648
30183
2083
26855
23623
11237
12848
32455
6109
2941
17677
12704
2791
3613
8615
5300
25544
5039
12717
6943
10923
12163
4110
7328
29795
22523
15670
23336
26372
25848
23305
21796
27710
2311
11420
28811
11644
12620
21942
19111
13761
30762
5641
14499
21821
5816
31792
17624
8882
227
19560
13526
13961
6243
5902
25653
31667
8799
15068
26
12865
27615
20195
28552
32706
18677
12360
29804
10592
23211
12222
20838
21433
18347
6855
89
25726
21425
7338
17841
25038
433
13107
11383
27472
11463
13101
14102
10514
17379
6304
20715
19493
5168
7883
19598
31988
20041
23520
31458
21352
12827
23682
9951
13502
3480
31487
538
13091
31265
28237
19993
19221
1200
19654
20057
6776
11465
32419
20251
28026
26142
23610
19699
15656
2309
29687
2318
31693
23962
13340
5702
19215
11699
29752
10983
30663
2440
6760
17215
22435
11039
22609
24807
25726
9337
15321
29396
12666
17535
4008
12829
5603
24233
18273
32650
10691
24948
29600
3552
28741
26497
31156
25839
19402
12173
2841
2392
6093
10004
6332
21790
1143
29637
15853
19700
4097
10148
24355
32320
14798
3073
30836
12786
19268
12060
22479
8
21102
8341
16127
4061
10835
2198
10591
4405
11539
1471
12638
14856
27591
32212
20914
21777
2070
19752
32347
11542
2967
201
20830
24822
22762
1897
18238
27764
4757
1295
18235
29126
5024
13697
29514
4059
21999
2416
31703
20848
25186
27233
29501
209
9902
20832
23809
27760
19705
7267
29906
26663
28984
20095
26945
5965
20553
9933
1600
19322
19663
14873
2908
1050
26065
31568
10682
23220
31505
24232
26067
26616
31534
909
22767
28042
22393
4431
3682
20625
22935
12940
30857
12542
14043
23391
14724
10652
32096
17989
15281
1244
14057
21459
21995
29278
23930
14618
30599
2367
32179
10454
6155
8997
8943
25433
26284
23564
26912
22842
30094
17101
20584
19644
23738
1651
11896
7680
4318
11326
22953
11755
27080
6771
27100
981
5281
1001
11026
8694
28137
84
7626
13457
32566
23888
8478
2014
7340
29741
8860
28856
24123
4221
28645
5131
28828
13150
1544
14587
31241
16264
31388
4565
3775
23061
23199
10166
28980
3092
6930
21757
6680
28876
30544
31346
17422
31952
22834
23347
30503
10695
9957
19298
20514
4856
4742
7568
32614
20120
18306
31464
15291
4051
4528
4636
9420
23964
23083
18703
20829
27189
5617
23879
1356
22397
573
7953
19273
29693
19108
13169
28245
15537
29937
2256
3836
12182
11969
27236
20561
15095
22751
24159
22702
21880
27741
15063
8744
2783
5495
7544
22228
2470
8231
12780
13501
32065
4744
29445
13728
16687
4331
21168
30318
14531
26555
29850
6783
22447
22289
26527
9878
10069
31766
2551
3992
21710
29724
1055
30988
5046
5499
1673
24402
25022
23085
13827
10659
30447
22569
29415
24524
28350
25472
26376
32681
30165
13880
1623
11876
2204
14827
28249
16747
3721
20255
20553
23346
24109
11876
21004
6062
30201
16176
4569
1165
30165
123
14500
24885
9567
24345
18255
25219
4867
5594
2704
30272
6079
29538
24992
16995
19379
8649
17321
23561
14187
19443
12269
29237
19949
15534
29878
26695
31617
21390
30977
7230
21827
27527
29929
21677
13673
3919
17621
4734
20565
6001
17249
17002
3674
3633
22029
2612
13902
29987
6312
11688
13524
18570
21370
18263
3174
23665
10292
20751
14885
28555
8600
14364
7008
4044
4584
31042
8166
11459
27664
117
21772
29630
914
18526
5501
20892
24373
30095
27076
13936
2669
27008
26010
30427
4489
2385
3569
26406
5279
13374
5053
3106
7479
9697
28549
32191
8890
16427
10668
22382
27033
31009
23424
21048
10557
26710
13568
25755
9393
12331
4973
1064
8721
16073
29847
25822
27826
8923
21220
21060
19982
28684
13857
32328
10614
28484
1289
25050
9846
5794
25493
2888
5639
1336
10761
30296
32375
32392
16571
18983
31257
8642
27810
6340
21676
22715
22690
31884
5004
15021
26521
12099
21659
24241
6953
30455
12269
23037
6979
1173
2102
26077
10872
8264
30195
26994
4864
16277
14683
25390
22662
24887
24324
28171
15033
19132
854
24206
21651
988
24752
13183
25703
11164
5212
22117
2221
807
17971
26563
32142
19047
7951
4885
10030
19046
14837
9865
29883
10600
31743
27262
26682
25796
32523
29886
20236
3206
31526
29562
30531
7366
23222
11273
28071
4295
25961
10592
4230
3023
11745
22096
831
13256
11804
32643
20109
6555
16037
31028
14740
19272
21628
25777
10157
27589
12742
20882
1778
27805
30005
14007
7048
17731
13365
32515
13231
17466
3036
9690
4235
21991
21647
8027
4016
23857
25715
2141
24943
31198
3226
23083
22498
22701
15594
7679
6841
26931
31437
23617
19395
5494
5786
17276
26684
22347
19398
17188
29401
18288
14283
5642
12948
616
21460
30875
4663
32538
23853
1756
27818
13096
22637
32294
20990
8464
7009
24225
4405
11269
2487
10369
4823
19851
28783
12547
20534
2261
11265
19238
29564
14302
1358
16426
27769
3657
29001
21449
1582
28153
8034
20536
18712
26992
694
21980
13886
4073
16888
27341
9978
24372
14877
1547
23943
30548
32714
4738
4686
27609
2942
9664
2544
20222
31871
26224
18
21123
7814
24222
29420
6729
7721
13737
7057
7343
6156
3591
7932
11438
28359
700
17374
2487
5014
152
14633
4424
11715
30515
14684
28240
19668
7593
5773
25160
4468
18198
31544
1037
31010
720
27594
4223
14491
1127
21739
10460
20744
3933
12943
6874
19432
25254
7099
3718
18875
24542
16151
13791
20340
27212
7225
23089
32412
14747
1451
25395
9286
7250
14274
13280
19126
26136
4126
30997
14800
1450
12800
17903
4674
32408
9039
6626
28529
17091
11880
11418
15396
10134
5288
7058
9715
29447
23995
21877
23406
15436
20387
24375
268
7262
23432
20211
2266
27182
2882
6275
22751
32426
15270
2017
27729
15470
12180
1345
23419
22346
18365
32490
30313
6008
27445
5336
24153
5274
27836
25107
18913
9333
30924
32717
24543
31088
22626
7742
21797
11467
5260
20288
14562
12447
18103
24233
7119
26009
8630
21612
32285
20597
32658
31855
12321
11068
20
4138
4541
20030
1043
24068
23694
11471
4478
2668
25815
25025
27688
18106
32048
1957
28502
6596
26862
22720
29706
5696
2385
21199
20494
6877
12656
23163
14783
30752
19685
6810
7327
6143
17720
6956
10904
830
21004
19472
13841
24717
8204
32649
8371
18782
31379
4213
27384
4232
25630
12359
12408
22173
18802
6345
7410
2060
15244
7571
9757
8437
23629
22858
5677
21199
27106
29338
13092
26556
5365
13553
3805
32679
3477
30976
19417
803
29414
6387
25288
26627
4488
27755
13527
9145
7368
2111
30396
26479
20105
15863
16515
487
6640
5892
19990
787
23762
18369
15501
32116
15327
22058
20539
307
5515
28766
3956
11520
14272
11990
15904
28846
17477
15971
1537
23947
28652
11753
22468
8321
2174
23518
20681
494
28007
16256
12722
1859
26402
2521
12717
4702
2402
23155
14978
6824
3078
987
22875
23534
18106
7128
28758
5888
15212
21353
29901
16396
23413
21119
18016
14007
29572
4991
27335
25601
27210
31350
14937
22998
15848
9242
18779
20595
27672
10372
6665
7550
12573
19887
25446
228
18795
26032
30916
25458
8726
21683
7699
25395
9213
31417
21737
18828
1459
32019
28245
18200
20528
11165
28004
4420
572
32187
1647
15786
32407
25365
18219
30510
12521
25618
13166
26843
5485
19990
25282
31355
3931
26490
27307
15096
14874
26447
8632
5237
8482
11475
1868
9772
2739
29359
23593
24582
16695
31222
14273
15356
1912
26846
9789
12592
9089
22844
6986
15562
11349
21185
17830
7315
1619
11511
3949
5972
14948
5369
22308
28396
5098
13045
11650
22580
12648
11107
9218
5267
29681
30722
30762
2400
31058
21655
10136
28922
3327
15205
14545
425
15294
11627
17609
9779
30229
16992
3378
9278
28020
15471
11141
19561
6179
7090
9425
4136
2026
28016
28230
6499
32642
21271
11905
16334
29374
31992
18325
30727
23929
5316
30173
6257
7486
21450
3972
4050
14778
16622
12497
27055
18402
21096
24883
15459
21476
28482
32016
23809
32207
3216
28750
29935
13569
25196
3486
21823
15956
29880
3723
9164
28936
27539
2118
15897
22126
30616
24878
28137
6234
15833
4898
19358
27206
1950
18055
27218
22854
12765
4632
10679
11952
6265
27504
18863
20871
31035
5209
7082
21164
2705
4306
28099
4035
16905
29154
2970
6374
1675
287
28911
17676
19033
6397
2563
8504
18632
13783
7599
9825
25531
3007
15681
25124
23780
11526
22042
32300
26298
3466
16648
21085
18745
28354
27492
28099
5725
138
30187
16957
10844
17071
25949
24297
29606
29498
16599
25935
16029
5501
14833
9548
276
24031
14999
3013
24970
3687
29864
20487
30243
4105
20304
3072
30570
21684
20006
11040
25288
19991
19973
23565
18627
1335
13226
28937
17144
7858
26642
23331
19927
22480
16017
11297
544
18511
8370
19240
27169
29931
7122
18481
28332
32431
11387
31276
6106
31486
25473
21489
7555
16480
16607
7147
889
13326
24655
29315
15751
25660
21419
21326
5932
31528
18182
31989
23319
22247
19081
27624
30306
20970
24079
21442
5007
2131
6784
17275
26947
9722
5358
24656
14532
2365
22385
25458
14388
18059
3011
18032
25739
22704
13210
19046
30549
2526
2761
17891
31793
24959
28437
26011
16901
8893
27096
19409
9218
10189
14168
14979
26203
9727
26596
13394
8900
9863
30388
16440
173
16392
29310
15336
13627
23782
5080
26884
1803
6728
23889
8449
20901
3055
8525
23514
17602
28858
2468
30072
23358
9205
31994
24028
17883
22373
32220
8210
17851
25108
24479
27606
12956
12253
27897
3587
10449
7606
23644
959
6916
20160
11798
5224
17325
17936
20522
7741
12881
20795
9196
460
28795
4003
16734
22559
31355
8836
5197
24486
2018
20926
12075
19427
24505
12640
28587
25560
13443
5112
20767
6960
17401
21917
2193
4656
13952
19385
18083
10331
31338
26007
15143
3560
5873
18864
13949
32741
13044
31669
1200
6951
19311
22364
24143
29176
21947
27627
2829
20608
18827
1157
4632
23535
20130
26935
5177
30832
2645
9410
11184
8653
18629
23334
28109
8930
32216
31987
27214
22467
23036
25423
17532
26285
28315
8390
16900
7085
7772
4820
27542
21266
21791
52
6975
7828
17335
20455
5255
4417
7014
9475
586
24107
1305
27457
30295
13779
20584
8260
18122
3668
5708
26026
25897
16975
19357
10196
2881
12954
32595
25973
22975
22183
16505
25565
17549
26550
26608
23555
26866
4794
16873
27732
10600
23820
21280
23358
11068
10194
13785
30331
4584
32302
19100
6942
5168
6694
14511
12894
18175
19542
31320
12070
14847
12887
28879
22616
16890
26606
15365
27621
3315
7925
21015
26254
23555
18954
4753
31863
32501
17913
20835
3696
28065
11753
5539
10243
6921
17994
2056
21053
24117
10874
19746
18237
3278
10554
18266
21118
9084
31699
31918
27108
6145
17416
7209
19336
12562
31930
24355
11331
32761
18782
16957
17148
22508
20511
21019
15538
24362
2770
2016
25928
5595
15006
29035
4371
28325
27239
8531
4901
21774
11263
8867
19544
15764
31755
27733
7961
7054
30903
4240
21498
22721
22297
9121
15093
10945
17254
5819
5505
25102
6103
623
5463
3818
5721
7401
31745
6139
4343
22512
10023
7845
11528
25243
5529
19749
11544
2772
12572
27246
28055
14990
26868
20420
68
3270
26933
7193
4695
13883
31434
16682
2417
15852
22594
18009
836
16726
862
23881
9218
16490
26459
9275
24454
11600
21503
12844
10565
15326
7526
18602
14067
11479
27786
18298
16885
4323
3219
15851
29577
16210
16612
13816
26551
31889
28642
5409
29431
3176
11906
12038
5791
11257
30873
26056
20499
12153
8675
29727
11947
16299
19408
15675
23650
29473
27666
15964
1348
16178
12264
32304
18838
31930
18471
5616
9922
31892
27149
12345
777
26584
4293
6571
18407
26581
19386
16195
14149
20941
9628
13945
26465
21107
28723
11033
4478
21797
230
20193
8011
8937
10762
9951
8979
29993
31980
21129
9898
30767
8349
10393
32019
31070
18816
17839
754
15670
7572
26788
31157
14597
4482
14511
27008
11374
2662
20794
13788
22171
20573
12162
20768
17218
7635
24049
15003
27481
22409
31035
13191
9624
14697
27450
22189
8883
1034
30602
32471
29012
30465
30180
10234
17882
9197
22075
14112
468
26177
19097
21783
14139
3024
12982
18395
9075
31258
9565
30404
24064
23640
13183
1392
14088
9801
16660
12654
397
30650
4021
24239
17766
11480
22267
32429
5378
10038
1685
15961
732
7068
3627
9925
29373
28821
18166
7318
17077
31159
23324
27175
2007
7088
18124
16510
23223
9493
20254
23279
28581
26602
2728
12690
30374
24561
22495
26214
32566
29107
23860
22850
23488
3663
28394
3711
16601
18438
30393
21607
7232
9090
14629
21340
24471
12777
5275
29896
15070
16294
5712
19656
691
9202
218
29336
15947
32036
8331
29628
6447
26046
2448
19956
13495
28211
7118
7133
5447
26489
26744
24679
10060
19027
21872
7418
6134
18268
6755
7783
32179
19410
29603
11409
3183
1832
9923
2264
20876
15690
13556
26441
13219
29102
22306
20102
12792
14111
8142
2678
8127
12360
24234
7597
22290
3331
8694
23962
8109
4191
29085
9587
17775
27507
8206
19425
6800
30950
19676
18283
24995
9529
29972
11682
23371
4059
11618
30993
29629
12523
25058
16867
19449
4043
14279
21842
6856
22121
27822
22484
8564
19788
20416
24068
12362
3168
12426
10321
30416
27778
24476
28008
7110
1483
7395
24418
22751
18077
4038
22445
5692
28527
9475
21948
16813
32600
28232
15470
23974
23901
24465
31295
1027
19066
1604
2097
22652
26738
5646
27512
9958
24918
26491
9704
10543
31703
17496
16671
12567
10317
7625
24690
12719
21123
2089
1432
25747
1097
6308
29721
1766
9399
150
24436
27154
24641
674
20499
21565
1407
7570
27376
27786
25274
2290
2051
12052
28726
24427
17266
9387
21313
4832
30071
23116
1536
1610
15633
21602
12276
26964
2410
31167
31567
12726
19979
12889
29433
20050
19906
13764
13665
28687
10318
17779
2052
1145
5841
20142
6078
15893
755
12371
29139
18053
25813
8268
445
30305
5052
27860
8115
11983
30074
5481
31742
12520
14492
30608
29435
3786
1365
2891
5615
4733
20781
27483
29837
13959
16745
9526
29513
3149
18489
3270
14938
11312
26788
4072
2450
2915
19764
17823
31965
21390
7521
13596
3482
6180
15806
4206
23709
1413
26341
24329
4353
26067
16163
21496
22446
6036
25316
19426
20397
21004
2013
11966
28463
21336
9979
12630
11607
21578
22799
12925
31947
24072
21046
12303
25341
23907
10250
4013
14393
4088
20106
14133
23663
9993
30665
12548
27838
15385
16986
22507
17860
29513
25207
18162
24232
26485
12788
2255
18660
15374
21222
17188
24787
28853
20754
22908
31486
21149
28183
17412
6694
10141
1115
5641
31249
28440
11447
28725
31509
21645
4834
23177
14950
12285
9374
16921
25375
12288
1956
5771
1041
2470
592
17229
30287
18958
17165
153
8310
9672
12926
14378
8893
25068
15473
31163
14272
13047
15236
15172
22027
11625
29589
24820
24169
9247
18155
18669
25323
4208
4646
22210
21175
24586
23271
15025
5782
17547
15678
28832
27195
24799
17367
13017
32340
28764
5860
23685
12114
17310
11722
30697
23801
12068
28555
29796
11943
18343
28150
16420
20580
2110
10128
16812
29869
15923
31808
27910
9984
22178
16574
28871
15143
27095
7354
14023
25925
8293
8140
13469
18081
19974
14622
18397
31542
24118
32219
6673
29686
28302
27222
18552
10722
13025
2555
19328
30155
32536
12790
23045
6373
4814
15013
17479
16913
682
25534
685
7142
23424
20288
29756
12164
23335
16155
2262
10265
23320
414
21298
17200
18635
14500
16031
31165
18386
26494
25720
11753
22962
29599
15718
27037
10116
1034
10841
31185
18768
27516
4420
29329
10020
2393
2459
26580
20472
19799
21645
26364
25153
18924
7425
32044
25175
376
15186
22094
6792
23090
30923
16608
24824
25812
3809
8833
24382
25094
24115
10559
14272
12940
6466
17822
9418
7726
24304
14695
28017
7531
186
18231
19498
4572
28853
20163
9001
6506
4937
25068
6779
26671
28848
7814
994
21805
558
22760
8308
1457
5902
25395
9202
25477
3424
32099
4585
18904
23156
14871
20619
5358
7957
25632
3403
136
17285
12491
20282
273
22333
19183
21284
909
12385
693
3433
16449
1797
11818
28061
3107
2082
1670
16351
21760
7254
3641
18426
13423
24159
19387
29245
17785
32086
25873
13850
10501
1707
26654
1665
25862
21476
19375
27642
2659
6165
30020
9349
19881
18718
20383
25905
32371
24743
15886
6526
2453
12508
30841
15476
29195
18665
7211
10112
27812
9524
32096
29457
2670
10077
1427
17654
7648
4599
10884
10358
18122
1027
18955
19501
20733
12336
30367
16809
20922
19413
165
6856
12251
29098
18554
207
707
29770
9535
8523
29703
23657
27751
3240
4057
3797
26114
25234
12344
22062
14791
26639
28378
19556
8418
25433
18900
24565
26755
22909
26383
28900
4387
2484
8811
16760
5780
17028
21168
14010
11472
27798
28985
9388
32125
26454
4191
8777
12867
4941
19622
8513
22478
9790
9386
17777
26018
9474
25544
14372
30370
7971
2956
29452
32350
2107
26589
16126
1824
19211
14826
25200
17588
29274
9683
15284
2043
915
20248
17138
24366
26398
20418
12263
28403
31354
30291
16224
20514
10271
30318
21620
32340
8469
30790
29060
9007
5204
13000
17652
19060
32730
31880
17830
19141
30607
32621
6971
28471
32216
31515
19977
11676
18941
16931
31450
30093
6203
24045
1642
25658
24489
1377
3231
26865
2507
21080
1926
9839
2039
25030
27154
7402
25196
19107
10899
26842
7467
6046
30967
8843
3741
12161
7364
10852
995
22626
14033
28148
20218
16783
25287
29122
6807
16439
29787
11217
8124
10968
19529
31477
6429
32620
271
18137
4150
16467
22383
5323
24617
13311
18082
7502
2648
29538
1116
11870
14535
29463
21636
26241
2607
29522
6319
5266
993
649
23394
18509
17761
32479
21252
24473
22974
16981
6309
7321
17074
26031
3697
4209
6526
17960
12786
26328
24964
14805
22025
24162
26785
7897
170
31115
20816
12622
26714
13442
8832
21486
19818
19387
31025
14213
10993
24371
14288
3351
31626
32386
20312
11985
3539
27042
32293
27568
9376
4737
8342
25075
24323
11080
28522
5185
9213
19817
18392
9626
3584
1387
22891
26624
4652
20341
21924
10721
24390
20636
32078
28235
12408
22764
10143
31694
4043
31288
7955
28208
17509
16290
28680
14036
26754
20969
1306
14311
25395
5237
11580
26192
16857
1828
26523
7764
11616
30930
4403
5900
30524
22187
20525
8329
31269
9264
22783
6337
19090
26634
26946
17216
29431
6545
5202
28559
14270
23324
15784
6755
7941
3335
23798
30085
14365
1413
26631
645
24255
31018
32341
11294
30220
24631
12903
2664
22347
25765
3313
15808
28769
9456
9642
3191
19983
22440
28139
12093
3566
7097
2316
30796
29740
373
20094
16724
8452
6246
20904
19497
8703
3542
2947
559
23276
10266
500
16001
672
10915
2284
3812
12142
28354
31042
5998
12133
15678
31051
1270
10316
13464
13119
14906
15198
18457
5451
9171
10438
9120
30581
24281
11993
45
17204
7766
8469
13612
30923
31595
29405
4738
11881
7236
12786
20313
25858
23997
11441
6572
20203
27601
16399
4753
25656
29895
2388
17225
24789
25371
30618
22281
2151
18989
30981
9606
19424
29100
16319
23107
11492
11200
23226
17562
31455
25082
7717
7308
17891
1276
6059
18504
9026
19175
2670
28284
8176
26761
11974
24927
31893
12612
12730
11899
3957
18876
12346
24379
26624
22856
10786
13881
4152
26134
10479
30020
1991
18460
5695
30770
21724
24258
32267
12396
18121
30032
14499
19762
18014
537
14445
7346
20483
11365
30556
29133
29591
17695
16434
6820
30220
7747
20342
13284
28863
27910
2101
25814
2712
8898
14456
20518
9958
26792
10632
17774
9719
10788
30692
32650
4986
23055
28415
31643
24213
24215
25786
13527
30662
20462
20644
20759
28795
30133
6899
2590
30831
12071
24386
24490
21706
12805
7944
24125
11512
19525
8156
1704
18757
5242
29035
8796
7997
13570
22325
4208
18374
15857
4618
22386
15097
10689
17736
2029
28101
182
29649
15294
11586
18194
20686
15895
21462
8701
24615
10320
13322
24371
8894
32625
21802
19307
19054
7808
23966
907
12742
31115
18187
11405
4997
1396
14377
15919
15829
20607
8291
19549
15688
6045
28976
31583
15251
25718
4404
2754
3597
56
25877
8968
12261
18210
2590
21007
9254
10447
7830
25153
31596
24899
13278
30849
31076
14007
17997
9424
5637
18468
22220
20931
22160
14481
560
16037
14920
17181
12890
28779
14065
972
17681
17756
267
273
17562
6013
7115
16927
3612
6590
27870
32240
439
23525
20445
12050
6238
8510
25998
6196
31608
30207
6880
1396
31291
12157
9125
22118
30915
17169
25869
7396
13556
8136
3046
23704
32021
30414
19094
14154
13353
7832
31444
4586
16397
31955
7977
32349
15699
8975
42
30216
5344
2603
24946
12573
20295
6271
2658
9896
16868
24268
7832
344
29113
14308
560
5390
18440
14105
17853
8487
29876
4455
22021
27530
6744
28001
27520
112
8228
17884
30095
8950
17788
19293
32125
14948
21327
28739
15670
18491
1847
2996
26057
13056
5205
16200
20895
29131
21994
2936
7801
25742
4022
16069
27435
25894
22545
11176
13594
23844
1994
20796
4470
27736
19395
25261
15928
27681
13385
22880
18139
23415
24116
32224
14554
32693
4546
5004
9196
17959
29492
4865
25090
12888
8486
8008
25340
25880
23727
8639
30767
2127
5949
14537
23448
11141
557
25909
28381
23853
31789
8815
28167
3252
30802
21865
4609
334
15096
15943
24272
29051
2141
22733
6544
1883
8444
22408
8754
23991
10155
9663
11511
16843
19828
7193
6059
17877
24371
21515
22178
28766
4339
17927
13684
5195
8969
7782
26487
7587
15598
29969
9217
24349
6622
21491
19034
11377
25393
14367
18819
19803
21628
31168
18346
5487
1383
18116
17768
11424
30028
7240
14528
21646
13461
27330
23512
13971
18386
20720
11125
1676
8349
6532
20792
1639
18478
26508
30106
13937
6077
15779
13737
15965
6811
19417
14464
23315
30222
12387
8327
23870
29425
5891
21615
1172
1288
25398
23532
17380
27684
20767
19505
14817
19195
14646
45
27312
20421
25264
6279
1587
19094
4269
32602
18195
19839
13860
27568
13968
12899
31886
8384
24840
8857
2389
25832
18248
31814
11771
27753
6294
12664
28427
13284
378
32003
3520
1688
6993
2332
118
11353
18575
25526
1492
31567
2519
23712
16055
18804
6076
10587
31453
31179
19797
27324
9302
8545
12163
28742
30123
5
7425
21829
26315
18630
29488
21419
31929
30257
13216
26794
26615
9799
30302
10005
7601
14912
13568
21367
22442
13826
14961
9712
9959
7008
17277
19923
1309
15635
7195
4865
4316
17785
17790
12548
24696
27919
28890
18411
6074
7344
23287
32488
11339
30603
21623
13482
1244
2277
742
22907
24342
4500
9862
20250
10309
12599
28888
27222
13508
26422
14314
29295
550
10109
4708
14892
28713
32503
10320
11963
7259
972
17580
30797
19594
3419
29617
2158
5101
28662
14817
12837
7955
14432
12243
10191
21135
8968
3774
31420
10337
19202
31175
30854
30755
19657
4107
565
5624
22710
4970
14612
29748
28991
12313
7505
13259
20721
12518
31320
20347
13355
11338
15596
19897
672
30257
3850
9565
5258
25224
21885
16652
4015
9354
27457
19817
6165
22219
13976
15867
20612
30721
29678
13532
26304
26773
21101
14631
10115
13550
15968
26655
22076
14456
30025
3359
17546
25974
16320
19526
25975
15757
27922
19422
22644
18188
27797
2193
10265
2812
8397
16458
14489
26603
18496
8172
8710
17785
6169
8117
29258
29855
25727
14961
4833
18627
29363
27486
20055
13692
20716
7906
12677
32037
20466
495
17547
15395
31356
23602
22412
23798
9802
24831
24365
16642
31490
8956
7371
10779
2764
5775
3710
12499
22700
20232
25298
21379
26786
25230
27712
27162
13699
8395
20590
2728
10390
2135
28459
10921
28398
9957
15656
2322
18570
20528
3703
11549
11565
22435
3269
1493
25342
14539
21848
30305
25312
23165
31431
23312
9871
22726
26235
21288
15487
407
21992
23406
15733
28717
28555
1397
32738
29506
11172
22439
9474
10741
3249
8724
23480
890
25518
21502
29992
3457
7182
7712
10002
15720
19319
28098
6130
8223
321
3198
4312
7391
4525
28880
28935
13962
22757
2911
16208
30688
12727
7437
29996
30312
7185
25024
24476
6169
20284
7150
12737
1995
13273
19691
9530
1120
412
9714
17473
30385
31946
32245
14725
31290
3955
22564
16837
17542
14960
18239
6961
5977
6683
14748
3712
10655
31441
31223
28112
13079
14632
28925
9538
1727
27121
29591
14674
26622
1516
10743
20215
1684
5454
23395
6526
19778
5875
10948
18982
28472
8035
4078
23932
24643
27526
6573
25205
9139
25383
17555
5965
7693
18219
29316
30754
21877
1934
20222
6991
19674
32033
11305
30601
26079
773
9378
28604
30093
11237
3591
16547
30649
3831
2114
11306
3382
26802
13718
32387
12475
2893
26475
18698
20115
23291
19417
28377
11015
20967
26614
24363
17291
18417
27360
6513
5803
31270
9609
22326
32435
3586
13125
30643
2849
3173
7957
2354
1227
4181
4529
3107
2256
9593
21591
19455
26176
4689
13398
27104
10891
2614
4953
29917
2218
789
12404
11303
1807
10987
30192
18149
8269
14592
22487
24015
17031
5859
3902
21132
22938
7465
15957
20684
20490
24548
18736
17701
12973
18149
28498
26031
25370
28082
29182
10334
1231
1862
21310
17186
4388
16779
31152
4544
15859
25752
17683
32110
8965
10666
24469
16945
19003
1508
22490
11767
5761
25798
20428
13684
11634
3695
19493
31421
20427
13715
28862
8613
19601
26938
13717
3546
31490
26174
24735
26303
26429
1154
20563
32009
7600
15346
25331
28185
16709
32063
1689
8475
22604
23127
15877
31202
31783
15015
9768
23938
22455
5904
18543
25771
8330
31146
17873
22472
30401
15675
9879
20699
22466
18550
23278
7959
4003
16627
14382
18490
21841
29170
32488
17329
32132
25295
13746
19306
28771
22853
25777
24183
19958
17251
32235
20839
27984
17742
32330
2148
8824
26300
4975
14092
30491
7211
21052
16912
16884
10213
18976
7823
18679
3765
289
19248
23104
7270
9387
16129
1983
13312
31514
27155
29088
26562
25097
9169
19323
5342
25944
8996
2112
32503
15103
23625
22752
10075
12182
24685
27068
23552
20384
6925
2766
14912
22939
2320
11930
8532
17608
17825
27602
20626
26810
2254
28108
11623
4513
29666
32676
27922
3412
18307
7729
7717
32032
24458
15529
19901
30802
4261
10258
17532
19334
17327
13680
5963
24750
27338
9896
2001
7137
11330
29238
28850
14569
24353
22931
14728
30091
13714
31331
3746
5268
12534
18018
22655
1448
15304
3597
12040
15818
1329
2576
17553
3242
31338
3954
1166
31410
31190
23170
25109
31695
7131
7297
4631
768
11652
14348
11614
17055
14551
22608
30278
9586
14071
20204
15931
19569
18426
25764
9974
7509
3208
2252
15223
11749
32056
2927
7361
6144
23466
20034
15960
617
6500
6219
28283
27221
20590
30801
9761
31158
10668
25090
23734
30277
19710
29159
23442
5458
14105
1032
19773
16459
4387
2398
1125
5646
26129
18429
13979
13550
20929
29182
9937
6535
1494
16174
31636
7746
16471
30072
15625
26535
4102
3090
13993
18790
642
21866
14524
28707
6172
23503
30103
23557
6521
23776
30357
30717
10988
4021
25814
22998
14736
8655
8634
30465
7720
5824
27420
23070
4536
30361
1871
9546
20448
30488
13529
27947
763
2958
23025
14524
22011
1938
12218
12761
18434
16488
25917
21130
7617
22830
30249
6927
3217
9676
12618
7343
31571
20633
10953
25921
29960
11982
5673
6007
10543
28587
17405
15342
5602
4715
16233
5878
14255
20200
18272
3873
23351
23822
8087
28813
27785
18177
30027
6385
24636
12814
21432
22634
4686
19027
25684
4867
14016
15661
30416
28422
14317
28260
3276
7173
7854
21528
25948
32423
24623
9579
17471
19764
11664
18412
28889
26846
8507
10182
10486
32725
26120
26285
829
17417
13330
3460
32118
17085
16215
11470
12923
10448
29714
6107
29696
32714
7384
9902
17410
12201
20084
10929
27152
20842
13699
536
8253
7766
8656
30229
5088
2065
27501
20416
13842
17764
3478
20420
6117
24517
4933
29899
20068
3500
12692
15527
6735
26005
11223
19525
20371
13779
23925
10834
14475
3355
1419
30890
28921
16332
12351
22661
29891
30207
23012
25952
24173
3667
10194
29357
4442
24949
21251
30778
19394
12914
8302
22881
23666
22460
804
29429
30791
26877
17451
7143
27496
32159
19485
1212
8774
18456
27264
8623
18005
6646
14052
2981
27271
7342
26559
981
909
19236
15112
1588
10189
30714
19606
5793
21282
27801
30262
13525
10838
27904
5517
8968
31327
11343
21427
27492
28509
32274
19084
20523
16207
20558
9190
4775
17561
14926
3669
15573
17462
11306
9165
22992
23484
2844
7684
18687
21269
18050
29829
6142
19959
12722
16532
3917
6440
11906
709
23995
3956
29842
9819
3728
21097
352
24161
13949
21209
32009
14474
836
25869
8160
458
6695
23753
25776
22704
28946
27908
5073
2442
3719
18276
29421
4151
23629
14203
9616
23498
30936
13764
2673
12260
13175
11867
8578
16334
8000
30592
18105
24408
26811
13258
19868
25973
23121
7211
18831
7315
15219
28071
3806
23740
30346
30419
14472
11118
12705
272
16081
32058
17876
4485
27270
29983
16760
15837
12558
15780
24840
4294
17717
22455
10962
14885
26808
31560
6502
1817
19088
26021
185
23990
32255
12692
6685
14462
22107
5426
25313
23967
13213
8590
14791
19951
2985
24581
26410
10151
15451
26971
31724
30947
29270
21150
13089
15829
12427
3003
17021
1740
17547
3037
17790
489
13197
26505
12120
25755
27711
11386
28581
28895
18765
7998
13769
4665
12466
13965
32550
20081
23489
28780
23557
1550
5106
23814
5951
16532
28781
31557
11439
125
24664
17203
14935
23288
3553
31252
22613
20323
26122
11327
900
6794
20792
26816
1777
413
26745
6831
4100
20723
13208
7247
22891
2689
15331
24550
6341
25
32695
19038
6931
21858
4816
7072
15327
9627
30546
172
9002
18703
31638
11128
30230
30295
10422
3214
26200
15186
3543
2660
19548
2533
29753
21114
14389
21619
18431
8246
9547
30235
16831
5503
15555
25268
7369
283
21164
23177
26168
11977
2543
7637
12474
7454
19189
23549
14623
13600
30998
23184
18339
24484
4805
4095
23035
5224
10364
11804
25120
16111
22120
22612
9695
5408
11476
427
2845
15261
13143
11900
23787
21476
29374
5614
21838
20520
12727
24373
30667
10477
20546
30350
2228
20582
28120
13816
11573
32654
18008
23987
30
14600
29109
6266
10094
7607
29281
1920
13987
28445
15992
4651
27076
23413
12205
30098
1322
28559
1525
20408
26130
19054
26869
8838
4068
28322
5164
2698
16961
19814
6624
9586
25551
26490
26826
25670
19908
8127
128
17769
17459
7060
166
12877
10009
19698
32469
31993
10279
585
20294
14652
4429
6170
11335
28078
26635
10321
26714
22636
31095
21352
5933
17295
6925
32572
22846
9585
11321
10157
13898
2207
9382
7417
12922
30620
15172
19414
2637
26715
29211
27473
16708
25466
4819
11369
28495
25408
26623
18282
30970
9813
16173
779
7767
29252
32686
4423
3242
433
25126
24059
24279
6745
5330
11076
14476
1742
22684
6038
26670
28656
25312
27037
15237
21035
4092
15828
29478
2674
12954
29158
164
14079
3005
27079
31605
26567
14220
2706
30886
23231
6881
1825
12607
16337
7569
23150
9076
16541
15737
2988
6800
18416
17997
6181
18849
17669
14880
7890
25828
26238
14003
10684
26095
2336
25469
12565
26273
22097
13438
13333
16073
20051
3524
918
20633
14910
5050
6766
12233
16831
13364
8080
3978
8339
13371
28130
9009
14273
20120
15836
23968
30362
12066
19684
15220
22385
22215
7788
1008
27675
13405
13001
11436
13861
32294
20434
19453
18136
6181
14141
17956
25325
4899
26297
8502
9744
4224
15819
11213
25111
5818
9577
25203
13823
8895
5463
16331
6314
499
4933
25469
21339
16639
1957
15335
10221
15199
1102
7813
7894
6058
22738
31516
14560
15520
4255
5546
161
2806
14040
29453
14271
26592
31729
25717
7141
25698
6413
23947
32644
3415
3351
350
12874
12350
4002
4626
30051
8392
21889
12103
30578
19234
806
3914
5198
7938
26811
7934
21628
8051
25602
13448
26737
9057
1005
16574
7044
4836
18941
11085
31413
11597
9563
17836
11040
9201
951
196
11327
5559
5092
20828
483
14180
5680
28486
496
13473
22149
23371
16859
5585
11329
22487
24548
13973
7125
16485
9236
6428
30239
27561
13558
8747
4488
1151
23573
2544
30941
1430
5689
3462
11246
17371
27488
11591
19945
13224
19070
982
23923
21673
25844
487
21131
28818
17874
6869
15903
6275
8397
11746
18284
3382
5375
14411
8982
32238
24417
7187
24587
18975
14600
1932
9752
12766
23842
18853
16967
8455
29360
7927
7424
304
22017
17294
30171
15953
32242
21879
326
27183
30951
21518
17371
10893
15752
18436
18302
24082
19260
24627
1594
9209
22118
3873
9945
12923
31842
30038
26437
10236
15166
9310
20641
17143
10552
1692
4391
11435
10236
30677
6080
17027
3994
23160
19812
2630
3401
13743
2104
15619
12765
10278
5217
5306
27658
15262
28329
18634
27222
25904
3289
25886
8415
15970
20432
26647
28370
17131
31591
21304
8103
8006
20485
6804
17437
23545
8705
7928
7929
29090
2746
7896
8574
4550
3960
18938
13227
12377
23041
25572
17463
6669
24315
8455
23629
9051
3589
10920
13064
15442
26515
30098
31917
29986
5261
22397
29098
16231
23463
1852
18770
30775
4223
29610
9302
1770
22648
7507
8963
7340
24920
24289
9021
24772
26020
20557
25151
5537
6839
12481
32272
681
25764
847
4804
11969
27601
19028
28536
14236
28752
3498
7947
20933
30460
6033
16540
15722
11352
5211
27592
15342
6439
217
7328
21037
1227
5000
25453
25484
8542
3195
21539
29128
23954
6152
29093
3452
30793
12338
4286
17263
12787
10458
28379
4772
14251
21156
30858
14111
9233
24746
31667
21879
12773
31971
16792
21280
31848
14162
19598
26485
26995
15342
13689
12680
6484
31572
25865
24234
30828
12847
9398
11705
20105
31587
17276
23340
26628
22780
19030
16863
13466
24538
31869
15519
30731
29208
8029
5237
26740
13377
18012
1971
22125
10546
7754
13760
15074
8397
29862
31650
18098
25954
30358
3408
20489
21470
25508
22453
14718
19121
12346
30596
12012
7041
21468
20671
21520
27536
16167
4869
16615
12013
13709
13982
26565
10846
1742
15943
16693
10249
25653
18879
22932
19172
19864
17678
7276
11490
21005
16536
31121
13275
8300
15845
16382
18743
9097
32045
19053
24674
9774
6054
22968
30704
15067
29326
14578
395
25404
22263
1860
23712
13166
14934
17289
20429
27890
970
30121
11529
19821
23084
4534
3217
3365
18138
28872
19094
18748
14659
31641
13224
21930
14130
25311
3040
13052
17884
365
23760
9166
22440
17416
13867
7689
19136
13066
19765
5085
17500
31161
9961
20605
29897
1892
14572
25758
4155
9795
11572
24237
2136
9228
13431
19155
21120
26709
4950
13993
18142
5293
22086
13499
25648
2680
22594
7102
1110
29326
2099
32145
19868
8851
6426
4598
27847
31764
2307
4365
25569
8550
10922
14740
31172
7231
7658
32480
5737
21009
25321
6810
6126
25130
29701
32315
27753
18829
4733
24645
31855
26765
12768
24903
12898
17967
11830
1166
10878
11581
14575
30891
22435
32554
10383
27561
10464
22697
5911
26379
31683
25612
31538
28551
26467
30045
10277
25733
11305
19518
24691
23382
21603
6016
26451
29237
20871
5766
15571
22270
8775
29784
28872
32176
19800
14470
14461
17060
15618
27075
13079
29834
18280
15933
2249
553
28565
30141
20669
18387
11082
14723
27069
14505
14730
7647
12709
24468
21986
8591
18313
29694
21624
18140
17574
32340
29402
8819
6153
18493
27012
31748
28929
5271
2607
23708
25670
23350
30428
9923
14310
1115
15780
5205
499
24566
25916
13857
1518
21659
13898
20803
31986
582
19819
13889
13472
21711
16897
28136
12494
16939
28093
22500
15343
12392
8432
5922
4672
16231
20369
26598
5048
29270
781
15275
10413
29940
7378
14014
17734
30852
13722
27545
14244
25742
9591
28672
11471
22361
163
10205
6242
12840
5381
25052
27382
11575
13443
8646
17232
12147
22538
13471
1610
26109
26462
27262
2434
22365
12707
4655
15556
28294
25255
4746
32312
14734
245
15761
1355
22570
16538
14667
4190
21995
14005
6756
16689
27706
14784
3201
21518
26644
31393
9317
7605
12166
8816
14277
31755
8936
262
22251
9601
21977
6218
17421
837
23550
4155
1130
555
9593
24509
26410
1626
10027
13859
7667
28086
19114
29056
17227
19729
25089
11693
27312
21521
6954
14362
5753
991
12108
29782
12139
9364
18869
32092
23066
9572
25237
4003
17926
21384
2432
2020
21105
5101
23458
681
9473
2974
8639
26778
3610
25330
20978
29575
22265
3957
28961
30772
21905
20631
4163
232
25126
19223
24913
1204
2730
28461
8205
18308
8154
5498
19062
12007
30744
32432
25862
6046
1031
8705
18097
30694
4328
30281
10398
23173
21688
8698
30115
32406
8197
15819
5507
10261
20884
5664
12263
27946
26548
5944
8989
3126
19296
20504
10898
5790
12568
14395
28944
31834
11132
9206
2744
17468
19373
5037
4799
32001
27491
18872
26856
13081
31950
21267
19141
30518
31790
28359
17581
16790
24369
28
13948
15889
7696
30587
26638
19682
12904
24101
27001
17461
10201
28822
15116
15988
6752
29623
30987
338
15989
12486
1832
18836
20196
17414
30658
1954
31851
10790
10973
22737
15128
14450
24804
18797
2401
27579
15648
11146
3328
14855
29687
3720
8597
21241
8421
9063
13561
31487
60
6608
3427
27965
2203
16862
21821
28733
8240
32433
2244
2387
27053
21938
8546
31441
25867
9891
6859
30960
24577
22637
11737
16761
29251
1705
23848
566
379
31724
12145
14876
2312
1235
13223
309
8569
26578
10964
25423
968
3515
29616
14695
1110
10000
5126
11731
16810
23050
31687
22321
746
17766
24043
5650
533
25586
15115
8550
7686
7387
31168
28071
12329
3251
10425
23238
506
21317
18078
21718
7746
29209
11176
21369
31249
1989
28925
25613
12666
29690
29132
10903
21521
12362
16941
1388
32037
27066
14262
16289
13246
9996
24540
32312
20053
1993
16
21511
22102
26640
31637
