32764
32764
32748
32747
32747
32737
32733
32730
32727
32723
32722
32716
32713
32713
32712
32712
32707
32705
32701
32698
32696
32695
32683
32683
32683
32683
32675
32674
32657
32656
32654
32653
32643
32637
32634
32634
32631
32628
32626
32624
32623
32619
32616
32607
32602
32597
32592
32590
32588
32577
32573
32571
32571
32570
32563
32561
32557
32556
32553
32546
32540
32522
32515
32513
32509
32507
32503
32496
32489
32485
32478
32477
32475
32469
32469
32468
32464
32464
32462
32459
32459
32455
32453
32452
32450
32448
32446
32436
32433
32428
32427
32426
32424
32423
32422
32421
32421
32417
32416
32414
32414
32408
32407
32404
32392
32391
32384
32382
32378
32371
32371
32365
32364
32364
32353
32346
32344
32343
32343
32340
32340
32339
32338
32335
32334
32323
32319
32317
32316
32315
32308
32303
32298
32296
32296
32295
32294
32292
32288
32285
32281
32276
32272
32272
32270
32268
32264
32258
32258
32253
32247
32246
32239
32235
32235
32235
32225
32220
32219
32219
32218
32214
32201
32193
32188
32180
32176
32172
32172
32168
32166
32166
32156
32154
32150
32148
32147
32146
32145
32142
32134
32133
32127
32122
32118
32117
32110
32100
32100
32098
32095
32093
32089
32086
32081
32071
32070
32070
32067
32067
32066
32064
32061
32060
32056
32054
32051
32049
32049
32048
32043
32039
32035
32034
32030
32029
32027
32023
32011
32011
32009
31998
31993
31991
31991
31990
31989
31980
31979
31975
31972
31970
31970
31966
31963
31962
31958
31958
31957
31957
31952
31950
31944
31942
31942
31942
31940
31940
31933
31932
31932
31926
31926
31926
31919
31918
31914
31913
31910
31905
31902
31896
31893
31887
31887
31880
31879
31879
31874
31872
31871
31871
31871
31870
31868
31868
31863
31859
31853
31833
31832
31829
31828
31828
31819
31819
31816
31812
31812
31812
31811
31807
31806
31803
31802
31800
31800
31791
31781
31778
31778
31776
31775
31771
31765
31765
31759
31753
31751
31750
31750
31739
31732
31726
31719
31717
31712
31705
31704
31701
31699
31697
31696
31695
31692
31689
31685
31676
31676
31671
31671
31671
31669
31658
31654
31652
31651
31649
31639
31632
31631
31626
31623
31623
31622
31622
31616
31611
31605
31604
31600
31599
31597
31591
31580
31579
31574
31573
31570
31566
31566
31563
31560
31560
31555
31549
31546
31546
31545
31543
31536
31535
31528
31527
31526
31524
31521
31520
31519
31514
31502
31502
31497
31490
31485
31478
31475
31471
31471
31471
31467
31465
31462
31458
31455
31453
31443
31439
31429
31429
31425
31419
31417
31410
31408
31399
31398
31398
31390
31382
31380
31377
31376
31374
31370
31367
31366
31362
31360
31360
31360
31350
31349
31346
31341
31341
31339
31335
31320
31314
31312
31309
31309
31304
31302
31299
31297
31296
31296
31295
31294
31294
31288
31282
31279
31278
31274
31269
31266
31266
31264
31263
31261
31260
31249
31243
31243
31231
31230
31227
31225
31223
31218
31212
31210
31210
31208
31204
31204
31199
31198
31192
31187
31185
31182
31175
31171
31163
31153
31152
31146
31133
31131
31131
31127
31126
31125
31125
31114
31110
31107
31104
31103
31103
31103
31099
31098
31089
31088
31076
31075
31061
31061
31058
31054
31050
31050
31049
31045
31035
31030
31025
31021
31021
31020
31010
31006
30994
30992
30991
30989
30988
30985
30985
30974
30973
30972
30970
30967
30965
30961
30958
30953
30951
30950
30946
30945
30944
30940
30935
30933
30931
30931
30930
30922
30920
30920
30919
30915
30914
30912
30908
30907
30904
30904
30903
30901
30900
30894
30885
30878
30875
30867
30864
30860
30858
30856
30846
30836
30836
30833
30828
30820
30816
30815
30815
30807
30804
30799
30797
30794
30794
30793
30793
30791
30786
30785
30784
30783
30781
30781
30780
30769
30767
30765
30758
30755
30745
30743
30743
30738
30738
30733
30730
30729
30728
30727
30724
30724
30720
30718
30718
30715
30710
30709
30701
30697
30694
30693
30689
30687
30686
30686
30684
30683
30682
30679
30677
30676
30674
30668
30668
30667
30665
30663
30659
30658
30652
30649
30644
30642
30639
30636
30628
30614
30614
30611
30610
30610
30603
30603
30602
30600
30600
30597
30593
30592
30589
30589
30587
30578
30573
30567
30565
30561
30560
30559
30556
30556
30545
30544
30543
30542
30540
30538
30536
30536
30535
30526
30526
30525
30521
30520
30506
30504
30498
30497
30495
30487
30487
30474
30472
30471
30470
30467
30465
30464
30461
30451
30450
30448
30433
30433
30425
30419
30414
30411
30409
30406
30403
30395
30391
30391
30387
30386
30386
30383
30376
30376
30370
30366
30364
30364
30364
30359
30358
30353
30349
30349
30348
30339
30337
30336
30318
30314
30313
30309
30306
30302
30301
30298
30295
30291
30284
30280
30279
30264
30264
30260
30250
30249
30249
30241
30240
30237
30236
30233
30231
30231
30231
30227
30223
30223
30222
30222
30220
30216
30216
30215
30213
30213
30202
30201
30201
30201
30200
30200
30187
30183
30180
30180
30176
30176
30174
30173
30171
30169
30166
30163
30160
30154
30153
30148
30147
30145
30142
30138
30138
30135
30127
30121
30120
30118
30115
30114
30113
30110
30110
30109
30107
30099
30094
30093
30090
30084
30081
30077
30071
30066
30066
30050
30043
30041
30041
30036
30033
30027
30025
30009
30007
30000
29993
29990
29985
29983
29976
29975
29974
29973
29966
29965
29964
29957
29952
29946
29944
29942
29939
29938
29919
29914
29914
29912
29905
29905
29901
29896
29890
29886
29881
29878
29877
29870
29867
29864
29854
29852
29852
29850
29845
29844
29842
29835
29831
29830
29828
29828
29826
29826
29824
29823
29823
29819
29802
29800
29799
29799
29795
29790
29784
29782
29778
29778
29774
29756
29747
29743
29741
29740
29737
29737
29736
29734
29722
29722
29721
29717
29711
29705
29700
29698
29692
29675
29675
29672
29671
29671
29670
29668
29668
29665
29664
29663
29659
29658
29655
29654
29651
29648
29644
29635
29629
29624
29617
29613
29608
29608
29602
29600
29600
29592
29592
29591
29591
29584
29581
29577
29574
29571
29570
29550
29548
29546
29540
29540
29538
29525
29524
29523
29521
29518
29518
29513
29513
29513
29509
29504
29504
29503
29501
29488
29478
29476
29471
29470
29466
29465
29461
29452
29451
29449
29445
29441
29440
29440
29439
29437
29433
29429
29426
29425
29425
29416
29415
29413
29411
29404
29401
29392
29382
29378
29372
29371
29370
29368
29363
29360
29359
29358
29358
29357
29356
29354
29349
29346
29344
29340
29339
29322
29318
29316
29315
29309
29303
29301
29299
29294
29292
29289
29289
29285
29281
29278
29274
29273
29271
29271
29264
29259
29255
29236
29235
29226
29224
29222
29216
29215
29214
29211
29207
29199
29197
29194
29192
29183
29175
29174
29174
29171
29171
29167
29164
29159
29158
29157
29156
29151
29150
29145
29132
29130
29128
29127
29124
29118
29116
29116
29111
29104
29103
29098
29098
29096
29095
29093
29092
29087
29069
29068
29061
29054
29052
29042
29042
29040
29036
29025
29018
29017
29017
29000
28998
28994
28984
28981
28977
28975
28972
28971
28968
28966
28964
28964
28963
28962
28961
28959
28958
28957
28955
28953
28946
28945
28944
28942
28938
28931
28928
28927
28923
28922
28921
28915
28915
28912
28905
28902
28894
28894
28893
28890
28889
28888
28887
28886
28884
28881
28878
28878
28872
28870
28864
28859
28858
28848
28843
28841
28839
28836
28831
28824
28820
28819
28819
28811
28810
28806
28801
28793
28791
28787
28784
28782
28778
28774
28773
28770
28765
28764
28760
28759
28758
28758
28752
28747
28747
28745
28744
28744
28740
28738
28737
28727
28724
28721
28719
28719
28719
28717
28717
28715
28710
28710
28707
28698
28694
28686
28681
28681
28680
28676
28670
28665
28660
28659
28655
28651
28651
28649
28649
28648
28646
28644
28641
28640
28637
28636
28634
28630
28629
28627
28616
28610
28603
28601
28598
28598
28597
28595
28593
28592
28580
28578
28576
28573
28569
28564
28560
28559
28557
28555
28554
28549
28548
28545
28543
28539
28537
28536
28533
28532
28529
28521
28517
28514
28514
28514
28513
28512
28511
28509
28509
28508
28506
28499
28499
28496
28494
28492
28489
28488
28487
28486
28485
28484
28484
28482
28477
28474
28472
28469
28469
28467
28463
28458
28458
28456
28452
28449
28446
28444
28441
28437
28436
28435
28434
28430
28423
28421
28410
28409
28409
28409
28405
28399
28390
28389
28383
28382
28380
28372
28371
28368
28365
28363
28363
28357
28357
28355
28353
28351
28351
28350
28349
28345
28343
28333
28333
28328
28328
28326
28323
28322
28322
28317
28316
28313
28310
28304
28303
28299
28294
28293
28291
28287
28277
28273
28273
28272
28268
28263
28258
28252
28251
28251
28247
28244
28243
28243
28241
28235
28233
28230
28227
28219
28212
28210
28205
28201
28201
28200
28198
28198
28196
28192
28192
28184
28179
28179
28176
28175
28165
28164
28161
28158
28154
28146
28134
28131
28128
28118
28118
28117
28115
28109
28107
28101
28091
28088
28087
28083
28083
28078
28074
28072
28072
28057
28056
28046
28046
28043
28036
28035
28034
28034
28027
28026
28020
28019
28018
28013
28009
28005
28003
28002
27990
27990
27989
27988
27987
27985
27985
27969
27968
27961
27960
27954
27951
27950
27949
27941
27935
27933
27932
27924
27923
27921
27911
27911
27910
27905
27904
27899
27899
27895
27890
27888
27887
27885
27872
27872
27871
27868
27866
27865
27863
27854
27846
27842
27837
27834
27826
27823
27819
27817
27812
27812
27808
27805
27804
27803
27794
27790
27786
27779
27778
27774
27768
27762
27759
27758
27753
27750
27744
27742
27742
27727
27727
27727
27721
27720
27719
27719
27717
27692
27690
27689
27682
27681
27681
27664
27663
27662
27654
27651
27650
27639
27638
27638
27635
27627
27626
27626
27624
27619
27618
27609
27608
27603
27602
27599
27599
27597
27592
27591
27590
27590
27588
27588
27586
27585
27582
27579
27579
27579
27576
27574
27566
27565
27560
27560
27559
27556
27554
27542
27539
27537
27535
27532
27531
27530
27526
27518
27510
27509
27508
27504
27498
27487
27486
27484
27475
27474
27472
27472
27465
27461
27458
27456
27454
27452
27452
27449
27447
27447
27444
27439
27439
27437
27429
27426
27421
27417
27414
27409
27409
27409
27404
27402
27401
27400
27399
27393
27392
27391
27382
27380
27379
27378
27377
27373
27370
27364
27355
27354
27353
27353
27352
27349
27347
27342
27341
27335
27330
27330
27313
27306
27305
27299
27296
27288
27286
27285
27283
27279
27276
27275
27275
27274
27261
27261
27256
27252
27250
27250
27240
27239
27239
27235
27232
27220
27219
27218
27214
27213
27213
27212
27210
27208
27206
27204
27199
27191
27190
27189
27188
27179
27173
27173
27171
27160
27155
27154
27152
27151
27141
27139
27134
27133
27132
27128
27121
27116
27115
27115
27113
27110
27108
27107
27106
27105
27100
27094
27092
27091
27089
27084
27073
27070
27070
27066
27062
27059
27055
27052
27047
27044
27041
27038
27032
27031
27031
27030
27028
27027
27022
27019
27018
27017
27010
27006
27005
27004
27001
26999
26996
26991
26987
26984
26979
26976
26972
26968
26967
26967
26966
26963
26962
26961
26956
26955
26950
26950
26948
26948
26944
26943
26941
26940
26937
26935
26933
26930
26928
26926
26925
26918
26917
26916
26911
26911
26909
26908
26902
26899
26899
26899
26896
26894
26890
26887
26885
26883
26881
26870
26870
26867
26867
26867
26866
26860
26851
26851
26849
26844
26842
26835
26827
26827
26825
26825
26824
26812
26810
26808
26806
26804
26803
26797
26796
26795
26792
26791
26789
26786
26785
26781
26776
26776
26773
26772
26770
26760
26758
26746
26736
26728
26728
26724
26724
26721
26720
26717
26716
26711
26707
26703
26694
26692
26688
26688
26687
26683
26681
26679
26679
26678
26673
26673
26673
26670
26664
26663
26661
26657
26651
26650
26650
26646
26644
26644
26635
26632
26631
26627
26623
26620
26616
26614
26614
26610
26606
26604
26604
26598
26598
26592
26584
26581
26581
26578
26569
26568
26568
26566
26563
26562
26560
26551
26550
26549
26547
26547
26542
26541
26539
26535
26534
26532
26528
26521
26520
26519
26519
26514
26500
26500
26499
26498
26495
26493
26490
26484
26482
26482
26480
26469
26469
26467
26467
26464
26462
26460
26456
26454
26451
26450
26450
26449
26447
26445
26434
26430
26416
26414
26405
26403
26403
26393
26393
26392
26392
26389
26381
26367
26366
26359
26346
26346
26346
26345
26335
26324
26321
26314
26310
26307
26304
26302
26299
26291
26288
26287
26285
26285
26268
26265
26265
26265
26261
26255
26252
26246
26244
26241
26237
26236
26236
26233
26231
26228
26227
26224
26222
26219
26219
26219
26214
26212
26209
26204
26202
26200
26196
26193
26192
26191
26190
26186
26184
26178
26176
26176
26169
26167
26159
26145
26139
26136
26135
26120
26118
26117
26117
26111
26110
26104
26101
26099
26098
26097
26088
26087
26086
26085
26078
26074
26072
26072
26070
26061
26060
26058
26051
26048
26045
26035
26029
26026
26024
26022
26022
26017
26017
26014
26011
26010
26009
26008
26005
26005
26002
25999
25998
25993
25991
25986
25976
25971
25969
25969
25967
25966
25960
25959
25959
25958
25953
25952
25951
25950
25949
25947
25947
25942
25941
25940
25936
25932
25930
25930
25925
25925
25919
25904
25895
25893
25893
25891
25890
25882
25881
25876
25874
25871
25870
25870
25860
25855
25852
25848
25846
25844
25842
25831
25831
25829
25826
25826
25824
25821
25817
25816
25807
25807
25806
25805
25803
25803
25801
25801
25798
25794
25793
25791
25789
25787
25782
25780
25779
25777
25773
25767
25764
25762
25758
25753
25752
25750
25738
25735
25734
25718
25706
25705
25703
25698
25696
25695
25693
25690
25686
25683
25680
25678
25675
25674
25672
25670
25666
25664
25661
25654
25652
25648
25645
25643
25639
25637
25633
25632
25629
25626
25625
25621
25619
25618
25617
25613
25611
25607
25607
25606
25604
25602
25595
25594
25587
25584
25583
25582
25582
25580
25577
25574
25572
25567
25566
25566
25565
25565
25562
25561
25559
25559
25558
25541
25540
25533
25530
25527
25524
25521
25518
25516
25511
25509
25505
25501
25496
25484
25482
25478
25477
25476
25474
25468
25462
25460
25458
25441
25438
25434
25427
25419
25414
25403
25400
25394
25394
25393
25385
25384
25382
25381
25380
25378
25376
25374
25372
25366
25360
25359
25356
25355
25353
25351
25350
25339
25327
25323
25321
25309
25309
25307
25300
25290
25290
25288
25288
25288
25283
25282
25281
25280
25274
25272
25267
25267
25266
25261
25261
25260
25258
25244
25240
25239
25238
25228
25227
25226
25224
25219
25217
25213
25212
25207
25206
25205
25204
25202
25199
25197
25194
25190
25187
25183
25179
25178
25178
25177
25172
25168
25163
25159
25155
25151
25151
25150
25148
25139
25138
25136
25135
25127
25123
25121
25120
25119
25108
25107
25085
25084
25077
25076
25072
25066
25062
25061
25061
25057
25056
25056
25054
25051
25050
25046
25045
25040
25032
25032
25027
25026
25016
25016
25015
25014
25008
25007
25007
25005
24995
24990
24986
24983
24977
24966
24962
24954
24950
24943
24939
24939
24932
24924
24920
24915
24911
24908
24907
24906
24904
24902
24900
24898
24894
24893
24888
24883
24881
24878
24877
24875
24863
24862
24860
24859
24855
24853
24849
24848
24848
24845
24844
24842
24840
24840
24838
24838
24835
24833
24829
24826
24823
24822
24816
24807
24806
24803
24802
24801
24800
24795
24794
24792
24785
24780
24775
24774
24773
24768
24768
24759
24757
24757
24754
24752
24751
24751
24751
24747
24737
24735
24734
24734
24733
24732
24726
24720
24719
24716
24714
24706
24703
24699
24699
24698
24696
24692
24691
24688
24683
24683
24682
24680
24669
24661
24659
24657
24655
24647
24644
24640
24637
24630
24628
24607
24605
24601
24598
24589
24588
24586
24580
24578
24576
24573
24570
24566
24562
24561
24561
24559
24557
24554
24552
24550
24549
24549
24545
24541
24538
24530
24524
24521
24519
24519
24518
24514
24510
24508
24502
24500
24483
24477
24472
24469
24469
24466
24466
24464
24463
24452
24451
24451
24440
24440
24435
24434
24434
24433
24431
24430
24429
24429
24428
24427
24426
24421
24416
24416
24411
24407
24406
24402
24395
24387
24387
24386
24374
24368
24368
24367
24366
24364
24364
24348
24344
24344
24336
24332
24331
24328
24325
24324
24321
24312
24307
24305
24305
24305
24300
24297
24296
24294
24285
24275
24272
24271
24268
24267
24258
24256
24252
24243
24243
24243
24242
24239
24237
24232
24229
24228
24228
24226
24222
24220
24218
24216
24215
24212
24210
24208
24206
24202
24197
24196
24195
24194
24194
24189
24188
24187
24186
24186
24185
24183
24179
24177
24177
24171
24170
24164
24159
24159
24158
24157
24154
24151
24148
24142
24137
24132
24126
24123
24117
24112
24097
24097
24097
24095
24084
24082
24077
24073
24072
24067
24066
24065
24064
24061
24061
24058
24056
24051
24047
24043
24036
24034
24034
24031
24023
24022
24022
24021
24016
24015
24015
24014
24014
24013
24011
24008
24008
23994
23994
23991
23991
23981
23980
23975
23965
23965
23965
23962
23961
23956
23952
23946
23946
23945
23944
23930
23927
23924
23923
23914
23909
23908
23895
23892
23890
23889
23889
23888
23882
23882
23881
23880
23878
23864
23850
23850
23850
23849
23844
23829
23828
23828
23825
23821
23819
23813
23813
23813
23806
23804
23794
23793
23785
23782
23777
23775
23774
23768
23768
23767
23764
23762
23761
23755
23740
23739
23739
23738
23737
23729
23727
23718
23716
23714
23713
23712
23711
23702
23701
23698
23696
23696
23693
23693
23689
23689
23687
23686
23677
23675
23674
23673
23672
23671
23671
23667
23666
23666
23662
23660
23654
23653
23650
23648
23639
23637
23637
23635
23629
23622
23615
23615
23607
23602
23601
23595
23580
23578
23576
23574
23570
23563
23559
23557
23550
23546
23534
23524
23522
23522
23518
23517
23517
23512
23511
23510
23505
23503
23497
23493
23493
23492
23489
23488
23487
23486
23476
23473
23468
23468
23465
23463
23460
23455
23453
23451
23451
23444
23442
23440
23439
23438
23436
23435
23432
23431
23430
23429
23425
23419
23418
23415
23414
23413
23412
23412
23410
23405
23405
23402
23394
23391
23389
23385
23384
23377
23376
23376
23375
23375
23367
23365
23365
23363
23362
23359
23356
23354
23352
23351
23349
23349
23347
23346
23344
23335
23329
23327
23326
23326
23321
23319
23316
23315
23309
23309
23297
23295
23295
23290
23287
23276
23267
23267
23267
23266
23264
23262
23260
23260
23258
23253
23252
23251
23251
23247
23244
23241
23237
23236
23232
23229
23219
23219
23218
23210
23201
23194
23192
23190
23183
23178
23169
23167
23163
23161
23158
23157
23154
23140
23138
23133
23132
23131
23124
23116
23115
23111
23111
23107
23106
23099
23099
23083
23080
23079
23077
23068
23064
23062
23057
23052
23052
23049
23048
23048
23046
23031
23026
23025
23024
23022
23017
23016
23006
23004
23000
22994
22990
22988
22986
22986
22985
22978
22971
22970
22962
22962
22961
22955
22954
22954
22948
22948
22938
22934
22934
22930
22928
22924
22920
22910
22907
22903
22903
22891
22888
22886
22885
22879
22869
22867
22866
22860
22854
22853
22851
22849
22848
22848
22848
22845
22843
22840
22835
22826
22825
22824
22824
22823
22822
22821
22820
22814
22813
22813
22811
22810
22803
22801
22800
22797
22794
22787
22785
22769
22765
22763
22762
22760
22759
22759
22759
22756
22754
22749
22731
22730
22729
22726
22725
22724
22718
22718
22716
22701
22700
22695
22694
22686
22685
22685
22681
22677
22676
22676
22672
22667
22666
22666
22661
22655
22653
22651
22637
22635
22630
22624
22621
22610
22609
22606
22604
22604
22600
22595
22591
22585
22585
22584
22582
22572
22564
22563
22557
22555
22553
22553
22549
22543
22543
22540
22535
22535
22532
22530
22525
22523
22519
22516
22502
22498
22497
22497
22492
22492
22492
22492
22489
22487
22482
22480
22479
22479
22472
22465
22465
22461
22456
22454
22448
22447
22446
22446
22445
22439
22437
22436
22435
22434
22434
22434
22434
22432
22428
22421
22421
22417
22413
22412
22408
22407
22401
22398
22392
22388
22384
22383
22379
22377
22368
22364
22361
22351
22350
22348
22346
22342
22335
22335
22326
22322
22321
22318
22314
22313
22308
22298
22298
22297
22295
22290
22285
22284
22283
22280
22277
22276
22273
22273
22268
22267
22266
22255
22246
22237
22236
22234
22233
22227
22221
22217
22215
22213
22209
22208
22195
22188
22185
22181
22181
22174
22156
22152
22145
22135
22115
22114
22113
22112
22111
22106
22105
22099
22097
22094
22094
22090
22089
22087
22081
22079
22076
22074
22069
22055
22046
22046
22041
22039
22037
22032
22031
22011
22009
22009
22006
22003
21992
21990
21985
21984
21981
21979
21972
21963
21962
21957
21953
21943
21941
21934
21932
21928
21927
21926
21920
21917
21912
21909
21906
21905
21903
21899
21899
21895
21891
21886
21885
21885
21876
21874
21871
21865
21858
21858
21857
21856
21855
21852
21848
21847
21843
21835
21834
21834
21830
21825
21822
21816
21815
21815
21814
21811
21806
21804
21803
21798
21796
21793
21790
21783
21778
21777
21777
21775
21764
21763
21762
21760
21751
21750
21749
21748
21740
21738
21732
21730
21729
21728
21725
21724
21712
21712
21711
21711
21710
21706
21700
21695
21691
21690
21686
21685
21685
21682
21677
21672
21670
21669
21667
21665
21661
21655
21655
21654
21653
21649
21649
21648
21647
21647
21646
21642
21640
21638
21638
21636
21635
21630
21623
21617
21614
21612
21606
21581
21579
21575
21569
21568
21560
21557
21550
21546
21546
21543
21538
21536
21535
21533
21526
21525
21523
21523
21516
21515
21514
21514
21512
21511
21511
21510
21509
21508
21502
21498
21497
21496
21496
21495
21494
21473
21472
21472
21465
21463
21461
21459
21458
21456
21455
21455
21453
21452
21450
21450
21450
21449
21446
21445
21443
21433
21429
21417
21415
21410
21406
21405
21405
21405
21403
21401
21395
21395
21390
21385
21383
21381
21376
21376
21376
21375
21371
21368
21367
21366
21358
21353
21347
21344
21335
21332
21323
21320
21316
21313
21307
21299
21299
21298
21298
21297
21296
21296
21295
21293
21288
21287
21287
21282
21271
21270
21268
21265
21264
21263
21261
21258
21254
21254
21254
21253
21250
21248
21244
21243
21237
21230
21227
21221
21220
21215
21212
21210
21206
21202
21200
21199
21196
21194
21186
21182
21175
21171
21168
21165
21159
21152
21144
21141
21137
21135
21133
21132
21126
21125
21125
21124
21121
21121
21114
21114
21112
21110
21109
21107
21102
21102
21098
21095
21093
21088
21082
21078
21077
21073
21070
21063
21059
21055
21053
21052
21051
21048
21045
21041
21041
21039
21037
21037
21032
21031
21026
21024
21019
21017
21017
21015
21010
21008
21008
21007
21003
21000
21000
20998
20996
20992
20991
20990
20987
20986
20985
20982
20982
20978
20973
20961
20959
20959
20958
20957
20945
20943
20941
20938
20936
20929
20928
20928
20926
20923
20922
20922
20921
20919
20917
20917
20914
20911
20908
20907
20906
20899
20899
20897
20897
20895
20892
20890
20889
20888
20887
20880
20878
20874
20872
20866
20864
20862
20860
20858
20858
20857
20855
20855
20854
20853
20852
20851
20848
20846
20840
20838
20838
20831
20813
20807
20803
20800
20800
20796
20793
20788
20785
20776
20776
20774
20774
20772
20772
20769
20765
20763
20761
20758
20757
20750
20750
20742
20735
20721
20719
20717
20715
20714
20711
20711
20702
20700
20700
20693
20691
20684
20681
20680
20680
20676
20675
20673
20669
20669
20665
20665
20662
20656
20654
20651
20649
20644
20644
20642
20640
20639
20638
20636
20628
20624
20622
20620
20618
20614
20606
20598
20594
20589
20578
20574
20572
20569
20569
20563
20553
20552
20549
20549
20548
20546
20542
20542
20542
20540
20533
20533
20533
20532
20530
20526
20524
20524
20524
20524
20522
20520
20518
20515
20510
20508
20507
20507
20505
20501
20500
20498
20488
20488
20479
20476
20474
20471
20468
20465
20463
20461
20450
20450
20446
20442
20440
20439
20437
20437
20432
20429
20422
20419
20417
20414
20412
20411
20405
20397
20394
20393
20392
20390
20390
20381
20375
20373
20366
20363
20361
20358
20356
20354
20352
20349
20345
20342
20337
20336
20330
20330
20327
20323
20323
20323
20319
20318
20314
20314
20310
20307
20305
20298
20297
20296
20278
20273
20269
20267
20263
20258
20257
20255
20252
20250
20245
20242
20236
20233
20232
20219
20218
20217
20204
20203
20196
20193
20191
20186
20177
20176
20174
20166
20164
20162
20159
20158
20156
20151
20150
20148
20147
20141
20140
20133
20133
20132
20130
20129
20127
20120
20118
20110
20110
20107
20107
20106
20102
20101
20097
20096
20094
20092
20092
20088
20087
20087
20086
20082
20081
20077
20069
20069
20058
20057
20057
20056
20052
20049
20046
20040
20038
20036
20034
20030
20021
20018
20012
20008
20006
20006
20000
19995
19994
19987
19981
19975
19975
19973
19973
19964
19964
19961
19955
19950
19945
19942
19939
19939
19938
19937
19934
19932
19929
19928
19921
19914
19913
19911
19908
19908
19904
19904
19902
19900
19900
19895
19892
19887
19885
19883
19879
19876
19874
19874
19873
19869
19860
19859
19855
19851
19843
19824
19824
19823
19823
19821
19821
19817
19812
19811
19806
19799
19798
19797
19797
19793
19791
19789
19771
19766
19765
19748
19738
19733
19732
19731
19729
19729
19729
19729
19729
19725
19719
19719
19718
19712
19712
19710
19709
19703
19702
19702
19701
19697
19696
19687
19687
19686
19679
19677
19677
19677
19676
19675
19674
19671
19669
19665
19662
19655
19654
19651
19645
19637
19632
19632
19628
19626
19626
19623
19622
19616
19612
19612
19607
19606
19600
19599
19596
19592
19591
19591
19590
19582
19579
19579
19577
19576
19572
19569
19567
19563
19553
19541
19538
19533
19531
19530
19523
19516
19515
19510
19506
19505
19504
19504
19493
19492
19490
19487
19482
19479
19478
19467
19466
19463
19458
19457
19457
19453
19452
19449
19445
19439
19436
19434
19433
19430
19430
19430
19429
19427
19425
19423
19422
19421
19415
19415
19414
19408
19406
19404
19403
19403
19400
19398
19397
19393
19384
19378
19370
19367
19362
19361
19358
19357
19351
19351
19348
19340
19340
19339
19339
19336
19336
19326
19322
19319
19318
19315
19314
19312
19312
19309
19309
19306
19305
19299
19298
19292
19288
19288
19287
19286
19282
19281
19279
19276
19273
19268
19267
19262
19261
19260
19254
19253
19252
19244
19242
19242
19241
19240
19234
19226
19222
19220
19220
19220
19218
19218
19216
19210
19209
19203
19203
19198
19193
19191
19184
19182
19177
19176
19170
19169
19167
19164
19156
19155
19149
19144
19144
19139
19125
19122
19121
19119
19115
19109
19094
19089
19087
19074
19070
19070
19062
19052
19051
19045
19043
19041
19041
19039
19032
19026
19025
19024
19021
19014
19012
19011
19006
18998
18997
18997
18990
18990
18990
18987
18982
18980
18974
18969
18963
18963
18961
18957
18954
18947
18943
18943
18942
18938
18934
18933
18932
18932
18930
18927
18923
18921
18916
18914
18911
18908
18907
18905
18902
18901
18894
18888
18882
18881
18879
18877
18869
18868
18866
18860
18858
18854
18843
18837
18837
18833
18832
18832
18829
18829
18826
18824
18809
18806
18803
18799
18799
18797
18796
18794
18791
18789
18788
18787
18784
18782
18779
18778
18768
18766
18766
18766
18765
18760
18743
18742
18740
18740
18736
18726
18725
18722
18720
18718
18715
18712
18711
18698
18698
18697
18696
18693
18691
18682
18680
18679
18679
18678
18670
18663
18663
18660
18660
18658
18657
18649
18646
18635
18635
18631
18629
18629
18629
18629
18627
18627
18627
18618
18608
18607
18597
18585
18581
18580
18575
18574
18571
18567
18566
18566
18564
18563
18559
18559
18556
18555
18552
18551
18546
18543
18536
18534
18530
18530
18527
18522
18522
18521
18514
18511
18510
18509
18506
18505
18504
18504
18502
18498
18498
18494
18492
18487
18476
18475
18474
18469
18465
18464
18458
18457
18448
18442
18442
18438
18437
18435
18433
18431
18419
18418
18417
18414
18411
18407
18404
18400
18395
18395
18394
18393
18392
18392
18383
18382
18380
18380
18374
18371
18368
18362
18357
18354
18354
18345
18345
18344
18342
18338
18325
18323
18322
18319
18316
18314
18309
18305
18303
18302
18298
18291
18288
18282
18280
18274
18273
18269
18269
18265
18256
18254
18252
18249
18245
18242
18233
18229
18227
18226
18223
18222
18221
18215
18215
18213
18209
18196
18189
18188
18185
18183
18180
18178
18178
18174
18172
18169
18161
18161
18159
18159
18156
18147
18147
18146
18143
18142
18138
18136
18136
18134
18133
18126
18114
18110
18107
18101
18094
18092
18085
18075
18075
18072
18072
18069
18058
18058
18052
18052
18052
18043
18038
18038
18033
18033
18031
18030
18026
18025
18025
18024
18022
18022
18014
18003
18002
18000
17991
17988
17986
17984
17972
17971
17971
17971
17967
17964
17964
17959
17956
17951
17948
17939
17936
17933
17929
17924
17923
17922
17921
17914
17910
17907
17905
17899
17890
17886
17872
17870
17867
17864
17862
17852
17850
17847
17842
17838
17833
17832
17827
17827
17820
17817
17814
17813
17812
17804
17803
17802
17801
17798
17794
17794
17791
17786
17779
17759
17757
17753
17748
17740
17733
17724
17722
17720
17720
17720
17720
17718
17715
17710
17704
17702
17694
17691
17686
17675
17672
17670
17660
17657
17655
17644
17644
17641
17637
17636
17634
17633
17630
17628
17625
17610
17609
17608
17606
17601
17599
17591
17590
17581
17580
17577
17575
17565
17560
17555
17553
17548
17547
17544
17533
17531
17530
17527
17525
17524
17524
17522
17519
17518
17517
17507
17505
17504
17503
17501
17501
17495
17495
17494
17489
17481
17479
17474
17472
17471
17469
17468
17467
17459
17447
17443
17442
17440
17438
17438
17429
17426
17423
17414
17412
17409
17408
17405
17405
17405
17403
17402
17395
17395
17391
17386
17385
17383
17380
17374
17364
17357
17356
17354
17352
17349
17348
17347
17342
17331
17316
17315
17315
17301
17298
17296
17290
17277
17277
17277
17266
17266
17265
17262
17261
17259
17258
17258
17255
17254
17251
17250
17242
17241
17239
17233
17229
17227
17227
17225
17225
17221
17220
17215
17209
17209
17203
17197
17188
17186
17183
17182
17180
17179
17175
17174
17171
17169
17160
17154
17148
17141
17140
17138
17135
17134
17131
17126
17126
17120
17119
17117
17115
17081
17080
17074
17072
17071
17071
17071
17071
17070
17060
17057
17054
17045
17042
17035
17026
17026
17025
17024
17019
17001
17001
17000
16999
16993
16992
16991
16989
16988
16988
16987
16984
16982
16980
16967
16965
16965
16963
16962
16961
16956
16951
16946
16946
16939
16937
16936
16932
16926
16923
16923
16922
16916
16915
16914
16912
16907
16904
16902
16902
16899
16898
16890
16890
16885
16885
16885
16883
16880
16878
16878
16872
16869
16869
16867
16865
16862
16858
16854
16853
16847
16847
16846
16845
16841
16841
16840
16836
16821
16818
16808
16803
16803
16803
16802
16798
16795
16795
16789
16786
16783
16779
16773
16771
16758
16751
16744
16743
16738
16737
16734
16725
16715
16713
16712
16712
16711
16705
16701
16694
16692
16689
16680
16676
16671
16668
16666
16666
16665
16665
16660
16658
16653
16652
16644
16642
16640
16638
16632
16623
16622
16619
16618
16618
16618
16617
16611
16611
16609
16606
16604
16599
16597
16594
16581
16577
16575
16569
16556
16556
16554
16552
16551
16548
16547
16545
16534
16531
16522
16520
16519
16516
16510
16509
16505
16502
16491
16491
16489
16487
16478
16476
16475
16468
16462
16458
16456
16453
16453
16440
16429
16425
16421
16418
16412
16411
16410
16409
16408
16405
16393
16392
16390
16388
16387
16386
16379
16378
16375
16375
16373
16372
16370
16367
16365
16365
16362
16362
16362
16359
16359
16355
16352
16352
16351
16350
16347
16344
16339
16335
16334
16333
16331
16329
16329
16328
16318
16316
16315
16312
16312
16306
16304
16300
16299
16296
16296
16291
16291
16289
16288
16283
16282
16277
16275
16271
16267
16265
16263
16257
16254
16250
16242
16236
16223
16221
16219
16217
16211
16204
16204
16203
16202
16201
16199
16199
16185
16183
16180
16168
16165
16164
16164
16160
16155
16155
16155
16148
16144
16142
16136
16127
16126
16126
16126
16120
16113
16112
16110
16109
16106
16090
16088
16076
16070
16068
16063
16062
16058
16054
16048
16047
16041
16041
16036
16034
16032
16026
16025
16024
16022
16020
16018
16016
16011
16010
16008
16004
16003
16001
15998
15997
15995
15993
15989
15988
15986
15981
15978
15970
15969
15955
15954
15949
15949
15948
15947
15944
15943
15942
15941
15940
15939
15939
15937
15936
15936
15935
15934
15930
15923
15917
15917
15915
15914
15908
15904
15902
15900
15896
15895
15884
15882
15880
15876
15873
15869
15869
15860
15860
15856
15855
15855
15854
15848
15846
15845
15842
15842
15833
15827
15823
15820
15816
15809
15801
15797
15795
15792
15789
15787
15781
15778
15776
15764
15758
15755
15754
15752
15746
15740
15737
15727
15725
15723
15721
15720
15717
15714
15710
15710
15708
15706
15699
15698
15697
15693
15692
15688
15688
15687
15686
15686
15682
15682
15674
15672
15669
15667
15663
15661
15654
15650
15649
15649
15647
15645
15644
15640
15637
15637
15636
15635
15633
15629
15628
15626
15622
15618
15612
15606
15602
15602
15601
15600
15598
15595
15592
15591
15591
15590
15589
15586
15583
15579
15574
15571
15570
15562
15556
15551
15542
15539
15537
15533
15533
15522
15522
15517
15515
15514
15513
15502
15501
15496
15492
15491
15485
15484
15483
15481
15481
15481
15475
15472
15469
15468
15463
15457
15454
15451
15442
15439
15434
15434
15427
15418
15417
15403
15402
15398
15388
15387
15387
15382
15382
15379
15376
15375
15365
15363
15356
15353
15352
15352
15348
15340
15333
15333
15329
15326
15321
15316
15315
15312
15299
15298
15298
15295
15295
15295
15293
15289
15284
15281
15278
15274
15274
15271
15271
15270
15266
15266
15260
15259
15259
15254
15253
15253
15252
15251
15248
15244
15239
15238
15238
15237
15234
15234
15230
15228
15225
15220
15219
15217
15211
15209
15203
15195
15187
15182
15181
15178
15170
15167
15166
15162
15160
15159
15154
15154
15149
15148
15139
15139
15135
15133
15128
15123
15122
15119
15117
15111
15110
15109
15106
15105
15105
15086
15080
15078
15071
15066
15066
15065
15063
15059
15043
15042
15041
15039
15033
15018
15015
15011
15007
14998
14995
14994
14993
14990
14990
14984
14982
14978
14977
14977
14977
14973
14972
14966
14959
14959
14956
14956
14949
14949
14948
14943
14937
14937
14930
14926
14926
14924
14916
14911
14910
14910
14908
14905
14905
14901
14897
14891
14891
14886
14886
14882
14881
14880
14878
14876
14875
14873
14870
14869
14859
14855
14845
14843
14840
14838
14836
14825
14820
14818
14818
14816
14814
14808
14805
14801
14801
14800
14795
14795
14793
14790
14785
14784
14783
14781
14781
14781
14772
14770
14769
14767
14766
14764
14755
14753
14743
14742
14740
14739
14739
14731
14728
14728
14722
14715
14709
14700
14692
14691
14683
14682
14681
14679
14677
14676
14673
14673
14668
14662
14661
14661
14661
14658
14657
14656
14650
14639
14637
14629
14616
14602
14600
14599
14596
14589
14587
14584
14580
14579
14578
14565
14564
14553
14552
14552
14552
14551
14546
14544
14542
14530
14529
14521
14515
14514
14514
14513
14512
14510
14507
14502
14495
14489
14488
14482
14480
14479
14478
14472
14470
14470
14468
14467
14463
14462
14452
14451
14447
14444
14443
14441
14437
14437
14433
14427
14425
14423
14423
14421
14419
14415
14409
14400
14391
14391
14383
14382
14381
14380
14375
14375
14367
14360
14344
14344
14337
14333
14331
14329
14328
14327
14327
14327
14321
14319
14319
14316
14316
14307
14305
14305
14304
14303
14301
14295
14294
14287
14281
14277
14273
14266
14262
14261
14258
14256
14254
14249
14245
14243
14239
14236
14233
14232
14229
14228
14226
14223
14222
14221
14217
14217
14213
14209
14208
14204
14202
14201
14197
14192
14189
14189
14177
14176
14175
14173
14169
14169
14168
14160
14160
14151
14148
14146
14141
14135
14134
14128
14122
14122
14120
14118
14108
14104
14103
14101
14096
14092
14084
14080
14079
14075
14073
14053
14048
14044
14029
14029
14027
14019
14018
14016
14013
14010
14007
14001
13992
13992
13992
13991
13990
13988
13979
13978
13975
13972
13972
13971
13970
13964
13963
13959
13957
13953
13946
13944
13942
13937
13935
13932
13932
13928
13926
13921
13921
13915
13914
13911
13910
13909
13905
13905
13902
13899
13896
13895
13893
13887
13885
13879
13873
13871
13867
13862
13862
13861
13859
13856
13854
13853
13851
13850
13848
13845
13844
13840
13838
13837
13836
13831
13830
13830
13824
13824
13818
13818
13809
13805
13803
13798
13796
13794
13790
13788
13787
13780
13779
13774
13768
13767
13760
13755
13750
13744
13729
13728
13728
13713
13707
13703
13702
13700
13698
13695
13695
13693
13690
13686
13684
13683
13683
13674
13671
13664
13663
13659
13657
13656
13650
13647
13646
13644
13640
13639
13638
13627
13625
13620
13617
13616
13616
13614
13608
13604
13602
13600
13591
13590
13589
13589
13586
13581
13578
13570
13568
13562
13561
13558
13557
13556
13538
13536
13535
13535
13533
13533
13532
13529
13526
13524
13523
13522
13519
13516
13513
13510
13504
13503
13502
13500
13500
13499
13498
13494
13492
13490
13487
13485
13485
13484
13480
13471
13468
13462
13459
13457
13456
13454
13453
13450
13441
13440
13440
13439
13435
13434
13433
13427
13426
13420
13419
13418
13408
13407
13403
13402
13400
13398
13396
13396
13395
13393
13392
13385
13380
13376
13375
13375
13364
13357
13357
13356
13350
13350
13346
13339
13338
13337
13337
13331
13330
13328
13321
13318
13317
13315
13314
13312
13311
13311
13309
13307
13307
13306
13303
13293
13292
13289
13288
13276
13274
13273
13262
13261
13260
13255
13254
13252
13250
13242
13236
13231
13229
13216
13216
13209
13204
13194
13188
13187
13184
13184
13183
13182
13180
13179
13176
13176
13173
13167
13166
13159
13156
13154
13147
13140
13137
13137
13136
13129
13128
13120
13110
13106
13105
13098
13095
13094
13090
13087
13082
13081
13072
13070
13060
13058
13058
13058
13058
13057
13055
13047
13036
13034
13031
13030
13026
13023
13021
13018
13012
13012
13006
13006
13005
13003
13002
12997
12994
12994
12993
12991
12984
12976
12976
12973
12973
12972
12972
12968
12965
12958
12947
12941
12931
12929
12925
12914
12906
12904
12903
12899
12899
12892
12889
12889
12888
12887
12881
12877
12872
12868
12865
12855
12855
12853
12852
12850
12848
12848
12844
12842
12828
12828
12820
12818
12811
12808
12807
12803
12797
12793
12786
12782
12782
12781
12774
12773
12773
12765
12755
12753
12750
12747
12742
12736
12734
12734
12734
12733
12731
12731
12729
12729
12728
12728
12721
12715
12715
12714
12713
12712
12702
12697
12695
12684
12678
12676
12670
12667
12663
12663
12662
12657
12652
12650
12644
12635
12635
12634
12628
12625
12623
12621
12619
12618
12617
12615
12614
12609
12606
12603
12600
12597
12587
12583
12578
12573
12572
12569
12568
12567
12558
12556
12554
12551
12551
12550
12550
12542
12539
12534
12534
12533
12531
12530
12527
12525
12523
12523
12522
12517
12512
12509
12506
12504
12504
12503
12501
12498
12495
12493
12484
12481
12480
12477
12477
12470
12467
12465
12460
12452
12448
12442
12442
12441
12436
12432
12432
12418
12414
12413
12411
12407
12405
12403
12400
12400
12388
12384
12383
12382
12381
12378
12374
12364
12364
12362
12357
12356
12356
12354
12353
12350
12348
12346
12343
12340
12339
12338
12335
12333
12324
12322
12317
12313
12311
12310
12305
12291
12289
12288
12285
12284
12279
12275
12269
12267
12259
12257
12254
12253
12252
12248
12247
12244
12236
12235
12226
12223
12220
12214
12214
12213
12210
12206
12198
12191
12190
12188
12177
12173
12169
12169
12165
12163
12159
12159
12156
12155
12153
12146
12145
12140
12139
12138
12137
12135
12131
12131
12125
12124
12124
12121
12114
12114
12113
12104
12102
12100
12098
12097
12094
12091
12091
12086
12084
12080
12073
12072
12070
12065
12061
12060
12055
12050
12049
12048
12043
12040
12038
12033
12024
12024
12016
12015
12013
12013
12013
12012
12010
12008
12007
12006
12004
12002
11997
11996
11995
11992
11992
11989
11984
11977
11976
11976
11973
11972
11970
11966
11962
11962
11959
11957
11948
11940
11918
11915
11914
11913
11913
11907
11903
11903
11895
11895
11890
11887
11886
11881
11872
11869
11869
11868
11865
11863
11854
11854
11852
11850
11849
11844
11843
11835
11834
11830
11823
11818
11818
11812
11811
11801
11799
11799
11786
11786
11784
11780
11780
11777
11775
11775
11775
11774
11772
11770
11769
11767
11763
11757
11755
11747
11747
11739
11733
11725
11723
11721
11709
11706
11703
11700
11699
11693
11686
11685
11684
11683
11679
11675
11674
11672
11658
11657
11654
11648
11635
11633
11629
11626
11622
11620
11618
11616
11614
11613
11612
11602
11595
11587
11586
11586
11583
11583
11577
11576
11574
11571
11571
11570
11570
11570
11568
11567
11566
11555
11549
11545
11544
11541
11539
11535
11535
11531
11529
11527
11526
11523
11520
11516
11508
11506
11506
11502
11501
11498
11494
11492
11488
11482
11480
11477
11476
11472
11471
11469
11467
11465
11463
11459
11458
11457
11455
11439
11437
11432
11431
11428
11425
11424
11423
11420
11417
11415
11413
11412
11408
11405
11403
11402
11400
11400
11393
11390
11389
11388
11386
11384
11376
11373
11371
11368
11356
11352
11351
11350
11349
11349
11348
11347
11347
11345
11343
11339
11338
11337
11333
11317
11317
11316
11302
11300
11293
11286
11285
11284
11280
11279
11275
11274
11274
11274
11269
11267
11266
11266
11266
11264
11262
11259
11259
11259
11250
11243
11243
11241
11239
11233
11232
11229
11226
11224
11224
11216
11213
11212
11202
11194
11194
11193
11192
11192
11191
11174
11172
11172
11172
11164
11159
11159
11148
11141
11140
11139
11138
11138
11137
11137
11132
11130
11125
11123
11123
11121
11119
11109
11098
11098
11096
11093
11088
11088
11087
11087
11081
11077
11071
11070
11068
11060
11059
11057
11057
11056
11055
11052
11050
11050
11042
11039
11036
11030
11027
11024
11014
11010
11009
11008
11007
11006
11003
10998
10994
10989
10988
10976
10976
10973
10968
10968
10967
10967
10966
10965
10964
10958
10958
10955
10948
10938
10937
10935
10934
10932
10930
10929
10928
10924
10920
10920
10917
10916
10916
10909
10907
10899
10899
10897
10894
10892
10890
10887
10880
10879
10879
10876
10871
10870
10864
10864
10862
10860
10858
10858
10857
10852
10851
10851
10841
10840
10839
10838
10837
10837
10832
10832
10824
10820
10816
10813
10799
10797
10789
10789
10788
10786
10782
10780
10778
10776
10771
10766
10759
10759
10756
10741
10740
10739
10735
10728
10727
10724
10723
10722
10721
10720
10719
10717
10713
10713
10712
10710
10700
10697
10696
10694
10690
10685
10680
10679
10674
10674
10673
10666
10666
10660
10659
10659
10651
10645
10643
10637
10628
10619
10612
10611
10609
10609
10607
10603
10601
10595
10591
10588
10587
10577
10576
10573
10573
10572
10571
10570
10569
10564
10562
10561
10560
10558
10553
10552
10543
10542
10542
10537
10535
10533
10532
10524
10523
10518
10516
10502
10500
10491
10489
10481
10477
10471
10470
10467
10464
10463
10459
10457
10455
10451
10448
10444
10437
10434
10427
10423
10422
10419
10417
10416
10414
10410
10408
10404
10403
10401
10398
10395
10391
10388
10387
10386
10385
10377
10376
10373
10370
10365
10357
10355
10352
10351
10346
10331
10328
10328
10321
10319
10318
10314
10307
10301
10299
10299
10296
10295
10294
10293
10292
10289
10288
10284
10283
10279
10278
10271
10266
10265
10264
10259
10253
10253
10252
10233
10231
10226
10222
10220
10220
10214
10207
10203
10201
10201
10200
10189
10189
10188
10184
10184
10179
10177
10176
10171
10169
10163
10163
10159
10155
10152
10151
10151
10149
10144
10144
10140
10136
10133
10132
10131
10128
10125
10122
10115
10108
10107
10105
10091
10089
10087
10085
10079
10079
10078
10070
10068
10067
10057
10057
10051
10047
10047
10044
10039
10039
10038
10033
10033
10030
10029
10026
10024
10021
10017
10014
10011
10011
10001
10000
9998
9997
9995
9990
9988
9988
9983
9976
9973
9973
9971
9971
9966
9965
9965
9961
9961
9956
9955
9953
9952
9949
9944
9944
9944
9942
9936
9936
9931
9928
9926
9906
9901
9894
9893
9886
9881
9877
9875
9875
9871
9865
9865
9862
9856
9855
9853
9852
9846
9842
9839
9837
9836
9835
9832
9831
9830
9827
9824
9820
9819
9818
9817
9814
9807
9806
9805
9805
9804
9803
9799
9798
9788
9775
9766
9765
9761
9760
9755
9752
9750
9748
9747
9747
9746
9744
9743
9741
9739
9737
9735
9727
9724
9722
9722
9714
9711
9711
9706
9695
9693
9692
9691
9691
9689
9675
9669
9668
9668
9667
9666
9663
9662
9660
9656
9652
9640
9640
9640
9634
9631
9630
9630
9623
9621
9619
9613
9611
9608
9604
9602
9595
9593
9590
9587
9587
9583
9582
9579
9577
9574
9569
9566
9563
9563
9560
9559
9556
9553
9549
9548
9547
9547
9546
9542
9541
9537
9534
9533
9532
9531
9530
9526
9525
9518
9515
9514
9504
9503
9495
9494
9492
9485
9482
9477
9476
9475
9464
9454
9451
9448
9442
9438
9437
9431
9429
9427
9425
9423
9421
9421
9418
9414
9411
9409
9405
9403
9403
9399
9395
9392
9386
9385
9385
9380
9377
9373
9372
9366
9363
9360
9359
9359
9351
9347
9345
9342
9339
9337
9323
9310
9310
9309
9304
9299
9290
9286
9276
9273
9272
9271
9269
9266
9259
9257
9257
9256
9250
9247
9247
9245
9241
9239
9228
9228
9224
9224
9221
9220
9219
9212
9211
9209
9204
9203
9200
9194
9192
9192
9186
9183
9173
9172
9167
9166
9165
9164
9163
9160
9160
9155
9148
9144
9143
9137
9118
9117
9116
9114
9111
9111
9107
9105
9096
9095
9088
9078
9075
9070
9067
9067
9065
9064
9062
9061
9060
9059
9057
9050
9043
9041
9041
9034
9027
9012
9005
9002
8999
8997
8995
8994
8985
8981
8977
8972
8971
8965
8960
8956
8949
8946
8943
8941
8939
8935
8931
8931
8929
8925
8923
8914
8914
8914
8913
8910
8904
8903
8901
8901
8898
8894
8890
8883
8881
8880
8879
8870
8868
8866
8864
8863
8862
8862
8859
8858
8855
8848
8843
8842
8842
8839
8837
8837
8837
8835
8834
8829
8827
8823
8815
8811
8809
8795
8794
8793
8787
8787
8784
8784
8771
8761
8757
8754
8750
8746
8746
8733
8729
8723
8719
8719
8716
8716
8706
8706
8702
8700
8700
8697
8696
8694
8693
8691
8690
8688
8687
8685
8683
8680
8676
8672
8670
8661
8661
8658
8651
8649
8646
8646
8644
8643
8642
8633
8628
8628
8627
8626
8625
8624
8624
8620
8620
8619
8616
8612
8610
8606
8604
8600
8598
8596
8594
8591
8584
8579
8578
8575
8574
8571
8567
8558
8557
8551
8551
8551
8550
8545
8541
8538
8537
8535
8531
8529
8528
8524
8512
8508
8499
8497
8496
8496
8491
8491
8490
8486
8480
8478
8473
8472
8468
8467
8466
8465
8465
8460
8457
8451
8447
8433
8423
8422
8419
8417
8414
8413
8412
8399
8390
8389
8388
8387
8385
8383
8373
8370
8367
8364
8364
8362
8358
8355
8353
8340
8336
8334
8333
8333
8333
8333
8332
8332
8330
8329
8326
8324
8314
8311
8308
8306
8302
8300
8299
8298
8294
8284
8284
8281
8281
8281
8281
8279
8272
8266
8264
8264
8261
8259
8258
8257
8252
8251
8249
8249
8244
8242
8241
8237
8233
8229
8229
8227
8223
8221
8221
8213
8211
8205
8197
8196
8195
8194
8188
8178
8176
8175
8172
8171
8170
8169
8168
8163
8162
8155
8154
8152
8148
8148
8146
8144
8134
8133
8131
8129
8125
8122
8122
8121
8121
8117
8115
8114
8104
8093
8091
8089
8088
8086
8085
8080
8074
8072
8071
8070
8068
8066
8058
8057
8043
8042
8038
8035
8017
8016
8012
8009
8008
8008
8007
8001
8000
7997
7992
7991
7987
7984
7983
7982
7980
7979
7977
7972
7970
7969
7962
7962
7954
7953
7939
7937
7937
7936
7928
7928
7927
7927
7924
7910
7905
7903
7896
7891
7889
7888
7877
7875
7873
7864
7864
7855
7853
7849
7847
7843
7837
7836
7832
7824
7822
7820
7820
7815
7806
7805
7795
7793
7792
7789
7787
7784
7782
7782
7781
7780
7779
7772
7770
7769
7768
7761
7761
7752
7751
7745
7740
7739
7739
7730
7719
7712
7711
7704
7704
7702
7701
7698
7695
7691
7688
7687
7679
7679
7677
7673
7672
7672
7669
7666
7662
7660
7655
7650
7650
7650
7649
7646
7645
7644
7636
7633
7631
7629
7619
7615
7606
7600
7599
7598
7595
7593
7592
7591
7591
7585
7581
7578
7578
7570
7569
7566
7566
7565
7564
7563
7554
7554
7552
7552
7551
7548
7548
7548
7548
7546
7540
7539
7539
7536
7536
7529
7522
7518
7502
7499
7499
7493
7490
7483
7482
7481
7481
7473
7469
7465
7463
7454
7446
7443
7438
7438
7437
7436
7435
7432
7430
7425
7424
7415
7413
7413
7403
7400
7398
7386
7380
7377
7375
7372
7372
7366
7365
7364
7361
7361
7358
7353
7352
7351
7348
7346
7337
7333
7331
7323
7318
7318
7318
7315
7310
7306
7299
7296
7291
7288
7287
7287
7284
7279
7271
7263
7263
7262
7261
7254
7252
7244
7237
7237
7232
7231
7228
7228
7227
7221
7219
7219
7216
7215
7213
7211
7209
7204
7201
7200
7195
7193
7193
7192
7192
7190
7190
7189
7187
7174
7173
7170
7169
7169
7167
7158
7150
7149
7147
7144
7141
7140
7136
7133
7132
7130
7121
7119
7117
7115
7113
7112
7107
7103
7100
7088
7085
7078
7078
7076
7074
7074
7057
7056
7051
7046
7042
7035
7030
7030
7029
7027
7012
7011
7011
7008
7005
7003
6995
6995
6992
6991
6981
6980
6977
6976
6973
6971
6970
6970
6965
6959
6958
6957
6953
6950
6944
6940
6937
6934
6927
6925
6920
6916
6913
6910
6909
6906
6904
6902
6901
6901
6900
6889
6886
6884
6880
6879
6879
6878
6877
6870
6870
6866
6862
6859
6853
6846
6846
6846
6845
6842
6841
6840
6840
6833
6830
6824
6819
6817
6817
6815
6807
6805
6804
6801
6799
6794
6789
6785
6784
6783
6777
6774
6774
6773
6773
6771
6770
6767
6764
6764
6764
6762
6760
6760
6759
6756
6754
6752
6746
6743
6742
6736
6728
6726
6724
6723
6716
6714
6711
6708
6707
6704
6697
6694
6685
6683
6680
6679
6672
6671
6670
6670
6669
6668
6665
6663
6662
6659
6650
6648
6647
6646
6645
6639
6636
6635
6633
6630
6627
6623
6623
6622
6614
6602
6601
6600
6597
6588
6585
6577
6569
6568
6560
6560
6544
6542
6537
6535
6534
6533
6530
6524
6524
6518
6517
6516
6503
6497
6491
6490
6487
6485
6476
6474
6471
6468
6454
6452
6443
6441
6440
6436
6432
6432
6429
6428
6428
6417
6416
6413
6410
6403
6390
6390
6389
6388
6386
6386
6384
6383
6379
6372
6363
6363
6360
6360
6359
6359
6357
6352
6348
6348
6344
6344
6332
6327
6325
6309
6300
6290
6288
6288
6287
6279
6278
6278
6275
6275
6274
6269
6264
6261
6260
6257
6257
6255
6242
6230
6227
6226
6224
6220
6219
6217
6208
6206
6199
6196
6193
6185
6181
6176
6168
6166
6164
6162
6153
6152
6149
6145
6142
6142
6134
6129
6128
6118
6118
6117
6115
6114
6111
6106
6105
6103
6102
6099
6099
6091
6090
6089
6083
6080
6075
6065
6062
6060
6057
6055
6051
6050
6044
6041
6039
6039
6034
6033
6033
6031
6028
6019
6018
6017
6016
6016
6015
6015
6011
6009
6005
6002
5996
5992
5991
5986
5983
5973
5970
5968
5962
5960
5955
5953
5944
5940
5935
5933
5933
5925
5921
5917
5917
5917
5914
5913
5912
5911
5909
5907
5904
5900
5894
5893
5889
5888
5886
5871
5870
5870
5867
5863
5859
5857
5855
5854
5854
5848
5844
5839
5831
5831
5828
5827
5827
5825
5818
5817
5814
5812
5809
5807
5807
5805
5803
5802
5795
5790
5788
5785
5783
5781
5769
5768
5768
5766
5766
5761
5759
5750
5750
5745
5740
5740
5737
5730
5727
5725
5723
5722
5718
5717
5714
5712
5710
5709
5709
5707
5707
5706
5697
5697
5694
5689
5688
5683
5680
5679
5675
5667
5662
5659
5657
5653
5653
5652
5650
5648
5647
5647
5644
5644
5640
5640
5639
5638
5636
5634
5631
5630
5624
5615
5614
5613
5613
5609
5608
5607
5607
5606
5605
5601
5600
5589
5586
5574
5571
5560
5559
5545
5539
5527
5522
5521
5511
5500
5484
5478
5466
5465
5459
5457
5450
5447
5445
5443
5443
5438
5435
5433
5431
5418
5417
5414
5410
5407
5407
5406
5405
5400
5388
5386
5383
5382
5380
5378
5372
5365
5365
5362
5361
5361
5359
5353
5346
5341
5340
5340
5328
5327
5325
5324
5323
5321
5312
5307
5300
5299
5296
5295
5294
5283
5273
5269
5268
5267
5267
5253
5247
5246
5240
5235
5226
5226
5224
5209
5201
5196
5195
5195
5186
5186
5180
5175
5172
5170
5159
5156
5152
5151
5145
5144
5141
5133
5125
5119
5116
5109
5108
5099
5096
5095
5093
5087
5084
5082
5081
5079
5072
5067
5065
5064
5058
5058
5057
5056
5047
5046
5044
5043
5038
5035
5033
5032
5025
5025
5023
5023
5021
5021
5021
5009
5004
4999
4998
4991
4988
4987
4985
4984
4981
4971
4970
4970
4967
4958
4956
4955
4950
4946
4940
4928
4927
4925
4923
4923
4921
4920
4917
4908
4908
4906
4904
4902
4902
4901
4891
4888
4887
4875
4874
4868
4866
4862
4857
4855
4854
4847
4845
4843
4842
4841
4834
4834
4833
4833
4833
4831
4828
4820
4819
4817
4812
4807
4803
4801
4800
4796
4785
4784
4779
4775
4774
4770
4770
4767
4766
4744
4721
4721
4718
4713
4706
4706
4703
4700
4699
4698
4694
4694
4691
4689
4683
4683
4682
4678
4678
4675
4673
4671
4668
4667
4664
4662
4661
4661
4659
4652
4652
4643
4637
4619
4616
4616
4615
4615
4615
4612
4605
4603
4603
4602
4601
4601
4597
4594
4590
4586
4584
4573
4572
4565
4563
4562
4562
4560
4557
4550
4549
4543
4542
4535
4535
4535
4530
4530
4528
4526
4523
4508
4503
4495
4494
4489
4488
4482
4477
4475
4468
4467
4463
4461
4460
4458
4456
4454
4450
4450
4449
4446
4434
4431
4426
4425
4418
4418
4417
4416
4412
4411
4410
4405
4405
4402
4401
4401
4399
4396
4396
4394
4394
4394
4388
4387
4377
4376
4374
4373
4371
4365
4360
4360
4355
4351
4345
4334
4333
4327
4322
4322
4308
4306
4300
4300
4297
4285
4280
4275
4274
4274
4268
4265
4264
4259
4255
4254
4253
4250
4250
4234
4233
4231
4228
4227
4226
4222
4221
4211
4211
4205
4198
4190
4181
4179
4176
4175
4173
4172
4171
4170
4170
4164
4161
4157
4155
4154
4146
4142
4136
4135
4134
4132
4125
4125
4122
4121
4113
4112
4107
4106
4105
4105
4104
4098
4097
4074
4067
4061
4056
4056
4044
4040
4033
4023
4023
4019
4017
4016
4015
4015
4014
4006
3999
3993
3991
3990
3989
3981
3980
3978
3973
3969
3964
3964
3962
3960
3959
3958
3958
3956
3953
3951
3950
3946
3940
3936
3926
3922
3911
3906
3905
3903
3897
3890
3881
3880
3880
3874
3874
3874
3870
3867
3865
3863
3858
3856
3854
3852
3851
3849
3844
3842
3842
3833
3832
3829
3829
3824
3820
3819
3812
3803
3802
3797
3796
3789
3789
3786
3784
3783
3782
3768
3766
3764
3761
3758
3757
3748
3748
3746
3743
3742
3738
3735
3732
3732
3726
3725
3722
3713
3710
3707
3702
3698
3683
3682
3680
3669
3669
3669
3666
3665
3665
3665
3662
3661
3660
3659
3654
3642
3641
3636
3631
3631
3623
3611
3608
3605
3603
3603
3601
3601
3591
3589
3586
3586
3585
3581
3580
3575
3569
3565
3563
3562
3560
3557
3556
3554
3554
3553
3552
3551
3541
3538
3537
3525
3519
3517
3511
3510
3510
3509
3491
3489
3484
3478
3477
3473
3471
3468
3463
3461
3452
3447
3444
3436
3435
3434
3429
3423
3418
3416
3415
3414
3410
3405
3404
3402
3392
3391
3386
3379
3375
3375
3374
3373
3371
3369
3369
3364
3362
3359
3358
3355
3353
3353
3351
3342
3335
3327
3326
3324
3323
3322
3320
3320
3316
3316
3316
3314
3312
3309
3309
3308
3305
3302
3302
3296
3291
3291
3288
3288
3286
3283
3280
3277
3275
3272
3272
3269
3266
3264
3263
3260
3259
3251
3247
3246
3242
3241
3238
3237
3232
3225
3224
3223
3220
3208
3208
3208
3206
3205
3203
3200
3194
3193
3182
3181
3169
3168
3162
3157
3156
3151
3146
3139
3139
3137
3132
3128
3127
3118
3112
3112
3108
3105
3105
3102
3098
3089
3088
3087
3084
3070
3066
3060
3059
3059
3057
3055
3049
3049
3045
3045
3039
3034
3032
3032
3029
3020
3016
3015
3008
3005
3003
2999
2997
2997
2990
2987
2981
2977
2977
2976
2975
2972
2968
2967
2964
2964
2963
2961
2958
2950
2949
2942
2940
2937
2935
2928
2928
2921
2919
2917
2916
2908
2908
2908
2908
2906
2906
2904
2902
2899
2894
2892
2891
2890
2885
2884
2884
2884
2883
2880
2879
2878
2870
2867
2863
2857
2856
2853
2849
2836
2836
2835
2829
2828
2825
2824
2810
2810
2803
2802
2795
2792
2786
2784
2784
2783
2776
2774
2774
2767
2764
2763
2757
2755
2755
2755
2751
2748
2745
2739
2739
2735
2732
2731
2724
2719
2718
2707
2704
2703
2697
2696
2694
2689
2683
2683
2682
2681
2678
2671
2667
2666
2666
2664
2643
2642
2640
2640
2637
2637
2630
2629
2629
2627
2622
2619
2615
2612
2610
2609
2607
2597
2588
2583
2582
2578
2578
2575
2575
2570
2570
2564
2564
2563
2559
2558
2540
2539
2537
2534
2532
2530
2527
2523
2521
2518
2508
2506
2505
2504
2503
2497
2490
2483
2479
2477
2476
2473
2471
2471
2470
2469
2467
2464
2457
2456
2455
2454
2452
2449
2448
2445
2442
2441
2439
2439
2439
2434
2429
2417
2417
2415
2414
2403
2400
2393
2389
2388
2386
2385
2381
2379
2375
2374
2372
2368
2366
2360
2359
2353
2344
2343
2333
2331
2326
2323
2316
2315
2308
2308
2304
2304
2297
2295
2289
2287
2276
2268
2264
2257
2256
2254
2254
2250
2248
2243
2236
2233
2232
2232
2230
2230
2228
2218
2215
2215
2215
2214
2212
2209
2208
2208
2205
2204
2191
2185
2176
2172
2169
2163
2161
2157
2146
2144
2142
2140
2136
2136
2136
2135
2133
2131
2129
2128
2128
2125
2123
2121
2117
2112
2101
2097
2093
2086
2086
2085
2083
2070
2069
2064
2060
2059
2049
2047
2045
2045
2043
2042
2040
2034
2032
2020
2019
2018
2018
2012
2001
1998
1995
1991
1988
1988
1981
1979
1969
1961
1958
1957
1957
1956
1950
1944
1943
1942
1938
1931
1927
1922
1921
1921
1915
1914
1910
1903
1901
1900
1883
1880
1880
1878
1876
1876
1871
1868
1863
1857
1852
1847
1846
1842
1841
1840
1839
1837
1835
1832
1831
1828
1820
1817
1817
1806
1802
1801
1798
1788
1787
1785
1783
1782
1782
1778
1770
1769
1763
1759
1759
1757
1757
1756
1755
1750
1739
1738
1736
1732
1731
1727
1723
1723
1721
1721
1713
1711
1710
1707
1706
1697
1696
1691
1689
1686
1683
1681
1670
1666
1666
1664
1664
1657
1657
1654
1649
1647
1647
1646
1644
1642
1641
1639
1638
1637
1635
1632
1631
1630
1624
1622
1621
1614
1613
1611
1608
1604
1603
1594
1593
1587
1584
1583
1581
1579
1574
1574
1574
1573
1571
1570
1570
1566
1565
1558
1553
1553
1548
1546
1545
1544
1542
1540
1528
1521
1516
1511
1509
1502
1499
1491
1490
1475
1474
1472
1471
1466
1463
1461
1460
1458
1453
1452
1449
1442
1441
1438
1433
1428
1427
1426
1421
1420
1417
1417
1416
1415
1409
1407
1404
1404
1403
1403
1399
1370
1370
1370
1362
1362
1360
1354
1348
1346
1346
1342
1337
1335
1332
1331
1329
1327
1316
1316
1309
1307
1306
1304
1297
1294
1290
1288
1287
1276
1274
1273
1264
1260
1259
1258
1258
1257
1255
1252
1252
1240
1232
1222
1221
1217
1205
1204
1191
1190
1189
1187
1184
1184
1184
1182
1181
1180
1179
1175
1170
1166
1164
1156
1153
1153
1152
1144
1142
1141
1139
1139
1138
1135
1134
1133
1132
1129
1128
1127
1127
1122
1109
1107
1103
1102
1100
1092
1090
1088
1084
1079
1074
1066
1066
1064
1063
1060
1058
1058
1056
1056
1045
1044
1043
1042
1041
1034
1033
1030
1022
1022
1020
1018
1008
1008
1002
1000
981
980
979
977
976
972
970
958
953
950
947
939
933
932
930
925
917
915
908
908
905
900
898
884
883
883
881
880
876
866
865
863
859
858
851
845
838
838
838
837
833
832
830
829
815
803
802
798
797
795
795
794
787
776
770
768
764
749
749
748
745
743
738
737
735
735
730
730
725
725
725
720
720
718
713
709
701
698
698
695
694
685
684
684
682
682
681
681
678
677
674
672
667
666
664
662
661
653
652
651
650
644
644
641
639
637
630
627
627
626
621
621
621
617
617
616
613
611
609
608
592
592
590
585
585
581
568
568
566
565
560
558
554
552
550
548
547
546
541
536
530
529
522
520
509
499
496
493
489
482
479
478
475
474
472
470
467
464
461
460
459
456
442
441
430
429
426
424
422
416
414
410
407
401
400
396
395
393
389
388
376
374
374
373
371
371
369
369
367
366
365
364
361
356
352
350
348
348
339
331
319
312
309
309
306
298
296
294
293
293
289
287
280
280
278
277
277
274
272
263
261
257
254
254
251
251
247
244
243
241
233
230
230
216
214
213
212
210
208
202
202
201
201
198
194
190
182
180
180
176
174
173
173
169
165
155
151
151
149
148
147
145
144
140
139
136
133
130
128
125
123
122
122
118
114
106
96
87
87
83
82
80
79
74
70
66
66
58
58
53
50
49
46
44
37
29
25
17
16
14
14
13
7
4
