30901
9421
19433
24438
1885
14005
30639
21653
1314
15762
3288
15633
14080
30250
24907
2949
21386
26869
4417
30497
26005
21844
28631
3913
11686
5266
29781
27884
11804
12443
12348
7588
19997
10878
6673
9362
16193
11428
14572
11511
4609
9422
31935
19091
9438
464
20327
25534
23121
4367
10869
8519
16757
14267
15801
16
7542
973
29330
24678
30649
20672
22520
12065
10441
31759
17222
1151
1029
25969
12744
21697
4618
14039
14089
3715
1505
12321
985
17116
22760
29348
21024
13114
14722
2141
16742
24826
14462
8946
28702
31434
24904
20076
23989
17343
10450
5046
24927
