74
460
790
2191
2331
2517
2693
3100
3150
3497
3616
3647
3716
3796
4155
4161
4162
4334
4499
4614
5357
5917
7015
7884
7955
8417
8905
8988
8998
9058
9373
9802
10239
10276
10384
10461
10692
11706
11941
12008
12010
12037
12641
12826
13724
14004
14028
14211
14259
14345
14596
15239
15398
15537
16234
16325
17438
18289
18865
20245
20350
20506
20687
20901
21061
21375
21493
21624
21823
22124
22807
22859
23177
23252
23265
23618
23751
23924
25425
26271
26389
26975
27065
27135
27959
28115
28575
28578
28734
28879
29479
29605
30280
30342
30789
31133
31751
31763
31928
