119
2008
2500
2705
2795
2853
3031
3409
3516
3701
3812
3948
5041
5954
6370
7558
8119
8195
8598
8704
9683
9889
10060
10467
10539
10647
11318
11730
11956
12101
12243
12718
13136
13365
13379
13475
13496
13957
14282
14527
14686
15180
15309
15412
16332
17364
17401
17789
18336
18414
18694
19276
19567
20066
20208
20623
20752
20926
20949
21960
22175
22199
22773
22863
23130
23135
23334
24333
24617
25138
25373
25589
25591
26452
26482
26687
26942
27222
27506
27934
28345
29043
29188
29232
29506
29928
30379
30383
30842
30909
31713
31925
31967
31981
32013
32155
32255
32324
32582
