32577
32316
32312
31925
31762
31523
31380
30941
30675
30147
29333
28468
28205
28125
28014
27764
27719
27622
27453
27185
27096
26950
26870
26575
26486
26331
26310
25577
25497
25214
25163
24796
24573
23883
23849
23593
22642
22374
21934
21599
21037
20899
20670
20540
20201
18982
18894
18253
17087
16438
16264
16022
16021
15122
14968
14952
14896
14488
14427
14150
12676
12675
12362
12281
12199
11553
11152
9482
9211
9094
9090
8998
8648
8614
8101
7912
7835
7570
7546
7122
6813
6472
6407
4623
3736
3597
3236
3197
2913
2807
1953
1525
1502
1458
1168
1021
698
228
178
