32496
32468
32133
31755
31661
31542
31359
31291
31290
30736
29642
29579
29341
28634
28616
27910
27596
27564
27559
27489
27286
27164
26671
26279
25597
25137
24183
23089
23026
22977
22831
22392
22226
21955
21506
21304
21291
21178
20978
19924
19630
19091
18574
18061
17606
17386
16494
16370
16313
16038
15656
15638
15323
15322
15241
15146
14725
14328
13673
12393
11819
11714
11611
11562
11538
11436
11267
11067
10996
10704
10336
10297
9167
8961
8453
8212
8107
7713
7590
7111
6831
6795
6451
6415
6237
5490
4808
4805
4731
4514
3204
2599
2298
2251
1428
858
527
285
193
