195
409
655
682
807
1395
1581
1709
2104
3300
3322
3352
3434
3571
3807
3887
4401
4404
5474
5673
5737
5767
6594
6764
6783
6862
7411
7461
8102
8304
8338
9250
9743
9974
10454
10624
10660
11454
11692
12004
12300
12840
12981
13154
13343
13806
14045
14231
14866
15136
15539
16538
16794
17530
17756
18296
18984
19056
19744
20302
20359
20623
20877
21809
21812
22158
22477
22785
23164
23274
23344
23781
24260
24892
25319
25347
25706
25720
25852
25936
26169
26269
26489
26601
26882
27215
27603
27944
28200
28577
28733
29502
30621
30621
31180
31432
31484
31770
31824
