32321
31723
31551
30614
30499
30493
30200
30191
28733
28255
28071
28036
27938
27582
26780
25900
25258
25157
24772
24656
24311
24229
23592
23354
22714
22444
22192
21715
21687
21417
21154
20480
20313
19717
19543
19063
18568
18537
18478
18150
18001
17541
17418
16847
16808
15132
15065
14795
14304
14018
13374
12568
12532
12437
12134
11774
11758
11009
10942
10933
10533
10496
10338
10286
10231
10042
9300
9293
9187
8666
8480
8068
7754
7416
7409
7072
6963
6424
5820
5817
5771
5475
5234
5199
5177
5058
4929
4736
4172
4103
3870
3038
2959
1947
1946
869
820
801
559
