32059
31779
31675
31503
31198
30718
30392
29597
29475
29340
28591
28565
28228
27887
27632
27306
26199
26034
25855
25812
25807
25431
25047
24761
24194
23259
23014
22986
22603
22588
22543
21260
20692
20187
19870
19293
19234
18590
18496
18474
18421
18396
18380
18160
18035
17569
17551
17067
16666
15773
15439
14362
14323
14086
14056
13468
13256
13249
13215
12617
12391
12378
11752
11743
11621
11375
11296
11036
10946
10481
9661
9618
9569
9432
9171
8724
7899
7832
7316
6895
6883
6490
6109
5418
4968
4529
3604
3365
3207
3008
2565
1859
1818
1574
1551
993
859
678
245
