222
1299
1427
2166
2267
2917
2961
2968
3154
3288
3440
3564
3773
4129
4173
4177
4198
4391
4492
4643
4772
5742
6013
7117
7516
7613
7651
7655
8925
9317
9699
10198
10764
10958
11245
11892
13030
13262
13343
13359
13387
13608
14289
14410
14920
14985
16172
16763
16792
16829
16928
17190
17472
17519
18402
18675
19095
19168
19691
19700
19986
20125
20539
20733
20757
21015
21112
22162
22290
22493
22573
23569
23883
24229
24628
25099
25101
25872
25923
26065
26249
26349
26544
27087
29054
29266
29269
29329
29491
29654
30115
30220
30361
31225
31264
31718
31736
32480
32651
