32756
32584
32360
32023
31620
31567
31500
31418
31043
30609
30213
30137
30128
29954
29882
29182
28867
27549
27300
26988
26677
26506
26300
26173
26159
26115
26017
25309
25231
25209
24578
24433
24403
23632
23550
23534
23469
23124
22298
22046
21895
20756
20269
19564
19249
19225
19146
18780
18687
18565
18001
17612
17437
17310
17236
17234
17154
16430
16092
16013
15563
15158
15123
14783
14362
13823
13332
13089
12803
12581
12561
12543
12438
12282
12233
11474
11055
10983
10588
10100
9816
8204
6640
6311
6194
5256
5193
4962
4064
3437
3435
2799
2433
1701
992
697
696
168
151
