31980
31878
31407
30802
29642
29173
28562
28251
28120
28104
27672
27508
27394
27181
26982
26726
26573
25898
25644
25198
24773
23413
23090
22925
22557
22073
22001
21800
21736
21664
21286
20463
20315
20298
20155
20101
19359
19342
19082
18937
18869
18820
18815
18665
17477
17465
17365
16531
16142
15975
15550
14758
14610
14202
13667
13532
13214
12942
12774
12572
12509
11685
11381
11190
11028
10781
10011
9454
9404
9341
9060
8868
8631
8458
8420
7416
7247
7130
7001
6885
6764
6656
6408
6325
5794
5721
5504
4948
4784
4743
4680
4611
4472
4358
4358
3337
3018
2146
1748
