25450
1325
17924
14120
31694
18529
12591
5679
17770
2109
19128
23211
5755
2623
22322
4623
10427
21927
16391
1175
13897
27635
26696
30756
31065
3359
564
17626
31387
926
12682
6011
23148
13334
1678
32130
191
27871
7645
5887
24522
12602
28914
2614
13680
31825
9076
5365
30577
14322
22853
22457
22099
25355
24907
13952
783
9189
16636
27500
9084
16929
27820
10012
8573
17523
14486
23242
16617
11808
20140
2084
10301
6200
13598
13035
18436
8851
12716
20558
19713
30862
5548
20484
2339
25987
16091
6956
32550
13577
22755
9444
32008
23281
11184
26795
28979
7931
627
