32437
32139
31596
31347
30996
30663
29886
29696
28956
28850
28824
28681
28388
27933
27860
27530
27304
26819
26801
26775
26025
25037
24894
24874
24597
24090
23795
23325
22683
22572
21777
21270
21225
21201
20230
19694
19531
19180
19006
18852
18820
18732
18504
18166
17884
17364
17037
16706
16652
16442
16293
16198
15226
14981
14623
13844
13536
13478
12717
12542
12386
12282
12205
12159
12038
11692
11605
11426
10320
9660
9601
9325
9268
8237
8045
7989
7809
7007
6415
5702
5663
5427
4636
4463
4438
4419
3860
3303
3211
2982
2883
2466
2419
2315
2279
2176
2109
1518
811
