32409
32350
32323
32165
32143
31463
31428
31323
30917
30550
30011
29937
29652
29629
29472
28432
28317
27709
27452
26977
26856
26373
25931
25718
24815
24047
23922
23910
23745
23668
23271
22828
22785
22064
21998
21368
20919
20746
20701
20107
19893
18980
18851
18465
18452
17673
17573
17437
16918
16121
16013
15768
15700
15514
14623
14511
14404
14396
14390
14346
13938
13570
12796
12500
12345
12146
11975
11337
11200
10602
10417
10351
9759
9212
9173
8852
8582
8181
8048
7953
7925
7702
7204
7060
6595
6591
6327
6252
5539
5091
4684
3862
3766
3690
3537
3484
2613
2233
523
