32767
32765
32760
32756
32756
32752
32749
32747
32746
32746
32744
32742
32739
32739
32738
32725
32714
32710
32705
32698
32697
32692
32690
32690
32689
32687
32687
32686
32685
32683
32683
32679
32678
32677
32676
32674
32673
32673
32670
32669
32665
32664
32662
32661
32661
32661
32660
32640
32639
32634
32630
32627
32622
32619
32615
32613
32609
32608
32606
32606
32600
32599
32596
32596
32591
32590
32588
32584
32581
32581
32574
32566
32566
32565
32563
32556
32548
32544
32533
32531
32530
32529
32528
32526
32524
32520
32519
32517
32516
32510
32508
32504
32500
32499
32498
32497
32494
32490
32488
32487
32485
32484
32483
32482
32475
32472
32471
32469
32468
32464
32462
32461
32460
32454
32452
32447
32437
32437
32437
32432
32428
32425
32419
32407
32406
32404
32402
32401
32398
32390
32390
32381
32379
32379
32370
32367
32366
32361
32356
32350
32347
32345
32345
32344
32342
32331
32329
32328
32327
32322
32318
32318
32312
32312
32307
32305
32304
32299
32296
32291
32289
32287
32287
32282
32281
32268
32249
32247
32244
32244
32244
32242
32240
32234
32234
32230
32223
32217
32211
32211
32210
32205
32201
32200
32189
32183
32179
32174
32172
32163
32159
32158
32157
32156
32155
32136
32136
32120
32119
32112
32111
32107
32095
32089
32087
32081
32080
32080
32079
32077
32073
32072
32069
32068
32067
32063
32060
32057
32056
32055
32055
32055
32053
32044
32041
32036
32034
32029
32024
32023
32023
32021
32003
32002
31998
31997
31995
31991
31987
31985
31985
31982
31976
31968
31962
31956
31952
31949
31945
31942
31938
31937
31934
31930
31926
31923
31922
31920
31918
31916
31907
31907
31906
31897
31896
31890
31885
31875
31866
31862
31862
31853
31850
31843
31837
31834
31833
31828
31824
31824
31815
31814
31800
31789
31782
31782
31782
31776
31776
31776
31775
31774
31772
31765
31762
31759
31758
31758
31755
31748
31737
31737
31735
31734
31724
31716
31713
31712
31709
31702
31700
31699
31699
31695
31691
31681
31681
31679
31677
31660
31659
31653
31648
31641
31641
31639
31636
31636
31634
31633
31628
31624
31622
31615
31614
31610
31610
31609
31606
31604
31602
31582
31580
31580
31574
31573
31571
31570
31558
31558
31555
31548
31545
31543
31541
31540
31538
31532
31527
31527
31525
31525
31525
31515
31510
31505
31505
31498
31487
31487
31484
31480
31475
31474
31473
31460
31446
31446
31443
31435
31435
31432
31432
31430
31429
31422
31419
31418
31399
31398
31397
31396
31392
31391
31388
31386
31382
31382
31378
31377
31371
31366
31360
31357
31357
31356
31354
31353
31350
31348
31346
31331
31329
31329
31322
31322
31321
31304
31300
31296
31294
31291
31290
31285
31283
31280
31273
31272
31266
31260
31245
31244
31242
31241
31236
31232
31231
31230
31225
31224
31218
31218
31214
31214
31208
31207
31206
31205
31204
31201
31196
31195
31186
31181
31180
31180
31169
31168
31167
31155
31149
31147
31138
31137
31132
31127
31127
31126
31126
31122
31121
31119
31118
31117
31110
31105
31104
31103
31101
31100
31098
31094
31091
31087
31085
31081
31080
31074
31062
31057
31055
31054
31053
31052
31048
31048
31043
31043
31039
31030
31030
31022
31019
31015
31010
31008
31003
31002
30998
30997
30988
30988
30988
30986
30984
30983
30981
30971
30970
30964
30962
30959
30959
30954
30954
30953
30952
30950
30950
30949
30938
30933
30926
30924
30923
30912
30886
30878
30877
30877
30875
30875
30874
30871
30867
30867
30867
30857
30855
30854
30846
30841
30839
30833
30814
30811
30809
30806
30805
30804
30801
30795
30792
30783
30779
30776
30770
30764
30762
30743
30743
30742
30741
30738
30735
30735
30730
30728
30724
30723
30722
30721
30718
30713
30711
30710
30709
30709
30704
30699
30692
30691
30687
30683
30680
30678
30674
30672
30667
30665
30664
30661
30656
30652
30636
30632
30631
30623
30616
30613
30612
30606
30605
30602
30602
30601
30595
30594
30591
30591
30591
30579
30579
30578
30574
30566
30561
30557
30557
30555
30552
30550
30547
30539
30534
30529
30529
30529
30525
30522
30521
30513
30513
30509
30495
30493
30493
30487
30486
30475
30464
30462
30460
30457
30445
30441
30440
30432
30429
30426
30419
30419
30419
30417
30412
30411
30409
30401
30398
30392
30391
30390
30381
30381
30378
30374
30371
30371
30370
30369
30368
30365
30359
30345
30343
30336
30334
30334
30328
30327
30323
30321
30319
30315
30314
30314
30309
30306
30304
30302
30301
30296
30290
30286
30285
30281
30279
30279
30279
30279
30278
30277
30273
30269
30268
30266
30262
30259
30259
30259
30254
30252
30249
30249
30248
30246
30243
30241
30236
30236
30234
30233
30233
30232
30232
30227
30227
30226
30225
30222
30218
30217
30217
30214
30210
30209
30208
30206
30204
30199
30198
30192
30190
30187
30185
30184
30181
30180
30178
30175
30174
30171
30168
30166
30163
30161
30155
30147
30145
30144
30143
30142
30142
30137
30137
30135
30128
30121
30118
30116
30113
30109
30099
30099
30098
30096
30087
30082
30081
30081
30068
30067
30064
30058
30057
30055
30054
30053
30052
30051
30044
30043
30039
30036
30035
30024
30021
30021
30020
30012
30009
30009
30005
30003
30000
29999
29997
29996
29989
29989
29984
29982
29979
29976
29976
29974
29974
29972
29970
29963
29961
29957
29956
29952
29950
29949
29945
29931
29921
29919
29913
29910
29901
29895
29877
29876
29874
29866
29863
29862
29860
29860
29848
29847
29840
29838
29832
29830
29826
29826
29825
29823
29822
29822
29816
29814
29809
29807
29804
29800
29793
29792
29785
29784
29779
29773
29772
29769
29769
29768
29764
29762
29761
29761
29761
29758
29758
29756
29750
29749
29749
29739
29737
29735
29733
29723
29721
29721
29716
29703
29702
29701
29699
29698
29696
29695
29690
29687
29684
29682
29675
29674
29672
29669
29666
29661
29659
29659
29652
29647
29646
29646
29645
29640
29636
29628
29626
29625
29624
29618
29614
29614
29613
29613
29611
29611
29610
29607
29598
29595
29590
29585
29584
29574
29571
29560
29559
29559
29559
29558
29558
29553
29552
29549
29547
29542
29541
29541
29539
29537
29530
29529
29529
29522
29520
29517
29503
29490
29488
29483
29479
29478
29477
29473
29471
29470
29469
29463
29462
29460
29460
29452
29450
29449
29447
29447
29446
29445
29444
29443
29440
29439
29437
29435
29427
29425
29421
29417
29416
29416
29416
29412
29408
29401
29400
29398
29394
29393
29391
29382
29380
29378
29378
29376
29371
29370
29369
29367
29367
29363
29360
29355
29352
29350
29347
29346
29340
29337
29335
29333
29332
29328
29326
29323
29321
29309
29309
29308
29302
29301
29298
29297
29296
29294
29290
29269
29267
29266
29263
29263
29256
29254
29247
29247
29244
29243
29242
29239
29238
29238
29235
29235
29222
29218
29218
29217
29214
29204
29203
29201
29199
29199
29193
29186
29184
29177
29177
29177
29173
29172
29170
29157
29156
29155
29153
29151
29151
29148
29144
29133
29130
29130
29130
29127
29126
29121
29117
29117
29108
29103
29101
29099
29097
29095
29092
29092
29091
29085
29082
29076
29073
29071
29070
29069
29064
29061
29049
29046
29040
29036
29036
29026
29025
29023
29021
29011
29007
29001
28997
28990
28985
28981
28980
28970
28964
28962
28960
28953
28951
28945
28945
28938
28938
28936
28932
28932
28929
28929
28928
28922
28920
28906
28904
28904
28903
28899
28889
28886
28876
28874
28871
28871
28870
28870
28863
28861
28857
28856
28851
28849
28845
28842
28841
28837
28828
28821
28820
28813
28813
28811
28808
28794
28793
28790
28786
28782
28778
28772
28771
28767
28762
28762
28760
28760
28756
28754
28752
28750
28747
28744
28740
28739
28739
28736
28734
28725
28721
28719
28709
28706
28700
28699
28699
28694
28693
28690
28686
28682
28675
28669
28668
28663
28662
28659
28654
28651
28649
28649
28644
28635
28633
28621
28619
28616
28611
28607
28602
28594
28583
28581
28574
28574
28573
28567
28564
28557
28556
28548
28546
28540
28533
28528
28525
28513
28512
28511
28504
28503
28501
28500
28479
28475
28474
28474
28454
28452
28447
28446
28444
28442
28438
28437
28435
28431
28431
28429
28427
28425
28425
28423
28416
28413
28411
28409
28409
28404
28402
28394
28388
28386
28385
28385
28384
28379
28379
28363
28362
28359
28358
28355
28355
28352
28350
28347
28346
28343
28338
28332
28325
28323
28322
28317
28313
28311
28309
28297
28292
28291
28289
28289
28285
28284
28275
28274
28272
28271
28265
28259
28258
28257
28256
28255
28255
28247
28246
28246
28241
28234
28232
28230
28230
28207
28197
28188
28178
28176
28174
28173
28170
28168
28168
28164
28163
28152
28147
28147
28145
28144
28135
28133
28125
28124
28120
28119
28119
28112
28111
28110
28106
28105
28104
28101
28098
28086
28083
28079
28072
28069
28067
28064
28062
28060
28060
28056
28054
28053
28053
28047
28046
28039
28036
28034
28034
28034
28033
28026
28020
28015
28009
27998
27994
27991
27990
27988
27986
27978
27978
27978
27976
27971
27970
27966
27954
27948
27938
27924
27921
27921
27919
27916
27911
27907
27905
27905
27901
27899
27898
27890
27881
27879
27874
27871
27871
27869
27866
27863
27862
27854
27851
27850
27845
27840
27837
27837
27836
27829
27819
27813
27805
27801
27800
27797
27792
27779
27777
27776
27770
27767
27766
27763
27759
27757
27756
27756
27752
27750
27748
27743
27743
27736
27735
27733
27732
27730
27730
27717
27714
27708
27708
27707
27704
27699
27696
27696
27696
27695
27691
27690
27688
27687
27686
27686
27681
27668
27666
27665
27662
27659
27659
27654
27646
27644
27642
27642
27639
27637
27635
27621
27620
27615
27613
27610
27606
27602
27600
27600
27595
27594
27592
27579
27578
27571
27571
27570
27570
27569
27565
27565
27562
27558
27555
27553
27552
27547
27539
27538
27533
27528
27526
27523
27519
27519
27512
27510
27507
27507
27505
27503
27498
27497
27495
27481
27479
27476
27472
27470
27465
27461
27461
27460
27458
27454
27451
27450
27449
27449
27438
27437
27436
27431
27430
27426
27421
27421
27419
27413
27412
27412
27411
27409
27408
27408
27404
27403
27402
27401
27398
27398
27389
27388
27384
27378
27374
27369
27359
27357
27356
27356
27349
27349
27346
27345
27343
27342
27342
27340
27337
27337
27334
27333
27327
27324
27320
27319
27318
27314
27314
27312
27311
27308
27300
27299
27297
27293
27289
27288
27286
27286
27278
27274
27264
27253
27250
27247
27234
27234
27233
27233
27230
27227
27225
27219
27218
27211
27209
27207
27206
27201
27201
27197
27179
27177
27176
27175
27173
27170
27167
27163
27163
27162
27161
27161
27158
27155
27150
27149
27146
27141
27136
27130
27128
27127
27125
27124
27117
27115
27113
27110
27107
27103
27097
27085
27083
27083
27082
27078
27068
27065
27062
27059
27058
27056
27056
27050
27043
27034
27031
27025
27023
27018
27016
27015
27014
27013
27011
27011
27006
26997
26996
26996
26993
26992
26984
26983
26983
26978
26978
26968
26965
26964
26959
26956
26954
26952
26945
26944
26943
26942
26931
26930
26929
26922
26921
26918
26918
26918
26917
26906
26904
26902
26901
26900
26899
26899
26894
26891
26886
26883
26878
26877
26872
26864
26856
26853
26851
26851
26849
26846
26845
26842
26830
26826
26823
26819
26816
26814
26813
26804
26803
26800
26794
26793
26790
26788
26785
26785
26775
26775
26771
26761
26756
26753
26746
26746
26741
26735
26730
26729
26719
26715
26714
26711
26709
26709
26706
26704
26701
26696
26695
26692
26688
26688
26682
26678
26677
26675
26667
26665
26659
26657
26657
26655
26654
26653
26653
26651
26650
26648
26628
26621
26616
26613
26610
26608
26605
26603
26600
26596
26591
26587
26576
26572
26565
26561
26559
26557
26555
26554
26553
26552
26550
26550
26549
26548
26533
26532
26528
26523
26521
26513
26510
26505
26503
26496
26494
26493
26491
26490
26483
26483
26481
26479
26477
26476
26472
26467
26466
26465
26465
26459
26458
26448
26447
26446
26444
26441
26439
26437
26433
26429
26425
26425
26414
26405
26404
26394
26391
26385
26384
26382
26380
26376
26371
26367
26359
26356
26352
26352
26351
26350
26345
26341
26340
26332
26330
26326
26325
26323
26319
26313
26311
26311
26307
26302
26302
26301
26301
26299
26295
26294
26293
26292
26292
26291
26290
26289
26285
26281
26278
26277
26274
26272
26272
26267
26266
26264
26263
26259
26259
26252
26252
26249
26246
26244
26242
26239
26239
26234
26230
26226
26222
26215
26200
26200
26196
26196
26195
26194
26194
26178
26177
26176
26175
26175
26174
26167
26167
26165
26163
26161
26152
26149
26145
26145
26140
26134
26132
26131
26129
26120
26119
26119
26118
26115
26115
26112
26111
26111
26110
26102
26100
26097
26095
26094
26093
26091
26085
26084
26079
26073
26072
26072
26071
26071
26069
26067
26064
26060
26056
26054
26047
26047
26042
26029
26026
26018
26016
26016
26015
26014
26013
26012
26011
26008
26006
25997
25997
25992
25991
25986
25981
25976
25973
25969
25968
25968
25967
25962
25952
25949
25945
25942
25940
25935
25934
25932
25930
25929
25925
25912
25912
25907
25906
25905
25904
25903
25902
25896
25891
25890
25889
25881
25881
25880
25878
25872
25867
25863
25858
25857
25854
25854
25849
25844
25844
25834
25834
25834
25825
25821
25815
25814
25813
25810
25806
25803
25801
25798
25794
25785
25783
25771
25767
25763
25763
25760
25754
25754
25753
25748
25748
25746
25745
25740
25736
25725
25720
25718
25717
25716
25713
25710
25710
25708
25707
25705
25695
25693
25683
25680
25673
25671
25662
25659
25658
25657
25655
25655
25644
25642
25641
25641
25637
25633
25633
25627
25627
25627
25626
25623
25622
25620
25616
25610
25602
25597
25594
25592
25591
25591
25590
25589
25586
25582
25581
25581
25579
25575
25575
25573
25573
25569
25568
25567
25566
25564
25564
25563
25562
25559
25556
25552
25551
25544
25524
25520
25509
25509
25508
25507
25504
25495
25494
25490
25482
25482
25476
25467
25466
25465
25464
25462
25457
25455
25454
25447
25447
25435
25434
25430
25429
25425
25424
25423
25417
25412
25405
25402
25399
25399
25395
25391
25390
25389
25381
25374
25363
25352
25350
25346
25346
25346
25342
25338
25327
25325
25325
25317
25317
25310
25304
25292
25266
25264
25258
25254
25252
25244
25244
25236
25230
25228
25224
25222
25219
25215
25213
25212
25209
25208
25204
25198
25196
25196
25192
25188
25185
25184
25183
25181
25173
25165
25161
25158
25151
25150
25140
25137
25134
25133
25132
25131
25124
25122
25122
25113
25112
25112
25109
25103
25101
25098
25096
25092
25092
25091
25090
25086
25083
25081
25081
25079
25075
25073
25066
25066
25066
25060
25059
25058
25053
25048
25036
25033
25033
25027
25022
25021
24995
24990
24986
24982
24978
24965
24965
24961
24958
24956
24955
24952
24940
24932
24932
24931
24930
24921
24919
24913
24912
24910
24902
24897
24897
24894
24893
24893
24892
24890
24877
24877
24876
24875
24874
24872
24863
24863
24858
24857
24849
24848
24848
24842
24842
24841
24841
24835
24832
24831
24826
24816
24811
24809
24809
24808
24806
24806
24805
24803
24801
24799
24798
24793
24785
24773
24771
24767
24766
24760
24760
24759
24755
24753
24752
24750
24740
24740
24735
24735
24722
24722
24722
24720
24720
24713
24711
24705
24691
24690
24689
24685
24684
24681
24681
24680
24677
24677
24673
24664
24657
24653
24653
24649
24643
24639
24632
24627
24625
24620
24614
24610
24607
24604
24602
24600
24600
24596
24593
24590
24589
24584
24582
24569
24569
24567
24567
24566
24566
24564
24556
24556
24551
24549
24549
24543
24539
24538
24536
24529
24521
24517
24516
24510
24510
24508
24502
24500
24497
24495
24494
24490
24485
24485
24483
24477
24477
24476
24474
24474
24473
24471
24470
24469
24468
24462
24461
24460
24456
24454
24453
24447
24446
24433
24430
24430
24426
24425
24412
24411
24411
24408
24407
24407
24406
24405
24400
24399
24390
24383
24383
24383
24375
24372
24370
24368
24365
24363
24359
24356
24354
24353
24350
24349
24348
24342
24329
24328
24325
24314
24313
24309
24307
24306
24305
24300
24297
24297
24293
24293
24292
24290
24290
24289
24288
24288
24274
24263
24260
24259
24258
24254
24253
24253
24252
24251
24250
24234
24230
24230
24227
24220
24219
24216
24215
24214
24210
24209
24204
24204
24202
24202
24202
24199
24198
24194
24191
24188
24187
24186
24186
24184
24180
24180
24179
24179
24179
24176
24174
24168
24158
24158
24153
24149
24142
24141
24141
24140
24140
24135
24129
24128
24119
24118
24116
24114
24113
24103
24101
24096
24093
24086
24085
24084
24081
24074
24069
24069
24064
24063
24060
24052
24052
24051
24049
24048
24046
24045
24043
24031
24025
24025
24024
24023
24020
24015
24012
24012
24012
24008
24006
23998
23996
23991
23991
23985
23983
23978
23972
23970
23962
23961
23959
23957
23955
23952
23948
23948
23941
23936
23935
23930
23927
23925
23921
23916
23916
23915
23909
23907
23905
23904
23903
23903
23902
23902
23893
23892
23891
23886
23883
23873
23872
23870
23869
23862
23856
23849
23848
23842
23838
23831
23828
23827
23827
23818
23817
23817
23813
23803
23800
23797
23795
23792
23787
23786
23784
23783
23781
23773
23773
23771
23770
23770
23767
23764
23762
23759
23758
23757
23741
23741
23739
23738
23733
23733
23731
23728
23723
23720
23718
23709
23708
23706
23704
23699
23693
23689
23688
23685
23681
23680
23670
23663
23653
23651
23645
23638
23635
23629
23623
23616
23614
23614
23611
23606
23602
23596
23593
23592
23592
23589
23588
23582
23581
23580
23575
23573
23571
23566
23559
23556
23550
23550
23544
23542
23540
23535
23532
23527
23525
23524
23519
23515
23515
23515
23514
23508
23496
23483
23482
23470
23466
23463
23462
23457
23457
23456
23451
23451
23445
23445
23442
23434
23433
23429
23429
23427
23427
23422
23411
23403
23400
23398
23393
23390
23389
23386
23365
23364
23362
23359
23358
23355
23337
23336
23336
23327
23325
23324
23322
23317
23316
23313
23309
23306
23306
23305
23300
23297
23294
23290
23286
23284
23281
23279
23277
23273
23270
23270
23268
23262
23258
23250
23249
23234
23233
23230
23223
23222
23221
23217
23217
23214
23213
23207
23193
23186
23184
23183
23183
23182
23181
23170
23166
23166
23164
23157
23157
23157
23152
23148
23148
23142
23141
23135
23126
23116
23115
23111
23110
23108
23107
23105
23105
23105
23099
23097
23095
23093
23091
23088
23082
23081
23079
23077
23075
23073
23068
23068
23067
23067
23065
23063
23060
23052
23050
23049
23049
23034
23033
23033
23032
23028
23025
23017
23016
23013
23013
23012
23011
23011
23007
22995
22988
22987
22979
22973
22971
22966
22964
22954
22949
22947
22944
22944
22938
22937
22936
22935
22931
22924
22919
22917
22914
22914
22913
22912
22910
22907
22904
22898
22895
22893
22892
22891
22890
22889
22885
22885
22884
22882
22876
22872
22866
22855
22853
22851
22840
22838
22838
22836
22832
22832
22831
22826
22821
22809
22805
22801
22800
22800
22800
22799
22797
22792
22788
22780
22776
22764
22761
22761
22758
22751
22748
22747
22746
22743
22743
22739
22731
22717
22716
22716
22713
22711
22708
22707
22707
22705
22704
22698
22698
22698
22695
22687
22687
22686
22686
22683
22681
22673
22671
22670
22667
22665
22665
22660
22659
22651
22651
22651
22643
22642
22637
22632
22630
22629
22629
22622
22621
22615
22615
22606
22604
22593
22591
22587
22582
22579
22571
22570
22563
22562
22560
22558
22555
22545
22542
22540
22539
22531
22528
22525
22523
22521
22518
22518
22514
22511
22508
22502
22501
22497
22495
22494
22488
22487
22485
22482
22481
22471
22470
22469
22467
22466
22466
22464
22462
22458
22454
22453
22453
22452
22449
22444
22436
22425
22424
22408
22407
22404
22404
22403
22396
22396
22396
22390
22382
22381
22374
22373
22371
22370
22369
22366
22360
22352
22350
22339
22332
22328
22324
22324
22318
22314
22311
22301
22298
22297
22288
22288
22280
22272
22259
22258
22251
22240
22237
22236
22235
22234
22234
22226
22224
22212
22207
22205
22196
22194
22191
22190
22187
22184
22182
22180
22164
22160
22155
22151
22151
22149
22147
22146
22146
22144
22141
22140
22140
22139
22138
22136
22130
22128
22125
22111
22109
22108
22107
22106
22102
22102
22097
22096
22092
22089
22088
22087
22082
22081
22079
22077
22075
22069
22067
22061
22060
22056
22054
22053
22047
22043
22042
22041
22037
22035
22032
22028
22028
22021
22016
22013
22008
22006
22001
21995
21994
21993
21992
21991
21984
21982
21969
21967
21963
21962
21962
21959
21957
21950
21948
21943
21943
21941
21939
21939
21935
21931
21928
21922
21918
21914
21913
21913
21912
21909
21905
21904
21902
21901
21899
21897
21896
21895
21895
21893
21889
21888
21875
21875
21875
21870
21867
21864
21862
21856
21843
21840
21834
21833
21832
21828
21822
21813
21812
21797
21795
21788
21785
21784
21783
21782
21782
21779
21778
21766
21766
21765
21765
21764
21763
21762
21761
21759
21758
21758
21754
21740
21733
21730
21725
21722
21721
21721
21720
21719
21717
21717
21715
21713
21713
21712
21694
21687
21684
21680
21678
21677
21676
21674
21668
21664
21664
21650
21647
21645
21642
21634
21634
21632
21628
21621
21620
21620
21612
21611
21609
21603
21602
21600
21600
21596
21595
21590
21586
21586
21576
21576
21573
21573
21573
21571
21569
21569
21567
21566
21561
21559
21555
21551
21546
21546
21545
21545
21544
21543
21541
21536
21535
21534
21531
21530
21529
21517
21516
21513
21511
21509
21509
21507
21507
21505
21505
21502
21500
21486
21483
21478
21468
21463
21455
21434
21430
21430
21421
21420
21416
21412
21400
21397
21396
21391
21382
21377
21372
21370
21367
21366
21363
21359
21357
21355
21354
21353
21348
21347
21345
21339
21339
21336
21332
21327
21325
21321
21320
21315
21314
21313
21311
21311
21310
21298
21291
21291
21289
21288
21287
21286
21281
21281
21280
21280
21277
21277
21262
21259
21256
21252
21248
21246
21244
21241
21235
21228
21220
21213
21213
21206
21191
21186
21183
21164
21163
21147
21141
21141
21140
21138
21135
21134
21132
21131
21126
21126
21124
21121
21120
21109
21107
21107
21104
21091
21090
21085
21082
21082
21079
21079
21079
21076
21074
21070
21069
21069
21067
21066
21061
21061
21061
21053
21052
21051
21048
21047
21047
21029
21028
21011
21010
21007
21005
21000
20999
20998
20993
20993
20991
20990
20989
20987
20980
20978
20975
20975
20974
20969
20968
20966
20962
20958
20956
20954
20926
20924
20923
20921
20921
20920
20915
20913
20912
20910
20910
20909
20907
20906
20905
20905
20894
20892
20888
20886
20871
20871
20866
20865
20865
20860
20856
20847
20842
20841
20830
20824
20824
20824
20824
20822
20818
20810
20810
20809
20809
20807
20807
20804
20800
20800
20799
20789
20780
20776
20775
20773
20772
20766
20766
20765
20765
20765
20765
20765
20763
20763
20760
20758
20754
20753
20747
20745
20741
20740
20737
20736
20721
20720
20719
20718
20715
20712
20708
20708
20706
20702
20701
20690
20688
20685
20684
20683
20683
20683
20682
20677
20677
20674
20674
20661
20658
20652
20644
20641
20640
20636
20636
20634
20631
20627
20623
20622
20621
20613
20612
20611
20607
20606
20604
20589
20589
20588
20586
20581
20580
20579
20578
20574
20569
20568
20564
20559
20559
20557
20556
20554
20553
20552
20552
20549
20546
20540
20536
20530
20529
20528
20523
20520
20519
20518
20518
20517
20515
20515
20512
20510
20503
20494
20493
20489
20486
20480
20471
20469
20459
20457
20441
20435
20435
20422
20420
20419
20417
20414
20413
20412
20410
20410
20407
20402
20393
20390
20385
20385
20383
20382
20376
20375
20373
20371
20370
20367
20366
20360
20357
20353
20351
20351
20345
20344
20340
20338
20337
20333
20333
20332
20332
20328
20320
20318
20317
20317
20315
20313
20310
20310
20307
20306
20306
20299
20299
20293
20289
20289
20285
20285
20282
20282
20280
20273
20273
20271
20271
20268
20261
20261
20254
20249
20248
20248
20239
20236
20235
20231
20229
20224
20221
20220
20217
20213
20211
20205
20204
20203
20197
20195
20190
20187
20186
20183
20179
20160
20158
20156
20146
20146
20144
20139
20139
20131
20126
20122
20109
20104
20100
20096
20094
20091
20088
20084
20076
20073
20071
20067
20058
20058
20055
20049
20049
20042
20041
20040
20035
20029
20025
20025
20025
20023
20015
20005
20005
19999
19995
19993
19992
19984
19981
19981
19977
19966
19962
19959
19956
19954
19954
19953
19927
19926
19926
19921
19918
19918
19912
19912
19912
19908
19906
19901
19897
19886
19882
19879
19879
19876
19870
19867
19862
19861
19860
19855
19853
19846
19841
19841
19841
19833
19819
19819
19816
19813
19808
19808
19807
19807
19798
19797
19794
19793
19791
19778
19775
19775
19772
19769
19760
19758
19754
19754
19753
19753
19752
19751
19750
19747
19747
19747
19733
19728
19728
19726
19725
19725
19723
19722
19719
19716
19714
19710
19705
19703
19697
19689
19688
19685
19684
19678
19676
19669
19669
19668
19668
19663
19662
19662
19662
19651
19649
19640
19637
19635
19632
19626
19625
19624
19620
19618
19613
19610
19610
19609
19606
19598
19598
19595
19594
19594
19589
19582
19581
19579
19573
19573
19571
19569
19569
19569
19557
19557
19556
19547
19544
19540
19539
19538
19536
19531
19523
19523
19521
19513
19512
19507
19504
19501
19498
19496
19492
19491
19490
19487
19486
19482
19475
19471
19468
19467
19465
19465
19463
19462
19457
19453
19451
19450
19449
19445
19445
19438
19436
19433
19424
19421
19420
19416
19415
19413
19409
19407
19404
19404
19403
19402
19402
19399
19396
19374
19373
19371
19368
19358
19357
19355
19353
19349
19347
19347
19342
19341
19335
19335
19333
19330
19330
19330
19325
19324
19320
19319
19311
19309
19302
19302
19292
19290
19285
19282
19279
19274
19271
19268
19265
19262
19260
19255
19254
19253
19244
19242
19236
19228
19227
19227
19221
19221
19220
19210
19205
19204
19204
19204
19200
19199
19193
19193
19193
19190
19178
19177
19175
19175
19167
19163
19163
19160
19155
19151
19150
19144
19144
19144
19143
19141
19141
19133
19131
19130
19130
19130
19124
19124
19117
19092
19087
19086
19085
19082
19081
19081
19073
19069
19066
19062
19061
19057
19055
19055
19052
19050
19048
19046
19045
19044
19043
19042
19038
19038
19030
19022
19022
19020
19016
19014
19012
19011
19011
19011
19007
19005
19005
19002
18994
18989
18978
18976
18975
18971
18970
18970
18967
18966
18965
18960
18941
18939
18938
18938
18935
18932
18930
18930
18927
18924
18924
18920
18920
18915
18910
18910
18908
18907
18900
18883
18880
18872
18870
18869
18867
18864
18863
18850
18847
18846
18842
18835
18826
18825
18820
18813
18812
18812
18809
18800
18793
18793
18792
18791
18789
18787
18787
18784
18784
18784
18783
18783
18777
18776
18773
18771
18768
18759
18732
18722
18715
18710
18705
18704
18699
18697
18694
18693
18691
18687
18685
18682
18682
18675
18674
18672
18671
18668
18649
18649
18645
18641
18640
18636
18631
18630
18629
18628
18626
18625
18624
18624
18619
18619
18618
18617
18616
18615
18615
18615
18612
18610
18610
18607
18605
18601
18601
18600
18599
18597
18597
18596
18592
18591
18591
18590
18590
18589
18588
18584
18583
18580
18576
18568
18566
18566
18555
18552
18551
18550
18548
18548
18545
18543
18541
18540
18536
18535
18534
18533
18530
18529
18528
18524
18524
18521
18515
18510
18510
18508
18505
18502
18497
18497
18497
18495
18493
18491
18488
18487
18483
18483
18482
18479
18470
18470
18469
18465
18459
18458
18453
18452
18450
18450
18442
18440
18440
18438
18438
18435
18431
18428
18412
18400
18397
18396
18391
18389
18385
18384
18379
18378
18363
18362
18360
18356
18355
18354
18347
18341
18332
18326
18324
18322
18318
18314
18305
18303
18303
18303
18301
18299
18299
18295
18292
18290
18290
18286
18285
18285
18284
18284
18282
18276
18276
18274
18267
18263
18262
18258
18254
18249
18248
18246
18244
18244
18239
18238
18235
18228
18227
18226
18219
18217
18199
18195
18191
18180
18177
18176
18172
18167
18162
18161
18158
18156
18155
18146
18145
18141
18140
18140
18127
18119
18113
18106
18103
18103
18094
18091
18089
18088
18087
18079
18075
18072
18071
18069
18066
18064
18062
18059
18056
18053
18053
18048
18048
18039
18033
18032
18031
18022
18022
18021
18021
18010
18002
17998
17994
17992
17987
17982
17981
17962
17960
17957
17949
17949
17947
17947
17937
17934
17929
17929
17927
17920
17916
17912
17905
17905
17899
17896
17893
17893
17888
17886
17882
17874
17873
17873
17870
17863
17857
17857
17855
17853
17848
17847
17846
17845
17840
17840
17836
17834
17832
17832
17831
17830
17829
17822
17820
17814
17813
17807
17806
17802
17800
17800
17799
17796
17794
17792
17789
17789
17782
17781
17772
17770
17768
17767
17758
17756
17745
17744
17741
17733
17733
17731
17731
17730
17724
17717
17715
17714
17709
17707
17707
17702
17700
17699
17697
17696
17691
17686
17682
17678
17676
17673
17664
17662
17660
17660
17658
17657
17647
17644
17644
17632
17629
17616
17605
17602
17600
17599
17598
17588
17587
17586
17586
17585
17579
17575
17570
17569
17569
17568
17567
17564
17561
17560
17553
17552
17551
17551
17548
17538
17537
17533
17530
17527
17526
17525
17524
17524
17520
17518
17509
17509
17506
17503
17494
17476
17476
17474
17473
17467
17461
17454
17446
17442
17441
17440
17433
17432
17431
17431
17423
17419
17418
17416
17413
17411
17409
17406
17403
17395
17393
17392
17390
17386
17386
17384
17375
17366
17365
17362
17361
17357
17357
17355
17351
17350
17344
17340
17338
17337
17333
17333
17333
17332
17329
17324
17323
17323
17314
17309
17299
17298
17288
17281
17280
17280
17276
17274
17273
17273
17273
17263
17257
17257
17257
17255
17252
17252
17250
17249
17248
17248
17238
17224
17217
17209
17208
17206
17203
17203
17201
17199
17190
17185
17183
17178
17176
17176
17168
17160
17159
17158
17153
17153
17150
17149
17147
17147
17146
17143
17138
17136
17124
17119
17109
17107
17104
17099
17094
17090
17086
17083
17078
17077
17063
17059
17059
17056
17046
17046
17045
17044
17038
17032
17029
17029
17026
17023
17023
17021
17020
17018
17017
17017
17009
17007
17007
16996
16994
16984
16971
16969
16956
16944
16943
16942
16940
16936
16934
16931
16923
16917
16916
16916
16915
16911
16902
16900
16894
16887
16885
16878
16871
16863
16856
16855
16851
16845
16835
16834
16833
16831
16828
16821
16819
16817
16816
16816
16816
16813
16806
16796
16794
16793
16791
16789
16783
16776
16775
16771
16770
16768
16765
16765
16762
16761
16752
16750
16750
16749
16747
16746
16744
16742
16741
16740
16737
16737
16732
16725
16725
16721
16718
16716
16712
16712
16708
16707
16681
16677
16676
16674
16674
16662
16656
16655
16654
16650
16649
16644
16639
16638
16636
16635
16634
16617
16617
16616
16608
16604
16597
16596
16595
16587
16582
16578
16577
16577
16573
16573
16570
16568
16561
16556
16555
16552
16551
16551
16549
16547
16546
16538
16537
16536
16534
16534
16532
16523
16519
16517
16509
16505
16505
16503
16501
16500
16498
16494
16493
16489
16482
16481
16478
16469
16467
16464
16464
16461
16461
16450
16439
16437
16427
16412
16408
16395
16394
16393
16390
16388
16387
16384
16383
16382
16377
16374
16373
16370
16369
16367
16366
16364
16358
16355
16353
16349
16346
16345
16344
16340
16339
16339
16338
16334
16332
16322
16316
16297
16292
16283
16269
16265
16248
16245
16241
16233
16230
16228
16226
16218
16217
16216
16215
16207
16204
16203
16202
16201
16200
16183
16182
16171
16167
16165
16165
16160
16159
16155
16152
16152
16152
16151
16148
16143
16142
16135
16133
16133
16129
16129
16128
16123
16119
16117
16114
16112
16110
16110
16107
16102
16090
16082
16076
16075
16068
16066
16050
16047
16045
16034
16031
16026
16025
16024
16017
16014
15999
15993
15986
15982
15982
15980
15978
15977
15972
15972
15968
15965
15964
15963
15961
15959
15958
15956
15948
15947
15944
15929
15922
15912
15911
15910
15905
15896
15895
15886
15884
15881
15879
15877
15874
15870
15868
15861
15861
15846
15839
15839
15838
15836
15832
15825
15822
15819
15816
15815
15814
15808
15805
15803
15802
15802
15793
15793
15791
15788
15785
15784
15783
15778
15777
15771
15768
15763
15760
15746
15746
15746
15740
15736
15732
15731
15731
15726
15726
15722
15716
15708
15705
15696
15694
15692
15691
15690
15684
15682
15682
15681
15674
15674
15670
15668
15657
15657
15655
15653
15646
15635
15627
15626
15626
15620
15614
15610
15605
15603
15602
15602
15599
15596
15593
15593
15592
15590
15589
15585
15584
15583
15582
15581
15581
15569
15567
15558
15554
15553
15552
15549
15549
15545
15545
15543
15539
15538
15537
15536
15530
15516
15510
15507
15505
15502
15497
15494
15486
15483
15477
15475
15475
15472
15466
15463
15459
15459
15459
15458
15458
15457
15454
15454
15452
15446
15443
15442
15438
15437
15437
15436
15435
15434
15431
15430
15420
15419
15417
15413
15406
15406
15405
15404
15390
15375
15375
15374
15374
15366
15363
15355
15349
15346
15343
15337
15337
15336
15332
15327
15327
15322
15320
15319
15314
15310
15308
15308
15304
15295
15295
15285
15284
15283
15282
15269
15265
15263
15263
15261
15261
15259
15253
15240
15232
15231
15230
15228
15224
15223
15221
15209
15198
15197
15196
15195
15195
15190
15189
15184
15180
15180
15176
15173
15172
15168
15166
15165
15164
15163
15157
15150
15145
15142
15137
15135
15135
15133
15131
15123
15122
15121
15119
15119
15118
15118
15116
15115
15114
15113
15111
15110
15109
15109
15103
15101
15100
15097
15095
15094
15093
15092
15088
15086
15082
15075
15074
15073
15071
15067
15067
15054
15051
15051
15049
15048
15046
15046
15045
15042
15038
15033
15030
15030
15030
15027
15027
15022
15017
15011
15009
15009
15004
15001
14998
14997
14993
14990
14983
14979
14979
14975
14974
14973
14972
14969
14960
14958
14957
14957
14956
14955
14954
14952
14950
14949
14948
14946
14945
14939
14936
14934
14931
14927
14925
14925
14916
14914
14912
14905
14895
14894
14893
14891
14885
14879
14875
14873
14870
14870
14868
14863
14860
14854
14853
14845
14838
14833
14832
14831
14827
14823
14820
14819
14814
14814
14812
14811
14809
14807
14795
14792
14789
14786
14783
14779
14773
14772
14771
14758
14748
14744
14742
14740
14735
14734
14734
14734
14730
14725
14721
14719
14719
14712
14711
14700
14690
14688
14688
14686
14686
14684
14683
14678
14677
14675
14672
14670
14669
14659
14657
14655
14652
14652
14650
14647
14644
14638
14637
14632
14629
14625
14623
14623
14622
14621
14618
14614
14610
14608
14604
14603
14599
14597
14597
14596
14595
14593
14588
14586
14584
14583
14583
14578
14576
14576
14574
14570
14561
14560
14560
14556
14554
14554
14554
14552
14551
14551
14550
14549
14547
14546
14546
14542
14542
14539
14539
14538
14534
14530
14525
14523
14523
14516
14515
14512
14511
14510
14509
14507
14507
14500
14491
14489
14487
14480
14480
14476
14472
14469
14462
14454
14443
14443
14437
14434
14429
14428
14426
14425
14424
14414
14413
14410
14409
14408
14404
14403
14398
14394
14380
14380
14379
14376
14375
14374
14373
14373
14370
14369
14367
14366
14364
14363
14360
14360
14358
14350
14347
14344
14337
14337
14331
14331
14327
14322
14322
14319
14317
14316
14315
14307
14307
14302
14302
14299
14290
14286
14280
14276
14275
14274
14273
14271
14268
14267
14266
14264
14259
14256
14255
14254
14251
14251
14249
14242
14228
14228
14224
14224
14217
14213
14210
14205
14204
14200
14197
14193
14190
14180
14173
14172
14172
14168
14165
14163
14162
14162
14162
14159
14154
14154
14150
14146
14143
14142
14140
14139
14138
14137
14135
14134
14133
14109
14109
14104
14104
14103
14096
14091
14083
14077
14075
14071
14062
14054
14049
14043
14042
14037
14036
14034
14028
14025
14025
14022
14021
14016
14006
14004
13995
13995
13988
13982
13982
13982
13981
13980
13977
13972
13970
13965
13964
13957
13948
13944
13934
13930
13926
13924
13922
13922
13916
13913
13907
13899
13895
13894
13887
13880
13879
13875
13874
13872
13872
13864
13858
13856
13848
13847
13846
13842
13841
13830
13830
13826
13824
13819
13813
13811
13811
13805
13800
13799
13798
13798
13797
13797
13794
13786
13784
13782
13777
13777
13774
13770
13766
13764
13763
13755
13755
13752
13744
13741
13740
13740
13738
13736
13731
13728
13728
13726
13714
13713
13712
13708
13704
13691
13688
13687
13680
13671
13665
13659
13654
13652
13651
13644
13643
13639
13630
13628
13627
13615
13614
13613
13612
13610
13609
13604
13604
13599
13599
13597
13593
13592
13592
13591
13584
13575
13560
13557
13552
13549
13546
13540
13536
13530
13523
13522
13522
13520
13497
13493
13486
13483
13479
13475
13475
13461
13457
13455
13451
13445
13444
13439
13438
13435
13431
13431
13429
13429
13429
13424
13414
13403
13396
13386
13385
13383
13374
13368
13366
13365
13365
13365
13362
13357
13354
13354
13343
13340
13339
13335
13327
13325
13324
13319
13319
13316
13316
13312
13311
13308
13304
13297
13288
13286
13286
13283
13281
13280
13279
13277
13264
13253
13252
13252
13244
13241
13238
13235
13234
13231
13225
13221
13206
13205
13200
13197
13188
13187
13185
13182
13177
13168
13165
13152
13151
13147
13146
13144
13138
13136
13131
13128
13127
13125
13116
13113
13111
13111
13103
13098
13097
13092
13089
13089
13089
13087
13083
13081
13077
13075
13073
13070
13067
13063
13062
13061
13058
13057
13057
13057
13054
13052
13049
13045
13044
13044
13042
13038
13038
13028
13019
13017
13017
13016
13014
13014
13010
13010
13009
13003
12998
12996
12996
12992
12992
12992
12988
12983
12983
12979
12977
12975
12971
12969
12965
12962
12961
12955
12952
12949
12946
12946
12941
12940
12935
12934
12928
12928
12927
12924
12918
12917
12917
12914
12914
12910
12908
12906
12903
12901
12898
12889
12886
12886
12883
12882
12875
12868
12866
12865
12862
12856
12854
12848
12847
12847
12846
12839
12832
12828
12825
12821
12815
12814
12813
12810
12805
12803
12799
12798
12790
12784
12781
12780
12778
12778
12767
12767
12765
12761
12756
12755
12752
12741
12734
12732
12728
12724
12717
12716
12716
12705
12696
12695
12690
12688
12683
12682
12681
12679
12679
12679
12677
12675
12671
12670
12670
12669
12667
12666
12661
12659
12644
12643
12639
12636
12635
12634
12632
12632
12628
12627
12626
12626
12624
12623
12622
12618
12616
12616
12612
12610
12609
12599
12597
12597
12595
12595
12587
12587
12579
12579
12574
12573
12571
12570
12565
12553
12553
12550
12548
12546
12545
12542
12536
12535
12524
12515
12508
12507
12506
12502
12501
12500
12499
12499
12498
12494
12493
12489
12486
12479
12478
12474
12470
12463
12462
12462
12459
12457
12454
12447
12442
12441
12440
12440
12437
12435
12433
12432
12427
12423
12421
12420
12417
12408
12405
12399
12397
12396
12392
12391
12387
12382
12377
12374
12371
12370
12367
12366
12365
12353
12351
12350
12349
12347
12342
12336
12333
12332
12332
12331
12330
12324
12323
12323
12323
12322
12319
12317
12311
12307
12302
12298
12296
12294
12285
12284
12284
12283
12281
12279
12279
12268
12245
12245
12231
12222
12222
12218
12213
12212
12212
12211
12204
12201
12197
12197
12194
12190
12190
12188
12184
12180
12174
12174
12171
12167
12165
12162
12162
12158
12153
12150
12150
12146
12143
12143
12143
12142
12138
12134
12128
12125
12124
12121
12118
12111
12110
12110
12106
12103
12098
12094
12094
12089
12086
12086
12079
12073
12070
12065
12062
12057
12057
12051
12050
12048
12045
12038
12038
12036
12026
12020
12016
12004
11991
11983
11982
11978
11978
11978
11972
11972
11968
11967
11967
11967
11966
11966
11948
11946
11936
11933
11933
11930
11930
11926
11923
11913
11913
11908
11903
11897
11895
11894
11891
11890
11888
11884
11880
11876
11873
11871
11870
11868
11862
11861
11860
11855
11854
11852
11851
11846
11840
11836
11832
11830
11829
11828
11822
11814
11813
11812
11811
11810
11807
11806
11806
11799
11799
11798
11790
11784
11778
11774
11770
11766
11765
11764
11764
11763
11756
11753
11749
11747
11745
11739
11738
11735
11732
11730
11724
11719
11718
11716
11716
11716
11713
11710
11706
11702
11701
11700
11685
11680
11679
11678
11674
11673
11672
11671
11669
11661
11657
11652
11652
11649
11648
11648
11645
11634
11633
11628
11627
11627
11625
11622
11606
11602
11602
11600
11596
11593
11592
11588
11588
11587
11586
11585
11584
11584
11582
11567
11563
11560
11560
11559
11550
11541
11539
11538
11538
11536
11535
11533
11532
11529
11528
11521
11515
11514
11513
11512
11512
11509
11509
11507
11507
11505
11500
11493
11489
11489
11489
11480
11469
11469
11469
11465
11464
11461
11458
11458
11455
11451
11451
11447
11440
11434
11434
11434
11433
11423
11416
11407
11406
11405
11405
11402
11399
11398
11398
11397
11395
11394
11393
11390
11386
11384
11382
11373
11372
11367
11367
11366
11366
11360
11358
11357
11354
11349
11346
11340
11340
11338
11334
11331
11326
11320
11312
11307
11306
11301
11298
11296
11290
11280
11278
11278
11269
11269
11267
11253
11252
11252
11251
11245
11243
11241
11235
11232
11226
11225
11218
11216
11204
11204
11199
11199
11197
11197
11194
11189
11189
11185
11181
11181
11174
11173
11158
11156
11152
11149
11148
11144
11133
11126
11114
11111
11111
11109
11107
11103
11102
11100
11083
11083
11082
11081
11080
11079
11078
11078
11077
11076
11075
11075
11072
11070
11069
11065
11064
11064
11064
11063
11062
11062
11058
11058
11057
11056
11051
11051
11050
11049
11045
11040
11040
11036
11036
11033
11033
11031
11021
11018
11015
11006
11006
10999
10998
10988
10979
10976
10976
10975
10970
10966
10963
10963
10961
10959
10956
10956
10956
10956
10955
10954
10953
10952
10946
10946
10943
10942
10939
10938
10938
10938
10937
10936
10933
10931
10929
10925
10919
10916
10912
10911
10903
10902
10902
10900
10896
10896
10892
10890
10889
10888
10878
10873
10870
10869
10868
10864
10859
10859
10858
10848
10846
10841
10840
10833
10831
10830
10820
10819
10819
10809
10806
10802
10796
10793
10790
10788
10782
10782
10778
10773
10768
10764
10763
10763
10763
10755
10753
10751
10750
10749
10746
10743
10739
10737
10736
10736
10736
10736
10735
10730
10728
10728
10727
10726
10719
10716
10709
10708
10707
10696
10693
10693
10679
10674
10667
10667
10666
10666
10666
10663
10663
10656
10656
10655
10652
10637
10633
10632
10631
10630
10627
10624
10617
10616
10615
10613
10609
10607
10607
10604
10604
10601
10596
10593
10583
10581
10581
10575
10565
10562
10560
10559
10554
10546
10542
10539
10533
10532
10528
10528
10520
10516
10512
10501
10500
10500
10499
10492
10490
10488
10487
10484
10477
10471
10467
10465
10464
10462
10460
10456
10451
10451
10447
10447
10447
10447
10446
10436
10431
10430
10429
10423
10412
10409
10396
10396
10395
10391
10382
10372
10370
10367
10366
10365
10364
10361
10358
10356
10351
10347
10343
10340
10339
10335
10334
10333
10333
10332
10331
10330
10330
10329
10309
10307
10302
10302
10300
10299
10296
10295
10291
10290
10288
10286
10286
10286
10285
10281
10280
10278
10277
10272
10268
10266
10265
10264
10263
10262
10261
10259
10254
10252
10251
10251
10250
10245
10243
10242
10234
10233
10232
10231
10219
10215
10208
10206
10204
10203
10202
10201
10195
10194
10189
10187
10184
10183
10181
10180
10178
10175
10173
10170
10169
10165
10159
10156
10152
10152
10149
10141
10140
10140
10137
10136
10136
10131
10128
10127
10126
10125
10125
10123
10110
10110
10105
10101
10098
10092
10092
10084
10072
10063
10060
10053
10051
10043
10039
10039
10038
10038
10038
10037
10035
10034
10028
10024
10020
10010
10004
10004
10002
9998
9994
9990
9988
9987
9987
9985
9982
9982
9976
9975
9973
9970
9968
9963
9962
9942
9941
9937
9927
9926
9922
9916
9916
9900
9899
9896
9893
9893
9892
9889
9888
9879
9878
9878
9878
9876
9871
9865
9865
9865
9861
9850
9850
9849
9845
9838
9836
9836
9829
9828
9827
9817
9817
9814
9812
9808
9805
9802
9796
9795
9793
9792
9788
9779
9778
9776
9773
9772
9772
9769
9767
9765
9765
9760
9756
9752
9747
9745
9745
9743
9740
9739
9737
9737
9734
9734
9728
9712
9701
9697
9695
9694
9684
9682
9676
9667
9667
9665
9664
9661
9661
9648
9647
9646
9641
9640
9637
9626
9623
9621
9620
9619
9616
9614
9605
9605
9599
9598
9597
9584
9578
9576
9575
9574
9573
9572
9571
9570
9567
9555
9552
9545
9545
9539
9537
9535
9534
9532
9527
9523
9519
9516
9512
9504
9504
9502
9497
9496
9492
9492
9491
9489
9488
9473
9473
9468
9467
9464
9463
9461
9459
9455
9455
9453
9452
9450
9449
9444
9442
9438
9434
9434
9432
9431
9414
9413
9410
9400
9396
9383
9383
9382
9380
9367
9362
9350
9350
9349
9346
9346
9342
9342
9338
9337
9325
9316
9316
9311
9306
9304
9298
9295
9293
9289
9285
9281
9275
9273
9272
9269
9266
9266
9265
9256
9255
9254
9245
9240
9238
9234
9232
9231
9222
9218
9215
9214
9214
9212
9209
9209
9209
9202
9201
9195
9189
9179
9177
9175
9174
9173
9168
9168
9168
9163
9159
9153
9146
9142
9140
9135
9124
9120
9113
9107
9104
9104
9102
9100
9098
9097
9090
9089
9089
9088
9088
9086
9086
9082
9079
9076
9074
9072
9071
9067
9067
9061
9060
9058
9055
9052
9052
9049
9049
9047
9047
9042
9035
9032
9031
9027
9023
9022
9016
9016
9014
9013
9012
9007
9006
9005
9002
9002
8996
8992
8989
8988
8986
8980
8979
8970
8966
8964
8934
8934
8933
8932
8924
8923
8923
8917
8916
8912
8910
8907
8907
8898
8888
8876
8875
8873
8870
8853
8853
8847
8843
8838
8835
8828
8826
8825
8824
8823
8817
8815
8814
8808
8805
8804
8801
8799
8796
8795
8792
8790
8786
8785
8782
8778
8775
8774
8765
8763
8762
8758
8756
8740
8740
8740
8739
8737
8732
8730
8726
8725
8722
8717
8714
8714
8709
8705
8704
8704
8691
8690
8687
8686
8683
8680
8677
8666
8665
8660
8657
8655
8654
8654
8643
8642
8630
8627
8627
8626
8626
8626
8617
8615
8613
8608
8608
8607
8598
8597
8594
8593
8592
8589
8585
8583
8581
8574
8569
8569
8566
8565
8565
8563
8563
8563
8562
8560
8559
8557
8551
8550
8546
8540
8537
8537
8528
8525
8523
8520
8519
8515
8515
8509
8508
8502
8501
8500
8496
8493
8490
8481
8481
8469
8466
8464
8463
8461
8461
8458
8455
8454
8449
8445
8443
8442
8441
8435
8422
8420
8420
8418
8409
8405
8405
8400
8399
8398
8391
8389
8384
8378
8371
8371
8367
8366
8362
8362
8360
8350
8345
8345
8342
8334
8331
8317
8315
8303
8300
8294
8293
8288
8283
8279
8275
8270
8262
8261
8260
8257
8256
8255
8247
8243
8241
8239
8237
8225
8222
8221
8221
8220
8214
8207
8204
8202
8202
8201
8192
8189
8189
8186
8183
8175
8172
8169
8168
8157
8151
8150
8150
8145
8143
8138
8137
8136
8128
8128
8126
8125
8124
8111
8104
8097
8093
8093
8082
8081
8081
8079
8077
8077
8074
8069
8068
8062
8060
8057
8056
8052
8047
8045
8044
8043
8041
8032
8029
8023
8020
8019
8014
8011
8009
7999
7999
7998
7993
7992
7991
7979
7977
7977
7977
7975
7973
7970
7969
7965
7964
7962
7959
7956
7952
7949
7946
7940
7940
7931
7923
7922
7920
7917
7917
7913
7910
7905
7902
7902
7896
7894
7891
7882
7876
7868
7867
7864
7864
7862
7861
7858
7858
7858
7852
7829
7828
7827
7814
7812
7809
7795
7777
7776
7775
7773
7772
7770
7768
7766
7744
7737
7723
7718
7716
7706
7703
7699
7697
7696
7695
7694
7694
7687
7685
7684
7677
7675
7671
7667
7665
7663
7663
7656
7653
7647
7645
7640
7635
7633
7633
7631
7630
7627
7616
7611
7608
7606
7603
7600
7600
7597
7597
7591
7589
7584
7582
7572
7565
7564
7563
7559
7555
7554
7551
7550
7544
7534
7534
7529
7528
7523
7518
7515
7511
7507
7506
7502
7502
7500
7499
7497
7497
7493
7492
7490
7484
7483
7483
7480
7478
7477
7474
7474
7473
7473
7469
7463
7447
7445
7442
7434
7430
7424
7422
7421
7419
7418
7414
7411
7406
7404
7401
7395
7393
7393
7391
7385
7383
7382
7380
7378
7374
7372
7371
7368
7361
7357
7356
7356
7353
7340
7339
7334
7334
7329
7327
7327
7325
7324
7303
7296
7285
7283
7283
7279
7271
7266
7265
7262
7259
7252
7252
7251
7251
7247
7244
7240
7232
7225
7209
7207
7206
7199
7195
7191
7190
7181
7175
7174
7172
7171
7169
7167
7166
7163
7163
7157
7142
7140
7134
7134
7133
7124
7118
7118
7115
7114
7111
7109
7106
7102
7100
7100
7092
7091
7091
7081
7079
7078
7078
7071
7071
7069
7065
7064
7063
7062
7060
7057
7057
7051
7049
7047
7044
7040
7039
7038
7037
7035
7034
7033
7023
7022
7019
7018
7015
7011
7008
7007
7006
7003
7003
7002
6999
6999
6994
6992
6984
6979
6978
6978
6976
6976
6973
6973
6971
6970
6965
6962
6960
6955
6953
6951
6945
6936
6931
6930
6929
6925
6924
6920
6920
6918
6912
6911
6907
6901
6900
6898
6898
6891
6880
6872
6872
6866
6855
6855
6853
6849
6844
6844
6842
6824
6824
6823
6823
6822
6819
6816
6816
6813
6806
6802
6798
6793
6789
6789
6787
6785
6783
6782
6781
6775
6774
6773
6768
6768
6767
6767
6766
6762
6760
6759
6755
6753
6749
6743
6743
6735
6729
6725
6723
6719
6717
6717
6713
6713
6713
6710
6706
6706
6697
6695
6695
6694
6692
6690
6687
6684
6682
6677
6672
6671
6670
6667
6660
6653
6644
6641
6640
6634
6633
6630
6629
6626
6625
6625
6623
6622
6621
6618
6617
6614
6610
6607
6606
6595
6594
6582
6579
6579
6573
6573
6562
6558
6557
6556
6549
6548
6546
6545
6538
6531
6524
6524
6524
6517
6517
6516
6499
6485
6484
6484
6482
6477
6475
6474
6472
6471
6466
6450
6450
6448
6439
6436
6433
6431
6428
6426
6425
6423
6421
6419
6419
6418
6416
6416
6410
6407
6400
6397
6396
6394
6393
6390
6388
6383
6381
6374
6361
6359
6354
6353
6353
6352
6352
6345
6345
6342
6339
6325
6325
6315
6309
6304
6301
6300
6297
6292
6291
6289
6289
6289
6284
6283
6283
6272
6271
6266
6263
6257
6256
6252
6244
6242
6235
6227
6223
6222
6222
6217
6213
6211
6208
6207
6206
6201
6201
6197
6194
6189
6184
6184
6184
6182
6176
6173
6172
6170
6163
6154
6144
6141
6141
6139
6138
6137
6137
6128
6127
6124
6118
6115
6113
6109
6108
6108
6103
6098
6097
6094
6087
6086
6084
6084
6082
6081
6079
6069
6067
6065
6064
6063
6057
6054
6054
6053
6049
6045
6044
6039
6033
6032
6031
6031
6031
6030
6028
6027
6026
6025
6024
6017
6012
6002
6002
5994
5994
5993
5993
5992
5991
5990
5990
5988
5985
5972
5969
5966
5964
5949
5946
5946
5942
5935
5929
5924
5922
5920
5917
5916
5915
5910
5908
5907
5906
5900
5898
5897
5882
5881
5880
5873
5872
5871
5870
5867
5866
5863
5862
5858
5857
5849
5848
5848
5847
5845
5845
5839
5838
5836
5834
5829
5826
5824
5822
5820
5818
5815
5814
5813
5807
5803
5799
5797
5795
5795
5792
5790
5789
5779
5775
5769
5766
5766
5760
5757
5752
5748
5745
5745
5744
5743
5741
5738
5738
5731
5725
5718
5716
5708
5706
5702
5698
5698
5697
5696
5694
5692
5689
5687
5687
5682
5680
5680
5678
5676
5676
5674
5667
5660
5652
5647
5645
5643
5642
5641
5634
5632
5627
5627
5623
5621
5616
5614
5612
5607
5605
5598
5593
5588
5586
5585
5581
5580
5579
5576
5576
5575
5575
5574
5569
5568
5565
5563
5558
5558
5547
5547
5546
5545
5540
5539
5532
5530
5528
5525
5521
5518
5511
5505
5502
5496
5496
5490
5489
5486
5486
5483
5469
5465
5462
5460
5452
5452
5451
5448
5446
5444
5442
5442
5441
5433
5431
5431
5426
5424
5419
5419
5416
5416
5413
5411
5411
5409
5408
5407
5406
5405
5401
5401
5401
5395
5394
5393
5391
5386
5381
5379
5374
5374
5373
5371
5371
5366
5366
5365
5359
5358
5354
5344
5341
5340
5339
5336
5335
5335
5334
5331
5328
5327
5320
5320
5314
5312
5310
5310
5309
5306
5305
5302
5301
5300
5300
5293
5289
5287
5282
5280
5279
5275
5265
5262
5257
5250
5248
5242
5238
5234
5231
5227
5222
5214
5214
5214
5212
5205
5201
5199
5192
5191
5190
5188
5172
5171
5165
5163
5163
5161
5160
5160
5156
5146
5141
5141
5141
5137
5137
5134
5121
5120
5117
5116
5115
5114
5110
5110
5106
5104
5104
5102
5100
5094
5094
5091
5090
5085
5084
5084
5079
5078
5074
5072
5071
5071
5070
5068
5068
5064
5057
5047
5044
5044
5043
5043
5039
5035
5033
5030
5029
5026
5025
5021
5021
5014
5011
5005
5005
5004
4999
4999
4991
4990
4985
4983
4983
4976
4968
4968
4966
4966
4962
4961
4955
4953
4950
4944
4943
4939
4930
4929
4928
4926
4925
4922
4915
4903
4899
4891
4886
4883
4882
4876
4871
4870
4863
4862
4862
4857
4852
4844
4841
4839
4837
4831
4828
4824
4821
4821
4821
4820
4820
4819
4816
4811
4808
4807
4805
4791
4791
4782
4782
4778
4777
4759
4758
4757
4750
4749
4739
4737
4737
4733
4723
4718
4714
4708
4707
4702
4697
4697
4696
4694
4691
4690
4690
4687
4686
4686
4684
4682
4680
4679
4664
4656
4651
4646
4643
4640
4638
4637
4635
4634
4632
4630
4627
4626
4626
4625
4624
4623
4622
4622
4621
4619
4614
4605
4604
4599
4599
4595
4592
4592
4591
4581
4578
4575
4574
4569
4567
4562
4561
4553
4546
4545
4535
4535
4535
4528
4527
4525
4524
4518
4513
4513
4509
4500
4492
4488
4488
4487
4482
4480
4476
4476
4470
4464
4461
4459
4455
4453
4443
4442
4441
4434
4434
4424
4420
4415
4396
4395
4394
4391
4389
4386
4384
4383
4383
4380
4377
4376
4373
4372
4367
4357
4343
4337
4335
4335
4331
4330
4326
4319
4317
4316
4315
4301
4294
4286
4285
4283
4281
4276
4273
4269
4267
4266
4264
4263
4262
4260
4259
4259
4259
4255
4246
4246
4245
4242
4238
4234
4226
4224
4224
4221
4219
4218
4215
4205
4204
4202
4200
4195
4192
4191
4184
4182
4181
4178
4176
4173
4173
4173
4172
4172
4163
4162
4153
4144
4143
4137
4127
4125
4125
4122
4121
4121
4109
4104
4104
4103
4097
4093
4089
4086
4083
4078
4078
4076
4075
4071
4070
4067
4063
4062
4056
4056
4054
4050
4048
4038
4035
4020
4016
4008
4003
4001
3991
3991
3981
3973
3969
3968
3967
3962
3959
3959
3958
3946
3945
3942
3938
3935
3935
3935
3929
3929
3925
3921
3921
3919
3916
3913
3912
3908
3905
3902
3898
3894
3893
3888
3886
3885
3876
3861
3859
3856
3855
3854
3853
3852
3848
3847
3844
3841
3841
3840
3837
3836
3835
3827
3827
3825
3824
3814
3809
3809
3807
3805
3800
3793
3793
3792
3787
3785
3777
3776
3774
3770
3763
3762
3762
3757
3755
3755
3755
3749
3747
3746
3745
3745
3745
3739
3738
3735
3734
3729
3728
3700
3694
3693
3692
3689
3682
3677
3670
3668
3667
3662
3658
3658
3657
3639
3638
3633
3632
3629
3625
3624
3624
3620
3613
3612
3604
3600
3599
3589
3589
3587
3587
3586
3580
3578
3571
3570
3569
3565
3561
3557
3555
3554
3552
3550
3549
3548
3547
3544
3544
3543
3542
3540
3538
3536
3535
3525
3519
3513
3512
3510
3509
3508
3508
3503
3501
3501
3500
3500
3497
3495
3491
3488
3487
3479
3477
3476
3475
3474
3470
3463
3460
3454
3452
3449
3446
3442
3435
3429
3426
3425
3418
3416
3413
3412
3412
3406
3400
3396
3393
3392
3390
3389
3384
3381
3377
3374
3373
3372
3359
3357
3355
3348
3348
3345
3343
3340
3339
3337
3336
3333
3327
3312
3310
3309
3306
3299
3298
3297
3286
3282
3277
3269
3267
3263
3262
3262
3260
3254
3245
3245
3244
3242
3235
3235
3230
3224
3224
3216
3214
3206
3206
3203
3199
3197
3196
3186
3182
3177
3170
3165
3163
3157
3152
3151
3145
3143
3142
3140
3133
3132
3130
3123
3120
3117
3116
3114
3106
3103
3099
3097
3096
3092
3091
3091
3091
3090
3081
3076
3075
3070
3070
3069
3069
3063
3059
3057
3056
3051
3050
3045
3042
3042
3038
3034
3030
3029
3023
3018
3012
3012
3012
3011
3008
3007
3006
2996
2992
2991
2989
2989
2988
2983
2982
2970
2970
2960
2952
2951
2945
2941
2939
2938
2936
2931
2929
2926
2925
2924
2924
2919
2915
2901
2895
2894
2892
2891
2889
2871
2867
2867
2863
2853
2849
2840
2840
2837
2825
2821
2817
2816
2809
2809
2808
2801
2800
2800
2799
2799
2799
2799
2799
2797
2796
2796
2795
2792
2791
2790
2785
2780
2779
2768
2767
2766
2751
2750
2744
2744
2741
2739
2738
2733
2733
2728
2726
2726
2719
2718
2716
2710
2706
2705
2704
2704
2701
2701
2695
2694
2687
2682
2682
2679
2678
2669
2666
2659
2655
2655
2653
2645
2638
2636
2630
2623
2622
2620
2618
2612
2611
2607
2606
2603
2595
2587
2584
2584
2582
2580
2573
2572
2570
2570
2565
2564
2564
2558
2556
2554
2552
2550
2549
2547
2544
2541
2537
2528
2524
2518
2517
2517
2511
2510
2498
2492
2489
2483
2481
2480
2474
2467
2467
2465
2464
2464
2463
2462
2456
2455
2450
2450
2446
2446
2444
2442
2441
2438
2436
2427
2427
2426
2425
2424
2423
2422
2419
2419
2416
2410
2409
2403
2401
2397
2394
2389
2388
2382
2382
2379
2378
2374
2369
2369
2365
2365
2360
2358
2356
2354
2351
2350
2350
2345
2345
2344
2343
2340
2336
2335
2333
2333
2329
2325
2324
2324
2321
2314
2311
2308
2306
2302
2297
2283
2278
2278
2277
2276
2270
2269
2268
2265
2262
2259
2253
2241
2235
2232
2229
2226
2220
2218
2217
2217
2217
2216
2214
2211
2209
2208
2207
2205
2203
2200
2195
2183
2167
2166
2166
2166
2161
2156
2154
2149
2148
2147
2145
2144
2140
2137
2136
2134
2134
2129
2128
2127
2122
2118
2116
2115
2111
2108
2102
2101
2100
2098
2098
2093
2085
2082
2081
2079
2077
2074
2072
2071
2070
2063
2063
2062
2061
2053
2052
2046
2045
2036
2030
2024
2023
2020
2015
2015
2006
2003
2001
1996
1992
1990
1987
1985
1985
1981
1970
1969
1968
1968
1966
1965
1963
1961
1961
1956
1956
1955
1952
1950
1950
1945
1945
1943
1942
1941
1939
1937
1936
1935
1933
1931
1929
1929
1927
1923
1922
1909
1900
1898
1892
1887
1885
1882
1881
1871
1867
1865
1862
1854
1853
1853
1842
1841
1839
1838
1838
1834
1823
1819
1818
1814
1812
1805
1794
1794
1793
1791
1789
1788
1785
1783
1782
1775
1771
1763
1763
1763
1760
1758
1750
1744
1743
1742
1742
1739
1737
1736
1735
1730
1724
1720
1718
1718
1715
1714
1714
1711
1701
1697
1692
1691
1690
1690
1689
1685
1683
1683
1682
1678
1677
1666
1664
1659
1644
1644
1643
1643
1641
1636
1632
1631
1628
1627
1624
1620
1616
1614
1614
1606
1605
1604
1602
1597
1597
1595
1594
1584
1580
1574
1573
1572
1571
1570
1566
1563
1562
1562
1559
1557
1557
1549
1544
1536
1535
1534
1532
1521
1517
1516
1511
1509
1508
1507
1506
1503
1499
1491
1489
1486
1483
1477
1474
1468
1468
1464
1462
1458
1458
1456
1452
1450
1450
1449
1446
1443
1442
1438
1437
1437
1433
1430
1426
1421
1421
1420
1417
1417
1408
1407
1400
1398
1391
1391
1390
1386
1385
1380
1380
1378
1375
1371
1360
1359
1358
1356
1352
1352
1346
1346
1345
1339
1338
1336
1335
1334
1330
1327
1321
1318
1318
1307
1298
1297
1296
1283
1283
1282
1275
1275
1273
1268
1264
1257
1248
1247
1243
1240
1240
1240
1236
1235
1230
1229
1226
1225
1221
1217
1215
1214
1210
1210
1198
1196
1195
1189
1188
1188
1186
1185
1181
1180
1178
1176
1152
1146
1144
1143
1143
1138
1128
1125
1123
1121
1118
1114
1110
1109
1101
1100
1098
1094
1094
1089
1086
1079
1075
1073
1069
1064
1061
1060
1057
1046
1044
1041
1039
1037
1036
1030
1028
1027
1027
1023
1020
1009
1007
1006
1001
999
993
989
986
986
986
982
979
965
965
965
964
950
948
947
946
944
943
941
940
940
939
934
934
926
922
915
901
897
888
883
879
873
871
870
869
869
865
862
861
859
858
858
857
853
850
850
849
847
846
845
842
835
831
830
829
827
827
827
823
816
816
815
815
812
810
809
800
798
797
794
776
775
773
771
768
764
764
760
756
752
751
751
750
746
744
743
741
740
731
730
728
728
724
716
713
698
697
697
688
688
685
680
680
676
675
673
672
669
663
663
659
651
649
647
644
638
635
633
632
630
627
625
621
616
616
614
613
612
612
612
607
607
606
605
605
597
596
595
591
590
590
589
588
586
586
580
578
575
574
573
573
567
563
563
561
560
559
559
552
551
547
546
543
541
539
537
536
529
528
523
515
510
503
495
493
491
483
483
481
480
479
478
474
472
472
470
465
465
459
453
453
452
450
448
445
438
438
437
434
432
432
424
422
411
410
409
409
407
406
405
403
402
401
401
387
386
386
377
374
372
371
369
369
366
364
363
351
351
348
342
338
317
316
312
311
304
304
296
296
286
285
281
281
281
278
278
277
270
270
267
263
263
261
259
258
255
255
254
249
248
244
241
241
235
233
227
226
225
224
216
216
212
197
193
188
185
184
173
173
165
164
163
160
160
159
158
158
150
149
146
144
144
136
134
129
127
125
123
118
113
113
113
112
112
109
108
107
104
98
97
96
94
81
81
79
76
71
69
68
64
63
62
59
52
48
45
43
41
30
25
24
23
21
16
15
13
10
6
6
5
1
