18491
9717
20680
22079
8673
11650
6631
9404
25998
29276
31038
17167
30435
7397
4160
18811
8802
12642
8629
14079
9984
18586
13347
338
19566
13875
28408
10399
4647
14540
7804
19200
17210
4057
2681
29628
31445
4930
2983
8769
26005
10427
3034
17632
19343
13025
23786
9034
12062
22042
4710
29902
3179
12073
18936
7760
1469
22420
3734
21512
2182
21430
17006
6912
14121
18082
15246
26187
9100
1982
32599
19462
9826
30236
18591
3600
24373
9623
17577
29321
10550
16818
12998
10251
4292
16944
21191
12715
5566
19827
20010
5806
18057
25749
2048
21003
32736
13640
32671
15781
23903
11630
12813
30021
9933
11383
9767
27993
17964
28286
3988
14702
4738
3363
13421
15983
31590
12838
426
19611
24905
22472
31307
23880
9866
13026
27978
28761
17720
8898
7748
17792
30116
17097
19681
27956
12718
31173
18184
28017
8397
8975
29125
30259
14555
11620
29941
25008
8102
19332
30135
31832
6455
4748
2962
20621
3808
8724
23654
29218
31495
12808
2836
1429
17845
8775
25837
32525
24030
26621
31195
21778
7022
29889
2897
8974
13848
29549
32244
30599
23773
30401
14854
18970
14942
30135
9879
21815
29155
12708
11114
20382
24871
25107
26024
16797
13033
16993
31559
29190
3635
23832
14648
9970
28265
12556
26707
13881
28689
3127
1283
8620
7780
14422
17841
15129
3480
21824
7153
3068
19947
32009
7279
32005
879
3546
31127
31054
11928
13710
32007
2392
29063
6925
11190
8651
24084
16745
225
8682
6302
186
27577
15832
23442
12473
31694
20620
10172
24863
26681
20885
11600
15291
23948
27279
14775
27734
15995
26721
13851
10823
17223
1084
689
16341
9198
16467
15049
11087
14612
21594
11671
13805
16303
26049
6079
7269
11126
1965
27042
9549
13319
16059
9835
16691
2266
1139
10200
4222
22506
1678
21193
27395
4893
7656
2185
17766
8312
14659
24800
4151
24835
14273
30933
27848
14973
28448
25155
21456
4032
22963
34
2497
21490
10276
23443
31977
9329
13035
15784
26955
5500
1933
6649
24122
7586
3477
5608
443
19435
32595
14511
11672
13512
12887
4142
16964
16827
27564
22134
19314
20421
15317
25621
21108
18580
7817
31519
31316
8809
23086
14081
16820
29387
23318
11525
1637
32749
1659
2468
9930
31968
16699
13967
23787
23672
9812
21884
12120
26368
10527
7089
5060
32413
8013
23122
8029
16003
28322
16234
24812
24793
23155
7098
16561
5997
11488
14661
508
17175
14290
3735
17035
13807
27060
23257
5031
27694
29168
30358
2301
26597
12592
25931
22845
7008
29009
29616
27764
3671
8487
28361
29738
10714
4084
16299
26939
22266
25765
30735
2934
23608
19666
7064
16119
9647
8051
12772
25412
25600
28515
27988
42
11777
18839
29340
25685
4389
6939
3337
4530
15529
31440
23445
4997
13188
21223
17069
6729
12556
9756
11964
31051
11368
27827
29567
25093
9913
17715
21512
31035
12295
29925
32655
8663
20205
29707
3836
6533
14085
481
20277
17166
31249
31829
25639
14966
8174
30597
4246
3796
20793
20733
11941
15860
190
15021
9509
19886
16293
31147
26013
7939
10331
21678
16157
22269
3137
28230
4547
31045
20503
1756
12042
4225
8999
25198
29398
116
32049
19975
24896
24019
3866
255
21793
26600
4691
22007
2912
32745
8970
6035
5884
14869
4371
23798
2520
25748
21397
12799
24138
8204
2932
1861
28002
26115
16514
9682
32250
6391
17765
8867
14466
31295
28230
3548
2952
8607
1599
22987
19722
21166
12161
13731
9340
19432
6728
22516
2455
27539
16000
29933
25576
18002
1076
23634
5908
2954
1723
31547
2027
21368
24225
15762
26164
13071
7766
2890
18227
12691
28057
23904
23802
31734
28578
9874
22132
29173
24594
3042
13363
26866
4763
10441
7668
16528
16751
23356
1272
9488
22122
21344
7938
7022
6910
25356
1582
13115
31458
18690
2424
31289
17786
29677
31240
3512
6661
31002
319
26035
27273
15095
19330
13738
16766
31564
5065
32573
13884
21819
23526
12941
15398
23288
23957
30802
14484
21321
73
444
2946
21181
24497
31243
30458
11436
12044
30189
4417
30706
1330
31899
11716
9066
23901
1714
26816
22060
22716
3794
16820
6023
3254
4088
28808
31421
27134
3484
24954
19073
2139
393
973
28721
25397
19328
22320
4819
21215
32396
25583
10705
20134
10276
2523
32628
17309
27906
20986
24354
3110
6086
12015
27480
21569
30025
22568
22373
30356
6850
11210
236
7742
29083
17244
9495
14684
9489
10037
11676
2135
19854
19622
20849
22004
30150
19176
1358
9241
21907
29380
30694
22880
24209
13573
5606
15197
30329
925
20906
16816
31550
6553
10946
3529
27882
21958
12583
4990
22837
5153
61
15950
25834
12800
28040
8051
3834
10497
26414
28841
2397
27830
15921
30657
17324
30477
22632
5860
896
12160
1602
5544
9864
6402
30778
28372
27244
29349
4121
12019
22117
14091
2543
12187
8857
9875
14543
15227
14647
18495
21325
26406
11607
3431
3001
10913
17295
1055
28696
1965
26708
17513
19942
18645
12311
1051
5518
9528
15643
32143
31141
21780
10008
5388
17898
25366
16530
26871
10750
18020
22006
14521
29668
4454
17017
20080
30263
16728
30384
22357
5677
31377
19696
22256
15695
15760
18275
8445
10997
24779
5103
1564
24963
23352
29127
7996
11110
11160
21709
25542
29646
26758
25262
30345
28457
17731
9660
21864
20322
5950
4490
22469
32734
10342
13641
10156
9523
25136
14309
8640
23718
7527
31199
18406
30571
8887
30953
12979
11675
10231
20803
11670
1269
22074
30936
27077
26453
9364
4119
29672
9460
5036
25746
22664
24165
5638
345
9014
4683
12557
26901
9339
19163
8931
21987
10883
10005
6377
6902
6280
15297
17165
1003
2303
2092
20438
19947
26245
31392
7473
5763
10120
16548
10745
23619
6325
24312
5192
27928
25125
19791
12416
24169
13127
4554
1303
27380
16779
6201
14118
21095
1492
16656
13233
5822
25755
25643
8628
13151
11491
17218
26866
10743
6624
10282
22909
274
17254
10961
16388
4221
10515
23287
29407
14171
17467
18861
9180
22537
19608
11918
711
13747
7086
9408
31931
4019
23296
15274
9259
5805
26868
22386
3503
5995
8327
7486
11664
30585
28593
26406
530
24448
26773
31739
5764
12131
14705
1722
11016
6171
14144
2510
3363
30547
26415
18953
27907
20675
12999
28001
15252
332
13011
18794
23873
2008
15638
7575
15754
32752
8366
13616
3914
10778
15686
11538
17862
7672
24831
22826
4725
545
6428
1456
29586
26046
24943
4131
8034
6117
24199
5127
22597
6325
3735
10081
30079
54
7460
25327
11460
30445
17782
12840
26757
7234
28604
9974
14077
30355
29949
19765
7674
18708
13763
14827
24428
27501
28550
21061
31407
32529
31961
1622
30360
7775
27735
31631
16449
24955
6731
25340
10900
21739
14625
30532
23194
15857
29840
24158
11393
18603
7045
27412
23919
31723
31950
31289
1545
3799
25227
26537
12738
31808
22613
22277
7908
28611
10283
19499
29535
26786
14881
20344
29268
11872
17095
6589
32353
29470
27738
1026
29867
16312
26285
14077
11436
1439
2517
22096
10434
29300
30615
9094
17267
24937
26515
21707
25985
1624
2605
7023
4273
11936
11838
5657
19291
13252
5503
10955
14514
31682
9137
1177
27089
9011
21646
12585
13194
11558
9328
6633
5357
21693
22466
21779
31386
23685
19754
2658
27335
30615
18035
26513
26128
10352
21564
24728
2306
12687
20578
14246
14949
29652
4910
2269
29261
22163
20287
21968
26079
5499
16438
19645
9188
4138
6179
18314
28175
30603
22451
16000
23310
29943
32022
10955
3411
9991
13745
5293
2719
4154
32392
18822
83
21324
24425
30084
118
22865
11481
7465
901
15764
31936
12930
15102
6961
14803
16929
171
6260
453
29663
28335
19440
14893
23379
27730
22367
2102
21521
15244
21565
5896
26018
21331
28195
22778
27464
4772
18148
12148
31598
6227
105
9637
19185
19347
2125
10730
2065
24901
311
29177
26933
27137
26107
30161
27490
13541
17008
11618
31866
4896
7695
31996
3380
18493
29776
31864
18143
13104
22212
1320
24790
31778
5363
12927
20930
21244
1523
16768
22674
2741
20429
31463
6460
7516
18575
5146
18737
25828
19761
13006
10145
5299
10792
32633
15731
16361
29132
29308
8450
30832
23658
18444
14745
21192
3625
18148
16045
23183
24221
17836
28381
17363
32301
6951
15018
25880
5413
25888
24310
17960
14490
21010
11070
20381
20737
22938
28567
26415
20110
3997
20073
1214
18254
32313
28142
3103
23299
12908
17770
30630
30915
26503
552
8056
25167
32080
16440
10637
2356
9466
4842
28295
8612
28870
6409
24374
1809
12917
6359
14056
20111
21620
24525
1649
8935
6598
25103
25597
18042
28849
21937
19352
22236
17448
17836
31866
11820
30715
22686
24340
32309
31681
18245
16347
326
8321
16057
27351
23761
7459
10861
29674
4550
28057
8676
14305
5805
30924
30258
25148
30598
10569
6970
957
5984
25768
26785
1459
28603
3520
28308
1540
27039
32140
23103
26619
11385
7900
9736
9687
32440
6331
4495
12047
5163
13220
7527
24422
26137
25955
1681
23219
28958
12236
32188
22894
29896
15903
5695
12794
4341
27959
10450
10932
23786
10869
9744
24768
21556
21870
5293
20366
13631
4183
14199
17710
11703
11052
5902
20313
28834
5539
27490
27963
4666
980
8433
4609
17803
12709
30142
17447
22481
28919
27152
25983
1423
28306
240
28672
1391
22992
3168
13140
25821
23308
347
24351
4706
1226
3984
26129
12737
11171
30943
1450
5587
20727
25744
32464
31778
3153
10837
19218
26184
8088
20742
23226
11525
8699
15638
10133
10531
28058
19160
10369
3594
15349
20596
29115
21026
7445
17319
3557
16621
13692
32574
23514
4832
28366
25680
32050
9988
1852
21310
8596
14929
11188
14444
15038
14533
2250
10428
25941
1096
32356
18895
4718
19775
25128
506
15832
22770
31911
11274
15664
20894
11590
19128
29602
31833
24816
30699
30335
28842
18301
2992
28292
11748
29665
14073
16868
10822
21269
3609
21274
14292
9669
16123
24689
23284
26814
28454
20560
28359
22550
32113
30279
13133
31000
9093
7386
8503
22262
13079
24592
8075
24110
27363
9401
30458
696
8039
14467
7937
7412
13156
26300
16578
10582
7190
3556
2975
22223
27950
506
14236
4090
10387
18307
20849
27404
19933
29530
11378
11384
25998
15163
5663
18533
1038
782
10123
3792
109
29427
20589
28289
23255
25105
30727
31407
3798
8734
20411
8050
19787
30638
13158
12525
23082
19261
13187
16695
2552
24315
9473
26894
6918
5466
21215
28474
26219
5208
11661
31427
9410
20876
5123
15314
17064
21235
4765
14183
244
12408
13245
8640
23733
8773
15903
29573
31469
10188
31995
9652
5134
5011
28124
16463
6968
1988
28739
10183
7472
12144
21243
21798
4896
16551
23354
25856
9489
4920
8572
10519
6184
22600
24607
10449
25764
16021
4031
15450
12179
3976
27983
11929
9303
4348
17916
4564
27100
14289
9410
13090
12182
30511
15818
22676
3645
14490
13194
13858
14408
18618
4507
17751
13867
17640
6489
27580
10831
21880
15420
7174
22741
16585
24569
24063
28427
8973
18520
26932
18090
22233
17108
15972
8406
23148
28660
27555
5331
15807
18028
26449
11910
25936
11251
11711
30899
11695
16354
3482
28400
15301
13201
20255
4972
1511
19569
8701
9314
24991
27625
32265
11610
8756
14577
25252
28710
5119
18289
8428
24984
24685
22871
7333
13828
9939
5498
12262
14713
22005
20530
7555
28606
4692
16820
15934
14350
13627
17966
21676
28819
12424
934
13289
21924
25403
4499
9467
6335
10944
32312
14087
27461
15612
19908
26166
30968
5913
20267
17765
3637
3346
25282
5775
26097
17917
3741
32250
23412
12572
31912
15396
31704
16290
16008
6764
13120
28485
29487
30337
4569
29063
10817
6283
25746
31684
8490
16411
7579
3068
13820
5075
18591
11870
11273
24533
1728
3993
7748
20204
20054
26594
15192
2685
27240
2755
10118
27948
30182
10154
8255
13389
20140
1837
15749
23569
15415
20766
27906
4717
17957
10067
741
27849
30318
8498
31872
19566
869
29695
20642
7596
7532
21477
27062
24014
23674
22981
9624
5055
2382
31170
30523
10105
15984
22153
1531
17457
7404
32097
26307
12612
4302
22262
19166
19935
24924
22757
16542
7025
2326
17414
25007
722
4462
31613
2872
16432
28232
16512
31671
8637
5424
24293
29337
1306
19549
5747
11676
16258
28009
19685
24549
23735
6094
21693
32480
24749
3872
21711
220
30711
16653
7304
26978
17141
12052
28931
16216
10171
14344
7882
18650
22208
32068
23660
10452
28235
24491
18883
14943
26781
20582
6146
17889
16607
29021
9857
27619
31434
16754
8264
25009
31000
20608
26205
23475
20142
14102
21197
16782
30342
19955
8316
2042
7774
24897
942
19553
28706
23442
16209
3645
1562
9371
17168
8750
30163
12211
7704
15070
7631
30217
21160
9109
8684
22696
22107
2203
17045
9772
19253
26961
31402
16450
15727
4110
4144
7393
29187
11195
952
8010
4598
26413
2705
1216
15976
6725
32685
24839
22876
28873
30548
26271
3912
8961
24970
30397
27996
7185
26433
13582
4242
10778
28223
6955
14714
5135
28621
18394
20675
12631
3621
1546
10376
24359
5273
18317
1632
28573
20099
3987
16932
28317
24816
2282
1406
22636
4875
17400
30775
7694
12619
22644
25917
4960
30556
26343
9333
8948
11470
13798
21830
25519
24704
26380
13793
27684
28363
32697
9042
32687
15982
16782
3656
29009
24636
3748
28836
22607
32135
21903
4036
29321
16715
16661
6028
20635
10266
10158
23096
10165
25291
30395
16612
25915
14306
5511
14552
24604
4030
31742
10645
17394
6021
31023
16289
4574
9936
25987
6161
21281
21525
15547
6363
22907
25560
23467
473
10564
32401
23992
668
26955
22876
22034
24822
29810
15715
24754
31814
26885
6667
18195
14721
20959
3553
13488
9221
17723
4675
14144
20254
5467
13774
1716
17492
28379
4491
20716
2682
210
25816
1341
4472
2734
1048
23460
3795
27596
1562
5062
5889
4314
23626
10159
32623
23277
16794
28231
21838
23649
11310
27027
29985
1908
11722
15537
3848
10913
28412
1426
9161
22206
12553
5749
18083
2772
664
19239
12243
16834
4896
30204
27619
15760
20755
8331
13237
11412
16071
7213
14675
1095
10793
7733
30068
11748
13088
25580
16845
24774
19650
6739
19486
18047
9529
1432
11767
17592
8307
9300
13646
2251
20877
19082
10691
12577
7933
28768
6829
12365
32130
12443
492
17893
28107
13020
18286
10532
10473
32156
29053
16705
10102
27625
3535
1933
28547
17117
8012
28495
21827
8931
7325
28512
6776
20649
19321
2437
6305
4580
1198
27535
25056
6599
11505
1588
1197
16705
28263
13740
24125
1785
32495
22539
10160
4874
32566
28001
10749
14974
15992
7571
17566
16012
28438
16376
13051
17298
6109
16563
15511
15312
19984
32723
15356
16874
1083
1580
10343
7964
31159
11251
3636
31034
5884
3355
8712
25711
17065
26483
23232
21682
31573
15996
15900
11015
16915
24843
19499
23163
8647
11427
13686
24797
24364
10896
18412
3900
7585
25283
16017
24101
1206
113
24549
18841
12922
9322
5909
28880
1666
314
29668
30128
4537
7425
15703
22540
14059
21778
803
18589
18448
32590
22999
12225
11352
17727
11721
25589
23290
5364
22722
19476
14013
17311
26217
26957
5699
15855
13168
1253
1304
25134
21376
32178
2430
24602
27109
29011
31478
14981
24825
15664
13711
18092
11346
4917
13806
17751
427
7757
27169
29108
13459
29344
17187
8692
8407
17805
21294
21923
20400
10598
1220
19912
17325
18670
13948
2752
5982
24211
18317
19419
23238
25452
24859
27827
23422
12785
2117
15440
17321
6268
17643
10749
15259
6019
26944
25576
31304
18322
17939
17277
28782
8971
22492
9087
31362
12190
14473
31723
17756
17286
25094
24460
20897
25225
3471
14173
16884
28333
15285
22435
24540
10426
12593
19143
883
15476
29804
28148
18900
21653
6090
15221
17986
29324
23738
24268
6681
1528
31614
28305
8053
32739
7099
26641
4772
23998
18880
18594
26188
26656
29846
24775
11868
8511
16588
15625
19891
7978
15359
16528
21139
19916
15659
19844
11716
21665
32181
5926
12424
7221
14132
31148
32066
12129
20995
29665
22245
29765
28807
7801
31517
30980
25409
15669
29504
20546
20883
17851
2035
14687
9042
30771
17308
4208
30479
26017
12171
16898
12581
5
14311
16013
28546
4148
25178
10682
28214
11636
17276
16725
10429
4827
24321
14352
17420
28260
24225
32765
3422
1494
19402
16585
6587
19797
14344
30137
21069
19397
48
28518
31074
26850
5712
13625
29760
288
32342
676
26028
23363
27011
23589
25913
23486
7309
30716
24401
4557
3223
30375
27141
31313
24273
10018
6804
5231
14063
21216
10173
9191
75
19847
25797
15668
7641
17519
24903
30569
11470
2521
14782
24518
17936
22511
25811
2845
27228
18303
2407
24807
1337
30327
10592
31781
12960
6688
11572
15864
13160
31003
7223
28159
15475
2332
3492
1140
3227
11368
7789
31238
30042
19215
30659
14708
16955
17385
12899
3822
11012
29011
8871
12587
15520
15783
22856
16457
25806
892
25844
22121
3212
13731
8339
1542
27969
2780
6745
25114
3245
10588
24460
27631
2961
3583
14610
709
13086
11085
9410
12585
27934
31790
5991
29712
4836
1645
21396
22454
16117
2287
24874
1593
3443
20911
29098
9204
30541
30593
15675
5532
13352
29570
9339
3101
20236
22113
8966
29234
22991
5457
24263
6086
27458
10954
24577
14094
21533
1795
15899
12131
13994
3119
19760
4576
27956
4729
6227
23488
27438
12225
13474
31348
1316
16148
14610
30087
19299
25582
26356
23090
25446
1327
20297
17599
3079
31709
203
9118
14434
29087
2744
4168
28040
10997
24669
22999
20200
14648
26982
7522
1406
20565
19175
2074
28089
15433
13609
7974
14381
12892
16949
10558
26877
31261
12578
5641
25094
10784
2591
32567
25548
29818
30528
8030
12581
16121
24073
23190
16807
804
1467
13523
11986
12790
22112
20997
18430
5977
31896
23537
30979
31076
32290
27085
28586
28500
2858
17822
11222
11340
6229
11090
26226
14796
3468
23965
31514
24051
5516
11411
16521
10612
23082
18954
31685
26970
14695
1965
23052
30843
16184
23264
7548
11454
28690
16984
26758
23564
12343
26997
21521
13591
21443
9574
15469
26573
9077
10235
28926
22939
25150
1097
12965
24930
8076
24832
11501
18234
25171
29835
22010
1001
30944
9964
24882
31777
31069
30038
12456
13181
16163
29575
29005
13114
28866
1772
19925
8373
23250
14194
25706
16297
11128
12845
27411
23589
23223
22956
12003
22606
19324
23
23009
23001
29032
9997
11195
21319
1883
24895
4393
25823
8900
12748
17954
20845
12203
1371
28354
700
8571
8442
21238
22996
25745
8890
10477
18164
23685
28678
6718
25934
31547
11719
28633
5765
15528
7738
4272
23015
4964
140
16161
23402
4596
20026
16682
30312
23765
29227
24395
10266
12616
21898
26170
11734
3297
24165
5961
19208
16845
15367
13208
29426
998
7445
3578
21027
14968
11115
20392
29625
8913
27060
23464
32342
3978
20172
31995
17635
20632
15061
19337
9991
4114
8731
29645
32102
12224
2472
19776
3482
29543
12711
27527
16882
983
2425
5723
8429
5809
18841
21564
16500
18169
20272
29653
12507
27231
5495
16430
7062
28493
26832
19348
4539
4015
12196
32072
17979
25734
25851
19946
12256
9772
8412
24227
20230
9573
19050
22293
4889
18729
20411
13828
7122
7475
32631
193
21040
15689
24629
32090
5433
10570
8597
25475
30318
19961
797
12355
16911
20108
19668
2142
20243
23282
13729
21894
21221
7912
21345
2624
13536
5562
28873
14487
7561
20186
25858
26500
15759
28450
18686
21272
2179
31465
9883
879
24407
13511
32127
26197
26264
7464
14766
22453
1131
24211
30699
17605
16969
12984
13269
22003
3706
3131
15293
19342
6483
4419
1608
31029
18991
12993
17865
3072
2094
27777
21851
1904
21168
31217
23489
9495
26000
2996
16383
775
25888
18918
19380
19707
19945
12077
5950
19527
9247
2181
7052
2689
7910
9671
1473
29421
19271
1790
10382
7850
25329
4714
10060
14237
21167
8016
14044
7713
11437
24967
4159
15723
618
451
28916
15039
25212
28320
17685
27476
30215
12910
22320
15624
31227
22975
8678
32196
4113
14001
8006
11693
9091
3324
12775
18447
23950
29370
967
12042
26024
29178
30438
9722
27009
14083
930
1704
10428
22376
8401
7474
106
32208
4512
22202
12875
1666
13614
11985
25539
22707
13288
1954
4254
2191
9891
22750
28035
3593
4987
24939
30266
7267
23661
18380
9117
26236
31670
21838
1375
23517
10731
14328
15232
10882
18901
30512
2956
4456
13842
1837
3479
20442
19565
10016
11512
15740
21240
30242
30920
22292
4847
27356
25
19484
17740
6648
13814
22792
11561
30539
6431
31319
31706
32191
7041
17500
23238
27138
1399
27593
14090
29680
20675
19200
10956
12993
14154
28698
8287
6130
29075
32691
2843
11508
24830
30844
20986
32663
8644
9086
18419
26933
16562
15662
19990
7326
4261
9014
31596
9927
23492
4862
26252
20017
27776
17660
27901
32027
10829
28865
5199
8807
17949
1471
24824
13644
12961
9435
16111
18369
25663
9910
22538
21413
5329
15035
29720
11950
1827
27368
16062
20760
1579
4189
3858
23305
7174
1190
3321
1222
15543
7113
20545
26008
24734
13070
21885
15740
19130
24721
25764
11661
30366
3976
17769
2866
27189
5461
23896
14855
26421
2891
5045
14476
14436
31040
5908
19344
5774
7383
24760
29788
24897
22922
4524
7582
10063
7546
1443
11036
15105
18166
14224
22549
19995
22221
21509
4213
20884
31572
5453
12481
5394
16438
17736
22717
25127
28414
265
15582
3918
27749
6704
8819
18083
7773
12809
29329
31846
9946
27233
4035
20782
32611
18476
23150
23532
16732
9176
4102
6055
10000
17263
28915
28913
4481
31343
22849
12076
7919
27497
14346
13695
7722
18268
4515
22421
27288
9935
30857
15900
32006
22704
10506
5880
15663
17135
13235
3403
24588
12506
25213
17702
24289
11063
17590
22284
21252
13859
3505
1835
17004
4269
12845
13401
10493
21041
28806
15055
19093
374
12189
18088
6614
391
24712
21017
16306
28754
20218
19310
4023
21250
3185
7881
29984
11292
25122
8089
9367
22363
30116
3547
7883
18252
3166
13075
20406
170
6578
21257
22187
28535
998
27716
17186
29151
19415
1096
21060
13516
860
31631
31029
15944
15995
9544
18467
16791
27470
7889
29203
6416
15539
8950
1382
447
5046
21735
8494
29884
5055
16123
13107
14921
19836
295
2755
4783
11404
27452
19517
4309
5105
32484
4444
677
21810
5467
16964
799
28243
9453
29518
4665
14966
25138
21396
20093
333
14604
30779
11361
4423
22877
4227
18277
20598
21385
20112
10479
28738
175
4342
8422
12240
12966
6406
3088
22832
26553
23002
9260
25929
32291
11298
13775
29316
9033
29357
22527
31291
31418
31671
401
28896
14567
10997
6210
15597
11681
14433
21912
12431
31319
4037
7543
29202
28685
7434
8834
32523
20764
4414
29751
13895
29356
27750
21193
5238
31217
22537
25788
3991
12584
7801
10819
15651
12368
19168
19033
12025
21929
15886
5537
13068
18926
17412
23294
25039
3153
30272
27122
10075
16955
30406
24247
13158
18112
20467
5151
31716
13796
1281
22316
15994
28560
8025
14447
11431
20050
17564
5921
11953
3544
8559
16899
26961
7466
13578
18933
29214
22698
18816
25177
24250
26573
9420
27429
6846
14999
16031
202
12390
25304
1772
11720
28668
17704
2351
6670
8710
23971
30849
21523
12335
5221
28765
4021
28917
24004
30256
30420
536
8784
1954
26542
23998
10892
16807
15609
5734
2665
27716
31682
26003
18566
30497
776
31028
15658
13012
6423
11222
25853
21223
29350
5000
9098
1199
4016
5010
12661
9932
2578
23765
12923
28031
12777
2304
12078
32687
5033
15479
28270
22713
17405
31492
27302
31482
3427
6971
24268
16158
23427
1199
10006
19495
82
9431
29053
1085
12011
18109
31219
29240
18472
14700
20067
1005
21763
28951
22125
7484
19119
3849
6878
20438
29814
31825
2289
17359
8017
809
11591
7399
25417
4906
8872
26776
9872
7218
12407
24799
13918
11281
21751
4043
4493
15094
14144
8134
16627
21148
15615
25766
22915
31796
16368
26995
1058
8465
7965
3830
10058
18966
10196
1798
3681
27103
4713
14482
10967
7602
3760
22637
19202
4388
7225
17117
25273
28811
10826
25057
16818
5671
15261
11334
21404
24079
2526
2408
17916
19677
25827
9673
12232
29977
18857
1107
5828
18278
27922
22637
28320
14702
13921
29888
28110
28559
25969
23238
21541
21826
24760
14103
32567
20559
26367
22131
26738
31411
8415
24462
26873
3916
19963
23967
24384
30027
2559
26535
4714
5718
25947
28801
28514
27520
19904
2990
31675
27881
599
13022
6728
20532
4036
22590
32123
16814
4062
20868
25470
1079
10538
26556
30739
9208
2589
6096
30764
10179
23566
20440
29514
27976
27133
13607
18070
7166
30470
16145
11712
23243
163
12926
1435
13433
26788
18992
7285
22233
17136
6100
11320
6325
17145
27082
23106
29303
1280
16820
22788
21914
12046
10176
1884
3796
9646
26294
10675
7936
20587
31936
6358
14029
10764
19709
661
16681
6290
24004
6173
10347
18670
12216
17942
16963
2690
31120
21116
3682
26206
21667
31806
13288
28215
9782
30873
27025
32551
20870
27185
13471
29735
32404
11764
10887
1100
435
6575
8539
18628
12242
2156
31482
9872
11145
20626
30457
6143
30438
32700
14160
4590
22006
30805
25541
193
19986
19704
6168
6432
19951
30089
2291
30833
19043
14866
2960
20762
23544
28512
27688
7796
10546
24922
16159
7309
10656
1828
6385
32678
3493
23799
22746
10087
22275
32702
29256
18916
28204
26225
24833
21072
16457
21810
13332
28547
12807
26153
23425
3629
29476
17440
9384
15064
32444
29406
4466
10143
21588
16707
30273
20912
13731
16680
2712
643
29988
24820
22666
10455
8541
765
14052
17777
6380
11941
14873
26516
21334
14129
18418
30015
27280
29800
14834
15145
12617
26864
14986
125
25085
29288
18689
6741
12986
24388
4129
15096
22960
1644
31650
30932
20092
15508
14424
18746
21553
17241
2843
27356
6186
3617
10874
31750
29074
30895
1823
14495
3504
19337
12032
7135
5363
10762
14155
25038
5313
17989
22798
9344
14848
30368
11434
4370
10337
2349
12278
28771
31343
28871
818
32658
13915
10225
2226
21564
17284
25966
21318
18546
11465
32416
3948
10876
15247
5025
21301
11345
14225
24867
247
20177
22378
21512
10424
17608
11748
15040
5205
2467
8190
12390
27254
10224
12223
7578
5170
27543
10173
27420
20865
31706
29548
16941
10341
6414
12327
30374
6872
31255
17152
30421
20340
1445
32584
23835
6372
25392
10717
32582
2062
8116
25910
6063
29950
25132
21040
25619
10897
27600
29078
22066
8422
24591
4721
12841
29316
4172
22805
13968
30795
18264
10984
10835
14364
20658
2801
27729
4680
14208
13092
24758
22969
31052
30320
22553
17122
10368
14212
19540
21864
15008
101
3879
19597
32329
1713
18060
4705
29933
10416
21208
16807
3148
12064
31382
23176
29617
24509
30755
5626
2290
11410
17673
1006
6437
3074
16156
24636
28962
17813
854
19023
31165
16260
6771
19344
23488
6403
21325
22675
26538
7504
26357
14596
15658
23424
17045
592
28250
28420
4872
4371
6844
17662
28214
11588
15861
27206
13873
17698
11851
11834
4625
27357
1760
9801
6287
261
31148
24127
2148
16819
17724
16718
10847
3193
18988
2016
14665
9995
31845
13855
27513
23722
11287
30528
31285
10324
25205
24979
17103
21933
20020
28492
23932
17579
31681
14351
17907
15365
21829
14141
29130
30297
9817
11008
28815
22048
8073
22552
29097
27730
5514
15972
19437
15832
30779
2608
25343
29622
15710
20033
1647
25077
15123
21153
9871
4433
11800
1067
31510
14247
26562
20693
30582
19229
24506
31936
10493
7183
9592
15361
23213
8636
28033
7469
6876
26037
13920
4263
32396
14849
16742
6313
16008
9745
23329
28179
2627
13927
12189
9718
11376
6916
9821
9184
23904
16534
535
25829
24352
20574
16435
28530
16206
17123
29698
29649
23231
29016
6590
27003
32467
20942
7494
13601
17555
18970
4246
9081
399
17796
19976
17609
27258
31028
588
30004
17282
861
23080
7623
14960
20774
20465
31299
18052
30557
21701
28584
10766
27099
20877
16262
29132
15797
15286
9219
3591
25127
14762
8363
24940
31809
4881
5115
25003
20815
26825
21931
9681
27657
28837
28095
32358
26751
12521
12364
29510
4803
30594
18955
17216
17491
2309
2463
16752
11341
17262
29094
11356
28242
12437
24449
23249
17461
17519
21219
23163
3692
17162
8732
23623
32563
2630
10019
2681
19585
15188
12645
9356
5292
32752
18512
31949
25051
26462
2718
13238
30767
5926
13922
19723
23217
19343
9684
31414
13050
25564
19676
14691
1956
30281
863
6875
28019
10179
10317
23074
8003
17259
26983
5455
10417
19913
15313
18734
3977
4048
20827
27286
10227
21910
5775
14731
32604
23759
1402
10772
2598
12046
22843
32475
14
25532
28237
29062
4961
1492
23444
1240
28382
6500
4137
23686
9834
31940
485
14042
1654
8595
14511
25610
28208
22902
17030
22357
8301
12943
23629
11747
14161
8127
23385
18266
9924
26780
9148
19519
31124
7473
14160
15891
13674
2424
10626
27946
4462
25752
996
28745
27578
14302
26481
31239
10624
14717
30365
10208
28154
5894
21540
10010
21524
27557
17039
19288
5852
24097
12422
29439
21669
8850
15833
21836
22782
23519
1357
5682
6487
6398
14118
15348
20588
27115
20600
25223
25720
18533
31534
18597
1051
20587
25303
4785
9735
1146
2612
24398
22382
6531
28034
2493
1324
1710
32136
13818
11187
21713
16223
662
6586
27055
7428
31827
12709
19185
12959
12161
21939
5349
9360
29467
27370
8440
19007
18849
7874
6132
14752
29619
23444
27642
32648
4210
6080
30271
4275
26518
27553
13446
16273
14671
6706
25185
17108
12253
30845
27175
6331
20206
24519
27060
21275
31931
5757
18147
6194
225
23517
4045
25643
5376
612
8894
22385
25365
17658
23035
7604
3479
17120
14134
14780
7508
20053
19149
16880
28938
31243
21191
22949
2757
4429
19852
29480
22268
26349
31846
9866
18793
9967
4539
10542
27564
5878
1799
12819
14750
29042
22172
22242
26486
18311
5401
11703
28062
5564
9900
16303
30291
30568
3079
6198
2303
9437
803
32013
3926
10321
30647
6942
4146
30096
32631
13312
15407
20580
24077
6216
10246
11712
19672
31381
20650
31663
615
26458
17700
31743
13748
28010
4655
7596
6432
17221
19347
270
2354
29988
20290
4802
27408
26566
7732
26970
30393
15352
26370
20932
26888
24295
7748
13947
22889
21286
16556
19823
12120
32381
6879
14517
29598
2167
13079
1518
31051
5546
12410
14457
6770
27588
23607
19032
1191
19034
6246
20451
20793
1136
26781
10799
25903
9928
26705
29755
21765
14059
19187
5856
18467
22265
16838
12151
6178
23088
25474
13640
10174
5693
29099
2485
11673
32069
6062
24363
28341
19635
32704
8900
9391
23744
22902
21692
3004
23747
11812
31642
21605
2110
7927
7706
29954
8356
26834
28637
5880
14315
18921
7375
7090
6102
9502
24412
30048
20992
32542
19794
20338
17575
12603
1940
17107
8254
28168
14468
4582
14769
29622
3374
10305
13686
2097
5429
23084
22360
6906
13694
8152
770
10435
6558
18527
14670
15564
20484
24703
7755
11264
31974
18710
21520
26062
20460
14685
13892
30408
10399
10468
17001
6398
5520
23889
14571
28184
6728
6104
17132
16182
26611
7801
10445
24200
29899
7421
25980
1708
7750
6574
8832
21451
16894
31193
26821
12914
31076
20997
4648
24624
25637
32240
18370
23029
11608
15437
6389
21541
14188
19008
30520
6271
6868
14997
8866
26033
25455
1220
21304
11447
14521
1957
10998
18423
23732
31731
15519
2078
11668
4738
13124
12984
5677
14912
26262
20114
6429
18925
26605
22991
25273
2458
21524
17868
3512
22499
30171
21685
1697
26348
1370
13540
14838
19740
4101
30205
31006
26012
21876
13258
16915
15502
9456
4823
21968
781
1981
27341
18808
18153
17450
14991
32326
27167
1369
16918
11320
5658
13262
24077
27515
9900
19130
300
26773
18635
13829
26452
12116
18700
1310
24175
14458
19936
32386
16646
9765
31120
24589
32415
23296
12281
22531
19932
22572
31752
734
25684
3564
20724
31189
20528
2835
9022
15921
20358
14125
5482
3407
16757
880
13434
26996
3333
15969
47
25427
6587
30278
15103
28768
13823
5711
15829
22995
1839
10883
19339
4219
24447
30315
8232
28999
5527
19073
14297
18069
14826
17495
2481
4666
17879
25992
12832
27726
8322
11615
18741
700
5489
8521
24723
1421
6374
28667
25908
3055
30207
7010
24801
15880
17038
21839
22381
20349
13497
31455
15285
5824
13905
23211
14423
19741
20979
12724
18485
17284
21985
2829
23208
6164
18590
28230
32644
14444
2891
2204
22224
15536
17860
15586
16450
26461
30841
17965
1660
21965
20494
22851
521
11657
5810
28865
28694
21074
24384
12302
30960
28910
17943
2307
8769
27315
25530
4183
10506
28117
19750
11468
32608
18031
15863
3355
27110
13394
18489
4256
30990
20881
9743
3781
23055
21961
2310
10544
15268
16945
823
5292
17035
16997
26143
1240
18873
19953
13117
9874
27229
22176
31344
21793
1947
3971
16911
30244
23045
6336
21702
10302
14041
7200
4403
12415
3837
9814
5956
21137
25019
18704
28495
32679
7996
20927
1774
2085
14022
8487
8096
15375
19637
28582
2849
9779
21563
2628
20869
19990
2263
21630
7447
11424
918
6866
2035
16263
26636
522
10085
26491
25873
8009
28928
32022
1340
1238
21886
18562
2849
20396
11611
18408
21834
445
21296
28828
1526
13578
2000
22281
27284
29540
31780
26974
24317
16127
7366
10485
10357
6076
31584
3720
1120
2354
29123
1298
26308
3458
23239
10118
9346
20695
31973
11571
1364
8639
661
12530
31109
6701
7272
16149
28531
19786
10470
22031
1222
1536
32293
17891
3950
25156
12590
6734
14942
22309
30479
31667
12810
27033
31680
13002
7329
10242
19126
15113
23050
12419
9545
4046
18337
20486
25286
8273
942
1545
13908
5708
27817
31019
30343
23399
22576
10362
17094
2405
15812
25978
8797
12561
20807
25332
31073
9190
18742
25733
28487
11393
19622
23266
9027
25031
17664
30956
19042
214
3964
3447
4966
31149
19038
11738
27749
6810
14835
32054
1568
1639
330
7303
12580
24899
10931
3948
28835
24690
15353
8630
24335
10420
21087
6578
16508
10102
603
17207
24243
21179
30484
8046
2837
31689
3485
17764
25142
8339
26607
16209
11573
26602
13224
28838
31965
13410
8326
20696
23165
31237
17058
1775
10887
17082
23660
12749
7403
3443
19562
26943
18225
29722
6832
17349
17497
17465
25118
27937
30322
30315
4444
6562
17916
12422
16279
25133
31487
16006
4344
21776
3047
11832
26345
18310
32294
31147
22535
13322
13448
27734
11237
12636
18261
12041
22150
20052
16936
9877
12185
24170
25490
4410
24946
769
14958
3797
19405
32118
15618
32710
22081
5612
13787
26274
28293
8917
8805
14494
11878
32065
24396
18614
25988
28135
16022
14752
720
24307
25469
8820
6597
24213
13
21016
32617
15942
20610
23917
15106
23256
28767
25659
18073
22853
25934
14557
23344
25652
31675
22188
17602
13898
20783
21292
31231
32054
10349
13817
29636
24955
25422
25455
92
16124
15964
1564
3705
23113
10801
8935
11248
7852
24205
17404
13368
12529
826
26239
27297
25337
2720
5868
31828
21501
6695
26704
9742
18851
7249
12842
31131
3523
22675
16670
32533
23798
11510
26207
11738
12771
17778
4570
31054
31048
27909
25379
27990
31434
21654
23840
5775
637
27533
10359
12882
5939
9775
4281
25193
18821
19898
10315
24718
26531
13892
16152
28071
8667
30292
6137
30915
27626
31805
2271
14804
9990
7486
29126
15402
24743
31323
13914
5300
12825
22265
9829
16373
3267
15676
256
25543
32564
3105
32374
28883
16115
19290
3319
24524
771
24813
11265
1646
31544
1163
4750
16442
28733
3249
3070
26350
22624
29057
14275
22214
27940
8541
6094
31349
3461
841
6589
6882
30985
17149
1729
28323
12171
17101
1616
9530
455
20281
8080
27154
7844
28755
25982
6967
10565
29909
14818
12248
9166
4862
21235
2686
15094
15152
28617
13066
15953
30795
26503
13424
20827
31175
32580
6710
8516
9108
12990
18858
11133
16305
23486
13030
24838
11662
25673
5509
12918
11043
28555
21794
20679
5068
9604
6549
12007
12523
3439
14060
4095
30780
8951
6443
11905
21494
4633
12228
18420
20647
17879
5333
6527
19661
13730
27683
6455
1588
7557
13786
30760
8466
3345
4354
14629
1251
30988
10689
26704
11013
15320
20307
16232
15124
12453
28105
17109
4355
21846
26501
9077
2303
7988
2673
28964
11524
28245
7426
27150
8251
19402
16112
29364
25626
24203
6578
703
21306
17187
7355
4744
28151
12828
16759
21859
21705
8488
4868
19631
3173
19220
30128
32670
26515
19053
27191
25541
13006
13039
18617
16994
32157
21937
12157
9841
7604
7187
8552
8045
18377
9571
4155
25830
23096
4946
20112
9928
13654
12569
9618
5733
15765
24938
2687
29767
25436
32537
12255
11960
19619
7303
28289
23821
31826
19922
16954
9143
4951
27070
22109
19719
1929
28002
24057
8900
27712
28306
13269
21615
10416
18704
32300
30289
14346
29298
21033
25929
20305
8401
4897
6999
1277
12342
2451
16615
22097
29381
28128
1758
9852
22439
25289
5478
4978
5305
7085
7034
15496
16118
10880
19248
22226
32164
12683
20169
11068
17473
29925
634
23147
16173
1973
32504
593
24340
4389
16582
8594
12065
25893
30782
21658
25060
27876
20065
18554
16639
6927
10846
32647
27540
26568
17380
17329
3951
4197
3623
25252
2290
5869
18356
4001
5572
15699
15093
1817
1593
30832
31620
20494
6527
5826
11312
14122
28814
5862
6608
24476
17357
27095
14026
1462
18309
7396
17249
20295
27399
10099
11970
17849
24219
22648
31950
21995
3119
8115
15526
29132
28348
11948
23543
12220
29815
11631
25354
931
22461
32519
25995
28109
6843
20925
13332
15244
4576
30478
6785
13708
10500
16237
14067
22516
20309
21949
13728
28738
13830
22156
32097
15587
19894
7953
6393
27285
11936
4068
26918
2941
22408
16255
27498
25607
28513
22648
8598
10626
30143
8060
26139
3703
3583
23819
14608
14540
20792
9973
20995
32157
21216
17816
640
32470
17470
12503
13665
1680
25236
24793
5851
15409
7176
28294
12613
3906
5974
16322
2728
29711
2616
15207
3847
19968
2704
16645
21363
9146
18011
24665
32205
30965
20054
3214
23897
27163
24429
18229
8
26022
22248
32518
20610
7990
15701
7764
2293
6261
5171
1362
1696
23467
21091
27656
18974
17440
15183
26643
12403
28725
31959
4639
12504
14657
16384
1829
11078
19757
6235
16741
5060
17870
32311
1314
1649
23045
16262
23841
4177
1176
5008
25311
14551
15567
15705
20117
6198
7374
26835
2796
1640
4534
11972
18560
12027
29050
27509
19735
5534
4737
21536
31390
22383
16640
30487
18919
13570
11797
4788
13604
12593
13476
28420
20003
20646
4082
9778
31815
17961
24579
1973
7754
6058
6068
569
2996
2062
12439
16463
12826
20922
16529
25555
18967
32224
19765
3105
24588
25740
30943
4855
11415
8557
26000
11304
30932
2404
27021
21510
2646
27854
29110
14477
21220
12946
11687
2383
24563
6121
24976
23075
17895
8432
31189
1165
778
1519
15461
13292
5704
10599
13274
2150
17841
25309
12373
31892
20651
10857
31255
31212
2554
28925
4576
18418
5489
12662
6920
16926
17781
1637
19294
140
21559
20634
31940
24422
29869
14964
15494
4369
30549
9195
29823
10010
32425
17242
2538
15839
32609
1805
3593
14077
2155
911
23672
11901
3755
31408
17230
5822
14450
18264
4345
10016
25792
14863
9174
2421
27194
12872
22419
29224
18921
112
27717
3883
20920
23739
17224
31138
27308
32425
3546
5713
3809
8538
18806
4294
9032
151
9714
23878
12578
6812
12631
28024
15163
17063
25988
979
10983
20545
29569
20937
4286
30543
26788
19633
13591
5336
2406
25973
13381
31891
32258
3839
8852
4920
11475
16228
29698
16771
24171
22479
9149
3080
1907
7980
22368
23482
21573
15256
31214
17209
21066
22155
2698
19679
21269
22467
6908
7561
25916
25327
14820
30757
32506
1057
17596
28160
13958
14064
23951
18381
9265
13424
123
29556
19010
13267
29927
672
7826
2524
5765
1543
4582
21255
12807
20856
12559
5242
29088
29862
15299
32681
5441
29878
19770
17612
29328
4746
29320
8194
30888
10699
19133
3394
13204
29881
3262
20230
2952
16562
3810
13238
15333
24451
11340
17877
15851
24946
9227
21229
9019
25608
19955
30011
7188
415
16697
3099
9546
11694
18640
20274
6661
2519
16775
26717
9535
32685
15839
16477
20219
11079
2989
27199
8518
25222
30580
22924
8431
25893
27008
20277
5638
389
14530
10557
24597
14902
20335
292
21025
14405
32087
17687
21087
5704
5126
14297
14774
20522
10396
879
12024
25527
5996
19086
31200
28134
9559
25797
2507
20714
23271
12650
11319
12023
29995
11590
12028
17877
2133
14080
27212
30502
12308
11850
28268
2422
27058
22989
20783
28167
29677
16341
22327
5978
20631
23996
29931
11389
17388
27160
25399
9496
28087
3492
17415
6709
22563
16111
4737
22482
6242
11462
23300
31528
23808
25442
30437
10681
1540
6226
18404
11548
8907
18727
12144
32648
29093
6369
15775
5410
15660
6172
21483
28167
13160
25594
14254
15639
4772
18383
20571
12167
18446
19856
3458
8485
23569
26873
12418
18794
18547
10624
30219
11586
5166
7932
23387
24986
20750
23829
31540
27309
22286
18794
16031
17423
22899
8325
23907
23926
12710
23936
27204
6219
31698
28787
26364
4597
24898
28581
7163
18144
11384
12142
12253
23119
780
27885
15023
3815
24907
30575
20706
15351
13195
1178
16907
19336
10575
7005
1888
3369
7712
16792
7667
26999
13350
22666
18604
17006
31881
21502
30215
3187
18826
14389
17811
27677
1631
2706
26918
25799
12499
8456
24033
25558
20634
31812
14567
13514
2165
6297
988
10759
7434
25007
25887
1633
3457
13547
4040
29546
6622
7837
14176
4219
21281
15853
867
26243
4383
31618
15990
19602
27166
32503
15720
2340
2099
3839
14826
15406
30812
18514
7439
24042
20317
22367
30082
24163
16475
8367
5513
12736
314
1050
5309
21840
6326
9901
12678
6489
29251
28503
20057
15264
21413
8790
1713
7864
4175
18276
6094
10763
5757
18080
6448
7850
12816
26686
16594
27860
8493
8942
12071
22088
22164
25869
32469
26954
1472
17550
5172
8311
21700
16806
26757
13130
20448
2107
19698
25450
31462
23562
24906
21177
7247
7066
14969
11805
7708
1508
29896
14604
8302
11967
11738
1498
6628
19981
8802
26306
8632
21928
27557
25526
16281
31242
6323
16614
23878
6590
8037
25106
13807
12170
24853
5776
24395
15193
16160
6684
18552
19947
31517
22115
19095
9019
24282
12622
10019
30643
26651
29711
4117
1042
29713
5868
5562
19481
9884
32206
5711
11257
2368
29065
2914
20604
7657
25065
20712
1525
24927
15488
16925
2537
31111
25650
18463
19322
2911
5501
13897
18071
29879
17289
4176
26085
26032
14835
5664
5996
5622
3929
12660
2
4541
13477
8503
31096
23164
11546
32414
18310
22380
15136
30722
12150
20927
3535
23934
24211
30881
15165
23373
19281
10479
5000
32224
32057
29882
6306
23490
26523
9850
9951
300
17138
15378
6720
31080
4373
5512
31869
4582
14371
21376
2004
13087
24620
8573
2708
27437
32671
26583
30568
1575
17016
8572
11876
20542
14374
20839
19153
23961
29757
21472
441
29680
3552
1912
23857
29162
10732
2499
24681
20535
31717
979
24693
6253
27041
17017
7640
28068
15798
5691
27349
720
5285
14100
27254
6881
28867
10222
13401
28316
8427
21984
26942
5175
26085
28455
1104
17591
661
11750
30006
6922
8931
4766
20185
10467
17774
19051
5876
32089
5104
15620
605
31039
22127
32368
10773
3393
27945
8329
1296
15811
32061
8242
12997
2170
15385
27224
25206
1990
1447
13481
25405
28630
10550
9751
10458
16762
6442
2827
20798
20167
26980
4457
30422
28013
18543
18504
23449
29399
24431
24430
14544
22023
17610
25230
16296
4912
28051
27713
5753
11536
18875
3268
24276
26644
30454
24695
4175
6953
13935
4625
13328
12899
4395
17572
19738
16209
22333
8532
31066
13082
26031
1239
6000
7776
24363
2220
32063
4817
17261
25627
2867
653
4457
24815
10325
14651
24635
24566
29456
19177
6866
10549
12992
5287
19036
1003
22016
10979
7025
21068
2480
20867
2559
11514
13512
22981
24568
14915
25824
470
29372
15646
30587
12851
19272
6114
3095
13507
9500
16076
2805
16817
28654
22063
19624
32267
16400
30840
11872
18460
22946
24552
7924
28041
17015
28689
28849
10030
1736
23309
31716
30390
7323
24193
24105
16892
4593
21589
25202
18469
29106
4913
24022
19578
2905
23222
3359
4870
2399
18305
16146
2803
617
2784
22396
17061
28977
25170
30465
404
16180
2753
21412
9194
20000
11134
3605
5088
11260
29952
4030
31960
24085
28508
15756
5179
28332
13444
2942
5136
10593
4671
15598
17249
12893
20460
23970
10318
25667
5110
16274
16366
8404
9494
2423
22505
100
844
8728
26070
3072
5275
1108
30805
28252
24967
18414
7660
18303
7503
27419
23970
3885
30187
10445
7518
12824
26564
26557
4605
21957
4406
3643
5428
28479
16838
18101
32044
6271
16675
265
20951
20630
2526
15498
31763
4768
29673
26324
19078
28521
2769
23376
26676
5596
3003
20358
8416
30256
18208
14374
3881
27601
25160
29396
4191
6671
13447
16567
6698
26504
15418
24000
19929
17494
26496
16570
25995
9977
11449
20502
22272
27651
11968
6004
18492
1158
26856
18929
12769
7997
7863
7475
19274
14461
2917
18741
7271
15577
3347
14547
20827
10904
18379
14101
11223
24024
31803
9531
11828
29566
3633
1421
23635
28389
30422
26335
11829
3650
7850
31974
4185
31193
23363
28990
3545
14817
3269
14647
67
7992
5920
31843
24888
2759
13068
22496
6599
16307
21190
2661
27527
11337
5767
21775
20342
21926
3273
7401
26260
21033
14905
6461
22591
32410
9594
6814
14925
23063
25248
14000
24299
13506
23143
25790
9272
7468
18743
22265
8609
14464
12760
7313
20219
29039
16373
22646
354
10719
22098
6379
22995
23379
17613
7119
395
21016
25110
2987
20511
28469
1326
378
14168
7440
6816
22332
4308
25312
20866
5945
10590
17110
7211
5142
9736
20235
177
30105
7950
8488
29993
17979
3178
8407
17310
19827
24630
17645
12749
17085
27334
15188
26790
9580
25729
9146
22403
17717
14723
18683
3878
18295
29429
1359
20597
13643
23079
15667
19188
24144
12658
7448
18182
7219
7888
1486
14307
17153
9272
21423
29017
18988
16826
27787
32066
31327
7519
16471
19657
11265
19646
10388
16732
25227
7262
21121
18799
20618
28879
8192
3319
4211
7559
11081
26017
7722
19837
22864
7894
23889
22919
9975
14704
14417
10356
7412
12089
9257
29929
5760
29224
5369
5372
18117
9050
12109
8082
10500
15825
16938
2937
18313
12528
21979
9284
1360
9906
23416
28906
22133
29102
18747
26654
4956
24267
12162
3692
21156
26307
4772
23064
30157
31577
5492
30902
21667
27737
16534
21129
13170
8276
29316
26524
28648
7448
17502
25250
4296
7153
28534
32142
9300
9634
32664
5106
6519
29218
24089
32537
32694
2071
422
6115
22997
22547
20170
31331
28489
20369
30012
26425
18529
8110
21998
24241
16691
13223
15830
20888
24391
4886
378
994
22022
11244
17726
31997
26080
16429
32366
8691
576
29551
30985
21826
27185
13328
28243
14459
8141
31802
30745
27549
27241
9880
27842
26159
20354
21205
28698
17951
11878
5593
17630
12381
27298
29122
11015
7991
20783
20900
22231
14963
9307
1281
19620
5422
31353
30471
11623
28023
23368
7564
16388
18858
18468
23498
17239
3982
6894
21722
21763
28974
26556
27122
30969
19320
19777
24670
3530
21143
24571
27455
14765
10256
7199
5382
7248
13982
2628
17584
20831
28622
721
23231
4053
18267
15400
8700
29189
2119
3983
4078
12903
24510
8419
4376
26915
14762
21755
23798
5727
19221
17117
3510
1353
26179
2979
30647
21475
29835
17707
31938
11154
12793
25474
22283
30308
1701
19726
6118
7460
6609
1405
22089
6688
31430
7025
18693
27829
31595
17640
18627
14751
6314
22125
30145
9218
3203
256
32074
11063
26092
710
15095
6488
17007
13937
12711
20106
1410
11629
6207
29965
10661
16591
30242
27141
1854
17662
2927
26373
11572
19487
254
14432
10061
9026
7192
3120
20040
30286
29176
9763
32186
18092
22277
1033
19369
8374
1485
16158
7658
15326
14785
13847
14650
29086
14771
19438
9759
14116
3600
18285
1916
1465
24285
8060
16119
24053
13682
16427
31499
20900
7673
5247
2796
16503
25766
24829
5150
13163
27316
15095
1492
761
20259
10393
26121
13314
26419
13747
21600
14201
17054
2372
24252
30926
14233
18378
927
26398
12937
20044
32323
25883
17797
4643
14458
19388
13200
12685
32326
27558
29587
240
20280
14678
26396
8429
27017
4115
16601
26924
27386
14229
22227
13282
9067
6261
23658
22050
30014
19284
16404
20713
24425
28363
10452
1768
3421
28694
20348
783
2202
12927
12196
7134
26639
16780
19558
32619
6451
31208
1247
29746
7908
21778
13413
23199
25090
17351
6792
15197
28619
17200
18122
28252
16884
6348
1054
9893
27789
24859
35
28381
19858
23824
10781
25242
6736
10804
1463
12393
26238
20890
28027
12443
278
22918
269
7380
17144
17884
15147
13393
11070
13130
27493
22780
25949
31029
3995
28977
5376
32356
18747
6734
932
11375
27192
30717
3060
11749
21961
11329
24290
25408
12518
17473
32393
14985
7811
9687
2758
21963
907
18904
15248
11321
3739
20257
9499
4638
32643
12902
8625
21385
27261
14010
32075
19892
29483
19166
16114
13113
15186
30538
11224
26355
345
8443
24629
6581
10879
11522
6627
5805
13535
20681
4280
27286
19749
6948
30887
20897
1038
540
2453
6177
24481
378
10492
23033
17455
5653
4418
19653
28939
8667
4823
203
3338
1186
19217
17568
32441
30124
27847
6042
3169
27132
30383
22265
32700
4955
29560
4564
18804
17449
8102
12229
24671
17380
4401
22100
22652
24698
15581
14628
28077
18511
30040
16608
32306
30988
16405
13539
12521
20269
7147
21417
17224
585
5484
1530
15126
6688
17670
6352
30700
10343
4828
10765
24687
21330
23650
13278
10058
31973
22459
25324
25582
4859
20690
9033
31497
21523
7226
4117
4807
5342
23494
12788
3787
21129
28904
14384
20460
7626
14538
6317
13232
10924
28206
17040
3977
4379
19718
20398
9169
2607
21459
24758
17031
13881
16062
4127
9671
14222
6263
10192
12811
11797
31953
1424
8228
24467
26906
23092
19190
6321
13883
12162
7414
4818
6292
24807
22885
27287
16789
29405
15689
29487
32541
29978
13360
29279
29843
23417
7332
4437
18885
31145
22637
3628
27523
3480
9353
31294
14842
1181
29932
4398
16594
26472
20472
29873
21767
6314
26043
22815
13448
21123
24298
28349
914
3760
8097
5063
17353
17777
31192
6976
8475
12091
2981
13434
12373
29986
17716
16228
31617
31748
21126
6551
30726
13942
25836
12319
17023
10608
6210
25097
15447
4024
28652
32689
26409
18447
10130
29384
6617
31261
21403
23336
27505
7708
3434
11351
28606
21319
10075
6109
8615
12545
9340
20550
5968
32454
28683
28917
23538
32466
4276
5807
2936
14227
21383
29923
3034
26575
10939
29627
58
4501
15397
8931
20928
18405
23414
3356
27190
11039
27703
14463
31843
16428
26502
24466
30247
3694
398
12044
30811
12392
10951
5224
28773
17197
26867
26924
12190
24714
17364
1782
7269
4083
16813
4171
22784
23086
12159
31263
31798
27585
12545
8740
14253
29212
21596
32211
2052
8071
9643
11835
19119
458
32309
1164
21910
6046
2919
17250
27757
20694
18836
10451
12241
25933
28269
3383
25128
11918
32575
8890
7733
28742
3823
8611
23421
15210
24501
28001
23646
22568
25755
32346
25064
25231
24244
7283
16770
1533
4637
13919
14398
844
20149
25001
6135
28091
18588
20351
10800
19102
31852
16964
25772
32710
6970
20436
19405
15534
14923
31893
7853
19050
17046
31553
10494
28240
23550
7542
22178
19299
20556
16634
25865
28291
8686
17872
20046
29015
21105
22780
18961
24566
5312
8213
18
19800
26394
4495
18578
17023
20692
1477
5738
29797
16340
19657
26344
27812
16841
21740
21357
4328
5419
11788
8391
13589
19958
30112
26703
9271
2598
30596
14018
19501
29169
3973
15584
30741
32711
6060
28102
17782
19466
28491
9996
16432
22669
26313
16030
20772
6094
7213
4699
27555
11252
5227
30063
9623
6535
7537
6001
9844
27121
17649
16699
6364
31160
28653
909
2837
28281
24324
13153
27179
4259
11134
20492
996
1273
2328
12057
15208
8645
22673
2533
23725
23517
22257
18682
15012
1879
30108
10540
1061
26636
10010
5749
31643
19917
11427
22673
32111
14439
12397
27993
309
16217
14518
11489
409
14672
16272
4944
30472
24423
31600
19586
20766
26655
9333
23903
6866
22048
17016
1785
13667
30381
20439
16232
22017
19432
15617
23653
12860
24267
8385
19369
1838
13538
8524
29955
26471
26058
25097
8764
31643
3178
546
2219
8717
4083
30671
20630
6330
152
21597
13903
7750
1037
15616
8459
13736
3521
9310
19329
30868
24284
4311
23111
9387
2551
31638
31723
20325
30366
5209
28372
27834
8327
30208
2263
5267
3727
6103
7320
13044
15736
1955
22695
3814
31332
14446
31830
21541
26896
29202
32348
2958
12754
11656
299
11847
4945
27118
12561
16300
21510
18010
26640
6653
20342
27745
13182
22984
6956
5989
5981
5143
32632
17570
11128
17242
16362
22520
28226
5907
28557
16758
26990
4676
19684
28586
1101
9368
24998
6827
8172
10835
25144
13283
22761
32507
2286
1693
2841
3780
26882
21842
29404
4796
30032
32691
2107
25531
14039
32117
28614
4104
28400
14816
7472
8139
8524
7191
934
13367
16815
18469
28660
28020
366
25803
26711
17229
30889
29196
11808
15518
10057
31861
15629
12667
2488
14637
25703
1056
15715
22208
21979
31901
28913
3754
17945
13118
7232
17318
31534
13755
15396
14516
25762
21285
3550
11501
6481
14987
1630
26630
22282
22639
313
934
24553
7915
25448
32103
20852
9379
11718
23982
20856
18026
15176
32555
11425
14259
9978
17199
17116
11710
5565
16049
23917
4478
24514
11294
19151
25676
21957
11748
23631
17230
7690
11709
8551
13733
25880
25788
31963
12634
24120
22552
28565
774
20396
22203
13633
1091
9904
17290
3752
19670
20274
14451
21966
19096
19280
20024
14282
27689
18069
5373
12392
19028
8435
2450
9087
31809
11648
4993
12307
605
8433
22487
6443
29706
27607
27827
24689
23558
31899
14735
28299
28571
9531
4177
25916
3211
8385
19217
30521
10682
29832
31401
25036
9881
10542
29182
25642
9559
5976
14863
20629
23494
17449
15042
4914
1805
2431
9321
19112
28179
1523
26135
20092
7847
4239
15526
16175
20847
11342
9859
31765
8343
14164
18496
6899
32053
20978
3543
15712
3966
14680
5311
24536
28075
4631
10929
32416
21929
24158
27959
11358
21891
7153
22009
30324
3727
17896
16327
13088
32604
13869
12389
5461
87
8883
29466
8790
24383
12919
20471
25880
17743
26167
27624
31573
21541
20725
7548
22640
9588
23594
17012
23052
6509
5067
25101
2666
8174
13821
10253
11398
26729
663
1168
28145
9363
1627
31887
23149
18896
24052
30517
27978
32097
11439
5090
23683
5963
17145
21755
31127
26630
12445
11128
17449
11499
16058
12075
2647
24411
3461
4049
13018
19118
20932
2778
3298
5346
28166
29176
16815
9728
25507
3689
17391
6733
22391
27909
22747
11062
9821
24327
5904
15097
17773
15259
30510
28435
27126
11819
21042
1389
13626
7530
27027
20549
24556
30493
21791
1245
8554
27820
29332
18662
20154
27756
13054
10923
27974
25514
25044
28670
13655
5495
16848
26595
16467
4662
7058
11006
24247
7142
6643
30396
20946
816
4138
3908
25927
18736
1441
21532
9280
4611
9109
29595
9842
13333
24688
26899
12501
28711
1254
12730
9761
7715
26321
25693
775
23199
30157
6083
25140
307
30099
17378
17415
32635
534
2500
5644
19691
14687
3639
13888
4949
10025
21303
28164
21563
20028
15388
8413
5846
27530
10371
10993
27363
20235
20990
11073
19504
26200
22651
13735
13034
21769
10613
10383
23715
14032
11740
8821
6694
26450
27333
21282
11771
27593
210
9382
1976
23131
13919
30740
26638
23351
30833
29184
14735
8053
32351
4793
10816
27050
31806
5703
20963
1102
4110
22563
28929
16847
21925
14009
5305
25201
19807
12958
11083
31724
387
17809
21860
16067
5748
11571
39
13670
12700
9606
5119
22791
25368
20263
17447
6204
32291
15692
19190
11097
3140
26491
7916
21131
18231
31504
27773
22965
17821
18540
24735
32267
18019
18429
4117
4463
18162
29427
1913
30606
20507
27579
20492
22714
9664
12867
30014
9862
17731
24557
22268
20003
24240
10064
21692
13437
13482
5041
7497
22549
3862
17476
12110
13469
11401
7970
22181
17493
24178
14346
12893
15144
15367
26328
3981
22405
6129
18885
9435
25854
9398
12132
31435
19619
29674
9304
3273
20252
15381
8406
28405
17545
4451
4574
1200
32282
32014
14904
5098
9581
8076
10033
16682
13739
18808
13587
16474
27233
14144
24421
18008
16414
23444
22759
1853
25298
25738
10060
19819
9697
26513
16053
30041
25098
24604
22770
23070
21755
27914
1143
32446
24240
30935
10016
56
14479
14469
28836
7243
581
11592
30939
22796
16478
5364
1456
6441
10407
29991
13540
10491
22595
11574
1415
4173
20367
15064
32055
13550
20407
7573
25879
6649
30229
1260
23183
18399
12621
13639
12229
10553
27689
20383
22494
26703
2613
26607
23285
6503
4634
5722
3544
15823
8635
28443
2437
27562
2065
3376
7783
9850
8391
7110
16208
13425
19861
2659
8245
31863
10588
22486
1197
14586
20742
8158
31272
2938
24091
22428
31215
15568
28452
25786
11999
13889
22976
31577
23269
32582
25223
28348
6201
19481
5794
24758
29274
26879
8999
31699
4812
3673
17973
9289
32148
26984
13780
19357
6512
26083
6281
21269
32726
1082
27580
10465
20659
18600
29643
3080
1504
3835
4586
8980
612
20259
7105
20860
22892
7804
4291
30678
2315
31195
18767
2745
9393
9306
31625
11379
11117
9956
12791
13680
1507
15487
4059
22373
26635
14172
32594
18239
4782
10912
9521
6607
12449
25840
13979
16178
19392
1983
3170
18689
5546
18263
4131
26430
62
8104
24352
18425
25048
2516
16091
17861
8524
32374
16248
4318
9630
20662
10192
16151
1415
11790
1876
28294
12969
20185
2472
26350
7309
9120
26619
26095
1888
2852
5160
495
4722
23851
31118
20423
10858
22027
28592
14126
25418
12023
14987
8678
30246
28429
13499
29096
24227
16667
32588
26832
21554
23093
21345
29128
6922
15607
20871
28982
26855
26010
27351
3813
22916
10937
16333
8564
11993
24289
4331
10433
22805
32475
7437
787
602
30904
2443
18697
6714
22433
12305
31814
7413
24667
28221
29914
4720
27293
21245
14703
245
786
17831
11832
20398
8748
725
18073
21726
943
2822
9622
3045
27384
24310
22782
12017
24593
9657
6996
12420
12663
6298
18560
20651
18086
20661
28986
18936
3944
21078
14642
21060
7138
29200
27647
27430
10587
28573
29902
15921
12235
25209
9415
241
15400
21565
29758
7332
9072
9404
10910
5561
23157
5087
6422
28426
32363
3392
21505
1240
23090
4489
5910
7050
29796
22923
16468
7717
29214
3870
3498
18571
23183
14267
2410
14707
1858
11482
20844
10284
19755
15884
9474
14865
10867
22744
26015
13259
1283
21079
30278
585
17874
11919
9652
22400
23791
399
3916
22243
31310
17998
7879
3490
1874
18244
8856
12962
11550
29894
6432
27199
29596
17698
9366
2500
17737
31359
20916
5798
25543
27249
7458
32132
6432
9055
25507
15583
12763
2965
10498
32665
3009
22056
25018
25391
17772
27021
11112
26037
23188
5112
8177
14230
14617
10614
12147
27913
6864
26569
11501
19283
12302
15367
31149
11711
26357
17905
31613
15965
23425
13588
18828
32381
15441
23458
15390
23273
12342
4877
19187
18406
2173
20073
26233
8425
19452
30335
14257
18458
26335
27568
29409
16778
2864
18832
10494
17971
3623
18494
17368
2739
20023
22405
6403
13768
28117
20404
16265
17034
28422
21565
5201
19052
31664
17424
6477
29424
26268
21429
7015
31533
12622
11564
19241
9474
8837
12676
13359
30232
14736
14397
16205
3225
2647
26719
11135
946
20005
1878
10644
9161
13622
22932
1690
23166
17668
28901
4360
13923
20306
1169
9390
25212
19957
12083
2397
23925
12133
11868
4181
26790
24583
32743
7283
27335
7224
31002
279
17011
22297
13186
25559
17502
16925
27531
3301
24917
16723
11489
21056
12282
22644
26762
2461
22077
23724
20672
11540
3738
30505
5775
7819
17685
17508
25907
13795
2037
7218
14127
1508
18498
20105
24877
1001
9728
24851
28313
32331
17450
6517
11260
3470
24685
24668
31512
27726
10921
18764
19656
25063
6184
19240
23702
11239
11932
30080
2586
4661
731
11933
27669
4606
26457
17998
31057
19299
1641
26993
25398
7651
25651
16960
32300
8074
1140
20833
21429
23255
12281
19371
14918
32622
5593
2233
3816
29058
17525
20017
27795
25600
13873
978
32069
27004
28143
7231
16613
10204
24400
16013
26075
6855
7849
31886
3948
4299
5319
8667
9686
20304
12899
26531
3119
2369
24420
6455
22526
5236
8663
30033
26262
2525
14510
22567
27702
15479
9788
31284
22754
13038
26220
20417
12031
4109
19652
21814
10161
5610
17950
21538
16629
12243
31264
27915
4477
12023
2176
29175
32335
9684
24057
23991
11804
3684
23820
29686
22113
9991
22135
22021
15935
12847
3446
6244
4891
1229
17341
9488
27381
3967
2352
30351
4233
20086
19304
30652
29992
19497
24806
5202
25683
8891
3093
17979
21788
10285
12802
11158
30013
12611
16602
29066
18933
5943
551
8142
678
27681
21706
4340
22832
2593
2743
9080
7179
26962
26227
28556
15911
26734
29775
3489
2179
29761
15201
14773
18831
14799
583
24416
7747
20292
9115
23196
12539
32672
11829
31063
2585
9503
19748
2490
20057
15977
13161
311
1778
10878
1913
2133
20338
14175
2673
30523
1367
28541
30487
3838
21868
20963
21653
31658
17130
24866
14580
27410
1098
13568
14169
17496
20971
31455
30210
19515
616
4335
10240
16931
4279
10259
26290
16878
26626
6292
9989
30328
4421
21896
18029
26860
7852
11008
27554
30926
28842
13045
14107
18628
12505
11504
32587
11303
7829
9339
5278
24909
2390
4682
18738
9364
5329
25641
14422
26671
8910
6053
2499
15536
32456
21370
11421
13913
10054
11200
17959
23330
20732
31956
20553
25994
32672
2311
9156
26654
20622
17673
27183
7626
21275
32531
13241
29411
2745
19672
11421
4848
30415
27689
11875
1852
15445
618
10461
12828
19763
26297
7901
13056
10583
25304
