1498
16427
2656
3207
13067
31769
5127
27494
16394
17741
7626
6867
13944
25837
24089
31800
24151
24417
14886
7088
9284
17381
19591
2167
10100
26832
14736
18452
11120
8353
28014
20547
27024
13263
8196
13220
32313
11085
14981
27942
28118
14303
31446
30258
32151
16927
28833
5015
23532
28494
12344
1336
21696
9948
22320
1143
3446
25781
16058
15712
1188
25681
30656
11926
20882
28794
27843
7166
24433
25564
17783
45
8283
9806
26651
10386
29710
13027
13466
26723
15976
29359
21860
3656
27042
30809
16905
2250
20556
26725
20378
25978
19212
6718
27327
5857
24086
15878
22424
11563
17003
4894
4949
28050
18129
31604
13204
29835
17557
30607
24445
20147
9219
22364
16031
13432
11426
11190
31113
21640
7472
17591
10280
22777
18272
18625
18916
4925
11094
12362
9081
31428
20190
12907
7830
27246
19568
28200
1847
18615
21988
23677
17090
1697
9973
22317
23779
8544
9079
16458
1577
4808
7512
5763
24669
23671
32344
560
13478
6594
20872
10015
28510
17504
26756
18204
32178
6104
6256
322
26876
16300
19123
14853
19424
15427
23926
30715
32040
10903
4059
16749
3168
23203
30206
18081
27697
24714
12460
25829
26238
3207
25830
20059
13888
30104
12052
25224
25378
746
3593
923
15067
8195
442
29821
1103
1969
22974
2972
18533
20918
28549
18039
19622
12080
18520
2538
7066
458
23316
6967
14051
14757
30118
7640
20246
9732
32325
8711
7517
9402
3186
4105
15053
23635
5553
31806
4488
27909
10757
12266
17298
17493
31788
29377
9076
32649
12703
24884
6803
2257
13896
23422
6477
23348
4097
22893
27865
6459
28113
12017
5851
25184
28389
3430
714
4917
23888
19873
13570
23637
22658
20156
20392
23563
11146
30114
2369
9923
19211
6489
28945
27189
14080
26642
7477
5963
15407
4338
7808
16086
20846
16030
22037
3317
3225
11913
2249
3905
27470
28925
19510
12729
27503
7658
10654
7793
12117
2674
4742
27641
10708
19248
783
18062
3571
3916
28179
3
32360
8255
20227
12909
14550
4711
32131
24977
14533
29258
7874
18191
3685
31402
20635
13643
25858
8013
27245
15647
30022
30857
28602
577
24370
23441
4226
27254
10203
11138
21341
4980
22244
12077
17755
15256
28607
30626
19356
2380
17059
9089
29358
23862
20812
2816
22441
6945
17269
8379
1804
5548
10006
4927
27990
2228
30813
31573
13668
20099
11630
8974
12430
15285
16859
12691
9343
19950
32226
18345
6872
6462
30057
22791
3716
8271
31418
20055
4825
852
254
15374
20596
12721
10875
14828
29649
2666
32397
10066
27053
5965
870
26695
1307
20191
14213
26440
27496
2312
9975
26579
25008
4734
6225
30130
22589
2801
3432
32008
20387
31227
5079
22301
29596
18118
8494
22505
1956
32379
30458
10338
339
5486
19065
31109
27774
3850
11290
23590
29966
14462
27318
18809
12955
25124
28305
10332
4560
17334
18447
23402
30590
30511
28214
9152
31100
13954
26855
25741
18758
18430
25308
4956
11345
17788
24417
24865
7727
10830
4050
26629
30823
21479
1240
27121
15378
24906
14178
27612
22837
7476
9573
14805
4066
24328
32340
8143
18189
3710
7006
25392
29999
13835
16235
18712
30365
20496
23252
13681
28069
15042
20196
11963
2157
32476
27923
21141
18572
21766
11772
1802
10341
5635
23587
29857
14920
414
11881
5411
7495
2130
3659
25386
25560
956
1502
30318
18479
2497
4491
6351
19032
18047
20874
8226
5144
2292
22303
6331
16002
28273
2455
3263
21848
22717
24322
29734
13351
6920
25773
6547
6432
2454
21350
32723
2488
22567
11119
5175
25855
29480
5182
14738
16321
16284
31739
30736
26207
28105
12982
23997
8298
19106
32107
23505
4613
15352
23736
11453
22263
21343
856
3830
13203
9185
14439
24708
30536
18021
8532
26441
27910
14557
12197
21010
30040
1075
11886
15967
9786
21745
11151
20211
3263
29362
14512
7962
27748
16972
16382
7869
6193
16058
26786
8998
16789
5324
18182
14484
22783
19853
21703
126
23612
13176
27768
10407
11923
24154
17693
18151
22178
4613
10594
9651
15863
23481
26270
19825
20078
6739
12172
22142
2381
23859
28355
20475
29728
17902
17659
18267
30549
22713
12030
15533
2712
26512
3951
4010
19181
1065
6206
12670
22158
9372
20455
10071
2698
26319
11885
10670
32282
7843
3610
27736
22466
6880
27635
23371
22572
19681
13309
22577
14020
16127
5427
17582
11282
1470
6466
25970
17883
6074
31754
27133
24823
14415
32469
9525
25841
24843
13141
17065
7520
21972
31328
1187
19720
20441
12906
22256
22192
27451
20934
17006
6081
17271
26780
3418
20643
27290
18089
5207
14039
10019
16569
10301
3284
9398
20966
31911
23459
902
5262
29499
10809
29312
20245
20407
20120
16440
4192
8385
13476
3732
6156
26987
14022
5434
1650
22408
25666
7867
4188
4785
20825
11388
12932
28693
19742
28008
8400
5892
6425
29528
27984
25147
32413
21309
8947
2541
24041
7187
20492
25238
4865
20613
15497
15487
19530
20320
18413
12303
12008
22202
11026
25304
25816
3551
6561
4445
28876
16894
32589
27045
25546
16792
21714
641
20611
676
18609
31644
6260
32643
14248
4679
28350
30374
12531
14081
11462
30977
581
28617
21644
29486
1925
4900
23756
7522
14921
10221
8919
32272
15635
30176
7726
27487
24142
4837
12771
14156
20230
31004
14256
29343
2411
29100
8404
29327
8964
24652
18609
1332
1714
15245
21799
177
21100
15854
16558
6429
21684
7070
27189
10550
26075
18703
18110
22981
6394
7743
4278
21455
172
25285
4373
27008
908
3742
24122
25048
31858
19381
11396
21266
8812
1076
3248
14297
29822
2445
13301
11050
9498
8263
10721
30471
16734
31881
30705
25057
4112
31591
14067
26307
25689
9456
5660
17470
24644
17140
14313
3608
25334
6293
182
11699
7851
1684
13087
32063
4725
10329
30234
27039
25523
13759
8401
18204
21330
13734
26688
17612
19142
19766
19091
10944
15559
14323
21565
20208
21964
13445
6872
27879
14408
29253
2495
19503
16551
19335
23661
24954
3335
22698
25236
22165
17591
10208
27133
9485
23408
9662
27170
12190
19541
643
19853
1631
2220
8232
29935
16816
5722
21804
20479
8159
6688
4124
10264
20893
18840
10212
30865
8483
237
25816
28892
24611
30813
3714
31838
18545
21872
2601
27664
15214
5110
22054
7641
3128
705
28134
15786
16531
20519
25278
31831
29846
25142
13682
22585
19733
30390
15491
21380
9426
18144
9020
13417
24675
10975
19835
10987
5345
30986
11328
30849
27989
7391
20215
30064
31459
8639
15749
4071
23476
11627
26388
8407
25765
9794
12703
12953
14769
312
30268
5437
286
29590
30253
23731
7530
1140
5285
9372
6645
14838
24922
13806
13931
24137
16334
27210
15607
6236
14174
26909
3881
21599
14343
6776
5539
14332
24571
27568
32391
7768
3560
16821
30369
22472
19459
13619
18771
10579
24535
29802
4932
18412
2767
26318
29640
19308
18308
28254
26893
21841
4039
25284
17163
26425
30574
8753
22825
9500
10207
21495
28336
32588
2142
14563
29168
46
7958
9568
564
14774
30440
333
26727
3748
5623
27033
28291
21376
20720
20388
16829
854
1818
12885
19314
1074
4897
19707
11471
14170
31906
22501
18755
20814
13942
14016
2982
13696
30142
12467
21030
20947
28083
3644
11510
13781
31786
14536
23477
25021
4842
14357
13726
2339
27054
10568
26741
17794
17656
3021
14893
29806
23964
32754
14682
15764
13576
21315
2137
31862
25172
30371
12097
2532
9229
14895
8328
8505
17089
27346
23669
23899
4170
11688
24393
2416
4059
13588
17965
16736
4812
11168
22234
7695
22053
28823
22026
26967
27884
612
22690
5576
814
12969
31644
30239
17872
31
11958
28807
31507
12848
32220
10642
6120
4694
1366
25333
24057
24369
31922
2566
20083
21867
1135
12791
32149
27212
8814
30160
4858
5148
6425
32302
678
15420
1360
9917
19154
14083
28440
32630
17016
23897
14594
9625
17565
9238
6749
12394
17505
19736
4123
11691
5575
3622
28804
27100
30533
18824
3484
53
10251
13410
4693
28255
5907
1748
1653
10230
30445
4563
9541
26048
16968
22214
29439
11434
32063
31968
15605
18566
16233
16448
28801
13959
21151
14026
29872
15224
29324
1731
29357
8639
30966
27439
14575
23317
718
8682
9506
515
23032
8072
16599
30491
12251
9454
31978
5628
29864
4781
14263
15875
22379
5666
31228
10961
15059
3150
5772
22657
10945
13942
6329
28582
7827
7290
11647
29959
5165
14582
29552
14618
20428
19226
23907
17217
19594
27209
5084
13510
10671
14196
314
24472
8382
18485
29859
3267
20540
10155
1968
11953
26431
2328
13015
31522
32186
2107
15516
10476
9610
4974
28535
19828
63
23424
17028
5608
26027
25936
24813
22594
26413
6446
15383
14332
15291
27633
5263
23187
24752
32216
9651
26558
31579
19234
24608
20843
18243
19051
24287
8062
7484
5325
847
15177
24363
29618
25552
30409
21656
28795
31028
19366
17400
16850
14054
3561
21688
13007
31192
3707
1545
24526
31278
26977
18030
25867
11180
31673
30727
23298
14560
15731
28059
15496
1295
31440
11367
4777
24800
10652
32424
576
24010
22059
8938
5977
27711
25621
9231
27207
12437
7857
9758
31364
15033
21842
13265
23371
3218
32580
22748
3575
6966
9093
5375
9753
14031
67
29643
4956
1356
11802
21811
11546
31687
15114
13018
23482
697
31033
28182
31696
12512
32110
29383
22258
18667
2377
15067
20059
26091
23876
32412
4930
634
11882
7616
2296
18089
15321
3375
11460
18603
16377
21906
8062
11331
14713
28320
11502
19693
18446
807
27874
24271
6378
27100
23057
12893
7934
24292
31410
1743
4848
18975
30428
5956
30427
7735
14492
20147
6602
7275
29144
20118
22258
2332
9190
13397
3249
7444
1260
18803
1866
16281
24310
2682
23390
21814
17624
12455
27689
12100
14537
10838
6530
26683
8380
11820
20881
14523
9341
21766
589
4440
20881
26277
9917
1320
8394
17685
27626
20750
14764
8930
10662
3013
3971
28666
11008
19116
13376
10593
642
18259
32024
30615
26161
20937
21723
18377
20290
7075
22548
19386
22940
10189
5862
3183
7953
27408
6305
31645
2652
26983
32039
12243
24026
23553
22529
14183
27145
11286
8512
11810
12225
20074
22549
427
27188
19362
13104
4276
15527
330
31449
4326
32749
26530
26831
26509
27560
26667
10723
24835
5951
4342
23892
29406
3742
12455
11753
29913
30385
10060
24785
31875
32158
30688
30266
18345
4805
26269
14259
24964
8824
12293
20546
28323
20858
9391
19013
19351
29753
13778
3849
27232
15819
16019
17452
6810
25258
5646
8883
10343
11056
13862
9194
32283
12753
781
8191
13482
18714
32658
14941
16083
17773
31277
14282
6920
9849
32460
6719
14372
23676
6491
7819
30924
9528
13590
30630
416
15542
9358
25558
15914
23998
7804
30596
18564
19985
15177
14811
8134
29292
16217
28454
22838
9790
15899
11494
14383
21284
25042
5046
22733
1064
25632
19167
22878
28862
855
6587
11912
15226
127
15050
3642
24722
29223
17557
7508
4120
30700
17478
19477
28660
6859
26116
3400
419
26150
18192
21550
10161
1431
19873
1322
1783
29560
8831
17711
16277
1071
10338
21481
14766
23098
3336
23726
486
3838
20504
27171
29084
7247
23481
26798
7912
21182
2802
25503
20563
26790
14784
26910
28761
28149
15097
16594
15519
12475
20451
24918
11508
24180
32147
20573
19978
28182
23559
22943
3057
7897
15107
18570
10327
6088
14508
4266
22657
29708
9701
4308
18184
18419
21613
23830
30036
27331
10933
15199
14554
4418
6530
16109
20501
1280
20295
11897
19269
1130
17728
8485
17642
6032
590
32289
9727
26033
12181
19233
29175
22412
23255
30079
22137
4710
655
559
31450
6106
18381
20582
19294
5731
25045
23306
15407
13994
12149
9432
16409
29072
554
15191
28427
15099
32498
31872
6222
3425
12527
2858
15490
8726
10688
7735
11101
25173
19359
5761
16675
23824
6458
1922
32741
19832
10067
7877
121
32331
3094
5648
30524
5600
26685
7246
18570
5875
26086
24895
26874
8753
18735
12254
1370
17539
28311
17301
11886
24090
21268
17443
1127
28223
500
5193
7717
20440
1140
24376
10284
12985
12065
4282
30568
23984
26866
9250
2977
1359
18466
30197
15804
17271
8399
1109
5559
31657
24916
18993
1122
14348
22631
8494
31966
19262
16625
22100
10711
17115
12209
23929
14977
30414
16015
20334
851
16730
4545
7915
28294
11239
4767
12346
30796
7309
31815
16294
13009
20578
5616
17059
3571
11907
14095
12218
24256
16357
28972
22843
25267
22489
31617
18081
15022
14689
15447
14531
6583
17717
3105
17600
9074
31891
3669
12712
13922
25802
15374
1258
7648
6021
31843
27010
26583
3032
26245
24031
23109
25612
2458
21653
17521
19498
22109
13255
10220
13642
1650
24402
30026
31129
7562
14778
22686
13611
24635
18389
20918
24454
23708
25401
5147
29162
24739
10086
27335
9825
31296
1460
7076
7051
23861
11259
1737
26919
19132
10756
32116
29025
22231
435
3269
31454
10101
3568
14400
24456
2377
27738
24576
23577
30314
21931
20156
19561
27307
4329
11131
24696
8632
27986
19223
5691
6901
28421
7539
1063
32534
6768
12924
16510
17278
2685
4832
29020
10073
15739
26769
20864
26232
17614
13048
13787
15855
17239
762
24539
7792
26273
31404
10356
10342
18128
3285
20467
19921
22858
14375
32386
13796
25122
14909
16762
15968
4169
30292
4460
13998
12403
3017
11501
12479
8906
22614
21541
932
32598
25100
12566
23532
5415
25872
30893
30145
12360
277
4235
23745
21091
17053
17808
19870
18996
1007
24363
5492
21935
25047
7012
2797
15088
16416
24486
32023
998
6610
10830
13312
18623
6444
4340
24343
13587
13152
22396
3394
13264
17425
27611
2750
28136
25741
21161
16571
1979
31434
20587
29363
18758
15394
23454
30094
7433
8142
9091
15479
4538
32036
14254
22396
19115
20880
7244
16360
2812
27220
22327
3680
18304
28159
16827
30400
27504
430
11046
9651
15314
1542
6162
23572
1447
10221
10865
25608
727
16651
32349
15319
8669
17411
1949
4751
7218
12401
15350
29271
1915
19108
5688
13460
19825
4888
15876
7101
13972
14778
24670
12031
29583
2266
1270
13200
20842
1007
27702
24531
1138
13839
16907
9264
13800
27689
12659
9649
16492
22280
9419
18013
18215
20743
16086
22357
5051
17301
22668
20655
26348
26727
4009
11030
10251
25216
12784
14110
7974
27362
4419
3688
9713
3345
3172
31354
31603
12108
22665
27995
9840
25227
22434
26609
4762
13879
1897
27163
21622
2988
21805
18574
16399
9583
25183
1136
15966
28207
1497
182
3444
13181
5618
12606
22381
20555
18242
8108
19477
806
11317
25092
10583
27699
8530
24332
24170
28395
12873
31839
13754
29590
17342
4689
12695
17544
3544
16774
1951
798
13192
1617
26348
28792
666
9678
29950
1524
10365
20670
11623
6509
26577
6181
4153
2360
6837
4005
19247
11226
3535
14745
18846
32651
24
6385
22297
21868
21357
1232
16615
29831
14805
6631
8742
28810
27539
25999
18107
12355
12779
9897
20737
24539
21172
16437
3629
19154
10403
14773
9603
22974
29777
26943
3642
12227
12817
9061
30768
9169
116
3269
4942
4512
25496
26990
25017
15981
28981
1529
190
19826
12646
5732
5242
38
16439
9901
16972
15929
31730
31027
26108
8526
19497
28364
28072
118
19843
21669
2162
14192
28231
13277
5099
9635
18346
32481
29758
8407
16344
14469
17180
22455
16580
28903
363
24583
4016
13316
14254
27813
4475
17943
12594
26433
1966
18869
15870
27100
4677
11178
10104
21506
573
28817
17367
30662
18658
16437
21580
6786
4053
19115
6640
17739
17887
25387
19820
8502
11385
27827
25962
23374
12823
29786
22463
19536
9528
5492
16725
24621
3119
875
8410
31037
11694
21848
4138
19267
5655
28516
10365
27172
9603
9698
32080
2151
29326
30248
23060
8555
3561
28977
11929
2924
29341
13299
22073
11572
12064
2433
9668
21408
4889
4833
27695
25306
28147
4267
20987
24400
10787
10854
17255
2678
20794
20386
20821
3905
17578
3797
13564
31327
14168
32246
25171
31286
13285
4315
21817
8867
15292
31059
1380
12399
19163
27907
11536
2193
19554
27905
20067
28454
19422
27442
9122
12849
28498
26980
26134
17426
1545
28202
6076
455
14366
27515
15280
8422
8904
29449
10582
342
28006
21602
26189
24273
9038
201
13077
7706
24149
20690
13946
12797
3614
1984
29640
21515
26659
12447
30637
3346
19589
12576
26604
18782
11155
11831
25031
29875
14364
7798
21289
23045
29301
9767
14999
17149
22601
6444
31189
4909
17699
16023
10072
23309
20413
12809
2671
7869
12294
32459
11823
19577
31221
20654
14115
7899
14608
22179
26545
26324
14523
13081
32586
31080
1345
5658
24665
15661
29092
23844
10473
4993
11812
21704
10772
6542
15249
30724
27183
31999
18258
18785
7607
24703
15409
8653
17146
3062
5100
4406
19589
25731
13692
11498
1617
26679
27682
26545
8620
10647
17207
20392
5097
1744
21169
19932
13255
6328
18548
17322
16802
5513
14942
8665
18011
9052
3345
21876
29960
22119
31615
9832
31580
22262
2871
25570
27861
27434
31089
31335
13480
24693
27866
20400
14956
4305
30752
75
9608
32707
14653
23282
27486
19219
8581
13738
5172
27464
12910
30875
25319
32741
15137
31410
19278
9062
25284
3065
25455
761
2949
18865
15204
13821
23142
6197
18443
4411
28619
24206
19569
29159
7365
24533
28156
15445
8476
20044
24410
2683
15902
29755
20013
17962
10794
3724
32627
11020
12539
13606
18103
27740
3253
27913
17401
31336
17330
16430
5214
9160
5897
30492
24984
3676
19938
20554
31763
17415
27004
20792
27620
20268
3579
3404
9330
8941
11251
32365
18146
19230
14005
19297
8004
8203
29532
6119
18559
31214
11413
14995
8956
8239
22322
29806
2581
28761
29550
1609
29756
30944
14078
16357
27115
917
19420
25796
32592
19429
12242
717
15540
23765
201
5795
8623
21182
16847
6594
12045
31944
25834
22110
9087
6695
9630
7419
22273
12056
64
14283
24847
11674
20985
14284
30087
28141
28057
30622
9309
13003
12577
28709
26625
13673
26639
15075
11920
29996
1639
24082
18876
18220
2182
16004
29052
24937
934
21307
17780
24015
13104
30408
31012
28908
3781
29284
5840
20587
13579
7887
1329
1368
14135
14060
15328
9746
4447
14361
21118
13327
23421
27728
22180
6483
32578
31231
5262
430
32417
5543
16006
3000
5910
12598
7954
3469
19898
17701
16861
26953
12296
3922
16230
11586
21869
25499
5994
31752
28049
27198
17938
30749
26472
26611
32732
12149
31991
27590
16459
17068
12263
32438
5967
17417
715
12560
24946
2615
31537
8584
22214
29373
14442
23068
7314
20546
11033
7849
17847
131
14718
2378
28132
26128
23680
4212
23422
16841
380
21202
21580
10268
15568
17633
4326
3580
6437
7243
31451
10656
3968
5381
8613
8961
29704
27687
4685
20496
25493
11406
32222
30907
32252
10548
23179
24222
31005
16714
27551
1161
22697
18970
23593
29110
22196
15007
22627
27847
18686
29921
20966
27265
3841
18707
23184
11339
21690
3691
16945
19045
13880
28099
25336
9704
4069
14836
18592
32385
1943
29166
7770
10220
6742
18583
3961
6962
15083
20073
1760
24483
19757
6346
31019
1939
2571
810
9632
15572
6232
26079
31188
6391
26202
24256
1053
17729
4113
1923
8379
7791
24135
13783
19909
22570
10843
8512
20949
23624
13006
2742
8563
25032
11402
16893
12098
30604
7414
9411
4844
32468
18619
29563
13007
20863
17235
6140
23652
4096
27478
14808
30580
21281
24452
15485
16377
15738
14481
782
13013
10416
5044
5631
6453
27247
14830
1650
24258
27941
28698
11093
7822
6275
15289
5176
4793
17844
10363
19951
21223
15195
23181
21739
3426
27983
31142
20825
9998
31766
16591
30968
28176
12322
16117
12987
19261
27854
5167
22562
7748
22294
14288
12376
12444
11289
4908
269
27435
848
32043
20753
15035
30860
25231
14518
20254
31153
9989
23522
8475
13364
2797
27126
27423
24150
8681
16226
164
22558
9767
1284
12384
24599
13423
26949
7470
22478
15595
20211
14781
21514
13498
3548
21243
29897
21555
8494
21823
16639
28153
24465
14393
526
10947
6401
15770
23300
13800
13933
28290
6039
9901
14097
942
28384
12879
10132
9310
13786
29391
28385
10247
15770
20096
3269
18109
22860
19537
9805
25694
18417
24795
31709
25215
32218
41
9488
9496
2531
75
11859
13807
4720
6297
29760
12997
9769
2504
22716
29250
23669
15022
11727
2976
439
21973
29254
11546
19275
13249
15370
27923
20287
7681
27711
519
15314
14072
2332
3378
2733
4713
22925
25602
11235
19140
7818
1085
25770
7986
1589
7922
24023
26210
13494
26145
7707
25105
32471
2346
27647
16220
12894
3062
21409
20421
2094
25831
19500
18183
7196
3456
14617
2457
1682
29140
17191
22532
29670
27312
17691
25318
21880
11912
18488
5058
2189
25890
19581
5773
3823
18948
22689
28664
13632
2462
3535
11390
17186
17719
15137
29742
4361
27033
11486
3894
8155
17533
13172
10035
3660
1204
7732
20794
2044
4378
9679
11430
2637
25146
660
8863
6918
19137
10855
4719
19625
23204
29312
30340
11412
18705
4329
20037
30426
4375
14774
22677
11231
11540
21505
27432
25525
7394
684
29320
31546
8896
31958
26342
30446
25346
29209
16801
14229
21113
30346
16280
23696
8096
12910
31792
28668
651
20924
12580
14471
8079
28503
9999
19734
26802
30728
8891
17945
10705
16701
23335
10409
11156
20355
17498
26470
6418
2245
15082
5395
5187
20034
23627
9454
9513
14928
6105
21712
28606
32210
17571
7433
23708
6522
18429
16889
8303
28351
6340
25455
19995
25757
11119
9665
24492
7184
4827
20655
25089
28750
25043
32760
12088
16071
6497
16826
25560
13021
12246
16011
31425
4451
31899
18264
15316
16343
5302
25856
26978
864
25628
17839
22613
13190
4025
9211
24353
23731
27711
961
18280
3693
5554
24766
11888
20817
29616
10988
69
207
13953
11426
31149
1191
6371
13930
23760
9767
29330
11425
17572
32033
26521
21201
17178
12462
16475
28879
13834
1958
13920
11667
32479
1242
16865
15322
2306
2840
13330
13437
19207
17628
10802
14991
11930
19414
9555
17722
2856
19488
21225
11095
8013
7995
21013
19663
13568
6863
431
30132
23680
3871
8982
22302
27133
12622
23991
12742
8711
27987
28510
3685
16568
23485
5439
8138
18336
22312
31171
10941
15987
28027
13076
3991
21108
10471
7783
20894
160
27807
9228
14370
13979
24919
12343
25944
5724
11647
27788
32505
18583
30012
1644
17562
2541
24107
3586
12234
24278
4820
14860
31214
6730
496
7273
9179
9010
21851
4967
23352
9362
23767
970
22930
5235
26758
10140
6460
15761
20262
32184
31724
14281
7178
9748
16150
31553
8412
14033
23047
31317
26388
22020
8642
28229
15671
9282
20123
17055
23504
17390
16276
19309
24111
2370
6011
12831
2788
7966
4032
17719
10234
11411
7447
5814
22260
18223
16849
5450
13449
15878
10746
3124
14367
2437
27955
13819
3848
27638
4686
19923
28542
3794
12459
19402
8032
10442
19285
14264
10922
30868
16860
16100
1461
8310
29424
30838
5940
11923
27842
1185
26090
24056
18203
29325
26156
23654
824
6405
8986
8413
3436
19941
16285
7917
15477
10305
2848
25276
27289
14677
9742
25046
1160
26673
29198
3256
10737
23585
18944
27930
15330
8669
15799
23808
29920
30581
19829
8831
26314
27387
24871
31824
31342
14318
30565
27414
19688
3945
18472
17263
1727
14096
22344
21692
2237
10933
12989
12465
2706
11470
22674
24475
1832
29080
168
3444
4804
20743
17968
31656
30433
11124
27878
17317
12236
27909
15886
13861
10238
23515
14639
25403
19774
7423
5266
5919
23411
7178
18810
22457
31050
16790
10272
12015
652
9320
12149
19886
7228
8537
9366
21434
28275
1545
9743
18486
8188
14915
14032
3826
28591
5167
31983
26232
1934
17210
12323
15061
26017
32198
29692
22824
30353
23953
6627
20460
15879
5861
1750
2053
10434
30340
14560
25228
25723
21074
10329
26458
22904
22720
226
20566
8690
27389
28191
32127
6952
28123
30771
7608
27711
15745
11261
6231
7904
12246
2836
876
9616
20904
32643
13009
27598
19104
20292
11254
19438
5094
19326
2665
1720
28052
14206
8488
6336
16092
9079
25766
2435
19704
14073
27039
4166
29909
10035
1180
10927
21374
21737
22085
288
2377
20019
20586
13527
964
12283
32720
29638
31327
9012
9915
28211
2518
29147
29760
2576
6757
28591
25671
28696
31913
12975
5218
20141
26968
22360
6481
28276
20384
19611
8529
29870
7776
25504
28457
28501
29706
7997
31218
1787
24914
32564
15785
29282
10911
17200
2166
2010
13359
24958
20665
2142
1288
11660
24538
109
3234
27170
24013
23210
5974
17250
2408
50
7556
27776
10596
8897
22919
23874
564
3204
20570
27447
23690
4539
14599
15031
26786
23
28371
17310
2645
10189
23083
26055
23005
23165
31821
18762
25961
31686
2486
1654
32608
32677
16207
20877
9589
29330
24150
9794
19567
26457
31501
12019
7349
26297
2597
25510
27548
15550
22761
7365
32113
16350
23595
5530
23621
28118
495
6792
20347
31298
29144
24335
16402
11007
26710
14205
5555
7745
6285
12917
22650
22131
16644
20001
9093
10194
24338
17719
13373
25544
11529
12205
8807
24073
22303
29499
3305
10095
4896
16277
18269
6806
1750
4709
21591
5687
10548
32522
14454
325
2629
13843
29229
29897
11735
2169
8783
10110
25830
25248
12636
30508
20938
31500
32141
11205
800
12515
23969
20544
20858
22055
1126
15673
27590
25007
4358
12613
15999
17642
22551
4886
8597
24915
12640
14676
31005
22963
22124
21558
13497
15130
7633
21730
22981
14747
7997
28298
1094
31946
3141
3394
2707
14327
18926
24227
12225
2599
5879
18466
4304
25046
19180
26413
14486
24687
31212
30475
1647
31111
2357
14449
21410
18909
116
14051
914
25107
9167
2001
27305
297
8878
24429
14340
31421
26445
5965
19934
17668
21251
709
13502
27271
29519
11522
5472
23454
31655
23782
25957
23469
4097
31399
12985
1569
11293
13095
14792
10026
13209
29969
12896
25654
30387
9143
32612
28721
14299
7086
11574
18301
32256
25895
27362
12211
16279
12300
27147
30487
12907
30174
20886
12253
19496
23889
12056
25374
16293
15268
4864
30617
756
20418
17284
18474
10795
4891
12877
9738
8945
15423
8417
17100
7368
20287
8148
15891
10780
22467
21678
21268
26127
10475
12955
25039
11010
16103
4565
20492
9699
7765
20946
32280
21049
19805
29229
19261
10993
17038
20052
26114
7142
25975
26615
25639
50
32005
27692
24159
14646
10144
24418
3019
10859
14596
7180
6459
9703
6623
4105
14371
5551
1327
25813
8543
28095
16218
32370
1959
13018
8970
32020
13776
8722
8143
11663
21704
17686
1650
5249
5455
32574
16154
63
14710
24408
17697
19840
14808
16944
1204
19148
667
4577
30253
26274
1062
11742
4912
5228
5023
18367
391
5155
22316
16589
4030
2242
14821
21580
24446
2412
9115
6795
22954
6492
28747
12460
18491
12944
25440
4403
12763
20277
4780
26961
21316
7633
1317
30446
21079
19506
351
15225
1788
5402
18381
3951
30140
31911
13495
25260
22559
26500
1531
13685
20167
30930
16515
5697
6473
25300
29066
12362
28623
5725
18318
14040
23150
31993
16147
14664
8776
10718
24350
11231
14433
11665
16749
12625
11842
30808
25207
28943
7248
30563
29990
1620
4585
22713
13910
21486
27460
8675
31757
18637
10501
1371
31865
24909
9635
8884
2218
28995
17530
7558
14100
713
30383
14111
14786
21961
12743
22251
23643
19532
13318
11679
26070
20352
12937
24360
23037
31115
19747
24407
22179
4114
25591
27977
2212
7047
10970
22935
29857
10038
5734
835
3960
30223
32477
14173
25222
14385
5316
24440
14236
3387
828
10960
2242
24401
23583
7736
12206
25328
10718
14021
4354
18290
17181
2877
16201
25696
15371
6205
20911
28540
4483
9004
27268
1929
27108
24547
10607
8160
1968
17689
1394
6324
18919
15248
19105
4128
22049
5121
14242
14326
18542
28616
30435
15430
1262
2127
28574
1712
1839
316
10894
27242
19273
12634
18030
1296
11451
3656
14390
24623
22276
9956
21269
8079
9217
22645
21549
18500
1034
10906
28177
27763
19402
32246
4095
18405
994
31129
25821
6477
5693
25389
17909
17497
30001
19941
7536
2171
6235
19493
29843
22644
27447
4081
10685
7845
2434
9752
2588
31253
25935
14365
19251
16449
13035
232
8204
20391
13938
24625
26172
32529
20270
14504
9883
13730
23731
1252
26048
30626
22971
20242
63
29705
18626
30554
3746
24269
20064
29968
3368
9195
5482
32415
17215
16183
22728
17462
9923
17636
12053
10544
14068
26323
29689
10308
2873
668
27462
20081
4503
1117
31187
30886
14576
10821
4124
16437
763
29918
8854
16886
14855
20510
19411
11323
18031
16685
29786
16247
24540
9461
7236
11693
5694
19307
8854
1178
28296
31647
9826
3745
3886
11396
23964
22139
14431
32384
32189
14747
1026
16819
4633
13666
10610
5383
23553
23303
16634
27132
6296
5700
17167
31024
18550
12993
16208
29617
21758
19521
1854
32003
12160
5519
18619
14832
17933
8742
21572
18
27166
7843
2798
29217
1252
9195
12321
5373
13676
4380
6935
10618
13435
6197
1044
22255
6691
27012
26979
29309
24873
10707
18452
28448
17431
8017
9335
17015
20511
16706
7767
19027
18870
5734
3318
32513
16108
3627
24269
32344
25485
16530
14592
15233
4858
16609
4771
24457
5060
28429
18351
9896
30990
29670
24514
17999
15775
21504
1178
10227
29897
17765
25679
1180
11518
13308
31572
11564
24619
8375
556
2928
3548
18304
31468
10216
23309
14305
6772
16470
21457
19574
2412
15113
10917
11538
14592
742
4497
18356
18268
6203
2308
27688
12262
25156
16493
30333
17214
3449
25753
13354
8951
669
30671
28671
15634
17031
4013
20685
830
12975
5313
30420
22994
9848
24551
1009
31366
12607
20837
31364
18165
3367
15815
7971
18131
8867
19579
18688
19950
31936
9261
19738
1510
13880
225
28710
22443
11063
4049
2876
28859
31722
11532
20290
24601
11213
24267
21273
1804
27057
10898
22665
22941
19600
8203
29677
10958
4369
13729
670
154
9177
21215
7200
11185
1175
9351
27151
7920
19918
5746
4807
17058
28001
3883
8918
16249
23008
18761
8483
32074
20629
26256
14811
20875
26700
6343
11295
6542
1254
31831
26222
15483
30621
168
32212
20751
22548
31291
27600
25367
25126
14983
16134
5290
25707
18837
10921
5929
2954
7514
8358
14328
5697
27352
25233
31993
15925
27891
13648
3277
24955
15636
9098
24265
14562
6527
31437
28346
9990
13685
28545
28761
27670
28425
5009
16013
19040
1731
3027
611
26529
13558
12347
19917
30479
14561
708
9758
30754
15752
10522
14913
5670
12368
21768
16573
29826
25949
18340
14697
29638
9644
23356
3822
15222
751
16383
21505
5272
3372
22379
6238
24831
17940
23162
4483
15190
28196
13964
4913
3051
1917
19731
5028
7745
10884
512
14221
852
2105
17649
8659
19626
13912
279
782
27678
8497
8169
9408
17516
16200
2698
27729
13947
25260
22011
4561
14190
17432
1536
1644
15209
9163
4819
18092
291
7207
7564
5234
2608
524
32587
21682
19468
28402
7979
3313
26087
20680
15078
15488
26418
7056
3656
3446
29422
30903
1365
6510
19375
4149
25913
15877
5234
18281
6132
15634
21029
4530
1730
9380
31215
11981
12107
15037
6211
29425
24463
26831
23719
29868
17551
25338
5700
15483
14268
1795
27950
21036
30497
12052
25713
17396
13391
29750
28896
848
9740
7310
12445
13212
2234
12635
3943
18036
14729
30891
25511
462
22620
20192
20536
19412
7292
7142
30457
22658
18431
24625
18453
5380
26102
5497
31245
27853
16218
24373
30346
17527
12980
18137
18405
18013
23182
32718
21362
23802
11932
28469
27792
30464
2986
29532
3185
28984
20037
9980
15018
16924
27689
7225
29306
17206
14446
19287
4314
13367
15985
12604
5960
21462
24451
22953
20307
10862
8020
20791
6887
25174
19229
15124
32086
18943
26513
1659
10538
23505
4481
32757
7853
26562
15697
14929
10037
15034
287
2916
14640
24490
21933
6273
4339
22118
31250
11959
2626
23623
26149
25293
1694
8833
30628
13566
27730
3652
17960
13428
2620
24214
18889
24199
27740
21483
16528
13746
27934
13705
32417
19545
3943
20639
5413
16189
28001
19742
31737
23483
18439
29790
10776
28104
879
17778
18633
29100
7130
29511
28040
9601
24445
10367
1717
13930
30990
11536
26366
1428
5901
18843
7053
16622
15319
1165
30962
19368
620
5367
2767
12909
25595
10030
21062
10079
18995
20258
32547
16854
31304
17535
4040
32217
9415
17541
988
14168
9755
13736
3507
7471
17371
26855
28284
22491
29401
5356
26924
24570
29163
26344
30766
16517
17783
17708
12743
16588
24512
8072
1867
12852
500
26980
19201
23987
8689
6560
10455
19720
24795
19499
32198
27579
24159
24933
14851
15320
29892
14133
14827
6763
10678
22506
16811
20410
24530
15059
1971
26437
5360
29341
31192
2942
14644
25967
10571
24905
27347
27334
2366
7986
8870
27410
27728
23664
7536
23822
27837
21405
3568
15584
11078
5427
25509
22772
4321
26054
12899
4248
32545
17412
1690
24663
7011
21100
12897
22551
8382
8401
24390
22258
25768
4494
28885
10452
31336
22150
1001
25049
8512
16866
5813
4964
26966
26250
9616
14079
15206
17504
18565
27381
12074
31807
7575
23729
23684
18358
3028
31957
4977
12420
11040
22810
9902
17363
23742
14314
13608
15669
24735
20926
7716
25951
29547
17465
3123
8360
16720
6914
17107
26943
14733
2658
6885
12591
3773
14241
22995
26644
28644
11040
20349
8347
17979
18486
26344
4539
955
26315
5542
28597
20075
27318
22019
22732
5226
29912
6132
20932
21692
2549
21696
3613
10453
19286
12652
12
23270
7455
23527
27710
5353
22128
3834
32076
29806
22334
26862
4860
3875
8176
250
18749
13350
18105
26483
29409
30219
26296
31922
1048
18860
25809
19140
10416
17843
9801
19924
527
20200
5412
22361
18668
15675
3646
30719
20176
17809
5419
7255
6992
13391
27088
18493
8455
17575
23486
7437
18005
8357
30546
5765
15835
22008
26765
10872
27314
19329
12212
14136
19566
925
935
27841
11989
14131
32258
7334
6495
5500
27893
7356
14957
13461
26339
10375
19018
32454
31677
28008
8674
10384
8221
11652
324
31608
11810
9588
16857
406
6158
8366
28770
24029
10400
26806
2739
23847
27954
31492
23857
3080
9619
12724
15372
23887
21922
19184
5181
11611
21679
31518
4159
11812
30353
30152
19597
2053
10887
6479
22494
15178
11215
10575
31523
3710
8200
17361
1340
5489
16201
32052
5758
7435
25085
20184
10214
2004
4229
17552
18969
26431
28811
5316
22563
23994
11303
3945
6636
5494
11956
4002
4730
22518
21361
23603
30185
4697
25047
8874
810
21096
29628
31052
15742
2143
8492
5056
16817
6524
3586
5758
13079
3913
13642
13557
31816
28584
3671
1663
24474
2467
26531
15877
4963
17137
4969
12402
26091
12871
16900
21976
9523
4708
9733
12645
18025
23003
15895
19460
2342
927
24724
11730
4717
21584
25827
583
15204
10312
1688
21281
4048
5732
24137
1551
14418
29586
3121
2339
19555
799
28807
23029
18449
24510
3484
21398
8566
26967
28599
28475
14845
17302
14000
25510
10068
12590
7503
20307
4144
22513
6754
22888
6340
14737
30624
30042
6911
27955
31296
13662
9864
26041
31065
22422
1146
20684
32248
31224
15071
23212
18691
8446
19438
25271
23248
32016
11525
27835
22661
6833
12644
23291
27438
26987
25775
15619
29855
17787
4386
16172
13839
28733
28050
1774
17521
9046
12071
2024
26257
10915
31451
7601
14580
12517
29361
30300
13164
11049
23222
6605
27773
3832
4537
6591
13939
16195
22985
13968
29247
23565
11379
1235
13333
24790
5816
24468
5576
15819
22736
13161
21216
22447
17825
28221
2689
6791
7678
8156
17147
2824
25504
5950
2864
705
24549
2195
21929
776
23114
2066
26999
19110
15018
25986
1227
6722
4916
13445
3413
21390
20013
3495
27229
24371
31595
21546
25762
1405
31117
3215
10229
9670
30459
4068
17045
30884
1697
10193
15945
18642
17514
24416
12096
20191
17790
5263
21672
7064
20540
5784
10000
15670
6134
23803
28798
2888
30831
9039
19024
17759
27925
30158
7379
28795
16383
31385
31909
7992
11429
976
459
4280
29281
13907
29841
21072
4777
20820
27685
20466
14090
25253
15090
32605
31459
29627
17598
4614
5351
31621
6786
22980
7248
8431
30732
19519
26084
6708
32599
20758
13481
13544
19878
18131
14951
21185
18018
27280
9186
26409
12217
3686
11476
16772
31986
19097
30636
12353
25234
5508
9481
18594
4145
28229
26357
24396
11289
1577
3041
32142
27812
5334
15717
24433
27474
17211
28340
18052
3500
22840
14048
11620
8156
6668
4819
10253
32009
31618
19209
31972
24948
9179
30990
17024
16980
23162
26811
3644
18289
22354
20784
32637
17027
7440
8592
13252
16456
18951
23936
28530
3943
3039
17757
1886
22791
8701
17983
22297
10031
6834
28082
20476
29916
14115
23854
27894
9188
8699
31068
5911
29837
25810
20744
18139
23276
18523
30692
28215
19967
2896
20738
30565
27786
7199
1295
25712
5042
16721
8273
23423
17242
23743
5214
11233
27713
13683
6562
6108
984
29791
11406
28469
31204
16320
8864
18047
27608
8528
4888
22308
12784
9006
3956
21557
8717
20366
26544
16369
9299
32544
30271
3607
30084
8769
12231
7915
13083
28900
29344
24330
3368
11583
21003
6127
14831
25909
22834
15681
1854
24198
483
17122
9618
6584
23308
18360
2281
6084
6902
8505
31589
20097
6466
5049
15781
30674
27812
17267
20707
10126
10337
10841
18125
21554
30089
7835
13092
15945
1012
13817
6935
25238
3839
4553
32349
25352
29188
24520
22037
4699
2202
7072
9565
3725
22162
23869
30644
5640
13228
16336
26896
904
30493
11679
5055
7377
24257
7315
32766
8211
11808
1920
29018
15384
16674
12338
11722
24371
3730
30267
6793
2281
22101
20095
19125
2652
30566
10108
23465
24955
10649
18010
15131
6892
5900
26806
13044
26292
4459
14126
22259
19372
24300
21676
12288
9636
23302
5747
16721
23124
26352
12523
17214
28935
26077
25901
12261
30981
16632
31565
32125
27333
12065
5481
8827
28623
15461
10101
16231
15731
19776
8133
2683
28204
6546
3159
22784
1489
23393
18662
25193
3201
11604
431
6444
27724
21739
5889
13668
32162
29823
11655
19752
28284
24829
30550
5800
28748
5986
437
12301
22693
3574
5038
2319
8362
23880
26968
19027
28472
31981
22498
22154
6611
4087
9824
16714
18513
32055
10069
22442
10056
20275
24325
5792
21817
6118
17015
11035
30329
21562
23372
22496
7139
2886
23619
23846
26687
9543
29319
15856
8305
13920
24511
32557
4705
14609
10452
15504
32430
29817
25985
12080
28946
2635
31900
480
13203
26770
22822
3916
18543
6948
25620
26072
5829
14568
20186
11576
13827
26823
31421
18895
1043
14963
2262
22985
29253
20186
24293
26615
13562
3177
11483
28781
16918
23297
16165
4829
18979
9146
10682
3762
6213
4186
6115
25836
1250
18067
19661
15294
26382
6912
8400
24553
12471
30686
1917
32726
8597
29578
27242
31862
15567
21183
25789
27610
28013
29324
11129
10641
1409
22038
11915
4293
1045
21523
16019
15380
19923
8193
17268
26416
17527
11050
20378
20021
26869
6489
7182
9933
29801
17753
14651
3846
5059
4402
125
3566
12846
32291
4719
500
32325
18526
28145
6398
5621
646
27644
11849
1328
27881
11301
10756
855
1149
15858
16044
7012
1436
4832
8230
10970
24191
1328
4254
25454
19836
32629
24354
15219
9983
4319
13309
30982
32586
31301
18132
17405
13292
32756
23171
27280
4355
3130
6837
17605
3633
28336
14149
25245
24415
17483
22872
28928
21812
21538
20022
361
18772
27901
1005
8273
4697
4001
13220
26205
15250
29150
21952
28743
31870
9812
15288
27020
11270
29961
27576
5594
11134
12461
6649
1336
1370
5287
23515
24307
15280
30695
28871
28492
625
24683
15559
25571
24935
17294
20706
25314
31214
32531
7481
26857
27762
22261
10466
6588
6572
1004
27528
28590
15260
7871
9407
30156
4677
29773
19752
30922
8235
3673
32073
23215
12941
32024
26153
30015
12642
11644
14254
14124
29462
22590
4279
26619
4097
21934
21753
16056
29099
25146
1178
14169
6594
8128
29071
21235
23767
24467
28342
11934
3292
335
21683
7465
20318
29277
30858
12158
7042
6725
28673
22484
7105
16311
16307
5015
28515
12887
20212
18455
1981
17740
15720
15858
7466
26247
30306
26434
30666
24275
7678
23687
2045
1697
13309
15443
2718
31633
2147
22968
13568
8896
24018
25969
9385
980
21925
32211
3792
18632
460
20850
27544
28280
14442
16530
6410
29164
1327
10580
12757
1636
21623
19101
5061
8232
13343
27077
20995
24588
17963
9988
3858
11205
16666
11421
31364
32495
6659
9416
28288
16602
13432
8800
26870
11032
13335
26705
23708
3271
19439
15295
5551
30367
10137
11511
11883
7098
18963
790
20294
29478
32347
13947
14065
26157
13776
9710
17932
5983
28744
29325
2731
3684
2544
11898
1933
21635
2791
19014
13078
19953
21657
27932
27154
23514
18653
9133
21032
4913
18126
4575
26656
5176
6506
4917
13780
20174
13292
30205
27639
16252
22505
15675
23433
28989
301
5464
2838
20497
13139
26506
25522
6208
1318
14339
12724
28271
1467
15065
30005
27748
22346
19384
15943
11929
7121
13385
4341
11906
3943
28001
3327
30110
27744
18154
21842
30015
29990
8850
29513
3866
16338
11573
12710
6798
8077
17163
11087
29364
18345
27281
2504
22827
1151
4665
12148
14752
9734
31952
18827
6688
30776
2227
1498
17437
25893
15793
26686
29250
7380
19903
31710
3830
24285
29791
23595
20402
16839
24781
20889
14595
5154
5870
32282
22366
13156
29433
21855
14503
29828
15330
23758
29312
31320
28811
28481
16722
5551
15274
133
3100
2862
14968
7309
22782
23275
543
7801
32388
26059
4064
23371
7604
3227
4104
15459
12502
9457
10128
1472
15110
24513
11415
17397
25722
32190
31104
7661
3988
28022
18155
1630
12967
12076
14421
2318
649
6772
1933
12233
14813
24977
31454
15133
2333
28303
4598
10972
31594
30239
5528
21071
23571
23605
30214
29754
26855
18019
9260
8852
23867
30707
20876
24067
8633
21447
17133
12569
11503
8177
8643
17233
24723
26386
30813
8135
28567
4979
17617
11195
6385
8165
20135
2244
17192
31321
11080
24276
17565
29758
7460
18927
25759
23710
14758
26538
24876
8183
473
16486
1416
2522
22999
2122
7552
1093
2806
29697
20859
28865
15536
7481
14149
30524
4182
13014
9115
26276
19316
28922
2166
839
15619
7350
27672
24301
18769
32653
17624
5811
18609
7853
17836
4774
9442
10732
26491
8995
24896
24195
15136
6129
31149
22926
20542
11547
17469
5695
15558
27022
16803
5093
4425
19319
2143
24481
17919
24155
13989
32226
27795
5875
5900
28581
12980
4301
25596
20334
348
2467
21972
16901
17630
13946
26590
14065
10674
20090
32755
13494
23041
26512
25837
11470
2031
198
12241
4968
20650
22109
9145
14050
17462
23472
6275
4872
7671
30408
25660
7178
31227
22974
28490
15679
4878
5588
24411
1948
21883
17490
1297
19442
21154
24866
30826
7403
24894
13099
4081
29891
30323
24173
7846
31430
922
31713
9390
9356
25805
21262
24251
12023
11313
4459
24633
10985
22022
7032
9278
6598
12656
21403
16686
21933
2562
29371
11057
16757
24080
20126
12630
31849
11697
10755
8580
5572
11926
27262
16165
31723
28814
20503
30864
9069
16085
2722
1850
8635
18976
18653
26269
14247
26473
7499
19940
1949
28538
21715
6235
29604
2875
6935
18585
24340
30908
2198
4714
20501
5378
30336
6015
11483
13970
13405
17109
4259
9407
31580
28389
29804
14259
15228
17040
10102
27966
7773
28873
21372
32353
23523
18176
2224
16793
15504
13906
3451
26093
26014
17265
28145
21175
19167
2389
1814
14386
25173
15008
2515
7367
30097
19922
12726
29463
11468
16433
11117
1223
12230
7029
26368
15887
30818
10807
20945
9730
13054
1816
13397
3995
18580
29361
12176
20363
28306
7230
5714
708
22649
18697
7731
12741
26423
1688
9296
23716
29253
21398
450
15325
1665
27522
11234
16860
14025
8473
7231
10572
23131
29572
15452
7197
21743
19010
20778
16216
17553
979
8776
12194
12608
17194
22781
14993
6729
10192
21233
24754
32096
23768
25775
27735
13187
10886
18395
10529
16271
30398
12594
2128
27295
24622
19014
15821
18984
24635
2807
8692
3029
8108
11953
25635
8995
27161
16743
23044
13500
27665
82
30618
23445
10254
2666
15372
9158
19994
7329
7988
22316
25149
21986
19431
30657
23981
16077
13059
950
14005
4399
17210
24405
31585
31555
20896
153
27374
23210
32501
14474
14837
11052
9651
13914
27985
9516
7383
8258
30677
18413
23407
24089
1711
19335
18664
29113
10394
13991
17941
30993
15303
5129
15103
13834
20105
951
13679
14363
24259
9215
25660
939
9234
3637
31573
21290
20665
25389
19597
19949
30032
9079
8489
20686
29484
20313
8235
9344
10637
2701
19805
15794
18826
16319
27932
25323
31933
32709
22762
21536
19118
6300
4273
20502
26880
8230
5336
4986
25182
28326
21767
11714
16419
17655
16315
18369
8908
6799
16009
14349
29982
20279
11057
273
9750
15496
2410
5361
5525
25381
4455
31521
8136
12218
22317
13251
29529
5048
6804
29893
7767
28109
3102
7351
32229
32293
4731
30573
31910
25187
23768
12376
19428
21854
19947
3749
899
11931
3008
22291
21672
23951
16448
28565
15144
23697
22150
8363
22963
22433
16610
4224
27837
731
5033
21444
48
23737
195
12359
21459
22539
32754
27994
6776
10680
12258
19942
32744
13874
15350
4169
8591
23226
21197
4084
26088
3673
31126
25797
24230
5786
18456
7205
8615
19464
22912
26593
17562
10859
32233
24266
26474
10433
30894
11019
31089
5374
22383
16973
9566
28547
11748
908
4066
608
16996
22199
21789
12362
30516
10762
28876
14171
31888
26924
32047
25484
6011
18952
29883
27890
2375
2923
25220
32187
25572
354
11625
7144
22248
2897
27133
29384
16738
20435
24376
14392
5215
23125
10722
10652
21048
30321
10939
23708
13985
25868
11115
24479
21363
18222
26156
26120
11828
23204
23609
31795
10860
25687
9973
32558
19623
25707
12252
21559
8777
28695
31530
7161
23060
19783
29005
23943
22906
11251
21260
25876
23204
6461
17523
21112
24382
2125
6789
4963
1033
3309
22433
17759
286
9187
688
15239
25347
9490
17684
9225
18543
15183
31568
2397
12509
32260
9335
11074
10195
2183
23638
27517
22767
11064
19553
19025
22710
4700
16222
11965
11804
32444
17363
30328
26835
27645
2352
2477
20564
16574
25533
28279
30638
25716
9026
6171
16913
22277
10360
28167
9242
9765
25906
18062
11740
23668
13131
20833
10674
18004
11854
11724
23495
10380
31720
10422
11874
17566
12046
24151
22258
18152
12782
15287
16349
31357
25239
7146
17161
24257
20071
32013
294
31430
14392
2303
25026
2666
21833
28127
2058
24877
27886
16970
18529
7891
18168
29009
27299
4541
5346
27197
17718
25352
16832
4098
31957
26722
21736
9347
29979
14256
21341
11147
15826
22626
19455
391
2297
11921
31349
8709
30103
31709
11478
23021
15170
4617
22554
24961
622
4947
1859
6678
30070
23700
4427
27536
22124
29980
16844
32159
9633
8267
24690
18619
9459
27887
17185
15072
17369
24161
22245
27657
16431
2910
19357
7791
1986
20134
20071
1662
9883
25943
32458
5788
19980
5895
2726
19097
16508
17315
7388
12020
11762
29450
2749
8147
19810
17000
27700
31680
16058
19283
2738
17957
428
24744
21212
30086
3386
15652
13559
27008
21507
32705
8207
17541
16719
4566
1002
9557
31452
21229
1456
31803
29542
9827
21335
30733
6648
16066
16848
18145
12789
17119
8691
9871
8165
10418
30763
235
14080
25080
737
4031
21373
13962
15274
17546
19863
26747
16175
28667
4452
32245
18400
25900
26453
19665
10072
5279
14732
9207
27278
23289
25057
11899
5313
32640
19634
27764
7458
7766
31854
23964
6974
31347
14816
14761
20018
29540
32061
21102
27277
6853
23532
31664
23299
9599
1815
5321
24535
13506
9974
4095
14598
12993
7894
5026
18228
16177
1516
4327
20312
26495
24795
27783
19750
9940
26631
5399
63
27081
26263
8998
8219
4586
32332
24344
25266
13548
23557
18629
16877
5038
10510
31953
11216
1266
17708
5065
2404
20440
5481
22275
18534
12830
29600
26418
21425
3609
2759
12491
9835
31858
11263
18971
26098
15778
26717
5925
11909
18219
31606
20285
32434
26779
21164
16485
28035
17474
15675
27755
5992
6062
4355
23486
28131
4075
20499
16916
22006
9596
6905
20670
16716
15383
31692
21190
11817
548
22006
28366
14867
19444
1730
10920
13118
26305
681
3252
21688
8042
31580
30461
6489
30955
23185
6163
20840
20126
7566
3494
26381
24115
23926
5351
32123
30064
4182
25759
22234
16298
20207
3339
11509
28415
11073
31102
26792
15704
25564
28598
25607
290
32742
10489
9039
20935
8171
24823
12429
30703
3943
30303
1552
9592
25365
31039
13200
12598
12277
17180
10779
21098
10016
29909
23235
6148
8779
30264
5129
6040
27933
21345
18951
4130
22321
5079
13665
31866
23273
26468
29930
20885
25848
17592
7701
25729
2222
21949
26658
13342
11522
19896
24068
4765
32353
1316
17172
27322
12601
30541
5752
7353
24900
32175
24914
12066
6549
25870
15272
20284
20835
14418
13334
23882
27032
23848
1589
136
30489
24153
19402
32483
26068
32744
5295
21628
16523
30958
4481
18139
10594
28470
15631
28659
20265
4248
12413
31962
27498
26134
3644
7237
5426
15544
12202
22725
29856
16423
392
23235
9007
8972
15135
20028
17603
28966
23602
26685
9588
26414
7586
18462
26654
27754
16612
12414
4517
2579
27171
21506
32008
31848
28980
12748
1069
14734
21821
15805
26982
2606
16165
20587
19910
4045
16059
6881
16423
21738
11941
6681
12534
17113
27407
17978
22213
6498
18191
31122
20366
17433
27866
19281
2760
10619
5289
23051
18476
20429
15977
16876
14148
29621
23077
15032
952
27797
2868
6538
23128
31403
29218
12872
13032
23273
10591
21737
27311
15509
24745
25190
31678
29856
17211
13697
23809
2760
5299
23353
22279
31852
12484
22280
22929
20786
22944
28386
7644
23899
290
15086
8622
19937
30911
29954
18211
23126
13355
17377
9525
14460
2762
32308
21772
11683
9181
8521
18443
22982
31081
30605
29334
6244
7654
10954
22437
4896
12461
15905
16650
25111
11551
11207
12418
22021
149
8831
21885
18455
4874
7899
5037
2957
11914
23602
26193
23832
29017
22880
11326
27629
14052
27969
10418
22700
9065
9963
17624
17908
15973
30125
24091
22210
18369
21707
11563
13966
13243
30455
4560
1828
31125
11663
20337
20547
8448
1946
1635
19703
14919
25728
30195
12982
11580
30347
21298
20029
2787
28961
16515
4648
19936
24254
12773
29524
13728
23220
18945
12021
10314
10914
31731
22134
18276
29622
32216
15636
9030
1954
22556
9016
14655
1375
7552
15257
10376
18852
6126
26126
18925
27429
30204
15412
5685
16012
17730
19396
1878
7736
17756
6833
24666
29112
24510
20740
2063
12550
20538
9336
25201
24451
19027
25045
21720
15030
10047
12300
24802
6341
26814
26903
542
12975
7325
9359
14973
22095
27913
20490
31097
15377
27028
28986
18946
31857
21769
28103
29485
24888
1008
29927
30620
3702
6112
26307
8107
16190
9095
21898
31327
4644
890
31825
271
8567
30653
18353
18896
25407
18962
19487
29858
3317
3330
17929
16220
30469
16300
32694
27735
15364
25168
14555
26589
4017
18331
27644
22608
2477
11952
3464
1306
24570
29179
8372
16472
19765
22197
15891
16197
7827
18741
26618
3432
9629
4605
18582
1662
2475
20352
13769
805
13602
16564
5833
9293
23149
11356
1912
26974
19644
28947
21889
32041
10367
2583
13110
26001
1953
5339
15404
502
15749
9035
10132
1124
22209
26333
17496
20864
22685
92
6905
29486
31818
115
20779
2563
25058
25852
11053
26990
30499
7942
18154
19109
3563
28072
27858
16977
24179
6537
4725
25848
29003
23850
27364
17966
11545
1530
8391
15995
1041
6680
5694
9227
32051
3813
18041
25112
5448
23634
9494
6936
13210
30947
5949
16806
11894
2693
25213
21553
7011
22549
11621
10086
26399
18348
28130
27486
29021
30124
24924
22407
10305
12428
27279
10580
24471
25955
28969
24996
24535
18741
7976
27891
26841
19201
6130
8771
9304
6791
1329
17608
17448
20441
5493
29782
18487
32680
18567
14475
10309
18508
9614
4796
23907
9104
14052
17056
1837
2371
26550
10687
10439
11904
8030
31128
14744
28088
13952
6293
1481
9092
8678
27055
6780
3116
28444
25313
14797
28151
28363
7758
4745
7216
10454
21041
14256
7933
30262
23432
5037
3039
23701
18304
21328
23304
1965
1951
1167
17760
31839
15540
25857
30550
24979
17534
7190
9319
31442
30239
23831
18287
12452
14655
11489
7090
17067
25599
18273
6825
32636
2980
24782
2702
7745
13312
16041
27046
5647
2464
25718
16978
3848
4791
20535
13267
18736
717
685
15328
5392
7463
20302
3306
14861
20981
12293
32041
26245
574
6316
23150
1455
5772
1610
11944
5935
21591
17932
16691
25724
7730
12293
24804
12274
2743
20901
17109
14774
32307
17403
497
13901
13074
10666
2878
4859
23817
4268
750
9181
21253
13258
28195
6086
27607
22487
11654
19929
31132
16560
5254
26859
4078
31219
10608
15510
204
28546
23092
28700
15433
4534
12785
29442
32504
355
23365
8040
31507
32656
31575
9770
26733
7411
12705
8377
10014
25902
18558
25783
24808
460
25207
30036
21867
4346
12365
11883
15629
11269
31686
1371
28327
22935
4920
31654
13296
26545
25047
8012
30890
26984
16574
13541
16526
21599
19646
26497
4088
31240
19690
6720
13139
22682
30174
14256
4418
32720
5587
6889
29587
1384
30053
28266
29412
17751
31006
7346
28947
27084
20426
11934
20071
30443
14714
13190
17792
22086
13140
3861
6654
7707
5153
18668
1524
4176
26004
14838
4619
3375
1627
13193
17526
30177
24807
31810
21145
15020
17148
16029
16761
4332
8695
17750
8418
3283
22499
8579
19802
6880
9530
5742
25800
5408
891
26420
23012
28711
5232
25119
21086
15309
14907
17859
15310
29609
9254
23514
17246
23375
23592
26080
7225
25161
8503
14189
16562
19414
6737
6742
6709
5733
11848
22659
15342
24271
3152
1935
7227
15192
12617
29218
30930
19044
30157
15117
20914
28921
5674
9931
1272
15356
13041
25708
24347
25185
13531
10864
4269
2844
21879
23080
14605
9814
3149
5895
14048
11256
22646
9744
12569
14073
2039
22528
13226
2408
6370
27195
23559
17721
4139
2679
20831
26063
25163
26922
1177
17997
18838
1716
29713
16541
9821
10060
28431
12604
17603
6572
5387
27596
9312
15484
3235
27736
7575
28288
11864
20836
183
21888
7948
27324
2772
10235
5692
26873
19556
25994
19453
31188
23961
10774
19128
23850
31872
1977
8357
16083
28894
4981
11528
24867
20933
4247
1326
25660
2298
26345
11558
13850
12295
20378
8256
30556
8990
25838
25927
24787
26036
165
10878
30156
13529
5421
9563
3869
25433
28039
12805
2802
23445
32761
28303
11605
25374
16249
19954
32127
31766
6100
24269
11232
71
161
16859
19696
20992
21225
3128
29875
16052
19859
4435
32527
28496
29842
20658
4302
608
14029
873
7537
11232
1745
1368
32186
30435
21049
5671
25335
1254
985
11779
13072
26353
31917
25109
6480
27763
12164
5319
22515
987
19308
28086
9844
2294
8412
21877
10387
7435
11684
28935
18984
25784
31637
22811
2986
18315
15856
2309
2942
3424
22927
16769
22529
30077
17365
23334
22100
9070
25687
17579
18922
32161
25927
10461
18643
22978
7844
30812
10437
4820
2084
21273
12527
25876
24028
3471
7294
11150
25525
19908
14827
23420
29583
31743
13067
22882
16946
838
18901
1002
1785
7582
5616
4223
29245
10241
3844
5548
7810
14879
28605
24371
26724
32213
15775
26605
22847
622
397
5477
4257
1948
32023
4402
22641
31796
26758
23576
20444
11437
1449
30430
22787
23895
4958
15597
13670
19547
28127
19629
32014
22390
26578
6559
23677
16756
10255
1082
17750
21359
6191
4999
32204
21957
12248
11387
15052
7386
10443
25368
12522
9619
26538
16706
18445
32141
9610
8034
24025
29473
9789
27324
17119
18713
1884
30097
24199
27183
29718
11508
9657
22601
18876
20588
20558
21366
30984
1871
31033
29864
12337
28633
5493
14383
6575
1039
28078
13306
15310
28758
1711
30092
17653
14290
9358
17343
20659
17024
21657
16444
29071
12562
10751
9398
2956
4750
6462
6121
19326
22437
7760
22102
18191
8148
6549
10939
4496
15420
3967
29268
20865
1090
14079
10452
8927
22502
691
14370
21040
27620
4300
2004
15439
15244
11713
2156
24311
15458
21941
13909
26130
12149
24745
20635
16831
11392
17761
16237
4390
17090
7960
26196
28155
19357
25059
24113
25811
19185
27109
21240
9769
31030
20792
303
15407
21339
14486
3876
20822
19554
28363
15857
21404
31928
8923
11825
153
27477
3314
13439
9799
19608
14864
31155
9364
21216
26225
25307
31657
27882
4797
31995
29432
3565
16372
26757
9480
23415
32279
151
31744
23813
14743
14838
27381
2405
29567
30158
28659
19916
20576
17447
10957
27319
10752
21031
5285
17026
4033
10
9274
30153
25043
23265
27380
27010
29465
30222
30385
4823
24028
24699
1101
9412
30514
12701
20211
31605
3372
27180
2087
24925
23491
9375
17551
2582
25728
20841
27012
24315
5357
31478
26461
31111
26558
19812
19573
26476
27839
24065
32002
5235
25469
28297
7061
30230
21684
10268
28272
21727
22140
2561
19851
20350
26418
2077
25957
29613
2855
5425
23179
2244
6411
5335
6633
26651
24856
28986
25044
32547
6910
20632
20435
22339
18065
9849
32561
16244
27445
7340
1091
29595
25093
4102
20601
23978
5830
7386
19239
19573
27534
30519
11025
15445
11060
2788
23737
3454
13942
7964
359
17440
22509
31242
21245
11841
27313
16387
30839
2901
16332
2694
5956
4514
28255
29428
11593
27990
31382
3342
32686
5477
32589
3379
10862
4644
18047
5719
7330
4519
31859
27587
3464
26075
27045
655
13910
18530
24437
11999
23745
50
17297
26848
31308
17644
26148
25985
3153
31741
3772
32497
22736
11126
27644
10461
13307
16044
20997
27751
4733
30863
29605
10213
29838
12235
573
3678
30136
12448
24692
8901
3430
24706
21406
10995
19505
32624
24554
22118
8683
8980
15181
5308
30823
18335
818
22509
12046
4706
8414
15947
17187
8749
2213
24635
12497
2408
16335
15793
22778
19955
21831
1901
30654
2749
14601
16375
30669
3878
7753
28763
11885
6165
21604
27812
19530
32473
17032
25627
3841
31169
29218
14653
32619
19065
21514
23933
18602
30251
11377
11454
29684
25425
20870
1166
5410
31068
10475
4900
13303
7687
4059
6680
32305
11384
6679
8420
3666
16923
21397
21278
21291
32062
28904
1651
25645
2412
6766
9315
20079
5515
15931
29630
9854
4021
5320
32226
27368
17110
17500
2994
903
12810
20278
30293
27022
19892
14463
18355
17493
24158
3058
26288
1764
16723
13385
19238
23105
21246
19559
30117
24698
8961
22343
9962
7281
19988
2726
4896
2666
6564
6259
3288
13654
11559
8947
25546
21725
1345
18356
29513
16429
31896
27959
7304
16773
1656
16220
10383
5760
30502
1677
19963
10530
30212
17835
22136
19876
30057
19128
8191
4351
19517
7753
30160
25658
19799
32169
32046
12404
30872
19405
12766
8113
8644
9468
11869
9828
10531
315
15332
6592
8668
4473
26140
24255
524
17279
3745
32239
14505
6294
15417
10239
17690
15093
8657
30477
11410
32241
6459
30893
26928
13539
3497
19641
11992
3288
4585
25819
8655
21756
7774
12507
23321
25027
12994
17321
22162
30429
22429
15658
9934
25559
15236
1218
2738
16273
26642
8358
16591
28259
19112
13791
13442
24334
3300
32029
24780
10852
30946
14401
1266
439
25909
29864
1748
6147
25764
9784
7949
29147
13732
26413
10960
18452
11674
26785
16253
26931
7117
24541
23558
17815
24621
31842
21509
4709
12742
12981
20633
12088
20737
26606
772
14982
8609
18943
25861
208
26745
24773
8950
12945
10478
9168
2982
3300
24113
8435
8692
24819
3128
32650
11312
9764
25729
27790
23857
770
31366
15194
29494
30955
17407
18234
26749
7807
24794
25017
4517
5316
26363
22951
17861
8985
11699
26348
27720
9696
21762
1808
3215
15339
1165
5766
15172
24227
7774
12987
383
20730
24925
12514
6555
4374
14226
13694
7638
14522
11288
14508
1196
30836
17632
822
1776
6537
15403
28760
19375
12960
21957
80
30148
31537
19458
1959
28475
27051
4218
1858
3687
2152
23684
31015
28865
11601
19827
7696
10119
81
2195
6066
4625
31867
8930
23498
497
22522
18574
19436
1234
32444
24626
32267
28686
3037
9681
455
2572
28118
31118
11898
27999
8546
24113
17921
416
12084
25434
30794
9735
22618
30595
5026
27084
7535
23991
28092
28224
3203
17172
20864
20138
459
12290
32153
10722
18185
20784
32701
10671
15801
21587
30907
9186
1
21661
5446
12591
9302
4863
18307
21966
4078
30239
3412
6102
1001
3608
20322
8020
20798
6133
9453
15406
24422
15595
2131
28090
29131
2392
18529
18461
22511
22399
16989
21349
29788
10753
12495
16486
18000
12826
6931
3925
25124
32161
12704
1062
1152
2237
8982
1189
11328
12136
13833
15446
26405
15013
13200
8718
15676
1409
28300
15182
26382
30155
29624
14691
14989
17555
11893
19518
31417
21091
3667
18195
30229
832
31071
29364
8141
24159
5935
10668
4004
28071
16558
6683
5279
6378
8360
18773
18035
30947
20756
13625
16815
24047
293
12113
31402
1676
28687
19886
21290
16786
18585
3457
24281
30771
10599
890
616
23476
26117
13793
22912
13032
19635
31861
3949
881
31987
519
5770
4790
6867
17366
27242
31395
27386
10921
18635
20004
9077
6575
3387
2399
32063
3862
7048
18868
21138
12909
1257
2421
22000
27834
21485
23397
11760
26203
11047
25074
457
1693
8854
32306
17056
20766
4055
29343
15761
15587
9481
30099
17023
24888
4740
28546
27548
5195
5945
24825
20919
22407
11239
11354
14665
11697
13571
16212
1085
14021
26468
22565
29827
11662
19378
25231
2899
8968
3213
10395
4418
4982
31612
21264
4870
12609
30876
30130
24328
407
10501
9019
20399
9919
10235
17691
28263
29758
7897
13038
15219
10412
28606
17857
9848
26963
24308
25349
964
23437
26404
15183
2659
30682
9276
14549
9952
29379
284
22953
11996
22386
5123
29107
16720
12302
21948
4207
24481
22488
8072
1644
2921
21255
7114
18048
29951
18531
5493
7884
1740
30884
21046
1395
22861
20360
25440
29977
23527
27318
6556
5405
15982
12885
1869
10647
26484
24427
15812
1808
849
3064
12584
1540
30711
10447
28451
12824
18803
30007
5197
12571
15170
21573
11353
7615
14937
7159
26881
