32668
32660
32552
32438
32380
32372
32352
32280
32268
32255
32172
32130
32130
32104
32017
31982
31967
31961
31805
31770
31719
31709
31689
31645
31448
31383
31380
31361
31338
31331
31270
31224
31148
31122
31095
31090
31089
31083
30936
30911
30910
30900
30811
30789
30770
30764
30762
30706
30701
30678
30644
30635
30632
30473
30463
30460
30452
30402
30352
30327
30313
30301
30297
30238
30229
30177
30148
30112
30112
30103
30070
30053
29993
29960
29939
29848
29846
29799
29757
29708
29700
29667
29660
29637
29609
29578
29563
29559
29474
29458
29403
29377
29327
29316
29193
29159
29135
29132
29125
29068
29057
29038
29017
28905
28865
28827
28798
28706
28688
28682
28615
28602
28599
28561
28547
28514
28500
28496
28488
28487
28443
28435
28409
28390
28364
28358
28352
28310
28299
28269
28106
28070
28060
28044
28035
27993
27960
27945
27832
27795
27760
27734
27730
27679
27656
27631
27592
27553
27551
27415
27413
27329
27295
27284
27251
27231
27224
27136
27048
27023
27001
26992
26991
26984
26959
26950
26927
26911
26837
26825
26825
26728
26721
26686
26586
26560
26556
26548
26537
26534
26413
26383
26375
26353
26338
26324
26320
26174
26147
26052
26019
25998
25931
25918
25706
25680
25676
25652
25643
25598
25591
25580
25545
25536
25501
25475
25430
25428
25400
25372
25352
25342
25268
25248
25243
25223
25209
25117
25103
25089
25087
25049
24976
24963
24940
24939
24883
24854
24699
24690
24662
24654
24601
24569
24552
24519
24472
24444
24435
24425
24420
24332
24253
24232
24228
24221
24191
24183
24162
24149
24144
24139
24134
24090
24072
24055
24039
24024
23989
23972
23896
23884
23879
23876
23836
23770
23758
23722
23686
23685
23670
23602
23534
23420
23321
23300
23292
23266
23262
23225
23200
23188
23093
23086
23062
23054
23012
22993
22953
22911
22896
22886
22852
22842
22832
22828
22816
22769
22767
22711
22643
22615
22564
22552
22465
22439
22432
22422
22333
22328
22300
22266
22206
22206
22104
22084
22024
21975
21837
21829
21786
21712
21562
21560
21512
21499
21478
21472
21434
21385
21326
21291
21277
21275
21263
21239
21195
21182
21138
21130
21020
21005
21003
20929
20923
20905
20902
20829
20801
20798
20777
20683
20681
20673
20574
20573
20557
20557
20491
20480
20479
20410
20350
20334
20325
20294
20283
20255
20173
20157
20136
20103
20096
20041
20032
19995
19939
19927
19893
19871
19858
19856
19816
19808
19803
19761
19747
19690
19674
19588
19512
19509
19459
19404
19384
19315
19273
19261
19214
19198
19177
19112
19089
19086
19029
19025
18730
18700
18662
18657
18615
18611
18548
18546
18543
18537
18515
18488
18487
18454
18399
18376
18293
18240
18188
18139
18133
18132
18113
18090
18088
18066
18058
18053
18046
18045
17949
17809
17765
17753
17693
17686
17630
17591
17563
17562
17549
17415
17407
17366
17350
17340
17335
17332
17305
17301
17247
17245
17232
17216
17166
17166
17156
17152
17094
17044
17019
16998
16908
16907
16895
16891
16876
16745
16717
16628
16568
16554
16537
16531
16519
16460
16450
16385
16295
16275
16164
16082
16021
16005
15999
15912
15877
15851
15826
15730
15634
15617
15612
15586
15524
15519
15439
15436
15406
15399
15375
15360
15357
15355
15355
15342
15328
15276
15242
15238
15233
15205
15198
15181
15169
15134
15056
15030
14981
14958
14958
14950
14930
14916
14897
14893
14875
14862
14816
14809
14717
14710
14703
14625
14598
14594
14540
14536
14532
14461
14423
14411
14386
14279
14228
14201
14191
14190
14140
14129
14110
14078
14001
13998
13993
13966
13945
13883
13882
13867
13854
13843
13836
13827
13825
13807
13802
13702
13685
13673
13612
13579
13569
13567
13528
13492
13480
13452
13312
13308
13301
13285
13271
13244
13226
13187
13177
13133
13131
13060
13031
12957
12935
12923
12920
12835
12797
12789
12784
12696
12685
12533
12524
12489
12420
12408
12402
12396
12384
12377
12353
12332
12328
12323
12306
12293
12288
12245
12179
12119
12114
12110
12106
12047
12043
12036
12029
12000
11987
11973
11967
11927
11925
11854
11698
11687
11670
11662
11648
11591
11537
11509
11378
11377
11325
11313
11292
11291
11277
11231
11224
11212
11144
11078
11062
11058
11046
11021
10959
10955
10917
10913
10904
10740
10656
10600
10563
10363
10362
10313
10288
10262
10207
10195
10176
10176
10161
10160
10112
10112
10101
10092
10080
10069
10059
10036
9974
9931
9757
9739
9733
9697
9695
9691
9669
9643
9630
9607
9606
9587
9576
9518
9506
9502
9498
9495
9359
9338
9332
9332
9259
9184
9113
9066
9050
9006
8998
8993
8988
8959
8947
8905
8865
8792
8766
8711
8694
8677
8631
8601
8579
8558
8532
8525
8497
8439
8417
8413
8398
8389
8378
8343
8333
8330
8323
8236
8232
8191
8126
8036
7977
7958
7945
7892
7860
7832
7811
7785
7751
7719
7712
7691
7678
7617
7607
7554
7553
7532
7526
7521
7471
7468
7451
7450
7428
7428
7360
7355
7351
7118
7110
7109
7091
7018
7008
6940
6937
6925
6900
6884
6866
6864
6842
6799
6770
6748
6743
6703
6615
6550
6548
6543
6399
6226
6189
6181
6106
6079
5999
5985
5973
5928
5914
5822
5808
5805
5752
5749
5659
5628
5575
5574
5569
5538
5515
5472
5446
5430
5402
5340
5320
5249
5230
5230
5179
5146
5146
5131
5078
5018
4979
4939
4939
4803
4769
4762
4741
4724
4711
4687
4675
4664
4642
4630
4613
4613
4441
4440
4436
4337
4331
4298
4291
4275
4245
4240
4229
4217
4185
4176
4129
4066
4051
3973
3933
3911
3882
3880
3849
3810
3784
3779
3778
3771
3766
3760
3698
3697
3685
3588
3578
3535
3516
3506
3442
3408
3392
3309
3281
3265
3257
3233
3227
3217
3199
3161
3126
3124
3062
3034
2977
2892
2859
2852
2731
2706
2693
2678
2629
2563
2553
2548
2504
2428
2403
2397
2392
2341
2332
2300
2273
2272
2269
2243
2221
2217
2189
2165
2161
2009
2003
2002
1902
1900
1889
1879
1839
1821
1783
1702
1682
1674
1590
1535
1518
1451
1394
1392
1369
1342
1321
1262
1247
1116
1059
1050
964
961
865
809
785
785
764
715
659
642
589
543
543
492
490
449
386
267
242
240
237
83
55
33
20
8
7
