4
6
8
11
17
20
28
28
32
33
34
36
37
40
40
43
44
44
44
46
51
52
54
55
62
63
64
64
68
69
83
86
87
89
89
91
92
93
93
97
98
102
103
105
108
110
115
120
123
126
136
142
148
150
151
152
154
155
156
161
161
179
181
188
191
192
195
199
227
227
231
232
234
235
235
237
237
240
251
259
262
263
265
269
272
280
281
288
290
293
294
296
296
303
304
313
315
319
320
325
327
331
332
336
341
346
352
354
355
366
368
373
374
377
378
381
382
387
389
390
404
405
406
410
412
415
417
419
421
428
433
435
435
438
442
442
445
446
449
454
460
462
475
478
480
481
482
487
497
503
504
506
509
513
514
525
527
528
528
533
533
534
535
536
549
553
556
557
561
566
567
569
569
572
575
578
579
580
583
586
590
590
590
591
592
592
595
596
598
600
600
601
606
606
613
614
614
616
619
620
621
621
626
627
630
635
649
650
653
653
657
663
669
685
685
688
688
688
696
697
698
702
709
715
719
725
725
726
726
726
728
730
733
735
735
736
737
739
744
744
745
746
747
747
747
750
753
756
759
760
761
764
769
772
776
777
781
782
783
785
788
794
800
800
804
808
813
821
822
823
825
827
827
831
836
836
836
837
840
850
852
852
859
861
863
868
870
877
879
879
890
895
900
907
910
915
917
928
930
930
933
934
934
939
948
952
954
956
956
957
958
961
966
970
976
990
997
997
1000
1002
1007
1013
1014
1017
1023
1030
1030
1031
1036
1037
1041
1043
1046
1048
1049
1057
1065
1066
1071
1072
1074
1074
1075
1081
1089
1097
1100
1105
1111
1114
1114
1116
1124
1125
1127
1131
1135
1146
1150
1151
1163
1166
1166
1172
1173
1177
1179
1185
1185
1186
1189
1192
1193
1196
1197
1201
1205
1207
1213
1214
1215
1216
1219
1219
1221
1224
1230
1238
1239
1241
1241
1242
1249
1249
1255
1256
1256
1257
1257
1259
1259
1259
1261
1261
1268
1269
1274
1274
1275
1276
1276
1277
1287
1293
1293
1301
1312
1312
1317
1326
1327
1335
1345
1349
1353
1356
1356
1368
1370
1370
1373
1376
1380
1382
1384
1386
1386
1392
1395
1395
1395
1399
1402
1404
1405
1410
1412
1419
1426
1431
1432
1433
1444
1453
1453
1454
1456
1458
1458
1461
1467
1469
1471
1482
1482
1483
1489
1492
1495
1500
1503
1504
1506
1510
1521
1523
1527
1530
1535
1540
1541
1543
1545
1546
1553
1557
1559
1560
1562
1565
1572
1574
1575
1582
1588
1592
1594
1596
1596
1601
1604
1608
1608
1610
1618
1624
1627
1631
1634
1635
1637
1638
1642
1650
1653
1656
1659
1663
1665
1665
1671
1674
1675
1676
1678
1682
1686
1687
1687
1691
1699
1703
1704
1705
1706
1706
1716
1718
1721
1726
1728
1729
1729
1731
1734
1736
1740
1741
1746
1746
1748
1750
1752
1760
1761
1762
1765
1771
1771
1773
1773
1782
1783
1783
1784
1785
1786
1787
1788
1792
1795
1798
1798
1799
1805
1814
1815
1818
1819
1821
1831
1835
1836
1837
1838
1843
1851
1858
1860
1864
1864
1865
1869
1871
1879
1879
1880
1886
1892
1892
1893
1894
1895
1903
1911
1913
1914
1914
1927
1941
1944
1947
1950
1950
1955
1963
1966
1966
1979
1980
1981
1989
1990
1995
2002
2007
2009
2010
2034
2035
2040
2043
2043
2044
2045
2050
2051
2056
2060
2066
2073
2074
2078
2086
2088
2088
2092
2092
2092
2093
2093
2098
2103
2108
2108
2115
2116
2122
2129
2130
2143
2149
2150
2151
2154
2154
2154
2162
2163
2165
2166
2174
2181
2182
2189
2190
2191
2192
2197
2198
2199
2199
2204
2207
2210
2211
2213
2217
2221
2221
2222
2224
2230
2235
2236
2238
2242
2248
2249
2251
2254
2265
2277
2278
2280
2287
2294
2297
2306
2306
2310
2321
2321
2333
2333
2336
2344
2350
2352
2355
2367
2375
2388
2389
2390
2391
2395
2396
2399
2403
2405
2406
2408
2416
2430
2431
2441
2443
2446
2447
2448
2449
2453
2454
2467
2467
2467
2471
2472
2474
2474
2475
2475
2476
2480
2482
2484
2485
2487
2489
2492
2492
2493
2493
2493
2494
2495
2496
2497
2498
2501
2503
2506
2507
2508
2512
2514
2515
2519
2519
2521
2522
2526
2527
2529
2536
2536
2547
2553
2556
2556
2559
2560
2560
2562
2569
2571
2579
2582
2582
2586
2586
2590
2596
2599
2600
2604
2610
2617
2618
2627
2631
2636
2638
2640
2644
2644
2646
2651
2651
2651
2657
2660
2665
2675
2685
2686
2692
2696
2698
2702
2702
2702
2704
2705
2706
2708
2709
2709
2715
2724
2728
2729
2730
2730
2731
2732
2737
2743
2746
2747
2748
2748
2753
2760
2761
2762
2770
2770
2772
2772
2773
2777
2780
2786
2794
2796
2796
2796
2800
2801
2809
2814
2818
2819
2820
2821
2830
2844
2851
2853
2854
2856
2857
2857
2866
2878
2879
2880
2884
2884
2886
2888
2890
2895
2898
2898
2899
2902
2903
2903
2906
2907
2908
2909
2911
2916
2921
2924
2927
2935
2940
2951
2954
2960
2961
2961
2962
2965
2971
2974
2975
2975
2976
2984
2993
2996
2999
3000
3002
3004
3006
3008
3010
3017
3019
3025
3030
3033
3034
3040
3041
3042
3044
3047
3052
3058
3060
3061
3069
3073
3077
3077
3082
3091
3093
3094
3095
3096
3097
3101
3101
3107
3108
3109
3113
3116
3117
3117
3121
3121
3123
3127
3128
3135
3136
3138
3142
3142
3146
3159
3166
3170
3171
3172
3175
3176
3180
3185
3187
3189
3189
3190
3195
3197
3198
3201
3201
3210
3211
3214
3216
3216
3216
3217
3219
3221
3222
3228
3230
3230
3234
3236
3236
3238
3240
3241
3242
3244
3245
3246
3248
3250
3255
3257
3257
3262
3266
3270
3271
3277
3290
3293
3295
3296
3301
3303
3305
3307
3307
3310
3314
3314
3318
3321
3324
3332
3334
3336
3338
3340
3342
3344
3349
3349
3351
3361
3365
3378
3380
3383
3387
3388
3391
3395
3396
3399
3405
3408
3411
3412
3413
3419
3425
3430
3430
3445
3450
3451
3454
3458
3463
3468
3468
3471
3472
3473
3473
3483
3488
3489
3492
3494
3494
3499
3499
3500
3502
3503
3504
3505
3505
3508
3512
3516
3522
3525
3530
3545
3546
3551
3561
3563
3571
3571
3572
3574
3574
3580
3588
3600
3602
3614
3619
3620
3622
3625
3626
3629
3632
3639
3640
3647
3648
3650
3650
3652
3655
3660
3661
3662
3664
3669
3669
3670
3675
3682
3695
3698
3699
3699
3700
3706
3708
3709
3715
3720
3727
3732
3741
3744
3745
3746
3753
3755
3759
3769
3772
3774
3775
3775
3780
3780
3782
3783
3786
3789
3792
3797
3798
3801
3802
3804
3806
3808
3809
3811
3825
3827
3843
3850
3851
3851
3852
3853
3853
3853
3855
3855
3857
3857
3858
3864
3864
3869
3878
3879
3879
3880
3883
3885
3887
3889
3890
3896
3903
3907
3911
3915
3921
3922
3929
3930
3931
3937
3937
3939
3942
3944
3946
3948
3949
3951
3951
3955
3956
3957
3962
3965
3967
3970
3970
3975
3976
3977
3992
3994
4003
4006
4011
4013
4027
4027
4030
4034
4042
4050
4053
4055
4057
4058
4064
4068
4069
4071
4076
4077
4078
4078
4094
4094
4096
4096
4098
4102
4103
4106
4107
4110
4113
4116
4117
4118
4118
4119
4140
4141
4147
4152
4155
4157
4159
4162
4168
4172
4173
4173
4174
4177
4179
4187
4187
4188
4189
4193
4199
4202
4202
4206
4209
4219
4226
4229
4230
4233
4234
4234
4236
4237
4237
4238
4238
4239
4243
4245
4245
4250
4251
4255
4258
4260
4261
4270
4273
4279
4280
4283
4284
4287
4287
4299
4300
4301
4304
4304
4304
4305
4312
4316
4317
4318
4321
4323
4324
4326
4329
4334
4335
4338
4347
4347
4354
4362
4363
4364
4365
4367
4392
4396
4397
4397
4398
4398
4403
4411
4411
4420
4422
4422
4425
4426
4431
4438
4439
4439
4442
4447
4458
4465
4479
4489
4500
4515
4519
4519
4525
4530
4533
4534
4547
4549
4554
4555
4559
4559
4562
4576
4578
4579
4585
4597
4598
4607
4609
4614
4617
4617
4621
4625
4632
4642
4643
4643
4646
4649
4656
4657
4662
4666
4669
4669
4678
4685
4694
4698
4699
4716
4720
4720
4724
4730
4733
4735
4744
4746
4748
4748
4751
4755
4763
4764
4769
4770
4770
4771
4773
4774
4782
4783
4784
4791
4793
4793
4799
4802
4808
4814
4821
4825
4828
4832
4834
4836
4836
4853
4853
4853
4857
4858
4860
4861
4868
4868
4870
4875
4876
4880
4883
4885
4887
4895
4896
4897
4900
4900
4905
4905
4908
4909
4910
4913
4919
4923
4929
4932
4934
4935
4937
4938
4942
4942
4942
4947
4948
4954
4955
4962
4965
4967
4968
4968
4974
4975
4976
4979
4980
4988
4991
5005
5007
5008
5011
5013
5013
5014
5021
5025
5028
5030
5031
5031
5032
5039
5040
5043
5044
5044
5050
5055
5058
5058
5061
5061
5065
5065
5071
5081
5085
5091
5091
5092
5096
5097
5097
5098
5102
5103
5107
5109
5115
5115
5121
5124
5126
5130
5130
5132
5133
5139
5142
5142
5147
5149
5150
5151
5155
5155
5156
5157
5158
5166
5169
5170
5172
5174
5176
5180
5181
5184
5189
5193
5201
5202
5207
5209
5210
5211
5212
5212
5213
5214
5214
5215
5221
5224
5224
5224
5227
5230
5239
5239
5243
5244
5244
5246
5247
5249
5252
5254
5256
5265
5266
5268
5273
5275
5277
5278
5280
5287
5291
5294
5299
5303
5314
5324
5324
5326
5327
5329
5329
5334
5335
5336
5338
5338
5344
5350
5353
5353
5353
5355
5364
5372
5376
5376
5378
5380
5381
5395
5400
5402
5406
5406
5407
5411
5413
5413
5420
5420
5422
5425
5426
5428
5440
5443
5443
5443
5445
5446
5446
5447
5450
5454
5458
5462
5466
5467
5479
5480
5484
5485
5487
5487
5488
5489
5502
5508
5511
5515
5517
5523
5524
5525
5536
5537
5538
5539
5540
5543
5545
5545
5546
5552
5555
5555
5561
5563
5564
5565
5568
5571
5573
5575
5577
5577
5579
5584
5584
5587
5596
5597
5598
5600
5600
5602
5603
5606
5606
5606
5606
5607
5620
5621
5622
5623
5624
5629
5630
5632
5634
5635
5636
5638
5640
5643
5646
5646
5648
5656
5658
5664
5665
5671
5671
5673
5676
5679
5679
5679
5683
5691
5694
5698
5698
5702
5702
5714
5725
5725
5726
5726
5728
5729
5734
5738
5744
5745
5749
5751
5751
5751
5754
5754
5755
5756
5757
5759
5766
5771
5771
5773
5774
5776
5782
5784
5785
5797
5806
5809
5811
5812
5819
5819
5824
5824
5825
5825
5826
5827
5840
5848
5849
5856
5856
5859
5860
5865
5867
5871
5872
5878
5884
5884
5885
5885
5886
5892
5893
5893
5894
5896
5902
5904
5910
5915
5921
5925
5932
5932
5933
5939
5940
5943
5944
5948
5948
5952
5953
5960
5965
5968
5968
5970
5974
5976
5976
5979
5980
5984
5987
5990
5994
5996
6005
6015
6015
6015
6017
6021
6024
6026
6027
6034
6038
6039
6046
6048
6051
6052
6053
6054
6056
6059
6061
6090
6095
6100
6102
6106
6109
6110
6115
6120
6121
6123
6127
6127
6127
6132
6137
6139
6139
6140
6145
6149
6151
6156
6156
6160
6165
6166
6172
6173
6175
6187
6190
6194
6196
6205
6213
6219
6221
6226
6228
6230
6234
6236
6238
6238
6239
6245
6246
6247
6250
6251
6253
6260
6261
6264
6265
6270
6276
6277
6286
6287
6288
6288
6289
6290
6293
6293
6293
6300
6302
6304
6305
6308
6309
6311
6315
6320
6321
6323
6325
6327
6332
6333
6345
6346
6346
6354
6359
6364
6365
6369
6374
6374
6374
6381
6384
6386
6390
6395
6415
6419
6422
6424
6444
6445
6448
6449
6449
6451
6452
6457
6462
6467
6468
6471
6474
6481
6482
6492
6492
6498
6502
6505
6506
6511
6511
6513
6514
6519
6522
6526
6531
6533
6543
6544
6555
6558
6559
6560
6561
6563
6569
6575
6576
6578
6580
6584
6584
6588
6594
6597
6601
6606
6606
6609
6621
6626
6630
6633
6635
6639
6640
6642
6645
6646
6659
6661
6663
6669
6672
6673
6675
6676
6678
6683
6684
6685
6687
6695
6701
6706
6712
6715
6717
6721
6722
6726
6730
6740
6744
6748
6755
6760
6763
6770
6772
6777
6778
6780
6780
6784
6788
6793
6794
6795
6798
6798
6807
6815
6821
6828
6831
6833
6843
6843
6846
6852
6854
6855
6857
6861
6861
6865
6869
6869
6874
6875
6876
6878
6881
6887
6890
6891
6893
6903
6914
6917
6919
6919
6920
6923
6923
6925
6927
6934
6940
6941
6945
6962
6963
6965
6976
6981
6983
6984
6991
6993
6995
6996
6996
7005
7008
7016
7020
7029
7030
7034
7036
7042
7043
7045
7048
7052
7054
7058
7059
7063
7065
7067
7067
7069
7070
7076
7079
7082
7083
7084
7094
7094
7097
7099
7110
7114
7118
7121
7121
7123
7144
7145
7152
7152
7154
7157
7161
7163
7165
7170
7171
7173
7174
7177
7178
7179
7179
7180
7181
7182
7182
7182
7186
7192
7192
7193
7195
7196
7213
7213
7213
7215
7215
7215
7218
7218
7225
7231
7235
7237
7247
7248
7250
7251
7257
7259
7260
7261
7262
7263
7264
7265
7266
7267
7271
7271
7279
7281
7283
7288
7295
7296
7297
7301
7302
7313
7314
7318
7321
7322
7325
7326
7328
7328
7329
7331
7331
7331
7335
7338
7343
7348
7351
7353
7354
7355
7356
7358
7366
7369
7374
7374
7384
7385
7386
7390
7390
7390
7392
7397
7398
7408
7410
7413
7415
7417
7417
7419
7419
7422
7425
7427
7427
7430
7434
7435
7444
7447
7449
7451
7453
7455
7457
7459
7460
7464
7469
7475
7478
7483
7483
7484
7485
7486
7486
7489
7493
7494
7499
7503
7505
7507
7508
7511
7512
7513
7516
7523
7523
7527
7531
7531
7537
7543
7550
7552
7560
7563
7567
7571
7579
7588
7589
7597
7598
7608
7609
7610
7618
7621
7627
7628
7630
7635
7641
7642
7645
7652
7653
7656
7657
7682
7684
7686
7686
7688
7693
7693
7697
7697
7697
7702
7707
7707
7711
7717
7718
7719
7721
7722
7725
7731
7733
7737
7737
7738
7738
7749
7752
7752
7753
7755
7756
7757
7760
7767
7768
7769
7770
7782
7785
7786
7786
7787
7788
7788
7792
7796
7799
7801
7805
7806
7813
7815
7815
7820
7823
7824
7825
7825
7843
7844
7848
7849
7857
7858
7860
7863
7867
7867
7868
7869
7873
7876
7877
7879
7879
7880
7880
7887
7890
7892
7894
7900
7903
7904
7904
7907
7909
7913
7914
7915
7921
7921
7921
7930
7933
7934
7942
7942
7947
7953
7961
7963
7965
7965
7966
7968
7970
7976
7977
7980
7981
7984
7985
7985
7986
7986
7988
7992
7993
7997
7999
8000
8001
8001
8002
8017
8022
8024
8033
8035
8037
8041
8042
8043
8053
8055
8056
8066
8068
8072
8078
8090
8095
8096
8098
8098
8099
8099
8103
8110
8111
8113
8118
8120
8121
8124
8133
8133
8140
8140
8149
8151
8151
8151
8154
8156
8156
8160
8165
8167
8170
8170
8172
8174
8176
8177
8179
8179
8184
8188
8189
8196
8197
8197
8203
8203
8208
8209
8210
8214
8215
8217
8218
8218
8220
8221
8221
8225
8231
8233
8234
8237
8238
8240
8245
8247
8247
8247
8248
8255
8264
8268
8272
8287
8288
8292
8296
8296
8301
8305
8308
8310
8311
8312
8319
8323
8324
8327
8330
8340
8341
8343
8345
8350
8354
8355
8359
8362
8364
8371
8372
8375
8380
8381
8382
8384
8385
8387
8390
8395
8397
8402
8413
8416
8419
8422
8424
8424
8428
8428
8429
8431
8434
8434
8436
8437
8442
8448
8454
8457
8457
8457
8462
8463
8464
8475
8477
8478
8479
8484
8488
8489
8497
8501
8503
8515
8517
8518
8520
8525
8526
8527
8527
8530
8532
8533
8534
8535
8543
8544
8549
8580
8583
8584
8585
8587
8594
8600
8603
8604
8608
8608
8611
8612
8612
8625
8625
8626
8626
8629
8629
8632
8637
8639
8644
8647
8651
8658
8661
8663
8664
8665
8668
8671
8682
8691
8698
8707
8714
8719
8732
8734
8735
8737
8741
8744
8756
8760
8762
8767
8769
8783
8784
8786
8787
8790
8793
8796
8798
8800
8801
8802
8803
8804
8811
8814
8816
8824
8825
8826
8832
8833
8835
8836
8847
8852
8854
8854
8856
8864
8866
8867
8869
8870
8871
8873
8875
8883
8887
8888
8896
8898
8899
8900
8911
8911
8913
8915
8918
8919
8925
8926
8928
8929
8930
8937
8938
8946
8949
8955
8963
8969
8971
8987
8990
8991
8991
8996
8996
8996
8997
8999
9001
9002
9004
9008
9008
9009
9010
9012
9013
9021
9031
9034
9036
9038
9038
9044
9044
9048
9048
9048
9049
9055
9060
9066
9067
9073
9076
9078
9079
9081
9083
9088
9091
9092
9093
9093
9095
9098
9101
9104
9108
9111
9119
9120
9129
9135
9139
9146
9149
9158
9159
9162
9167
9170
9173
9174
9175
9176
9180
9180
9181
9185
9188
9189
9198
9198
9200
9201
9204
9207
9208
9211
9215
9216
9217
9223
9224
9227
9228
9229
9231
9231
9234
9237
9237
9239
9244
9264
9264
9266
9273
9276
9278
9279
9280
9280
9288
9289
9294
9295
9296
9300
9301
9306
9307
9310
9319
9321
9322
9329
9333
9336
9337
9340
9344
9347
9350
9355
9360
9361
9369
9371
9371
9372
9385
9389
9391
9392
9393
9393
9396
9397
9397
9400
9407
9407
9410
9417
9419
9419
9422
9422
9424
9425
9428
9432
9433
9439
9453
9464
9470
9473
9478
9480
9481
9481
9483
9488
9489
9489
9498
9503
9504
9504
9505
9507
9507
9512
9514
9514
9516
9522
9523
9523
9526
9527
9535
9538
9541
9541
9543
9549
9551
9552
9554
9561
9563
9563
9563
9566
9572
9572
9575
9580
9582
9586
9593
9599
9600
9602
9603
9607
9611
9612
9614
9619
9623
9630
9636
9636
9637
9637
9640
9641
9642
9645
9646
9649
9655
9660
9664
9669
9669
9670
9673
9674
9675
9676
9682
9689
9691
9696
9706
9709
9712
9715
9718
9720
9722
9726
9726
9731
9736
9743
9744
9749
9754
9757
9761
9761
9762
9763
9764
9764
9772
9775
9779
9780
9782
9783
9786
9787
9787
9798
9803
9806
9813
9820
9824
9824
9832
9837
9846
9848
9850
9850
9852
9855
9858
9862
9864
9864
9871
9874
9876
9876
9877
9881
9887
9889
9889
9891
9899
9900
9901
9902
9905
9905
9906
9908
9910
9911
9914
9915
9917
9917
9924
9932
9937
9938
9940
9940
9942
9944
9948
9951
9952
9957
9959
9963
9967
9972
9976
9977
9983
9987
9990
9992
9993
10000
10000
10000
10002
10005
10008
10015
10016
10031
10033
10038
10038
10039
10041
10042
10044
10045
10046
10053
10053
10055
10061
10063
10063
10076
10090
10092
10105
10106
10111
10116
10116
10120
10124
10127
10129
10130
10132
10138
10143
10145
10148
10152
10163
10168
10168
10169
10178
10183
10183
10189
10192
10199
10204
10205
10207
10209
10210
10214
10214
10227
10228
10232
10233
10250
10251
10253
10253
10254
10257
10258
10259
10264
10266
10269
10269
10270
10278
10279
10279
10283
10285
10287
10290
10292
10294
10294
10294
10295
10297
10303
10306
10309
10310
10310
10311
10316
10316
10319
10323
10324
10326
10330
10333
10333
10335
10336
10338
10338
10338
10349
10353
10368
10368
10370
10376
10376
10380
10380
10382
10382
10387
10390
10391
10394
10397
10400
10402
10403
10404
10409
10414
10414
10417
10417
10423
10425
10426
10427
10428
10431
10433
10450
10451
10457
10460
10461
10463
10465
10467
10467
10478
10478
10480
10481
10481
10483
10483
10503
10504
10506
10506
10511
10511
10521
10521
10522
10528
10529
10529
10534
10540
10542
10544
10549
10550
10553
10554
10562
10563
10564
10568
10571
10579
10580
10582
10584
10586
10586
10587
10596
10596
10597
10599
10599
10602
10608
10610
10610
10613
10614
10616
10620
10627
10629
10635
10636
10636
10639
10643
10645
10646
10649
10651
10652
10654
10655
10656
10657
10671
10681
10686
10689
10694
10694
10694
10697
10698
10698
10699
10701
10706
10712
10719
10725
10725
10726
10730
10732
10733
10736
10749
10749
10754
10757
10759
10760
10761
10767
10771
10772
10773
10775
10782
10787
10789
10789
10798
10802
10804
10805
10810
10816
10816
10816
10828
10829
10831
10835
10836
10838
10839
10841
10846
10850
10851
10859
10861
10874
10878
10881
10890
10894
10895
10901
10901
10902
10907
10908
10916
10916
10925
10926
10926
10934
10936
10939
10941
10943
10954
10966
10970
10971
10972
10973
10981
10982
10988
10989
10990
10997
11000
11001
11006
11013
11018
11027
11027
11027
11029
11031
11039
11061
11062
11063
11064
11065
11071
11074
11075
11077
11081
11084
11085
11090
11099
11102
11102
11104
11104
11105
11107
11117
11118
11119
11121
11121
11122
11128
11130
11133
11134
11143
11146
11148
11152
11155
11159
11164
11174
11174
11176
11182
11182
11182
11186
11187
11189
11191
11199
11203
11205
11214
11214
11214
11216
11219
11220
11224
11227
11230
11233
11236
11252
11255
11257
11259
11259
11260
11264
11273
11274
11274
11275
11280
11280
11292
11295
11298
11309
11315
11318
11329
11331
11331
11333
11333
11335
11335
11338
11338
11338
11341
11346
11348
11348
11351
11352
11358
11358
11362
11364
11368
11375
11376
11379
11379
11380
11386
11387
11387
11394
11396
11398
11399
11401
11404
11412
11422
11431
11439
11441
11442
11442
11453
11453
11457
11459
11459
11461
11471
11474
11476
11476
11477
11478
11480
11481
11483
11487
11491
11492
11498
11499
11503
11506
11510
11517
11526
11526
11529
11529
11532
11539
11547
11550
11550
11555
11557
11566
11567
11570
11570
11579
11591
11596
11598
11602
11609
11610
11615
11616
11616
11625
11642
11643
11652
11653
11655
11655
11659
11668
11670
11677
11683
11690
11690
11692
11693
11693
11698
11698
11701
11708
11710
11715
11717
11719
11720
11723
11732
11735
11737
11740
11741
11742
11742
11744
11747
11755
11755
11759
11759
11764
11771
11772
11772
11773
11776
11780
11784
11789
11790
11791
11792
11797
11800
11802
11806
11806
11806
11815
11816
11819
11827
11836
11839
11840
11847
11847
11855
11856
11858
11860
11878
11878
11884
11884
11891
11892
11898
11905
11905
11906
11908
11908
11909
11911
11911
11919
11922
11923
11931
11942
11943
11948
11959
11959
11960
11964
11971
11974
11978
11986
11994
12002
12007
12012
12016
12022
12042
12046
12046
12051
12056
12061
12062
12062
12065
12069
12075
12077
12079
12080
12087
12101
12102
12105
12114
12116
12119
12120
12130
12132
12135
12137
12145
12145
12147
12157
12158
12160
12162
12165
12165
12168
12181
12183
12184
12190
12198
12210
12215
12219
12225
12227
12227
12228
12230
12231
12235
12240
12244
12245
12245
12251
12252
12252
12255
12262
12263
12265
12276
12279
12286
12287
12289
12289
12289
12293
12300
12305
12305
12307
12311
12313
12314
12317
12321
12322
12326
12333
12335
12339
12341
12342
12344
12345
12346
12347
12350
12354
12354
12355
12356
12358
12360
12361
12362
12363
12366
12371
12376
12382
12383
12387
12392
12395
12396
12397
12398
12401
12409
12409
12412
12419
12421
12432
12437
12438
12438
12445
12447
12450
12454
12456
12465
12469
12470
12470
12474
12475
12475
12478
12479
12479
12480
12483
12487
12489
12494
12499
12507
12512
12512
12515
12516
12518
12521
12522
12522
12524
12526
12532
12534
12539
12542
12543
12543
12545
12548
12549
12551
12552
12574
12576
12576
12578
12586
12592
12597
12597
12601
12603
12610
12613
12614
12618
12621
12622
12622
12626
12627
12631
12632
12635
12638
12639
12641
12652
12655
12656
12663
12664
12668
12679
12680
12682
12687
12693
12702
12715
12716
12717
12726
12727
12729
12731
12732
12732
12734
12734
12735
12735
12739
12740
12743
12747
12756
12757
12761
12762
12763
12764
12764
12766
12767
12768
12771
12779
12780
12781
12782
12790
12793
12799
12802
12803
12805
12807
12810
12813
12825
12827
12827
12831
12831
12838
12849
12849
12849
12851
12851
12858
12868
12871
12872
12879
12880
12885
12890
12895
12897
12898
12900
12903
12903
12904
12905
12907
12911
12916
12917
12927
12928
12928
12929
12931
12935
12936
12941
12950
12963
12965
12968
12968
12974
12976
12981
12995
12996
12999
13002
13004
13005
13016
13017
13017
13030
13037
13039
13053
13057
13059
13059
13059
13064
13065
13067
13073
13076
13082
13084
13087
13092
13094
13097
13097
13097
13097
13105
13105
13107
13108
13109
13113
13115
13121
13122
13129
13139
13139
13150
13154
13158
13162
13162
13168
13169
13171
13171
13172
13181
13182
13184
13192
13193
13201
13202
13204
13207
13212
13228
13235
13235
13239
13247
13248
13252
13253
13258
13271
13274
13276
13278
13278
13289
13289
13289
13289
13294
13297
13299
13301
13302
13303
13303
13306
13314
13316
13319
13320
13321
13321
13323
13326
13331
13335
13335
13335
13339
13341
13344
13348
13350
13358
13361
13363
13366
13368
13369
13373
13375
13375
13386
13395
13395
13397
13410
13417
13417
13417
13423
13424
13425
13425
13425
13430
13430
13431
13434
13435
13443
13444
13462
13464
13467
13470
13472
13474
13474
13481
13487
13490
13493
13494
13497
13498
13511
13513
13514
13520
13537
13538
13552
13553
13559
13564
13571
13572
13573
13575
13575
13584
13586
13587
13589
13591
13591
13592
13594
13594
13595
13596
13596
13600
13600
13609
13613
13615
13618
13619
13622
13628
13629
13630
13633
13635
13637
13639
13643
13647
13648
13650
13652
13664
13666
13671
13672
13682
13687
13701
13706
13712
13714
13718
13720
13725
13725
13740
13745
13745
13746
13747
13748
13749
13760
13761
13769
13769
13779
13781
13784
13785
13788
13790
13791
13794
13812
13814
13815
13817
13818
13820
13821
13827
13828
13829
13833
13840
13842
13845
13849
13850
13851
13851
13853
13858
13859
13859
13863
13863
13865
13867
13870
13871
13873
13881
13884
13888
13889
13891
13892
13895
13896
13901
13909
13914
13922
13924
13925
13939
13940
13943
13957
13964
13965
13967
13968
13970
13970
13972
13980
13984
13986
13986
13994
13997
14003
14004
14014
14015
14018
14022
14022
14023
14023
14023
14024
14028
14028
14031
14034
14036
14037
14040
14041
14041
14042
14047
14048
14050
14050
14052
14056
14060
14064
14070
14073
14074
14077
14081
14085
14085
14086
14088
14091
14092
14100
14102
14102
14105
14116
14117
14120
14122
14125
14128
14129
14138
14142
14149
14152
14155
14164
14169
14170
14174
14176
14177
14178
14185
14191
14194
14198
14199
14199
14200
14203
14204
14210
14210
14212
14216
14216
14221
14223
14226
14228
14231
14236
14238
14240
14246
14249
14253
14256
14257
14271
14285
14287
14289
14292
14293
14299
14299
14301
14304
14309
14317
14319
14320
14326
14327
14328
14340
14344
14347
14348
14355
14356
14359
14365
14372
14377
14379
14383
14383
14393
14394
14397
14397
14397
14398
14399
14401
14403
14405
14406
14407
14410
14419
14421
14422
14423
14442
14448
14449
14451
14451
14454
14454
14457
14466
14471
14472
14473
14476
14477
14477
14480
14482
14483
14488
14494
14500
14504
14512
14517
14520
14521
14524
14529
14533
14535
14538
14538
14543
14544
14545
14556
14557
14557
14558
14559
14561
14563
14570
14573
14576
14579
14580
14581
14589
14591
14595
14598
14608
14617
14621
14623
14625
14626
14629
14634
14646
14648
14651
14652
14655
14655
14658
14663
14664
14669
14678
14681
14682
14685
14693
14702
14702
14702
14705
14706
14707
14710
14710
14712
14712
14713
14717
14723
14723
14724
14724
14727
14728
14728
14731
14738
14739
14742
14745
14746
14748
14760
14764
14765
14767
14769
14769
14772
14772
14778
14779
14779
14781
14785
14786
14788
14797
14797
14802
14806
14807
14810
14814
14819
14821
14824
14825
14827
14832
14834
14834
14839
14839
14840
14842
14844
14846
14849
14850
14851
14851
14852
14852
14853
14855
14860
14869
14871
14871
14873
14881
14882
14883
14883
14883
14883
14888
14888
14894
14894
14895
14903
14905
14907
14910
14917
14919
14924
14927
14928
14932
14933
14934
14936
14941
14943
14944
14949
14950
14951
14951
14951
14952
14956
14961
14965
14967
14969
14974
14978
14985
14991
14994
14997
15002
15002
15005
15005
15011
15014
15014
15018
15018
15021
15024
15029
15029
15032
15034
15035
15036
15038
15040
15041
15045
15052
15055
15068
15069
15077
15081
15094
15094
15096
15102
15102
15103
15106
15107
15115
15115
15116
15122
15125
15130
15133
15138
15143
15146
15147
15148
15149
15151
15155
15174
15178
15182
15183
15183
15185
15186
15187
15190
15192
15194
15194
15194
15195
15199
15200
15204
15213
15213
15213
15214
15229
15242
15246
15252
15253
15256
15264
15274
15275
15276
15279
15280
15281
15287
15288
15289
15295
15300
15300
15306
15307
15312
15317
15319
15322
15327
15335
15335
15338
15339
15340
15343
15343
15345
15346
15346
15348
15349
15359
15363
15364
15372
15373
15377
15387
15394
15395
15411
15412
15412
15413
15413
15418
15421
15427
15431
15432
15434
15435
15442
15442
15448
15454
15459
15462
15463
15469
15471
15479
15481
15481
15482
15486
15490
15495
15497
15498
15498
15502
15503
15504
15506
15508
15515
15523
15527
15535
15539
15547
15548
15550
15552
15552
15556
15558
15564
15565
15571
15579
15579
15579
15581
15581
15587
15588
15591
15593
15598
15603
15605
15608
15615
15619
15621
15621
15624
15636
15637
15638
15645
15650
15651
15652
15654
15657
15657
15657
15658
15664
15667
15667
15667
15670
15677
15680
15689
15689
15697
15698
15701
15702
15704
15707
15712
15713
15713
15713
15717
15718
15727
15728
15735
15742
15743
15743
15744
15747
15753
15755
15755
15758
15758
15762
15767
15776
15776
15786
15790
15792
15795
15796
15804
15807
15809
15811
15813
15814
15817
15821
15826
15830
15832
15837
15844
15852
15855
15857
15863
15867
15868
15877
15877
15880
15883
15889
15890
15895
15896
15897
15902
15904
15906
15907
15908
15910
15915
15940
15945
15950
15951
15952
15960
15964
15970
15972
15972
15972
15975
15975
15985
15990
15990
15996
15999
16000
16003
16006
16007
16010
16013
16013
16014
16015
16018
16018
16022
16025
16032
16036
16041
16043
16045
16049
16053
16058
16059
16062
16064
16065
16066
16068
16078
16080
16089
16090
16091
16091
16092
16096
16099
16103
16105
16105
16111
16111
16117
16117
16122
16123
16126
16130
16131
16133
16134
16137
16140
16141
16144
16146
16148
16148
16149
16150
16159
16171
16172
16176
16180
16185
16194
16200
16200
16202
16208
16209
16212
16212
16213
16215
16215
16216
16220
16221
16226
16228
16229
16234
16237
16238
16242
16243
16246
16249
16250
16250
16253
16256
16266
16267
16278
16282
16292
16292
16293
16294
16295
16296
16300
16304
16312
16314
16315
16321
16323
16331
16333
16340
16347
16347
16350
16360
16363
16364
16364
16368
16368
16368
16371
16372
16373
16373
16375
16383
16386
16386
16391
16392
16399
16406
16407
16410
16419
16421
16422
16425
16426
16426
16427
16428
16431
16437
16439
16444
16447
16448
16450
16452
16454
16455
16456
16458
16461
16465
16465
16468
16468
16473
16482
16483
16484
16486
16486
16486
16490
16500
16501
16505
16507
16511
16518
16520
16520
16520
16533
16537
16538
16539
16540
16544
16546
16547
16547
16553
16557
16557
16558
16564
16565
16570
16570
16573
16576
16581
16582
16583
16591
16592
16600
16603
16604
16607
16610
16610
16615
16620
16621
16624
16626
16632
16634
16635
16636
16643
16646
16646
16649
16658
16661
16668
16670
16672
16680
16680
16681
16684
16684
16686
16689
16692
16705
16723
16724
16725
16728
16733
16737
16740
16740
16743
16745
16746
16752
16758
16760
16771
16772
16774
16780
16784
16789
16794
16801
16805
16807
16807
16814
16818
16823
16827
16827
16831
16837
16841
16845
16855
16856
16860
16865
16870
16878
16880
16880
16883
16883
16888
16889
16892
16892
16894
16897
16899
16901
16901
16906
16907
16910
16910
16913
16916
16920
16921
16925
16925
16926
16928
16929
16930
16930
16934
16934
16936
16939
16939
16939
16945
16949
16951
16957
16958
16962
16964
16964
16965
16979
16981
16983
16985
16988
16995
17000
17002
17006
17007
17009
17010
17010
17011
17012
17013
17019
17022
17029
17030
17031
17031
17036
17048
17050
17056
17056
17061
17061
17062
17063
17064
17065
17080
17081
17082
17084
17093
17093
17094
17096
17097
17097
17098
17098
17102
17104
17106
17112
17113
17116
17118
17119
17120
17123
17126
17129
17129
17135
17138
17139
17143
17146
17148
17149
17153
17159
17160
17163
17174
17183
17184
17185
17206
17207
17218
17220
17225
17226
17230
17231
17235
17236
17256
17258
17259
17260
17261
17265
17269
17277
17278
17284
17285
17292
17294
17299
17300
17302
17302
17304
17308
17310
17311
17312
17315
17315
17320
17327
17332
17337
17341
17347
17347
17349
17350
17357
17364
17377
17377
17380
17382
17385
17388
17389
17393
17402
17403
17403
17408
17410
17413
17415
17417
17418
17420
17422
17427
17427
17430
17432
17433
17434
17446
17451
17462
17478
17482
17485
17487
17492
17497
17501
17505
17505
17512
17513
17514
17522
17523
17524
17525
17526
17527
17529
17530
17546
17547
17550
17550
17552
17554
17556
17566
17573
17581
17584
17584
17588
17592
17593
17597
17599
17601
17607
17609
17612
17624
17627
17629
17631
17632
17637
17638
17640
17641
17642
17646
17647
17654
17654
17655
17658
17659
17662
17665
17667
17675
17676
17680
17683
17686
17686
17689
17691
17692
17700
17702
17704
17709
17712
17714
17716
17718
17719
17723
17728
17731
17732
17732
17742
17744
17745
17749
17750
17752
17754
17756
17758
17761
17763
17767
17769
17772
17776
17781
17781
17782
17784
17785
17792
17801
17805
17806
17807
17811
17816
17816
17821
17825
17829
17831
17834
17835
17847
17850
17854
17862
17873
17874
17874
17874
17875
17879
17882
17890
17890
17891
17892
17896
17898
17903
17910
17915
17916
17920
17923
17927
17928
17933
17937
17938
17942
17944
17949
17952
17955
17957
17965
17968
17970
17976
17979
17980
17987
17989
17990
17991
17993
17994
17994
17999
17999
17999
18000
18005
18006
18012
18017
18018
18019
18022
18041
18042
18065
18074
18078
18083
18084
18084
18086
18088
18092
18097
18102
18102
18105
18108
18110
18111
18118
18119
18120
18120
18120
18136
18138
18138
18139
18140
18140
18147
18148
18150
18151
18152
18156
18158
18166
18167
18175
18181
18183
18186
18187
18195
18200
18200
18216
18218
18220
18227
18228
18232
18235
18237
18242
18243
18248
18249
18250
18257
18275
18284
18287
18294
18295
18301
18303
18305
18305
18308
18320
18328
18336
18340
18342
18345
18345
18347
18355
18361
18365
18370
18374
18377
18379
18379
18383
18385
18390
18393
18404
18406
18415
18422
18429
18437
18454
18456
18457
18464
18465
18467
18468
18469
18477
18478
18481
18483
18483
18483
18490
18494
18495
18495
18499
18500
18503
18505
18507
18510
18510
18510
18515
18516
18517
18518
18518
18520
18521
18522
18527
18534
18535
18537
18538
18539
18539
18545
18546
18547
18549
18553
18559
18567
18571
18574
18582
18585
18595
18597
18598
18599
18599
18607
18608
18611
18628
18629
18635
18646
18647
18649
18651
18654
18661
18666
18668
18671
18672
18673
18673
18674
18688
18689
18691
18699
18705
18707
18714
18715
18719
18729
18735
18738
18740
18741
18744
18745
18746
18751
18754
18760
18766
18766
18769
18777
18786
18790
18796
18807
18807
18817
18818
18819
18822
18825
18828
18830
18831
18833
18834
18840
18840
18850
18854
18855
18855
18857
18869
18870
18871
18888
18892
18898
18898
18902
18903
18905
18909
18910
18915
18917
18917
18920
18925
18931
18932
18932
18932
18934
18943
18946
18947
18949
18950
18958
18959
18961
18964
18964
18966
18968
18973
18975
18976
18981
18983
18985
18986
18988
18990
18991
18993
18995
18996
19000
19003
19003
19006
19008
19017
19019
19020
19024
19024
19025
19026
19029
19033
19034
19036
19038
19040
19041
19049
19050
19055
19059
19060
19061
19062
19066
19066
19066
19067
19070
19072
19073
19076
19078
19081
19083
19103
19106
19106
19116
19117
19121
19122
19125
19135
19137
19149
19149
19150
19151
19154
19159
19165
19168
19169
19173
19173
19175
19176
19179
19180
19182
19185
19185
19188
19204
19211
19212
19224
19229
19230
19239
19243
19249
19255
19256
19258
19260
19263
19265
19274
19275
19278
19281
19284
19284
19286
19291
19294
19297
19297
19298
19299
19299
19300
19313
19313
19316
19319
19325
19328
19331
19334
19336
19338
19338
19343
19343
19344
19345
19347
19351
19353
19354
19358
19359
19364
19370
19372
19374
19375
19378
19379
19380
19384
19384
19386
19388
19390
19391
19391
19397
19397
19400
19404
19405
19412
19417
19420
19425
19426
19428
19434
19435
19445
19449
19459
19461
19461
19462
19464
19469
19473
19474
19478
19478
19479
19479
19479
19481
19483
19492
19495
19497
19501
19506
19508
19510
19511
19517
19519
19522
19522
19522
19522
19523
19525
19527
19533
19533
19534
19538
19543
19543
19544
19547
19551
19557
19558
19559
19564
19581
19583
19583
19588
19589
19591
19594
19595
19601
19605
19610
19610
19611
19615
19615
19618
19618
19626
19633
19634
19634
19636
19641
19644
19646
19646
19646
19653
19658
19659
19662
19664
19667
19673
19680
19681
19684
19686
19687
19688
19691
19692
19702
19705
19705
19707
19710
19714
19734
19734
19736
19738
19748
19748
19749
19758
19759
19762
19765
19768
19769
19772
19772
19774
19778
19780
19783
19792
19794
19794
19795
19797
19799
19801
19812
19814
19818
19820
19823
19833
19838
19839
19841
19845
19849
19852
19858
19861
19861
19868
19870
19875
19876
19877
19883
19885
19887
19895
19902
19903
19903
19907
19909
19910
19911
19911
19912
19917
19924
19928
19932
19933
19936
19950
19951
19956
19960
19960
19960
19961
19965
19972
19973
19979
19981
19988
19989
19990
19995
19996
19997
20000
20003
20003
20006
20007
20016
20019
20023
20024
20027
20030
20030
20037
20043
20047
20052
20053
20054
20057
20059
20061
20069
20073
20080
20080
20087
20087
20091
20096
20096
20099
20102
20104
20104
20104
20112
20114
20114
20115
20121
20126
20131
20134
20134
20142
20143
20150
20152
20153
20155
20158
20162
20162
20162
20164
20164
20168
20174
20175
20176
20176
20177
20180
20185
20189
20190
20191
20196
20196
20202
20206
20208
20208
20211
20217
20219
20220
20220
20220
20221
20222
20223
20229
20231
20231
20233
20239
20241
20241
20242
20257
20262
20270
20272
20291
20298
20304
20308
20310
20310
20313
20314
20316
20321
20324
20327
20331
20331
20337
20337
20339
20341
20342
20344
20345
20347
20354
20355
20357
20365
20374
20375
20381
20381
20382
20386
20386
20391
20394
20417
20420
20422
20424
20426
20428
20431
20439
20442
20444
20447
20448
20449
20451
20465
20467
20470
20473
20474
20489
20490
20494
20496
20496
20496
20497
20497
20497
20505
20508
20508
20509
20512
20516
20517
20517
20521
20527
20532
20532
20534
20535
20535
20544
20545
20556
20556
20559
20564
20565
20565
20569
20576
20577
20589
20589
20589
20590
20596
20597
20612
20623
20624
20627
20628
20629
20634
20638
20639
20646
20649
20655
20657
20659
20659
20660
20663
20666
20666
20666
20676
20681
20683
20687
20689
20689
20693
20693
20699
20700
20718
20719
20721
20721
20726
20726
20727
20727
20729
20736
20737
20737
20742
20744
20744
20745
20747
20754
20766
20767
20769
20770
20778
20786
20791
20792
20800
20802
20802
20807
20809
20810
20812
20814
20818
20824
20827
20827
20841
20847
20847
20852
20853
20857
20864
20864
20866
20876
20882
20885
20886
20888
20888
20891
20898
20903
20905
20905
20907
20908
20909
20911
20911
20915
20917
20929
20932
20936
20937
20938
20939
20940
20940
20941
20946
20948
20948
20950
20953
20957
20959
20969
20970
20973
20980
20980
20983
20987
20993
20995
21000
21009
21019
21029
21029
21030
21041
21042
21042
21050
21054
21062
21066
21068
21069
21070
21080
21087
21090
21091
21096
21099
21102
21106
21108
21111
21113
21117
21118
21118
21122
21137
21139
21147
21148
21152
21158
21160
21164
21167
21168
21170
21170
21175
21176
21177
21177
21177
21182
21183
21185
21186
21186
21188
21190
21190
21193
21195
21198
21213
21215
21218
21221
21222
21224
21227
21230
21233
21234
21234
21240
21241
21248
21249
21251
21254
21263
21264
21267
21270
21278
21278
21286
21292
21293
21307
21308
21308
21316
21321
21324
21324
21332
21333
21334
21335
21338
21343
21345
21347
21349
21351
21355
21355
21357
21358
21360
21365
21366
21373
21373
21388
21388
21392
21393
21394
21401
21402
21404
21412
21413
21413
21417
21417
21427
21427
21430
21440
21443
21444
21446
21448
21453
21456
21457
21459
21460
21473
21487
21491
21493
21500
21502
21505
21508
21509
21518
21522
21528
21529
21530
21530
21532
21538
21545
21552
21552
21552
21555
21556
21557
21558
21559
21560
21561
21562
21570
21575
21575
21578
21578
21584
21584
21585
21587
21588
21589
21591
21593
21597
21602
21605
21607
21609
21618
21619
21620
21622
21625
21625
21628
21633
21638
21638
21646
21646
21651
21656
21668
21668
21678
21678
21684
21689
21693
21694
21696
21696
21701
21702
21704
21707
21713
21713
21716
21717
21727
21744
21746
21749
21749
21751
21767
21768
21770
21773
21774
21775
21777
21781
21786
21788
21794
21794
21805
21809
21815
21818
21819
21820
21823
21830
21831
21832
21834
21834
21835
21840
21843
21847
21848
21855
21860
21861
21861
21862
21864
21869
21874
21877
21882
21883
21884
21894
21895
21897
21898
21899
21899
21900
21902
21906
21909
21913
21916
21916
21919
21921
21924
21924
21926
21935
21938
21940
21941
21944
21945
21950
21957
21962
21973
21978
21978
21981
21992
21996
21998
22001
22005
22005
22006
22006
22007
22010
22013
22013
22020
22025
22027
22028
22033
22037
22041
22044
22051
22056
22058
22061
22067
22068
22076
22078
22082
22083
22086
22093
22093
22094
22095
22096
22102
22111
22112
22114
22114
22115
22115
22118
22128
22128
22129
22131
22133
22135
22136
22138
22139
22149
22150
22155
22155
22158
22161
22167
22168
22176
22177
22178
22178
22179
22179
22183
22203
22204
22204
22207
22207
22211
22212
22212
22213
22214
22224
22225
22229
22237
22237
22241
22241
22243
22243
22246
22246
22247
22249
22280
22283
22284
22287
22299
22300
22303
22303
22304
22321
22325
22325
22328
22329
22333
22338
22339
22340
22341
22351
22351
22353
22355
22356
22356
22357
22359
22362
22365
22369
22369
22374
22381
22391
22404
22404
22411
22411
22412
22414
22415
22420
22421
22431
22432
22446
22447
22457
22458
22458
22459
22459
22460
22462
22465
22465
22465
22469
22482
22484
22487
22495
22496
22501
22501
22502
22504
22505
22505
22514
22514
22521
22522
22524
22525
22530
22534
22553
22559
22559
22565
22565
22566
22567
22571
22573
22575
22576
22579
22583
22583
22586
22586
22586
22587
22596
22597
22600
22608
22612
22614
22615
22616
22621
22637
22638
22649
22649
22652
22658
22659
22667
22677
22684
22685
22688
22690
22691
22691
22694
22703
22704
22706
22711
22711
22712
22720
22725
22729
22730
22735
22736
22737
22738
22740
22749
22750
22750
22751
22754
22754
22760
22764
22765
22766
22766
22766
22769
22771
22771
22774
22776
22777
22777
22784
22784
22785
22796
22797
22800
22800
22808
22808
22810
22811
22824
22835
22837
22839
22839
22840
22842
22842
22845
22848
22857
22858
22866
22866
22866
22869
22871
22875
22880
22880
22882
22884
22884
22888
22889
22893
22901
22901
22907
22908
22914
22915
22918
22919
22932
22934
22940
22942
22943
22945
22947
22949
22953
22957
22960
22966
22974
22977
22982
22984
22985
22985
22993
22995
22998
23000
23003
23007
23011
23013
23022
23035
23037
23044
23044
23055
23056
23058
23059
23063
23066
23075
23077
23079
23084
23085
23092
23099
23101
23105
23106
23107
23121
23122
23122
23123
23134
23134
23136
23145
23152
23153
23154
23155
23158
23161
23161
23162
23167
23167
23167
23170
23172
23176
23178
23182
23188
23191
23193
23197
23207
23210
23214
23218
23223
23228
23229
23230
23238
23238
23241
23242
23248
23250
23259
23262
23263
23268
23269
23272
23274
23275
23276
23282
23283
23289
23294
23295
23295
23299
23301
23304
23304
23308
23313
23314
23315
23321
23323
23324
23326
23328
23330
23332
23336
23339
23339
23342
23343
23345
23348
23349
23349
23349
23354
23365
23366
23366
23372
23373
23381
23383
23387
23393
23396
23396
23399
23407
23407
23408
23416
23427
23429
23432
23433
23439
23440
23448
23449
23454
23455
23462
23469
23471
23477
23481
23484
23485
23488
23490
23497
23497
23499
23500
23510
23511
23513
23513
23517
23524
23526
23528
23537
23539
23541
23547
23548
23548
23557
23567
23568
23572
23578
23582
23584
23584
23584
23592
23593
23594
23595
23598
23599
23600
23602
23603
23603
23607
23615
23618
23620
23621
23624
23626
23634
23646
23657
23657
23658
23660
23664
23664
23671
23673
23683
23685
23687
23690
23692
23693
23694
23697
23697
23705
23706
23711
23716
23723
23728
23729
23730
23734
23741
23751
23756
23763
23768
23770
23783
23785
23788
23793
23798
23801
23807
23810
23813
23817
23817
23828
23829
23839
23842
23842
23844
23847
23853
23857
23860
23868
23871
23873
23873
23878
23882
23893
23898
23900
23904
23916
23922
23928
23929
23929
23930
23931
23931
23932
23933
23934
23947
23950
23954
23954
23959
23960
23961
23962
23962
23971
23973
23973
23973
23974
23978
23981
23982
23985
23996
24000
24002
24003
24007
24009
24010
24010
24013
24016
24025
24025
24027
24028
24030
24031
24032
24034
24035
24041
24042
24044
24053
24068
24069
24069
24073
24075
24078
24085
24086
24090
24106
24128
24129
24130
24131
24135
24140
24140
24141
24145
24148
24149
24152
24154
24154
24155
24157
24158
24160
24160
24161
24163
24165
24166
24168
24170
24171
24175
24182
24187
24197
24198
24199
24206
24210
24214
24214
24214
24217
24218
24218
24223
24224
24228
24228
24238
24238
24249
24249
24256
24258
24277
24278
24282
24285
24289
24292
24292
24296
24297
24297
24311
24318
24319
24323
24330
24332
24335
24337
24340
24341
24341
24344
24347
24355
24360
24366
24366
24369
24372
24373
24373
24378
24386
24389
24392
24398
24401
24410
24412
24416
24418
24429
24435
24439
24441
24442
24452
24454
24456
24460
24461
24461
24463
24465
24474
24475
24482
24484
24490
24498
24503
24505
24505
24508
24509
24509
24514
24514
24515
24523
24527
24528
24528
24529
24535
24541
24543
24545
24548
24555
24555
24562
24563
24563
24566
24574
24577
24579
24582
24583
24602
24605
24605
24609
24612
24614
24618
24621
24621
24624
24632
24632
24636
24643
24653
24654
24655
24659
24671
24674
24679
24679
24685
24691
24694
24696
24698
24703
24708
24719
24722
24733
24733
24734
24735
24736
24737
24740
24741
24746
24746
24746
24750
24755
24756
24758
24765
24766
24768
24771
24773
24776
24778
24788
24803
24813
24816
24817
24819
24824
24828
24836
24837
24840
24841
24841
24846
24858
24859
24862
24864
24864
24865
24874
24878
24878
24889
24897
24897
24900
24901
24908
24911
24912
24914
24920
24922
24923
24930
24931
24942
24943
24947
24948
24950
24956
24960
24963
24963
24970
24973
24974
24983
24996
25006
25010
25013
25027
25032
25034
25035
25038
25039
25041
25041
25045
25046
25052
25061
25061
25062
25064
25064
25066
25076
25078
25084
25087
25089
25089
25094
25099
25102
25107
25108
25111
25111
25113
25113
25114
25120
25122
25126
25126
25127
25128
25130
25133
25134
25134
25137
25139
25139
25140
25145
25145
25149
25152
25163
25163
25164
25164
25166
25168
25174
25175
25188
25188
25190
25200
25201
25206
25210
25212
25225
25226
25234
25239
25240
25244
25244
25244
25246
25247
25247
25250
25255
25256
25257
25263
25266
25267
25268
25268
25271
25275
25281
25285
25292
25292
25302
25312
25313
25319
25320
25321
25329
25333
25335
25336
25339
25341
25346
25351
25357
25357
25358
25360
25361
25364
25365
25368
25369
25369
25370
25372
25375
25377
25384
25386
25387
25389
25392
25392
25392
25398
25400
25401
25402
25409
25421
25426
25429
25432
25436
25440
25449
25449
25449
25449
25450
25450
25451
25452
25455
25461
25462
25463
25465
25481
25482
25482
25486
25491
25492
25493
25495
25501
25503
25507
25507
25507
25512
25513
25517
25521
25521
25530
25532
25537
25537
25540
25542
25544
25557
25560
25567
25571
25572
25572
25572
25573
25577
25583
25584
25586
25586
25593
25597
25605
25605
25607
25608
25609
25613
25616
25620
25623
25624
25624
25624
25628
25630
25633
25634
25638
25639
25640
25642
25642
25659
25663
25667
25676
25682
25684
25686
25697
25712
25712
25715
25724
25724
25728
25728
25741
25742
25745
25747
25748
25749
25754
25761
25764
25765
25768
25775
25776
25778
25784
25795
25798
25801
25802
25802
25808
25808
25810
25810
25816
25822
25824
25826
25829
25830
25832
25833
25835
25847
25849
25851
25853
25854
25855
25857
25860
25860
25861
25866
25872
25873
25873
25881
25883
25892
25893
25900
25901
25901
25904
25905
25907
25913
25928
25930
25930
25932
25935
25938
25951
25954
25960
25963
25963
25964
25969
25970
25970
25973
25981
25985
26007
26008
26012
26012
26015
26034
26036
26036
26038
26041
26041
26044
26048
26049
26055
26059
26060
26061
26062
26063
26066
26068
26071
26072
26075
26078
26082
26083
26090
26092
26096
26097
26099
26105
26106
26114
26116
26116
26120
26121
26122
26122
26123
26131
26134
26139
26144
26147
26151
26154
26157
26162
26165
26173
26173
26176
26177
26184
26186
26195
26198
26206
26213
26216
26222
26222
26224
26233
26235
26244
26246
26254
26255
26259
26260
26260
26262
26262
26270
26272
26281
26283
26294
26297
26299
26299
26302
26302
26305
26316
26319
26319
26320
26326
26327
26338
26340
26343
26344
26346
26349
26350
26350
26350
26354
26359
26361
26373
26378
26380
26382
26383
26384
26384
26387
26390
26392
26393
26395
26395
26397
26397
26398
26398
26402
26408
26408
26409
26413
26427
26428
26429
26444
26445
26446
26448
26453
26454
26454
26461
26462
26463
26469
26472
26472
26473
26475
26475
26476
26477
26489
26504
26507
26507
26507
26508
26510
26516
26518
26521
26525
26526
26532
26536
26538
26541
26550
26554
26555
26555
26559
26559
26571
26580
26583
26592
26603
26605
26605
26610
26612
26614
26626
26626
26634
26644
26646
26647
26648
26652
26654
26655
26661
26662
26665
26666
26667
26668
26671
26673
26676
26677
26679
26679
26681
26682
26683
26688
26691
26691
26697
26697
26699
26700
26701
26703
26707
26708
26708
26711
26712
26720
26722
26723
26723
26725
26725
26727
26729
26733
26735
26738
26738
26743
26749
26752
26753
26764
26767
26770
26770
26778
26785
26786
26787
26794
26798
26800
26808
26810
26812
26818
26818
26819
26823
26824
26831
26832
26838
26839
26842
26845
26845
26846
26849
26849
26850
26855
26857
26866
26869
26874
26881
26882
26885
26897
26901
26902
26903
26905
26909
26912
26913
26914
26918
26920
26920
26923
26928
26929
26929
26939
26940
26942
26943
26944
26948
26950
26953
26953
26955
26957
26960
26960
26962
26967
26967
26968
26971
26974
26978
26981
26983
26988
26991
26991
26994
26997
27004
27006
27010
27015
27017
27019
27019
27020
27027
27030
27034
27034
27038
27040
27046
27047
27049
27052
27052
27054
27059
27060
27072
27075
27075
27076
27081
27086
27104
27104
27106
27110
27111
27117
27117
27118
27122
27123
27124
27125
27132
27137
27142
27146
27146
27147
27149
27150
27152
27153
27156
27159
27159
27160
27161
27161
27163
27163
27167
27174
27180
27180
27181
27183
27183
27183
27186
27186
27188
27190
27192
27206
27211
27213
27215
27218
27219
27220
27231
27237
27245
27254
27257
27257
27259
27261
27266
27268
27268
27271
27274
27277
27286
27290
27294
27298
27300
27310
27319
27320
27320
27321
27331
27333
27338
27340
27343
27353
27360
27363
27368
27370
27375
27381
27383
27385
27388
27391
27394
27394
27398
27398
27401
27401
27402
27406
27410
27414
27419
27419
27420
27430
27433
27433
27434
27436
27437
27438
27444
27447
27449
27449
27451
27454
27455
27457
27457
27472
27476
27480
27480
27481
27485
27486
27487
27490
27490
27493
27493
27496
27499
27502
27502
27505
27507
27515
27517
27519
27520
27521
27524
27525
27533
27534
27538
27539
27544
27552
27555
27555
27556
27561
27571
27573
27575
27577
27579
27586
27588
27590
27600
27604
27609
27611
27616
27625
27628
27632
27637
27639
27645
27645
27647
27651
27651
27652
27652
27656
27659
27660
27661
27662
27666
27669
27670
27677
27679
27680
27685
27694
27696
27700
27704
27704
27712
27714
27717
27717
27721
27734
27736
27742
27744
27748
27751
27753
27754
27761
27762
27764
27765
27767
27769
27770
27771
27776
27782
27782
27788
27789
27791
27793
27797
27797
27800
27810
27813
27814
27817
27822
27823
27825
27826
27826
27829
27836
27836
27837
27838
27846
27846
27848
27849
27852
27852
27855
27858
27860
27861
27863
27864
27871
27879
27892
27896
27896
27902
27902
27907
27908
27913
27917
27917
27921
27921
27927
27929
27930
27931
27931
27934
27935
27935
27937
27937
27938
27940
27940
27942
27944
27951
27956
27960
27962
27964
27972
27973
27975
27975
27975
27975
27976
27977
27999
28001
28005
28005
28007
28007
28008
28011
28013
28016
28016
28018
28021
28021
28023
28024
28027
28034
28038
28038
28040
28041
28044
28049
28052
28056
28056
28060
28062
28062
28068
28068
28085
28085
28095
28100
28103
28112
28112
28117
28117
28120
28122
28124
28128
28133
28137
28138
28140
28145
28151
28159
28168
28171
28175
28176
28177
28190
28192
28196
28198
28200
28201
28206
28211
28214
28215
28219
28224
28236
28239
28241
28243
28246
28247
28253
28253
28253
28254
28256
28258
28259
28259
28260
28260
28263
28264
28265
28267
28270
28281
28282
28285
28292
28299
28306
28326
28328
28330
28331
28331
28335
28337
28339
28339
28344
28354
28356
28361
28364
28364
28365
28366
28370
28373
28375
28375
28376
28378
28379
28385
28386
28388
28390
28397
28398
28401
28404
28404
28409
28409
28411
28411
28412
28412
28417
28421
28423
28425
28425
28428
28430
28432
28441
28445
28445
28446
28449
28450
28452
28456
28472
28473
28476
28478
28480
28480
28508
28509
28513
28523
28524
28532
28532
28539
28540
28545
28552
28553
28554
28554
28558
28562
28564
28565
28572
28573
28576
28577
28582
28590
28594
28600
28602
28604
28604
28607
28615
28618
28619
28622
28628
28636
28639
28643
28650
28657
28661
28665
28666
28667
28678
28680
28689
28689
28692
28693
28702
28705
28706
28707
28710
28712
28713
28715
28727
28730
28732
28734
28740
28740
28743
28743
28748
28749
28752
28754
28756
28760
28761
28765
28769
28771
28775
28776
28784
28785
28787
28787
28788
28798
28800
28804
28806
28806
28808
28808
28809
28809
28810
28810
28813
28815
28818
28826
28827
28829
28833
28833
28835
28840
28841
28842
28845
28852
28854
28855
28855
28857
28863
28872
28874
28879
28880
28880
28881
28883
28887
28888
28896
28900
28904
28905
28909
28909
28922
28923
28924
28928
28935
28935
28943
28944
28946
28955
28965
28966
28971
28974
28974
28980
28982
28987
28992
28998
29005
29012
29014
29014
29017
29018
29020
29020
29022
29025
29026
29028
29029
29031
29033
29033
29036
29042
29050
29053
29056
29061
29071
29079
29079
29081
29081
29083
29084
29097
29098
29100
29100
29100
29104
29104
29106
29107
29109
29116
29125
29125
29131
29135
29138
29139
29140
29144
29150
29163
29169
29172
29178
29179
29194
29194
29197
29199
29205
29210
29211
29216
29217
29224
29225
29225
29227
29228
29231
29233
29237
29238
29240
29241
29244
29244
29247
29248
29248
29251
29256
29257
29257
29263
29263
29274
29283
29285
29286
29287
29291
29292
29301
29307
29308
29315
29318
29318
29318
29320
29322
29326
29327
29329
29331
29331
29332
29332
29334
29341
29344
29345
29351
29356
29359
29360
29361
29361
29365
29366
29370
29371
29373
29374
29385
29390
29395
29395
29397
29397
29402
29413
29420
29426
29428
29429
29430
29431
29432
29433
29434
29436
29446
29446
29450
29457
29465
29468
29469
29472
29475
29482
29485
29491
29507
29508
29508
29508
29513
29520
29531
29531
29535
29535
29538
29541
29542
29544
29549
29551
29560
29560
29560
29562
29569
29571
29572
29589
29592
29593
29597
29602
29611
29612
29612
29623
29623
29627
29627
29629
29633
29636
29638
29641
29644
29650
29651
29653
29659
29659
29665
29673
29673
29678
29679
29680
29682
29685
29687
29688
29691
29692
29692
29693
29702
29706
29708
29710
29711
29721
29722
29726
29727
29729
29733
29734
29741
29743
29753
29753
29756
29757
29759
29759
29763
29765
29769
29770
29772
29773
29791
29791
29794
29797
29798
29799
29804
29810
29815
29823
29827
29827
29830
29844
29844
29846
29849
29852
29858
29860
29866
29872
29872
29876
29881
29886
29888
29888
29890
29893
29898
29905
29916
29920
29928
29928
29930
29932
29934
29937
29946
29950
29952
29955
29959
29961
29966
29970
29977
29981
29981
29989
29991
29996
29998
29999
30003
30005
30008
30010
30011
30011
30012
30014
30015
30015
30016
30017
30020
30036
30037
30039
30043
30047
30049
30051
30052
30054
30060
30062
30064
30071
30073
30080
30083
30094
30095
30097
30104
30107
30110
30116
30121
30121
30123
30129
30130
30134
30138
30140
30143
30154
30167
30170
30176
30178
30180
30182
30183
30186
30186
30189
30192
30199
30201
30211
30215
30216
30231
30232
30234
30238
30240
30241
30241
30242
30243
30245
30247
30249
30254
30256
30257
30263
30267
30268
30272
30277
30284
30284
30290
30296
30302
30303
30312
30313
30313
30317
30319
30321
30332
30333
30334
30340
30343
30347
30351
30358
30361
30364
30372
30374
30375
30377
30380
30382
30386
30388
30390
30396
30400
30401
30404
30406
30406
30409
30409
30411
30412
30413
30415
30415
30415
30416
30418
30419
30419
30420
30426
30432
30432
30437
30448
30461
30465
30465
30465
30465
30467
30475
30484
30484
30485
30487
30489
30493
30498
30499
30499
30500
30510
30511
30514
30524
30526
30529
30530
30544
30545
30552
30552
30553
30555
30559
30560
30561
30561
30564
30567
30568
30576
30577
30591
30593
30594
30596
30602
30603
30604
30608
30612
30613
30619
30621
30622
30624
30627
30629
30636
30640
30650
30654
30655
30664
30665
30667
30680
30683
30688
30689
30699
30704
30706
30708
30712
30723
30725
30727
30728
30731
30731
30733
30742
30748
30750
30750
30751
30753
30758
30762
30762
30767
30770
30775
30785
30788
30788
30788
30789
30792
30792
30797
30801
30802
30806
30814
30818
30824
30827
30833
30844
30845
30848
30848
30850
30853
30857
30863
30866
30869
30870
30874
30880
30882
30884
30886
30892
30894
30894
30895
30902
30907
30909
30912
30922
30930
30934
30936
30938
30939
30950
30951
30951
30952
30954
30966
30969
30970
30971
30978
30981
30982
30987
31006
31008
31010
31014
31015
31016
31019
31022
31025
31026
31029
31031
31033
31033
31037
31045
31047
31048
31049
31053
31057
31062
31062
31066
31068
31073
31074
31074
31076
31085
31086
31091
31092
31094
31095
31097
31100
31101
31102
31111
31113
31117
31117
31120
31123
31123
31125
31126
31128
31130
31132
31135
31135
31139
31139
31140
31140
31143
31149
31151
31157
31172
31174
31182
31183
31188
31194
31196
31196
31202
31205
31206
31207
31207
31225
31226
31229
31233
31241
31242
31243
31243
31250
31251
31252
31261
31261
31263
31265
31269
31269
31271
31275
31287
31287
31287
31292
31294
31298
31298
31299
31304
31306
31308
31313
31315
31323
31327
31333
31333
31336
31337
31337
31337
31338
31338
31341
31342
31343
31346
31348
31350
31356
31377
31380
31383
31384
31386
31388
31390
31390
31391
31391
31392
31402
31405
31407
31408
31414
31414
31418
31424
31426
31429
31434
31438
31441
31444
31447
31447
31449
31449
31459
31460
31461
31463
31473
31477
31478
31481
31483
31483
31485
31489
31494
31494
31500
31504
31509
31509
31510
31510
31512
31513
31516
31516
31517
31521
31527
31527
31529
31531
31543
31547
31553
31555
31561
31565
31566
31566
31572
31574
31575
31578
31581
31585
31597
31606
31612
31614
31616
31618
31620
31623
31624
31627
31633
31636
31639
31639
31651
31653
31656
31657
31660
31664
31669
31669
31677
31678
31678
31685
31686
31689
31690
31693
31694
31696
31698
31700
31700
31701
31704
31706
31708
31708
31709
31710
31712
31719
31719
31721
31721
31722
31723
31724
31725
31725
31735
31737
31739
31739
31740
31743
31744
31747
31748
31749
31751
31751
31753
31772
31775
31776
31779
31780
31785
31786
31787
31788
31791
31792
31793
31793
31795
31802
31805
31808
31811
31823
31827
31831
31841
31841
31842
31850
31853
31862
31864
31867
31868
31868
31870
31871
31879
31890
31892
31893
31895
31896
31899
31902
31905
31913
31913
31916
31923
31924
31929
31931
31933
31940
31943
31960
31960
31970
31975
31976
31976
31976
31977
31982
31985
31988
31991
31996
31997
31998
31998
32001
32006
32006
32009
32010
32011
32011
32014
32015
32023
32025
32028
32031
32032
32036
32036
32041
32042
32043
32049
32053
32060
32063
32064
32067
32069
32070
32071
32071
32079
32082
32083
32088
32089
32096
32097
32097
32113
32113
32114
32115
32120
32123
32128
32138
32142
32147
32150
32159
32159
32161
32162
32165
32166
32166
32171
32171
32172
32180
32182
32190
32196
32199
32208
32215
32216
32223
32236
32236
32242
32256
32256
32260
32263
32274
32275
32280
32283
32283
32284
32287
32288
32289
32295
32295
32304
32306
32313
32319
32327
32338
32339
32339
32344
32348
32349
32357
32363
32363
32365
32366
32378
32382
32384
32386
32391
32392
32395
32395
32403
32403
32404
32407
32411
32423
32434
32435
32439
32443
32446
32452
32452
32453
32458
32462
32464
32465
32466
32472
32474
32475
32485
32489
32495
32498
32507
32508
32510
32513
32515
32520
32536
32536
32544
32549
32552
32553
32560
32569
32573
32581
32585
32585
32593
32595
32598
32602
32606
32608
32610
32612
32616
32617
32619
32622
32624
32625
32632
32634
32635
32638
32656
32659
32665
32667
32675
32677
32680
32703
32706
32710
32712
32718
32723
32724
32733
32736
32740
32740
32747
32749
32758
32762
