29993
19841
1190
14416
30522
26392
8349
18790
14631
11311
30839
3089
23933
10998
14465
32240
22894
8878
10377
1236
22893
25115
18385
8458
21387
8359
11471
30824
25492
15958
9387
1562
19688
5742
20085
31530
15899
20706
11817
7120
12876
24194
29541
9599
3142
3045
28644
2476
18264
22290
31170
2396
23028
29681
13678
32117
9738
11124
878
22464
4898
388
3542
10433
11836
19886
12678
13879
27495
12938
16166
28273
25891
8175
20451
17495
13688
19416
10726
16436
17619
19988
28825
20804
10915
19121
7321
11265
31671
22310
30585
16686
8790
1603
5948
6560
7196
18137
5521
8911
14743
297
32460
14368
15269
7949
13481
29936
27275
27368
16575
7008
726
29007
21189
7139
5106
20852
26248
2440
11403
10327
19880
1800
28839
683
6422
30863
30080
393
7758
1611
32547
7638
5203
15285
31689
13941
1135
20386
22776
21805
2727
24840
3673
22105
8704
13457
31320
24402
30837
16098
27774
20381
1715
1960
31118
6355
26522
12647
30049
10580
11124
12801
11905
21931
8947
2057
18312
27839
24044
30917
18999
25279
22998
8965
20565
16075
7169
29351
24141
14179
13206
16613
19335
10640
24402
11621
21634
22228
21249
31742
12982
5587
22717
843
22059
25022
18916
30706
7385
29827
7130
8370
9150
22453
31876
16174
3522
6205
14975
14715
23626
2238
29988
20587
13726
16073
20541
28311
13563
14022
10116
23598
8311
19101
32223
25473
8345
26407
9309
12874
21940
11352
21744
959
26376
25641
15592
24411
26518
31814
13108
30823
11463
28284
5719
31307
29371
17376
3627
19862
27250
7872
11609
8654
3485
30539
11924
18425
21570
30464
18840
10728
10258
7895
23526
27206
12682
9264
24892
31076
23244
12415
30678
10946
9274
28597
27751
5981
9944
6509
2518
22715
24671
24795
10425
26807
9504
30581
14994
12812
21407
3679
19660
7588
9707
663
16243
10398
15550
8165
11190
20257
16473
9856
13854
22500
13086
32640
18572
19577
20970
19464
28661
10844
7736
15151
23004
6335
28151
21171
11666
12051
7462
5724
15664
6230
15669
14897
19025
7967
24092
19294
23184
28267
19768
31712
22469
4901
26088
31990
30718
2679
20459
5192
10559
26835
18296
22484
31994
26048
19226
15516
20301
22629
19282
25617
9726
28887
14315
21565
822
14882
1819
1716
10240
12569
4702
31288
641
31710
25874
13103
17397
3632
22739
22213
23150
18039
7060
19681
19019
20369
31618
5321
9081
21338
5273
14484
3692
18941
15362
2899
11484
29182
17715
7678
19008
15619
31941
5920
6155
15717
29972
22850
29097
24698
153
9241
25656
416
30214
7279
30215
8714
6694
26321
27087
20810
19315
16637
31155
4770
19316
17930
17913
19210
16861
18773
29574
1025
21861
29743
13851
3860
30309
4680
16978
22063
14133
14554
25430
25767
20038
13461
12389
29955
7679
27214
7687
3982
24153
5734
26379
1437
17465
5883
2374
21920
17040
11473
21003
17387
16693
24319
13929
13378
25981
27993
29479
4134
18592
32161
12417
17890
14283
28524
9631
11348
23044
726
30681
22396
22466
15845
20909
10694
24648
15550
28028
11799
10437
22666
4103
1690
16685
20773
11949
31815
23253
25997
15714
31544
23761
1797
24687
1963
25101
4876
32236
30678
32046
16385
27389
32366
24102
10387
12495
20982
13721
8682
9553
31944
29171
18583
21427
8676
12870
28732
28831
17020
2788
25083
22074
20539
30656
5535
17369
6233
6277
20877
23939
21344
4724
23913
10027
26043
13310
13191
30634
7427
13861
23832
8062
30217
14227
25873
16197
14243
19831
3546
2551
28215
17955
13756
28390
5129
31079
5639
26487
29252
17067
18694
25758
1738
206
17060
6171
31419
14274
10202
5494
30151
12259
12512
1723
23092
12060
527
28918
13742
10168
10136
17517
29394
30985
8167
13472
6009
7611
8405
5121
7108
25589
912
12147
9708
2869
842
25988
14023
25576
15012
30059
4889
19660
3033
16832
30112
10758
24491
765
21981
12803
26382
9657
20388
11279
19349
20638
30563
31926
31392
20015
10034
7134
30531
22076
4254
20640
24309
29472
7989
20203
3325
32449
30673
4823
2204
29509
8357
5578
10747
2964
7689
14669
8659
28562
4101
940
20446
26649
7327
2639
5121
22201
13029
9691
1590
27951
29369
19464
16699
24742
17759
11072
11260
5295
29383
25597
28097
31234
16283
31712
30999
7410
24585
26256
22912
8114
19277
16472
12250
7242
15365
5759
2447
10839
26932
22886
32386
1157
17427
21604
16821
2509
18076
18274
4282
5743
7892
32309
11743
28847
17115
446
20761
17743
14772
16067
15276
28623
9429
16012
23200
2663
22126
19773
9188
448
122
10743
6719
10358
18566
7341
9210
1615
19524
3526
8271
24376
25295
31607
26512
11779
9916
26847
8727
3811
5348
8927
8689
21923
19444
30399
11081
19369
14513
13954
22422
20910
15116
9989
32644
24890
4073
13274
22435
10722
2991
1254
11218
17986
29072
20924
25961
17592
29589
3768
18473
32741
10097
20444
4581
740
31746
32106
26861
30024
31654
13893
17725
19160
26435
31752
16490
13066
30229
1251
30792
1088
17974
20282
28764
7876
18927
21244
7685
901
15808
27843
2921
6799
29489
24240
15648
25932
31831
772
18083
6268
1061
3199
14707
23029
24440
28793
23305
7708
8928
22209
19841
24863
18735
11065
5893
14328
14020
11566
13306
29985
9621
6264
8173
23831
17918
17493
316
9873
8267
21510
25476
17021
774
21799
11470
10175
2562
26575
14712
7848
2596
19564
19173
18488
28148
29531
13540
23828
20199
27210
30177
24646
22378
17230
9678
16823
14766
20931
26575
11372
18230
22759
19112
31875
29986
2101
17383
6380
22841
24963
12752
11496
27576
25818
4109
32067
6620
7705
19218
21841
30001
28744
24146
18346
2969
15037
10531
16037
13339
13297
9842
6293
23665
5664
29478
19398
9040
31138
20309
20022
19317
30988
1577
15635
21364
31494
26768
32761
15936
15850
18087
25576
22649
290
5092
27142
1657
26686
8709
17946
26396
29655
7868
18628
22355
11304
16407
12670
8808
22885
19377
9299
27406
26082
25755
16225
6448
17893
19464
3088
22646
327
186
18447
29591
15053
26928
16915
6241
20808
29836
17998
20618
30318
24134
22193
15156
22391
147
10978
21314
13175
24979
13308
20061
31614
26429
8202
24772
22641
24075
6465
29144
12967
15972
15615
3427
5955
23757
1671
7596
5972
28880
10618
14907
31918
7848
6164
5996
28806
28593
12588
25270
28623
26002
20970
6073
10584
5160
18245
6665
8610
28209
23364
8125
14466
12477
31216
14517
27771
6485
10779
32431
30681
21224
21972
14857
9101
17785
7845
1876
27596
13451
14739
18845
21094
22600
3795
30074
31463
23923
6476
214
27759
30740
16848
893
5457
29917
12826
21606
27758
30046
23431
12228
19536
17133
11669
12747
25606
25683
14364
12866
22978
25142
13646
19661
31539
26186
14192
8696
6051
8504
30293
7427
24528
9034
30879
19056
26508
5083
5301
2893
9492
29568
1411
12609
2608
21750
3829
20313
4878
14539
28209
19344
26335
30669
4503
32032
26159
26675
21625
25483
17157
10637
15002
17000
32446
17259
26472
11758
27050
720
19705
21570
99
16981
20167
3968
17137
2333
21548
3211
24991
11388
1692
4757
23451
24678
14244
14189
27473
25241
10918
3212
23684
11402
15953
4317
10289
22545
12771
29520
29219
8915
542
29213
17493
15475
6667
25304
9228
19320
21362
12090
23729
21756
788
21161
7279
29466
3246
9356
16017
1557
15023
31569
24473
19528
21940
29755
5919
3282
14279
27628
29552
16637
22364
29622
4834
26739
1543
20386
30457
29727
24318
18748
27963
29668
8531
25380
10707
29441
29166
14678
28648
12095
16715
6708
25531
5856
20729
9305
25219
14663
5326
29980
31752
5734
27627
13286
27137
30956
28019
1588
8494
18220
17674
14443
22581
30412
23311
10079
8254
3890
17562
13985
27469
26286
14132
24460
7266
1639
31833
9486
32082
24839
8366
30775
13924
18470
23298
22916
9131
19575
26375
17128
9254
29877
20429
9886
16024
30539
26114
3761
14376
25286
24043
10567
30905
24827
20769
19890
22791
248
8204
17973
13958
13227
28449
27286
26875
26452
15323
22375
30166
28076
17786
19989
7510
6355
17790
2477
7515
15098
13282
5234
17930
29909
4889
27167
15395
32446
32714
29436
1314
22697
74
9123
14615
3275
20445
19855
30277
28937
8620
27753
29309
4899
6022
31763
17976
15261
26711
9073
19831
13169
29289
16378
14939
14454
13660
7681
13699
19598
28646
27076
10281
19346
23883
9521
3068
29695
20123
11900
23739
20061
7087
9058
1942
8051
10209
11578
29764
20780
30350
448
995
32327
2893
9377
8596
3266
4588
13766
16594
772
2607
22624
26007
973
29511
32440
4653
7390
13076
9908
14036
21607
13594
21288
32537
8501
32069
19938
6385
14744
10845
32372
20888
25877
9287
25023
9260
15569
29185
28228
5640
1720
29531
28970
31969
6000
31350
12303
2723
26369
254
23439
15113
17472
29991
7829
32511
21248
23144
22116
16823
16632
14842
16228
9101
23923
7951
8877
1691
32698
6867
20565
18716
26689
3108
29306
18817
2196
10000
1294
4181
24063
30738
32357
15313
19200
24332
29824
2367
7022
15876
19223
6159
8037
22430
13928
17082
2297
6493
7874
10586
30870
19866
12496
18950
25656
28992
9894
17135
17744
10573
5517
6716
14706
5128
19599
10149
447
29186
4033
31697
3349
25295
15443
24944
30967
12674
8536
21528
13630
27881
6486
2273
13949
18317
12429
25791
25397
31592
25608
31906
10174
11620
17764
31567
23792
3224
3939
2300
28052
10562
30512
4270
26253
16258
18032
32595
24006
29148
2573
22687
23514
12139
25025
15782
13446
16870
15460
16702
31184
16212
3318
9746
30195
23439
17516
25222
22545
21882
7227
1615
32664
31746
32165
24014
4720
1749
4550
28463
18921
16101
18013
11589
8807
12955
21340
31780
22986
29148
3374
25468
26784
3516
4042
2744
25098
22533
3708
23258
26223
7782
21614
25109
5346
23931
16889
21799
10068
10113
21166
19069
9593
15061
30754
2821
23163
1073
21885
5328
31073
2214
10178
11120
7230
29529
26331
4620
2585
17149
27500
19267
28576
21268
9556
31430
30347
15589
12035
17588
26577
19516
18815
18100
17550
996
3379
1748
431
28133
23422
29733
21091
13182
23799
21778
11585
14561
6274
16260
30777
14513
28436
30392
1852
6972
2118
19163
22955
1400
31643
22122
17025
23487
17040
13644
26431
13386
16233
4524
16795
30063
25782
8856
4071
7066
18855
30811
24642
25357
14101
12955
8834
20823
31052
31793
27869
23189
666
26827
24410
7788
10905
4164
20986
30914
5692
958
14757
25151
5274
30853
28630
23686
31869
17571
18694
26163
22186
2371
9689
12948
24814
9926
27403
8488
13805
22183
3097
12505
9642
1807
5295
27384
2773
21559
23765
508
10456
15234
21464
8186
24224
25686
3577
8420
14891
6846
216
13442
14550
22464
6814
9264
16484
29567
8173
14428
7374
23825
31881
31166
3789
29726
29379
19030
14120
24637
21929
4647
27325
526
14831
31669
15186
23063
18843
31807
16665
352
9844
9149
28933
4045
1832
28824
3023
3134
31552
9004
29127
17000
452
19710
26459
6769
24237
6077
5736
20046
23311
32762
22596
6365
23555
32679
5256
15041
31830
25681
16542
28929
5363
19741
19470
14687
24592
3204
1415
122
8987
27086
17584
5539
2915
32335
25772
127
10631
10852
23407
5217
14239
24109
31172
23908
5676
12807
8218
17227
11200
2768
29714
32282
4972
17882
25289
14448
17902
10411
31717
31659
10647
4219
29025
16826
13566
7531
18457
18624
4199
21893
1300
1134
25072
31607
25493
18717
12417
5391
24544
3246
2417
23926
8909
22818
21753
7980
6670
19704
1369
12743
18751
17738
3276
5995
8114
3494
17965
30216
24312
12717
15461
26710
24112
19566
31900
25234
13839
29056
24347
9974
8627
3041
29443
1529
8231
20113
30896
26187
8885
4846
5866
20622
21487
16590
14034
31446
17276
7262
12935
4063
675
5566
17051
11793
32153
30296
22073
23092
7563
2052
16914
25075
32617
4573
29196
27154
19320
18145
2473
9327
31127
587
7993
27066
3660
28080
32192
13044
7318
27867
6565
11944
6257
27497
9247
28140
17961
26661
26975
25879
21087
23073
25981
15423
24284
19353
15397
11129
4121
18055
32510
24272
26506
28421
28382
7681
30382
26471
9134
13309
14040
23060
18206
21020
4539
17705
19978
27425
26295
25548
23719
16881
6373
20816
16758
10259
29156
16909
13029
10214
25953
28157
15301
5798
360
2327
624
18973
5998
25963
22198
28200
27162
6914
12940
13809
27607
20851
6515
25830
23067
1861
681
27515
16756
29448
14866
5029
13911
23090
25573
30993
20136
31162
3863
18728
10248
23670
647
1732
1762
15157
12526
19887
23093
17052
32645
20960
12319
23233
19315
5748
26413
19593
23037
6254
10340
24770
8044
26926
30222
21759
2237
29874
23366
16951
13323
28560
2115
20765
17341
10415
26468
22589
14447
15049
30463
16347
32161
22945
29673
18315
5410
14083
8389
2448
3386
15232
13837
22517
11674
3814
18146
20333
1796
11393
9876
15339
20922
32532
6895
11009
18088
16534
26443
18426
24401
6573
31826
23990
10362
15596
22671
6728
5015
31179
26044
28753
29433
874
24264
12826
3253
26373
2730
17011
28756
28214
22504
30543
31548
26862
9446
2588
14305
6961
16623
12772
939
19093
29189
17189
10150
10104
2921
29040
20460
3588
24809
3780
3538
23268
8940
25768
20693
20419
28478
778
579
17289
8860
8410
12201
6740
14079
27238
28672
16696
15017
22900
28566
10679
11248
29473
20157
255
17869
1916
16182
7910
2339
20194
3164
26790
3793
279
31249
9048
28278
16937
9833
29234
17927
261
23064
31872
11794
9174
29596
30563
9935
7713
22825
3917
18923
19617
7513
27960
19733
13027
17040
21417
8517
30370
18737
3944
15055
13536
29826
14332
20011
3273
29279
31720
3457
31815
20898
29864
13047
27236
29518
15978
25531
31588
25214
20365
14287
2718
16144
19418
29335
26142
10000
20357
14372
10236
19174
28130
19262
18810
6208
24551
8243
19425
10173
7781
20578
4888
22878
25606
14982
19977
19373
21253
23492
2228
6571
15024
11635
17423
2939
14495
5037
12196
9679
12721
10393
24809
17430
24267
28791
9310
10594
26960
17000
17513
13339
21343
29187
25073
8294
10192
1432
15036
1363
11756
1346
31113
30921
7406
11951
27629
1585
2877
6574
14830
25573
5479
6525
31585
4951
30941
26320
18179
22529
7793
24225
5978
12560
20624
25019
8522
16848
6463
8452
30838
21718
983
25229
7516
26095
15999
2907
20783
24267
22382
31219
19315
29289
4574
32167
11611
17218
3791
30371
20194
16437
17793
27318
16811
25653
1966
6882
9625
17588
3467
26018
11054
6862
17789
509
24485
13110
25500
24399
7885
28897
27880
13778
18092
20084
14925
5103
2255
2670
12120
29767
30066
27157
8375
10368
7253
16162
9843
9424
24409
7212
21996
30794
21213
25557
8088
32235
18394
7862
19579
4707
23488
17419
22373
23205
10767
24862
7662
26413
31670
19316
9522
16404
4140
18874
28237
9685
23631
24430
5781
4829
23295
10062
16282
18900
19322
26753
31454
31918
31094
21126
13653
22640
27392
3040
24219
451
4119
32638
18423
20026
20487
5356
30484
18019
4231
16188
26745
15503
4754
3762
32205
1121
16645
12594
5069
5913
19709
3434
31753
12446
13294
25791
22113
12621
2948
10233
1603
20612
12090
27309
16290
27629
11195
8558
26549
32650
1019
5811
17780
4741
11285
17030
15827
9397
21987
28914
6077
26864
27487
25386
975
22547
21180
22393
25561
26834
22596
9197
3605
30784
23024
20419
2085
12061
4297
22417
30158
28643
5121
2102
14199
6543
29136
7298
29791
11056
31248
2468
3233
5169
5783
9815
12009
15717
19800
6348
3572
5847
18488
14166
29129
13903
32434
18391
8377
21156
23849
18926
23576
10181
1552
14302
27832
3973
2236
27197
31529
23338
10756
2657
12211
14772
6814
16266
22032
14061
14137
719
234
7989
11866
17866
26903
21514
10231
22531
1174
23898
19156
14109
4425
17288
15265
13762
3952
32320
29136
9551
26601
1019
32312
28224
14890
18001
8043
17242
3578
9986
16343
23451
25842
12738
14751
24289
26551
9928
31799
29020
10997
8725
28610
2485
18458
27525
12843
32251
17879
15255
2565
29522
3159
251
11043
7258
24893
29409
10487
29280
10080
31740
12971
21831
24134
19032
29953
15925
7521
4065
15851
28925
1804
16303
15850
22607
28483
21522
807
30881
12837
26978
2642
9692
30251
14723
318
26567
22054
17466
5945
14644
12026
12339
30509
3565
3356
12494
18296
19292
30157
31917
19339
8188
2068
8446
836
25987
12668
15753
25612
31180
29330
30073
1968
14982
28445
8426
27904
3999
17947
2870
9769
12398
28032
18943
4307
4002
3502
30972
29690
6638
6323
26244
8077
13170
6468
31964
27081
8168
30077
29761
9810
16787
8534
6580
29462
23272
31973
13960
30434
16121
23126
25772
28096
7333
26538
23481
7960
20609
30770
699
6530
27013
27082
21183
20588
19574
8662
22048
30576
8727
24062
20626
14194
31759
21673
23531
6525
23705
24890
1461
17243
3310
14349
14708
25078
28274
24112
951
23921
12960
24802
31201
13061
9655
2252
21173
4253
30754
1281
31651
3633
12968
18871
14036
8419
16728
7875
3575
9180
16690
6614
9673
4835
31893
121
15975
21186
17005
19914
27731
9048
1048
22516
22088
6014
26141
20848
958
11931
12172
8701
2107
27653
17459
21344
5984
2078
5509
3548
19887
5931
13898
24688
14877
16883
32008
20691
29787
27676
24877
28464
19428
25669
32513
27041
23495
31202
28238
23405
3890
5339
22476
21506
25282
10980
30031
20913
28300
11930
26799
11307
1259
21603
5499
10943
29192
18690
26973
16977
10282
13821
16203
14105
25795
12207
18803
7713
6710
26923
11747
31356
10857
18903
16892
29255
15887
16581
4244
22369
17586
29136
5870
32746
27011
6267
25691
10876
2273
15497
2220
27180
29355
5212
32095
22079
1350
12558
30085
31148
28013
20561
16500
15958
5820
28679
11058
20486
6394
32672
3228
13098
11817
19255
26713
2895
32079
31852
21634
19808
17923
19711
3599
22940
14518
18225
26624
14681
1991
12251
335
31866
32069
30283
28057
29361
8577
17890
15494
15477
15963
5486
3069
28610
19274
20552
4362
19604
3624
29997
17290
15649
31939
18141
6300
7641
11044
27253
30663
2334
21149
3981
22251
8899
15764
32273
10473
8006
9234
9696
2834
718
17675
3110
23888
21475
18539
12922
12566
15855
13797
21430
15113
24440
3194
4762
13163
16411
18123
30240
20812
10824
22560
20381
19567
25791
28212
26268
4605
1998
966
1658
6124
27207
4064
18881
31533
25155
24038
16197
21656
21914
23134
17664
28824
22045
24705
13487
21910
17818
21637
15913
17702
15757
5800
2946
9204
13990
6908
2787
29804
11263
12789
31271
20524
13849
19892
4150
3115
22940
20497
24610
29606
1483
11627
20995
17870
32457
28719
19858
25139
12173
26921
29320
20462
8102
6285
31412
2961
2224
7108
8671
18384
18322
11256
12128
3308
9597
31070
32126
25315
13476
28486
6792
29273
15547
11492
24502
18500
29490
16092
6590
10331
31534
25999
7990
6716
26956
29736
28844
7519
18196
5221
16007
12223
21055
31526
28828
4930
29609
22966
2959
32237
10772
6109
4080
8392
25762
8866
12049
12690
2321
23520
29097
25381
8628
30351
11306
30887
28469
19408
23778
24438
23052
29877
20436
31697
32702
13526
9299
5191
22486
405
4196
2016
11428
12844
32209
15117
25528
9339
23821
26448
21021
25235
18891
14762
6230
5378
23901
27593
16922
19932
19149
17390
9679
30862
8381
10144
16327
31330
19710
11538
1340
20433
15859
22357
27404
12940
15780
26941
7221
5193
25249
31509
7184
31310
12957
16130
20558
1471
21190
8248
11955
13479
25061
10462
2708
10183
22586
23234
15889
31010
2325
26300
11027
28484
8756
28388
20485
6486
17632
16243
27729
8163
5318
10874
28833
22120
22678
29253
14034
22941
2141
28300
15800
18054
26019
22623
25749
22072
31044
26831
25174
27244
4879
13917
29843
22213
10016
32036
580
29409
9469
15813
11844
16673
9331
24342
5512
13881
1070
16010
13596
28022
22043
23390
13281
21970
13694
2185
3080
9146
25298
20833
20557
5017
16740
32013
2292
18732
4782
23726
25732
22405
2932
20556
14406
15836
7840
11906
3196
25881
6622
31466
12386
27170
28663
5958
4582
16612
19695
23411
21798
31779
20445
16398
26542
17922
1677
2019
2926
21842
1751
5146
5500
27546
16828
20256
23695
10218
27718
23126
4919
14944
6686
27260
2525
17527
26090
32476
5247
29203
17261
24374
4136
5965
22364
3183
17456
24318
28929
4088
6968
22029
402
22015
28644
24441
11598
32344
26967
23845
21085
20522
9072
6503
8549
15449
7878
15695
9196
6839
13411
24503
19568
3562
2372
30991
27720
14875
15757
18405
11064
14948
21388
29239
23767
246
2676
28537
20385
3597
10453
1892
29148
10645
29406
29061
26667
2969
18515
24961
29171
8048
9804
3112
14193
19878
2227
28993
23960
30891
26491
30224
31660
6206
19361
7335
20127
8087
14307
25585
17966
6743
24899
7296
18363
11312
29498
15889
17129
24404
23485
2533
29689
28063
23281
1471
28647
28803
21165
7099
22084
9143
4531
27349
17618
9887
5806
5173
26849
26746
1771
4412
19052
11086
21720
24143
11507
18835
21053
1638
8726
10913
10812
23379
10742
4571
32521
26322
32075
13465
10090
24662
23877
17111
18414
13198
1316
20127
17389
25529
6550
15926
16963
22447
12756
13577
16843
23210
22139
8021
31133
24025
4651
19609
264
18083
28641
17597
31566
21947
789
17407
17186
29416
21906
2466
20962
27026
22297
25941
24212
25100
10933
12132
28834
9123
28125
6048
25173
27498
21835
30479
3859
25539
15263
4180
10585
2222
32178
27357
29814
1233
16571
13519
24077
21323
32292
22449
13128
12857
28970
11226
28125
12804
16951
30363
21698
28017
3071
7981
27823
13926
5724
18009
29783
17277
25322
11498
26727
10826
26466
5330
19259
12909
4535
2334
11363
19798
29171
14491
11224
16091
9678
20294
29950
17019
25107
31349
27993
14704
13747
966
4879
11638
25254
11979
18210
13406
26757
17778
32617
81
7401
32565
7251
10469
28033
12039
24155
30945
10229
25594
14154
19664
25470
26800
29488
20040
26690
19848
29984
6136
12400
27012
942
3699
24352
32252
24874
31166
18664
26884
11161
11162
27197
4766
16503
16018
26512
160
8239
14789
29476
15716
3414
9585
13489
32049
25515
23619
3771
11884
25295
9569
23983
24702
26821
25395
3266
11653
22568
25333
7305
4794
9774
6398
30553
25509
19552
21965
12124
17410
6678
16344
632
21617
8628
7701
16352
32225
15783
16197
27510
1979
26911
2563
15079
25806
26762
400
18565
25341
32211
19291
6115
10666
9311
339
18482
13025
4292
23789
4190
11077
28743
1780
24808
25787
9244
6164
18306
18392
29788
5668
28780
28683
30406
31287
24977
24202
9526
2913
19296
28669
24549
6729
2923
237
22374
26995
15554
27883
6748
20042
29198
21632
17148
22256
30060
21976
70
198
10767
9261
30466
19386
27540
10740
13949
13907
1828
8650
15617
28286
10828
21021
18453
17174
25500
22426
27769
8757
4353
10842
12768
12349
22498
18892
11883
17316
765
15200
24042
20867
25088
18425
12497
5854
1767
9232
3836
2737
32024
28328
18979
25791
22080
13045
15387
17690
10475
22731
3282
18545
23782
12232
23560
5404
24916
320
19150
11497
10386
21741
8383
4004
1484
21587
2305
31336
18524
30965
8955
20392
12518
28985
25299
29692
7220
26652
32175
11181
32722
7062
23975
17663
5225
28106
22924
6977
18908
23798
11355
16021
24868
3605
26751
19584
18412
22100
25290
17712
4588
28476
20786
27025
11269
16792
6475
28174
9505
29483
2696
3623
10441
8979
49
19639
1923
251
10019
27907
26865
11012
25419
28802
938
32369
4321
9583
30423
18196
7524
4623
8590
31100
13400
18626
5102
25564
31682
28876
30207
441
7264
4065
70
24155
4521
24690
25131
12785
32135
16570
12812
9602
31702
1671
17181
27032
12700
17353
32006
2987
5126
18396
4410
13902
8999
27029
10776
18460
5232
26126
28612
28000
10477
24625
32452
10374
11077
19719
11354
30021
20847
22718
13476
29322
32309
4220
11892
16163
7786
23782
24816
30000
7658
6511
22249
28746
12374
21601
19452
19056
27020
940
20331
15286
25065
14961
14521
18604
25150
11086
18951
27535
21395
872
7217
9266
28318
27193
12456
6826
26369
12831
17677
16572
3655
1440
17554
7688
10908
7550
29457
13042
32080
19326
11753
7763
13578
26104
24221
29156
18380
24607
31531
24934
28842
6926
12332
14483
19786
15255
4271
17349
22298
4298
26582
5991
13396
22343
2094
25119
7347
25924
13520
13752
19954
2909
57
29393
19465
13855
15592
17223
26919
7250
23485
20323
20846
1546
21516
6596
5745
30828
29060
11787
30318
21057
9155
3656
23371
9532
11188
2856
19793
22539
17072
29403
21932
23840
5968
17094
3230
2620
15379
18413
20359
23744
25525
23070
23189
14003
1866
7646
16970
24722
21021
30997
2227
23515
28490
9848
19042
21080
5405
5050
16176
11820
27177
30322
2740
9887
8232
17355
6274
19881
24726
30445
35
27200
26380
21039
11481
11105
25949
1785
17679
32736
3442
28794
3490
7920
23782
19727
17618
3442
1632
8814
12550
11262
5300
14486
24387
6578
9145
22391
19819
30653
19176
13153
31797
22954
5561
13357
9456
28269
9661
813
3831
11823
23164
3028
16627
6361
6924
23333
2515
20834
7542
2524
7565
8665
18376
7519
16786
13361
1786
2915
17682
3024
14209
19550
16628
3030
31669
10417
23443
5677
7139
11409
3130
3925
19506
28345
6750
21228
29750
5585
21662
25856
21590
18588
15227
27669
9438
29925
7127
16373
2787
6439
21807
6458
32474
31999
18328
11676
247
1106
9594
17659
14151
2366
9487
4908
20876
26817
19867
25219
20188
11820
23657
23333
248
2373
32137
29450
26989
31551
21579
21204
19565
26203
3962
15187
5482
27738
1368
14293
27000
18345
4958
10542
864
2891
15792
30090
13699
30086
19042
26869
11637
16717
21613
4775
21845
8816
4719
11025
28398
22662
19750
20136
17551
1174
16810
6516
2986
11656
27502
28503
21807
8014
29173
32030
10150
4305
13907
15945
7951
15518
15467
5018
11897
22605
27618
13920
24420
5813
25829
5249
10968
8401
25760
24904
18498
12657
30073
26356
3601
16288
26384
25852
16404
25561
18936
1827
26514
25576
27442
16704
4391
4513
2925
7115
3169
26692
19968
15655
2334
5292
7075
15281
11939
21562
29937
1165
2173
22147
28830
25387
25880
3516
24952
30107
544
6625
24607
6550
8859
15016
13443
7752
27331
29737
23330
18142
7588
21066
8703
27092
6266
30444
6497
14588
10184
24279
21585
32333
4664
2405
13521
22897
30006
28401
16348
18956
20299
29183
13601
4814
21562
14120
26240
16695
26332
4044
2881
26157
21691
25462
2838
19263
12145
17421
31959
12471
24510
6336
21751
24674
20076
2991
32713
8478
16099
9818
25461
22312
14219
18634
1464
23842
5094
26497
20831
25063
7273
15395
14209
22287
16413
21729
10367
15425
19450
11945
8381
21307
15358
17935
17693
2210
529
19193
19264
7563
24216
25357
10619
24005
9947
9948
19099
28397
5399
17867
16729
1071
32354
31941
14236
732
2627
19362
5489
25521
18445
5462
7114
23777
15871
5850
28410
8423
19997
24794
19692
15886
3277
16419
27431
27325
25904
16587
14466
19076
10054
14365
32422
30695
23488
331
8008
24301
31140
22739
26916
13414
22947
685
16568
5632
826
10041
6341
7945
12171
4843
30343
32257
7672
17588
32175
22247
5765
30511
16420
32320
13802
4241
19838
22759
24443
9549
15935
27800
28856
31114
14031
27963
4788
11589
7742
21232
17702
32582
1208
17630
32592
21188
30151
25787
660
25559
12876
18203
15055
22178
3643
9338
18556
3388
28185
3848
4234
28771
8247
14647
28152
5855
3500
6405
24886
30648
32531
29705
22844
4887
28937
8256
29286
15868
13413
1429
18198
31909
22070
11314
11784
6074
2942
25481
628
22585
7343
20000
20965
5668
3305
24097
3036
1516
30961
3741
3876
28827
27121
26020
12531
17093
6130
2821
6597
7724
22553
32741
5112
23094
12965
17154
10280
7951
23716
28101
9032
1950
4472
5641
25221
30249
2061
174
219
1991
32727
28892
17011
21129
8590
8215
22979
23143
12201
11015
25188
26860
17052
32517
11698
13217
3280
5221
15653
32059
25190
390
1650
7556
172
12954
23905
7177
20827
21046
8045
18825
9623
11929
32029
1048
9380
10172
32037
4630
27239
29213
5436
16340
4516
14924
29883
11263
9713
30002
23802
28372
14717
26916
9066
2050
6787
15276
14706
16222
25739
4113
22026
25673
26983
684
7450
6113
11753
3306
24720
3562
30309
7712
22339
28795
7914
29970
25995
21096
15167
1601
21405
23667
15007
31480
3495
8497
2868
5397
18863
17342
31061
920
12076
23840
18048
29677
23649
19580
13334
27641
25981
24059
32217
14566
10612
29818
38
32431
6299
8692
1522
13418
18694
23215
31365
6489
29857
12073
31481
28335
15633
14529
881
546
20808
9510
13338
21812
20714
3200
27107
27969
2403
32352
9980
6217
26821
29032
1808
12923
16994
442
15169
14470
16685
10785
18919
12959
9169
25602
3593
17488
7823
23041
12951
27911
32472
6514
9581
17754
27822
28294
15880
17691
26043
22322
5126
24096
20014
14558
16735
30671
13145
17619
3174
5996
7179
14177
13693
16674
687
24019
25755
24018
21793
3860
29311
12703
5716
798
2481
12086
32164
13606
23357
13278
12284
15497
25391
30787
28327
18548
30925
16898
22519
10838
9879
8691
5528
6919
1535
19258
5297
9909
6889
20237
9152
27538
27361
18754
4658
5951
19486
18848
11717
20215
10298
1506
14750
28284
11951
8330
15145
18882
13073
4204
14517
23900
13070
29941
17867
6570
16421
25408
31057
13504
18729
30679
10595
12053
32629
14665
2285
30448
21484
6000
776
22162
18359
4991
28698
6436
3262
23758
172
4703
12771
28261
31242
29949
22273
31050
8348
9187
9383
10122
27655
27147
916
1033
24835
17715
20466
4875
11514
12103
1107
26494
24422
4751
6252
16653
23783
21656
3988
32485
26663
9188
29434
29509
23662
29777
13225
25544
30212
22090
12349
17010
17482
5295
23139
27516
8599
17797
14354
29664
19668
14685
15499
21667
214
30086
13585
32485
9598
9458
17768
9385
30354
11241
12304
16997
15450
19055
26174
13641
29178
31094
7071
27215
30099
28356
22988
29191
7704
29602
20363
1312
21232
31306
22475
17845
336
7694
29790
18781
2902
31304
14452
14321
3302
1029
24283
2843
4677
21104
2041
15012
7287
512
23429
24954
3929
7777
2568
10114
25981
16163
27159
31779
17864
17189
11597
28046
22221
22208
26890
10447
27624
12467
28399
28309
26650
12753
12565
2241
29352
21356
11792
3249
22898
4224
8358
30281
15636
13727
28495
26565
25278
17312
5996
6721
18388
20743
4168
19205
21317
5683
25039
12690
16555
4170
27408
19054
8487
26341
5236
686
3578
122
27068
4168
26852
29069
22460
790
17981
12950
2521
23209
23764
18609
9027
11475
6027
19720
20467
10483
9390
32512
26980
1022
7960
19750
11025
6482
11524
216
12977
19515
12468
30899
18485
30273
26308
7616
10621
28215
3659
32605
21982
29701
30391
16877
5461
3376
3941
19519
14215
7726
21763
24511
18048
19564
14502
1887
10536
29979
23722
2371
29060
17598
17229
18223
21170
15221
19210
14769
31395
10758
5303
29198
19350
29616
12125
20205
12632
8368
9691
20421
3645
3472
19001
13064
31708
17202
23245
19212
23438
17312
23824
13758
29350
22417
19005
25349
3693
10426
27055
5623
27620
13531
29944
19646
24377
25988
25025
15176
30469
22699
28004
17586
5963
9712
17994
8050
18481
11434
28422
4167
13436
14009
14126
26592
5069
31755
26109
12110
31901
21226
29354
12075
23034
6412
26246
15752
254
8537
17624
32408
8724
12922
5241
1053
4586
25126
26414
30614
9781
22827
31432
15141
8744
19518
20477
11586
28338
13700
21253
31522
6778
6876
29172
11749
23963
27891
15578
24194
7455
19205
27548
15475
10813
14195
26001
21280
14675
2314
9948
14860
19617
9485
8076
7105
3787
19976
26741
16252
22797
4948
27084
409
24891
11625
20356
26301
19328
21222
26476
13765
7123
21090
17669
17521
17208
31984
18212
25296
17596
11636
23372
4459
11822
30889
6857
28209
24733
20974
7564
1062
25750
12499
7882
27082
17946
871
20307
23114
13409
31039
29107
13673
24913
29510
7178
4652
23741
9288
15275
20552
26462
11837
13943
21580
31122
18517
17912
23182
31190
14791
26685
3287
24325
13658
632
18126
14926
25008
4440
13605
25846
6741
807
15237
19923
13707
6051
19770
8836
23251
24990
9374
20593
13884
18005
1351
6534
5227
5776
29936
14510
13166
7549
5928
21009
21568
16717
6076
11022
22811
4492
20453
26103
31873
24385
4658
15759
27913
15049
18739
31812
23018
29556
21739
11053
15432
29916
21235
13506
26946
7689
15726
30557
14520
28230
3248
884
19677
9153
18349
403
18048
10214
12067
31772
29209
25976
28551
2239
14742
25716
1457
3511
26339
18341
16966
7882
828
2054
6121
11774
24370
2524
8225
3099
3966
26512
776
29925
27273
3661
11705
8982
21175
2142
887
10269
22903
4421
30110
921
1803
20378
11850
13972
21272
20650
14793
20095
6637
8651
23233
9201
6803
9088
29985
18720
18841
29266
15304
25627
1180
361
3320
28877
29336
17133
10617
9906
7410
31263
12941
32342
3393
4917
6807
4754
31712
7418
29834
22918
23348
16418
19986
29013
19390
20590
133
31907
17632
21380
9352
19152
32367
6540
5249
18417
26364
17290
10688
28819
13026
21374
8300
17710
20495
8765
20015
31083
19091
22285
6049
23318
28138
15620
20598
11489
12041
4637
29286
28894
11051
11295
22239
24250
18264
3886
24429
442
15546
21038
14565
14967
7583
27867
9557
8282
8013
19369
30891
32469
13449
17756
13352
27238
17638
20071
27778
10573
3278
1542
26332
27656
29266
31002
6246
4499
23217
14024
29908
29537
19626
4816
14208
29976
27522
12717
4958
21520
5844
14962
30115
29322
15131
19039
18229
6832
7936
1606
22737
30032
14692
26016
26110
12376
23597
4974
23221
4369
16337
209
18381
28188
15268
1384
12840
19757
14049
10605
10400
8329
7802
30095
19631
24640
27552
25741
14816
31530
1808
21143
30713
23460
5412
1636
25573
31752
30357
12306
15203
18157
2577
31170
14193
16164
31360
1519
24950
11117
9750
30611
3890
16893
27161
24568
12646
4016
24431
11870
24899
5902
21487
32082
22675
25343
3172
22985
16553
2382
7009
24575
1034
22752
22727
18962
3800
12208
17943
19549
10754
13458
27512
23445
23853
28835
31112
14502
865
1170
15331
24139
32372
30098
10356
11375
13623
19995
6014
27975
18530
3684
28776
4140
10815
10400
22349
13881
1305
1274
10048
27817
7267
18770
17759
12525
5289
24757
6303
6800
20024
32415
12881
18123
16011
6640
29558
25064
29820
7086
15048
27223
13095
15744
26501
2449
20381
21478
15610
7856
15693
57
29395
22219
30003
1638
32292
28435
9150
17002
24374
31919
18818
31117
18
22103
15010
862
28623
31666
10491
1649
1692
5744
9489
17627
16013
28967
16826
13418
19750
32751
18060
24229
18856
22204
7431
17543
27677
10622
25731
16890
12581
12794
22744
11541
28287
5990
30671
11541
9303
13255
4427
1309
5970
21259
11831
20141
32601
18406
31279
24548
22313
29292
7150
22901
6295
5235
10362
6251
29092
4006
7441
1948
15941
26985
3025
3311
21231
12401
26411
3661
25572
8222
6150
19048
5440
7583
19122
302
32706
27332
7827
10252
13915
10914
9354
9699
6265
5097
22562
21195
32016
27908
32639
14218
621
11765
7687
18642
3770
25583
26061
6718
19792
12976
21442
17675
13503
4005
25242
32406
24991
4795
127
6810
21013
30982
13176
29990
20004
13589
6296
95
2233
10512
10726
29178
17781
26262
30480
19576
3896
4184
15566
16416
19313
14709
1815
8126
13864
24212
18951
25885
4808
21699
7563
325
7598
18963
2002
29813
2674
13295
627
27103
6904
18240
9822
21286
6965
22083
10885
16280
19905
12325
8518
27435
5409
24163
8351
16697
26066
23524
16656
20219
19733
8659
8015
25031
6270
9790
19630
19721
27194
10352
23117
5123
17955
26382
27391
29508
25477
7156
30717
1514
20398
22989
13389
663
11575
10101
15088
19508
7189
29966
29646
21096
5727
18148
23394
32215
19933
12801
6437
9243
22100
1680
4284
16259
10388
17394
23008
26254
19006
12962
19217
16165
9814
16329
762
27036
25228
30368
7331
8039
15690
13193
31321
412
16508
27885
21341
21292
21795
11732
28751
6881
921
7749
16984
26903
27810
13667
16666
15674
18230
28996
15193
18179
28432
12432
1638
32625
20470
2526
14415
21898
14791
15566
22728
27343
26950
6374
13528
7040
20905
30253
16707
20116
29407
7050
14267
18806
18597
11994
23237
897
7751
2770
3180
13626
21303
5787
9129
8016
23631
31527
11405
17748
3558
21076
32564
6200
31380
11208
22890
19593
29381
903
26394
22636
28928
1620
25978
21850
32501
16334
19704
16795
24392
3654
11747
23940
2080
30817
11226
8304
14958
16498
17397
383
16894
20884
18869
4113
10814
25226
18092
6145
29649
27224
10476
19873
5843
17053
27696
15738
24042
5047
10700
31680
26130
26261
15190
20375
20260
30810
23570
22024
26923
11191
29983
22722
27239
13317
98
21648
31261
22053
11830
27550
7204
23320
14800
16235
18736
4189
6260
28301
16349
29198
28505
12840
23163
23225
31837
22316
30108
21759
23913
3922
13150
27375
25250
21972
10105
3872
22356
25583
14343
31632
28063
28953
16151
8767
14559
15106
14576
2955
25309
4429
2853
15946
1975
24843
12381
3497
25743
31740
21727
26823
17654
6020
12256
2065
23319
16239
9612
5212
28323
14436
32214
9156
3712
3627
15360
10310
12593
18846
25321
11295
28675
2672
12826
30692
18685
161
10127
32350
4997
445
21061
10795
5074
13784
16775
26902
22805
6217
7417
4401
21095
18473
12641
31672
18033
25738
32313
29093
6621
28791
4085
17938
4224
31408
13076
14931
30020
1314
19433
1999
21719
26664
24358
11171
14101
11652
5933
20469
822
7963
21015
28440
31415
1396
1152
3172
30473
20975
32025
7891
22012
12485
21739
2396
16618
16067
6251
15631
15011
24262
30019
24821
8220
27381
30939
7077
2006
15809
11177
23206
11280
20126
5438
13192
19372
24190
29964
15041
11745
28690
15352
27720
13478
1984
4771
499
10714
28514
30840
21393
13107
31172
18293
7367
6381
476
10426
17579
19246
8647
17875
802
21051
23944
17094
32762
5469
15743
19675
18374
9361
5291
18990
12925
28914
28319
30197
6098
8167
24902
30098
27985
25868
15958
12888
10814
3809
24725
1053
3373
12853
4303
30852
8033
8273
16018
17159
4581
5091
2224
8647
20588
16561
20850
17171
26089
12794
23196
30650
3822
9130
9509
15889
5574
16966
4275
29123
21585
32146
30424
11355
30626
23043
15887
8850
24921
27880
8308
2650
17090
28502
8775
21927
19882
5080
29727
19968
5893
2771
15597
23753
1857
25019
1976
3149
29800
10488
20754
3470
16888
3222
28765
20172
8834
19375
22720
28375
22277
15000
28134
6421
2056
15310
26749
5715
5241
23455
1641
7756
29256
31384
716
13817
31939
12978
4535
9886
19632
25403
23469
22929
30252
3974
13532
9417
18502
31826
3098
21546
27226
14331
19872
31634
29487
31074
13705
23971
21968
413
19978
29519
16427
27743
5487
24612
18283
6950
2010
24413
32277
10023
2234
30116
20452
1529
26636
29608
16229
19715
32596
5475
24915
16295
8794
18984
12720
5163
24485
29039
7848
7020
19641
6241
25893
14145
23056
1058
6961
19376
27353
5344
1040
5843
11378
19872
2585
7048
27047
3267
31320
2779
21928
16731
24037
22580
2764
10544
3330
25665
14600
25488
22520
27297
16429
25818
25006
7766
12773
5833
2062
8423
30572
12673
30232
16472
5902
6491
15298
10187
21859
19825
1942
28402
11853
13032
24074
13372
25006
18688
27294
11707
4074
4573
18104
23767
8736
15379
21055
20661
31271
22771
31225
9061
9802
11159
1957
7630
5316
23727
22488
11865
762
7946
4504
7776
9339
4324
15290
12885
15800
26098
19451
8370
11906
9774
3041
2980
10312
3426
28496
26999
3086
22391
14571
1984
11309
1403
2096
5452
28109
26483
11602
24267
1570
30438
24277
10812
20329
20006
11500
23832
29089
18525
20114
22846
23306
5723
9322
15521
17503
21537
3415
28596
15570
27437
26843
11920
31180
19843
25392
30955
26209
21888
26408
5305
11925
22110
20933
3999
16977
10630
17304
27420
3107
17561
11226
24438
22457
9276
26956
24934
9243
6055
7374
22147
23979
14573
2498
9327
15326
7689
8222
1731
16056
3756
3155
22459
2057
19145
26849
14241
3177
11740
28087
16123
22516
15102
14668
10100
25286
23978
3966
6026
12597
27469
10797
31997
15313
12687
30615
8691
23325
7524
25202
26859
13066
18129
32715
23400
23095
28030
16033
30553
14571
12801
30016
26443
23502
6116
26719
4429
13931
7292
10233
10407
4454
28265
24043
11834
8316
4588
27218
2997
31807
32236
27042
13692
31631
32198
134
32601
10455
25559
2428
4064
20237
22731
44
7844
23143
21412
18059
26908
2270
1674
8116
2642
9828
19541
31873
8529
20708
25306
30188
29260
32766
32249
4392
28302
19583
32611
10623
20262
13218
24364
7146
11854
21000
4372
4210
19359
21113
29333
32073
26359
3160
3500
16295
24102
3560
15464
26214
31067
3649
31027
2652
4689
784
26595
20604
569
22033
25472
29099
614
30286
7379
25699
27579
16661
5555
1034
212
32442
1295
21008
12023
28433
28602
11467
29113
8618
506
6162
17776
5579
30158
29595
21596
24110
4611
15125
19092
17535
3573
11269
31922
10388
26150
28001
19774
5994
28032
5357
31963
21987
10090
9817
20787
23362
13965
26647
16036
30562
27747
10750
167
8377
17796
22944
19716
9744
24240
107
3512
16384
11931
1922
19873
15916
4220
23897
17392
19520
27476
22803
10827
2732
510
30619
18885
30497
14331
20100
27262
24776
22267
20641
4633
25669
8491
16484
15587
11119
15425
27639
32188
27851
16713
3868
12493
26318
32045
30405
11496
21199
11781
17011
8125
3022
18724
24399
195
25831
5598
6409
18144
27540
10523
23668
19678
4517
3485
2014
4238
31489
9489
25905
14522
27418
3543
10699
3532
3633
6545
6173
20799
6735
8301
7941
8137
1023
15667
4844
19013
17100
15885
23711
20834
24957
22042
14830
28686
22035
23473
27654
24736
23935
8053
28559
18632
22307
10269
6789
30775
23567
24320
15319
26125
3576
31075
6338
6406
23032
10883
25578
26212
11016
27233
2621
13212
18493
23888
29064
9920
23237
10303
1237
29103
22433
15814
10891
9214
18720
28659
69
12197
13343
21203
30830
3178
5378
15295
13729
9741
12401
26988
16322
312
13266
8368
28379
17189
24971
18965
10169
2061
17653
23583
17987
13396
10782
7773
20893
11382
21831
4402
22016
8111
13848
1632
87
20845
4773
13913
22426
3446
26145
24134
12267
13017
28516
13012
13170
406
11038
13249
7417
5901
13785
11305
71
17703
20912
27537
15420
12358
3025
944
29361
24557
15796
5889
8717
11823
26136
1034
15526
16857
5570
31081
23006
32606
27637
16035
23802
7303
24240
15789
11713
17111
19114
6454
24281
27839
1806
23482
24033
27014
30966
2887
2381
13302
25257
11789
18437
1991
27285
2985
32445
25037
5643
14126
32530
22240
13245
11767
19562
28047
29175
5935
21128
26244
7328
28701
27122
8117
16112
12592
17923
32336
9455
14286
10446
2915
30897
221
30905
12111
30547
14
5078
14315
31156
8172
32000
5495
19699
13992
16058
31303
5805
31649
8135
18731
16627
18870
1417
32417
10765
14924
8218
186
5106
25886
15404
460
3970
20679
22177
25053
24457
24593
19945
15050
3956
18427
19743
827
14801
23180
19683
29767
14984
12890
17909
7654
18651
2777
29078
22042
13599
20836
13215
28381
17976
15117
2654
24265
29398
27429
8244
18569
29297
30346
23279
3331
25093
20403
1256
21571
30861
26493
27612
14630
1857
3763
4491
971
16784
25694
18962
7865
2269
23762
25609
13008
14329
11637
13916
5617
10851
10574
12266
30829
31553
23121
17631
32046
14365
25453
21970
10407
865
30545
27805
21117
25233
28674
27392
1522
13386
21278
1781
32022
2558
20205
12497
8876
24941
31789
16159
18141
31202
28826
31804
29343
16691
28223
29106
1507
5238
15231
3413
3201
20611
28642
31775
30180
28206
16801
22220
7029
9793
8176
31798
16840
22843
9741
13678
137
14027
13069
32670
15653
24843
12897
6049
9272
1917
24875
9055
19897
13766
7235
5354
30695
21036
775
9050
1266
2001
31462
30056
10090
6317
24492
22989
26984
21325
27787
10584
31358
10317
10733
11986
28768
7062
27644
12434
26191
3416
11757
30686
10057
5830
22032
29192
20210
30357
11929
18245
3392
18738
7980
844
30954
2246
29482
11187
7310
4330
14525
24584
10917
8746
1189
24498
1063
8507
9921
4486
32253
3580
7005
26920
4395
28207
17726
17960
25018
10228
15470
10456
18534
2057
15816
22767
19212
28611
1858
23007
12242
26315
11517
18678
5908
3225
13070
310
18449
9650
30730
8437
7258
16545
15444
19765
13814
11959
21030
20161
27734
19586
16992
25868
7164
22030
29203
27337
17641
17118
5325
10313
9163
26024
30626
28569
12771
19412
28927
24151
14264
6323
302
24920
24189
22655
28584
22012
27715
1815
28958
25932
5855
18039
8774
29912
6553
249
25446
18771
31129
29517
24737
14059
9490
23097
21252
31593
22827
16402
18000
7693
31410
9718
28549
28967
19840
1230
24627
4469
13994
25095
8832
32576
30060
29707
2552
11573
32470
4738
17688
8452
26676
28234
31640
442
3134
19766
1404
12255
22276
17802
1753
17231
25752
13619
31848
2777
24184
28870
1228
27033
17346
26175
29347
11797
2071
12150
29518
16154
13642
20576
22144
14932
31697
7435
17033
24752
24040
855
24928
27762
24966
13429
21106
11541
29953
27169
27949
1254
29312
17311
8267
9311
28196
30327
31199
8004
15094
20208
9249
14207
21135
15437
25337
31164
2953
25802
24140
1988
19112
32084
17674
11419
6856
24844
5364
5720
22406
9338
4910
20935
22190
8337
16776
25535
15464
12647
23692
7236
26145
9392
11847
32605
6203
5119
16856
24500
23155
9917
17338
1775
12054
30693
6865
2001
4323
7045
1590
5647
25535
32757
19394
32755
17435
9940
17244
9651
24869
29127
19203
2702
19890
32496
28570
23468
29670
20784
22134
2227
6057
16413
13225
18984
5065
27586
22797
12684
15855
12313
10767
7987
7491
21577
65
14818
24543
29087
19614
17456
15093
20046
410
27545
8639
10215
4593
28003
32553
10646
4140
11569
24129
2594
15091
6504
11610
3491
534
31045
2051
26368
20570
187
13228
13615
9731
17933
15121
6188
20517
30000
21613
6582
18603
23774
32352
26060
2852
12666
32668
3819
27217
8615
13651
23044
12911
6310
23649
20031
9285
19059
16696
1138
5356
26015
655
29280
15969
1772
21194
11698
3276
19114
25640
25270
29837
6100
27567
31449
7436
234
26327
12005
27709
22156
4089
251
16117
18395
11637
23120
23024
11407
10150
18599
24478
21720
4487
6034
22193
31478
4130
16744
3432
12951
19644
29701
26008
29172
24002
9540
21887
4266
21106
29502
10568
22617
19785
19519
20830
766
22831
6796
18801
17168
25957
28631
25673
12637
5162
27774
2125
15523
18480
24200
10450
30446
7362
21597
2085
23733
13490
8007
3671
29106
3076
428
16587
20357
14427
1288
9856
519
17447
13229
9503
19823
4236
12858
8900
14887
27153
29917
30860
620
15373
3144
483
15784
3794
18036
21642
25999
15510
7960
28011
4347
2341
15336
24093
136
2121
28814
18229
22767
32501
1641
11090
10019
11060
17416
26343
2605
7892
28773
22727
7880
6353
19937
1906
2236
2435
18691
20257
13819
11655
22257
25747
14205
27503
16298
14485
19419
24617
20489
2132
30637
17968
12154
9827
18341
9076
21881
18570
6248
27146
23247
26196
48
30611
8844
29783
13859
8046
5827
2113
4976
11165
29960
12711
2607
120
26282
5005
11766
20244
24752
2741
10810
624
1942
27816
17004
21349
4804
11142
14287
12108
27603
27277
12571
23917
1407
20330
32724
3882
9834
7234
24423
18160
9110
24192
2569
16857
18080
15965
16207
20513
23485
15152
6285
18511
9078
24699
18160
287
9251
16305
5979
32306
5929
15048
22530
15220
28147
27523
31687
17233
10929
13181
5975
31639
2259
16628
5124
21801
12612
5211
13409
19049
30311
21150
18079
22627
21458
28723
8362
24250
11725
229
16899
4691
3209
14431
14172
28355
20256
26491
7157
21113
4688
584
21689
12715
18167
31453
24855
3073
13390
31969
23969
4356
25061
21974
5223
8005
9570
5672
14097
2637
20473
14073
7871
21320
14250
20650
11681
16496
6206
11817
11861
32571
2047
18685
19716
15683
31802
31250
1595
25593
6518
27461
10121
25354
19313
5551
15838
13709
24798
22706
3486
3569
9953
30149
28808
21673
16454
31999
13642
26004
13445
30309
23776
14382
29302
21491
20912
24185
17108
30828
29799
1705
26227
24289
6801
27538
23617
12035
23291
24530
2814
18986
17352
24510
19131
7457
22101
22029
2580
17080
25806
32582
2861
17159
11661
6123
29805
31618
20534
16739
12541
31681
30867
18856
23807
25357
23344
16821
14734
2730
24502
3757
25722
2279
5384
25035
20416
22758
19231
17165
13515
13099
28326
6816
32621
25319
597
25866
27804
9218
21005
32281
22765
21995
15288
11919
31441
3871
10719
26762
1169
23930
7176
24245
27146
16192
22741
25137
17961
8427
9693
13121
7205
27570
8521
12472
28799
28894
6447
4642
30139
15820
31918
6325
18651
9409
17102
25334
31136
1648
25364
20267
23168
10317
15336
6276
21606
9104
680
6920
14892
14600
6536
27200
22489
5540
26416
9894
14746
21442
3091
15820
26242
17719
4496
333
2817
21019
28363
16500
20262
30809
32586
20654
21652
14330
18255
12464
6213
30764
8696
12903
13314
12565
13591
22436
15262
26202
18130
19844
12790
15981
20730
12960
20904
17050
28204
5113
9622
5073
31914
19618
11545
8241
4855
13355
2053
9561
8756
18385
26209
2925
25149
14951
14307
25834
25474
5890
22317
7978
25255
25192
11466
12214
14811
26422
1511
19023
3065
6355
6865
27579
1376
14616
306
17744
20115
11452
1547
21826
3215
10881
11121
14252
2800
12576
17927
31839
27586
28661
30271
3438
31016
3690
31056
29302
29871
32293
3573
31918
112
17393
26860
10162
32232
25453
29994
15118
32406
22903
23518
30861
8793
20822
4140
25408
32648
169
23206
27469
28879
22035
8330
2685
25804
26276
25278
7555
2925
17926
12428
1549
32008
13676
2589
24972
14135
21818
28343
24772
2937
17780
4790
3091
23434
24808
31052
129
16254
32539
28152
29067
29088
26869
6599
31663
7180
27692
12365
5047
25614
14704
28770
7878
20281
31067
29853
32547
24135
17431
3986
8649
31156
26573
12235
22698
3097
10705
1927
3527
26185
28302
29749
6897
18733
29747
25006
21084
12639
3098
9526
1001
16521
32509
3121
2863
24700
2007
6821
12879
31760
4507
13683
30068
27070
9112
13397
29484
25598
10407
6038
5482
11105
32026
23956
16215
11887
28516
13303
3037
21310
8072
175
26865
16087
26947
32431
7074
13896
17656
27243
30950
30089
19295
31250
24351
6159
18414
7563
15472
28466
1539
16946
11715
25151
17622
5711
662
13405
32289
2138
12680
19488
27532
32241
2471
22767
30426
32405
11383
29206
214
20008
7361
2986
11003
13095
28194
23840
4070
25767
24911
5548
5756
23569
31017
31323
19419
1693
21636
18927
28674
4751
22711
638
8511
21556
30947
25801
21084
32411
9732
20829
30600
11284
13241
23404
5639
29290
15827
11624
8857
32480
23199
7013
23211
30188
9716
32556
1088
4789
28923
14878
16542
16974
8897
30927
23992
14000
5502
5214
21087
11641
31907
11670
20775
26215
8101
24006
7706
1427
30092
6496
4895
23917
27962
8276
32552
23675
28284
6186
19487
6865
24530
11234
6030
17231
15614
19851
10768
21661
2639
30117
31099
30184
12458
31800
8651
23385
3677
26544
205
30298
18595
19839
24720
28040
10743
8305
23691
6262
6425
2254
28046
31527
29921
8753
18538
32074
24775
15147
31583
22835
20014
29335
30282
32414
20083
20155
27019
25890
31161
10788
10167
2678
30322
4670
30211
6247
28078
29621
30571
28309
30756
12431
7845
3057
20480
31750
21193
5110
21362
6182
12989
27562
9203
20779
9058
10835
28245
21144
5248
23034
10130
12823
10354
17313
19025
19476
10897
17219
24887
19992
97
24464
27123
2790
382
8549
23816
29783
25156
26381
26201
22261
7489
12090
6774
13146
1884
6081
13481
20806
31425
3097
10686
26755
17556
24466
7062
31609
16721
20309
31082
16272
21509
10271
22752
12106
9263
3004
21456
8732
20083
4678
30419
1551
29700
17179
3216
5915
21711
8607
20933
12350
24680
18871
24087
4703
27061
22528
19866
15590
26972
6611
30496
13336
31470
16634
15170
20787
208
5935
14384
30797
6893
27992
28216
20461
23582
17028
8471
22118
27220
24229
515
28919
30091
23819
28276
20644
12655
25253
20406
18642
15818
31734
26416
29605
10677
24280
4977
16410
32123
3060
23040
17891
30540
3069
16864
31494
26278
17583
19173
10036
21123
8587
3514
12522
22083
3151
20653
8266
24920
28983
7489
29622
17843
19190
8818
8754
16626
29299
28614
26486
27718
11844
21784
13782
16165
15851
29476
27090
4277
23763
18641
7036
17395
30984
18754
10638
2727
6585
18075
23111
27400
12655
15763
11785
29742
22539
19902
16308
19772
10369
27288
20160
2889
15959
4433
20253
31251
3803
3930
6858
17251
6695
9651
8503
8510
12246
5363
12380
1744
17283
24084
13205
27673
3334
17412
1092
10324
28781
23020
10277
1836
27068
10814
6511
1182
30821
17025
29872
23468
18054
12252
10342
21447
2020
14436
605
30970
19627
23845
14027
10966
17379
28914
15660
11809
10674
20461
7902
11581
23892
981
4989
21338
23258
24850
1788
28251
5286
26754
25992
17289
26786
31233
18717
762
11587
9147
25828
1471
4673
6705
19027
17104
20755
9484
25603
9912
26924
3237
16976
14849
25592
21584
5554
16989
23701
19820
29406
19097
18257
20267
15516
15682
13544
7970
20327
32276
3450
22159
19142
11814
32590
20590
5229
1752
7497
27706
28946
30584
26924
12675
20241
29111
17809
8245
7871
4302
2979
14754
21646
1903
16544
3668
28901
110
10000
23701
10684
24108
10178
3002
4603
1223
20107
4148
23184
6915
22206
1108
2386
28151
874
481
16793
25463
16214
2140
31385
10053
16573
31758
16259
32503
11466
2518
21850
28838
30418
31668
25238
10331
30548
18964
29818
18490
30385
30171
32309
3948
10154
30515
11707
974
19870
19735
12897
2651
2689
31133
20795
6745
4252
30470
25397
30534
13318
29063
6388
7554
6118
20949
8298
19897
29542
25715
2107
25366
10870
10683
31955
24617
13893
6830
15171
24212
6528
28283
21984
19833
23625
11473
9882
10916
19446
6372
2845
8823
31374
16705
18090
17049
14852
16466
9650
11102
3889
31153
16183
27636
22675
24621
28643
30035
9415
4253
27365
20450
29896
19815
31887
32746
26085
9934
23216
17596
32644
23551
7858
7840
8345
16603
17780
18308
18660
13443
20709
2657
14829
29860
26469
9580
11200
22919
3292
8962
4456
18136
20886
21840
10542
23857
4837
24773
21647
14446
10613
313
29694
18096
8557
30170
16990
1069
22603
16347
27709
10174
7292
8155
24274
3110
10942
32277
2741
25123
9526
10573
5728
30519
24656
6262
15465
7475
8539
6948
20861
32392
10976
9396
11804
27469
12997
7741
30742
27408
7718
27445
1993
8029
7919
3299
25880
17166
3897
4233
6186
21080
9834
13389
18919
10130
25611
28395
28723
6341
19560
17949
488
25076
21225
8133
28310
26672
3635
31200
22010
8538
4606
13611
15167
11446
2740
24210
12278
26677
30415
9053
13015
3711
6639
23578
15925
10690
1470
23112
16963
26429
21636
25800
1801
6027
29065
3844
12836
26544
2862
22236
27712
7909
2762
13653
25174
27939
11846
3584
7846
5745
8055
10540
30067
1774
9534
9419
386
7070
19041
2085
27728
11252
5672
26174
32278
8227
12983
15112
12669
8229
7471
28489
18209
10120
15235
12106
5320
2555
29722
69
3167
13468
9001
16524
14008
14335
2510
32377
7685
26366
4845
21017
25620
5699
2507
9623
72
18582
7788
6250
24923
21479
21421
26942
28373
19227
13088
4772
9803
14487
25258
1656
20568
30093
30686
13334
2397
10761
9496
17724
6648
16826
7257
15805
23365
24961
17382
27115
8919
10683
6303
18370
29301
20815
23072
22228
26516
25974
23705
31480
9880
14925
7278
23986
15819
22556
28558
31329
15385
29028
28819
16683
30610
11690
32670
31913
16284
21766
29936
26193
30459
10346
24905
5543
20866
29363
30721
13859
12694
7794
32487
12257
24936
23671
24541
12043
9198
10017
14383
13830
22950
11880
440
9823
13578
30887
12723
27764
15058
17450
26978
14818
2540
30076
5217
31410
10044
7789
4295
28995
18707
27109
15618
9461
24177
30828
1903
3994
19963
31093
23484
13725
10426
3437
2558
5360
19609
15496
913
5815
12957
3654
2483
28598
25826
3527
10719
7035
22617
18132
9195
24139
9795
1961
5600
31181
24940
29572
2461
120
808
12782
16426
29630
11279
18124
22237
6390
13432
24357
8751
12554
18614
7856
23131
32484
3349
14885
30140
18585
1427
27200
19684
16212
15710
917
25724
31233
27153
16151
30942
28349
1711
32614
10099
5888
8795
7900
20942
10888
24285
4694
5765
7428
23253
27842
31699
19078
957
3949
10223
32421
2976
4874
17194
17013
32412
13697
24523
7464
13336
22653
939
13185
6086
23732
12175
29180
1624
26101
72
11711
14849
21491
17804
26686
690
31699
10899
8625
17937
28279
19569
26167
825
22408
23094
455
22069
16710
6855
1755
14137
18703
29819
5083
29094
4272
21109
842
3772
30831
964
29362
12316
28117
28732
19536
5637
23356
16146
16256
19787
1051
19257
21479
16662
23060
384
866
11360
5818
1128
1714
10028
9764
12742
16612
19335
11827
26141
30081
11840
16034
6585
13690
10087
30162
13195
11986
9862
9811
11720
19209
3746
18738
26688
18508
22000
18693
17535
14686
25943
29111
26533
6212
29609
4372
15877
22451
22689
5139
7296
7994
5020
11495
7072
7727
536
19908
2164
8539
493
1138
1838
22373
31565
659
17277
28671
3709
24243
19115
466
24912
23060
27510
25386
18536
14135
14256
24929
18476
27946
917
781
10632
17301
32496
16617
7784
9090
17388
24964
12786
10479
30651
25515
133
16661
22761
9111
29558
24950
22397
9943
31877
9129
4820
15100
3361
20965
22846
21254
17760
12367
1365
20369
5820
3844
21793
7615
22159
28900
5869
22756
31820
21284
18407
23285
1923
24978
122
26542
18835
9127
19052
24197
3884
28239
15543
8017
25996
9847
31015
3514
30581
8282
26551
24415
15856
10124
19372
8394
196
31683
3695
7445
25269
20072
23595
5208
30077
3298
28203
27866
4492
925
7921
19187
28030
9692
9237
15298
12640
1604
2532
24212
419
19492
19636
14607
15836
12677
11272
8738
28481
22006
4969
28589
8932
29204
13567
21231
11181
14299
12786
4019
2072
27568
27779
31290
26548
554
24552
26599
3159
20132
6636
32429
802
3715
12867
3897
28984
23879
23470
26078
28733
23892
27347
15940
13968
8574
28378
17872
1865
9047
14279
22738
9713
21048
26266
26226
18948
1808
25384
10071
20007
26863
21431
4892
5929
3665
29276
16500
28347
26411
23573
7191
19952
15287
13734
8820
21363
19456
16948
2068
24970
23597
18339
31951
8142
14733
23727
30130
23719
1126
31948
10668
2698
19069
32190
11515
21746
15973
17144
22361
2335
6024
19126
24805
20113
26359
28889
25043
27459
27889
902
8403
4008
15157
1405
23618
26214
12295
14905
31251
25557
5636
22477
19067
4406
29863
31353
18784
20403
23959
13839
2687
20251
17078
24840
15455
13402
8426
30053
28153
11193
2985
9031
804
25307
25927
29005
962
9843
20479
1713
12717
8134
9155
31522
4447
28132
29891
18527
20835
5798
30399
14744
15487
2918
18701
29828
8862
15745
30569
30785
25728
32398
15232
11760
3616
10331
19259
26380
11240
18604
16332
25998
18071
19634
24953
18883
12782
26701
25643
488
6686
13569
24758
6027
31729
17594
5862
30369
29626
9280
17485
2662
3838
2424
7119
19448
3295
10592
10730
7858
14668
29128
12742
5705
20202
8913
20224
681
3009
1063
26678
23949
25767
12798
15954
30176
877
15821
9367
29911
31691
7885
11629
6347
25355
11824
22508
16855
13944
11042
2602
11318
15494
640
25669
29785
19646
22107
14383
16587
10864
299
12860
11717
24087
4307
32365
22161
14730
30041
30330
6303
29416
24417
9377
27752
577
2670
10033
28678
11780
28376
16597
32656
29229
6029
8609
30519
11819
6024
13534
31522
17810
23313
32662
24841
8069
20665
23518
6035
12513
9748
7398
10096
32042
5172
26562
10806
14902
30698
19701
21245
667
12732
28354
25785
17114
2469
16435
12890
19784
4751
10470
1189
16576
18833
6555
464
11786
27880
23933
29408
10250
18103
13363
707
10920
26495
166
21292
1155
3164
6289
818
12117
11525
202
936
17188
28033
8786
21818
28718
28586
17437
3148
11154
16483
21922
13971
31422
23705
22051
32367
2460
2554
25786
10255
30587
32632
17703
17475
1727
6524
25947
13600
6985
5610
12227
24662
13220
5081
13910
11088
18676
21263
605
7440
16799
28479
5381
16841
25272
4866
25766
11321
27696
24213
25297
12493
19387
32344
22300
13938
4740
11522
6829
14652
6544
7589
135
23226
242
2405
30359
7187
30132
23800
11133
7657
27264
16861
17692
490
12050
32604
29664
18998
4702
28480
28370
21108
31616
599
9309
16050
9575
4262
11229
31744
26945
29036
17389
11980
17318
5853
26989
11004
132
10651
21333
20942
14797
24564
24381
29039
5345
3295
15016
604
27325
8883
21780
24188
18145
9645
26306
19962
26883
18976
6213
1508
13685
14969
5837
29829
16471
16633
8497
30594
24444
20786
22974
22455
28445
11582
26817
9935
13632
8898
15318
23205
4070
7078
28143
16990
23031
32402
9251
12611
13038
6951
27452
31583
5444
7682
25087
8156
26526
18545
15417
15646
29878
26611
27278
10909
30217
18802
29441
21635
7493
9279
17986
13577
18545
14545
7611
1937
19674
7997
11865
4484
1217
373
15387
7401
3014
15680
23131
202
22034
10749
25823
21319
3656
32279
32159
8567
26153
4167
6996
18690
17929
28813
29893
20351
1781
5356
21713
21390
9121
5608
9019
29621
3092
14016
11832
18171
2066
13676
186
17223
21581
7765
20858
11638
26186
8151
22216
28477
788
6519
2834
28357
5284
25316
11830
17408
27147
1711
3975
26572
20069
27850
27809
14543
8830
12482
28909
29197
25921
8124
8691
28489
22245
6705
17507
23330
8918
21865
1505
8936
15460
14520
30612
19523
23085
21115
9581
2178
15435
8401
22071
8644
10558
10778
