12730
26974
29180
25433
32073
29795
5811
28279
23049
11769
31847
21623
24876
21816
17203
21156
4574
4150
26450
28530
6396
16145
17717
17002
22679
29627
17255
20188
27431
6792
15905
23875
7823
8057
4269
32630
8917
7238
22651
11156
26781
23341
19972
6573
27498
14973
20322
20528
25492
15585
30892
2841
7177
21101
26131
27095
26564
9834
31678
4094
29453
32226
20325
9393
27765
29418
4015
23757
16784
6322
1356
31702
27504
21582
2514
30626
1766
30273
4185
10951
13432
24782
7125
16838
31777
18175
16182
20212
12491
20594
833
12588
3981
11751
20012
14646
5796
27273
10492
14838
20531
1535
32415
28500
3259
9010
12488
26607
18776
22493
7822
23937
15809
26838
30916
10256
19965
32542
22
14298
23526
8617
2280
16894
13407
32750
24815
3050
5205
22831
29323
392
374
3206
16875
551
29364
7603
8159
4139
1144
15015
11900
20341
13478
3535
4978
32400
25173
26914
29740
22176
3403
5609
6060
32267
4411
21841
18981
31204
22718
23986
24149
18972
17425
24733
26793
7271
16276
26024
4110
16880
17918
1529
4248
21436
19041
21651
19414
12766
17889
32611
751
18784
25908
29961
5765
19692
4569
7016
26694
19518
21272
25324
14930
22090
17084
17054
10320
4652
4499
26857
5710
31443
22434
11561
12636
10605
11304
3577
24040
23186
16729
18489
12248
6704
32727
21217
18538
16953
24048
19337
13771
14349
28315
8116
12408
5289
25647
32480
21080
9101
745
24910
9110
25711
16156
12177
6464
31649
821
22233
24993
15683
22901
22013
6750
16168
30062
3914
19539
7561
22842
27405
18731
24172
4734
5858
18113
8146
19234
28091
21562
31907
10702
21679
1247
21594
15907
6280
27835
24944
29886
6155
19192
19082
20205
18181
32250
6754
23087
22042
7481
19061
9070
2893
21727
19569
8699
5966
24357
15965
22093
29575
14189
13702
6265
5349
25376
19501
21105
32615
27717
24050
8700
1639
27110
7934
7801
17835
12835
31220
15955
7979
4627
24725
6211
18848
10078
31541
31817
15313
14235
25313
8296
157
8554
21069
23844
16327
17233
31104
13756
1924
29783
24638
10280
8902
27235
825
209
2118
10834
6134
11795
11860
24025
9088
20339
20318
11041
20432
31904
27458
27164
11255
43
4435
21416
17169
518
16173
1643
13802
23998
24633
32105
17261
8312
14847
21605
27601
27309
20783
30206
6786
12709
4973
3972
720
7348
20960
26271
7001
31287
22649
27806
25655
2125
11779
11168
25578
3414
18671
26981
1796
31789
17629
7153
20119
8229
25834
3046
31070
3268
28348
16543
5038
19778
10830
4620
6682
4032
4732
31824
6889
18504
590
4380
569
1928
27396
8905
31983
334
24294
1336
7782
32451
31944
106
13523
14439
2143
20702
30842
21456
15175
20910
402
290
6864
11368
12537
29773
24204
10925
30616
13833
13209
1420
10388
2195
26798
20124
16954
23588
20200
20187
22951
3894
23378
30537
5434
30326
21814
16196
25019
26759
7463
3234
20040
18813
22729
400
15107
21012
3943
19501
18045
3764
818
21478
9697
21029
21338
24720
21472
6162
13007
5959
16992
4927
16340
26888
31460
25482
18504
20240
22969
12195
1716
28916
20454
7819
9235
4221
22481
27853
2661
22345
2225
6527
21490
25123
29879
26360
25439
9757
15868
11086
28786
2931
3625
11414
5540
23071
23784
1243
10860
21563
12558
18906
30278
6683
18565
29827
2181
13350
21243
17456
16606
24184
11084
6563
21680
29242
15280
1474
23828
2236
30884
2065
14761
13399
7833
14579
21532
27397
7775
23456
4218
32445
25680
5094
30261
16271
26172
15263
24056
9092
9240
5110
12330
4147
1893
20057
68
8739
19810
10556
4307
3556
26609
7316
3148
30444
330
21006
32403
22578
3681
25875
23370
23180
7192
9853
7386
13513
17189
24598
18498
29070
28353
21461
24994
14065
25110
29399
7558
27607
10341
2078
23283
22286
23546
21261
12852
5161
28625
19871
9313
31263
26630
6763
14260
20387
11517
22104
3211
26945
25941
18976
14141
3389
654
14214
27293
14635
27764
15958
16207
9550
30547
5409
9165
8625
4313
4533
16695
10503
20425
15710
24799
17731
21093
28895
7825
8695
6040
13359
29602
26734
16103
24052
26303
16776
23318
11968
27763
6488
17306
25614
17525
126
4290
32507
24503
18246
11940
15044
6959
11901
13000
28419
23395
18967
24727
22953
21687
29058
2177
3258
3191
22984
11761
31692
24226
13671
8178
25917
5244
30192
28830
4919
22482
2914
30538
12389
3851
15684
18803
11378
28147
31108
22119
27718
18247
13586
4531
16895
27392
14908
22608
26801
7520
200
31884
32734
29373
27603
9402
17076
7184
2412
26777
30473
28733
12271
22917
20503
15904
5411
24927
16631
13148
15123
9277
31455
25570
20141
20690
4891
15939
21532
2972
3276
30902
15589
24784
16995
17129
17347
26885
27357
18568
10819
3234
14012
20622
13344
4617
16585
1358
31836
25216
20107
12608
35
12772
7301
31884
31583
29964
12851
30552
29466
21246
31171
31954
2456
31956
6036
15100
30768
6252
15727
27451
19182
10707
30088
1949
14826
10095
8499
2285
15462
9454
10086
31097
12715
16626
3826
26782
15264
16761
128
2840
10031
2830
27726
5131
32344
24241
20391
4816
8209
2695
22052
24961
31204
31042
21156
28739
16199
19534
19468
31062
15034
27840
6591
27102
5283
16127
19420
2926
11241
25904
23355
14937
23634
15459
23845
13497
20125
127
14037
20028
11871
17133
3250
5298
24990
8199
26954
12631
7727
24383
22542
4832
30927
27151
28624
11335
18948
17829
2301
21590
1201
31562
7066
4597
23164
7062
255
24884
18912
18517
5462
15640
29201
28984
29907
31270
18579
12092
20657
15792
3225
27354
6128
7650
5150
14579
28624
13964
20165
6778
14347
16045
6769
2783
5846
27331
17828
2367
18582
10197
23448
2124
12130
31548
5663
28925
24125
4918
4411
9207
7184
21545
7293
9655
6761
28342
17950
24964
23542
19077
31711
12054
1728
20939
23968
1798
7719
27035
7619
4597
24737
8946
2878
32380
17713
28801
8578
18903
21673
27960
14863
26448
23201
32663
15316
29293
10803
26036
25672
22489
29308
30219
1609
8467
24274
8456
23223
20184
32453
32598
16080
28241
12759
30949
31817
21757
4859
20670
30514
12124
8144
8582
23943
20065
6042
5843
13461
24469
19972
28466
24595
31755
28056
4852
32507
14855
26106
19389
14893
11629
488
26826
24771
747
24818
23557
28210
8678
20728
7114
22053
293
17256
21879
12825
6720
23093
15542
11449
10182
18582
906
18167
6705
899
18202
21230
28554
32240
32064
16507
23004
27848
11985
6037
24666
20136
2730
15472
26447
13152
7551
22870
19146
32554
14947
2624
30725
9640
24599
9783
12698
6303
10003
17005
27236
26230
1108
19226
25398
17516
27883
19992
30526
156
9794
21309
17207
6066
20269
24188
4946
27243
28085
30650
17378
20174
3491
21617
202
31020
15310
32519
4006
30936
27172
6124
4284
17575
2171
3190
25249
4902
24085
24444
5291
31390
28661
24500
5146
5321
32740
26573
5
8785
28738
1099
20486
27148
6285
6950
14757
20473
22195
28962
133
24570
26904
10477
7505
18511
23909
6138
26468
32726
8214
3360
11578
5125
30914
25841
26523
23203
32553
2011
29569
841
21760
11777
32462
17564
12411
1239
5039
8519
926
4736
28365
187
19524
29415
3130
6054
22764
19103
5910
23604
3655
2939
10245
520
31106
26349
32337
14841
15187
2591
8158
12685
6085
32723
3025
3638
14020
21499
27647
24654
24936
21784
28951
18900
18434
3923
17808
21732
7399
23900
17233
13816
4094
11014
22561
30177
30476
17823
17621
16259
11962
22032
9011
19795
107
24761
24232
12946
6336
26378
2990
31814
23272
1762
18939
26109
7336
13224
7530
7745
5934
25898
27050
22234
6293
22584
31913
7366
16951
15615
21438
13305
24503
28455
1945
29397
8906
5036
2795
22888
20424
14461
10196
24679
9974
20951
26641
15342
5776
12638
21474
3573
409
21248
13244
17554
10083
7050
16563
8177
30685
25862
28581
7187
24736
29915
17191
14921
24248
14244
20529
26223
24882
24268
24969
29673
18538
15342
26096
28255
3601
30190
5390
14904
25089
29654
30493
16599
18368
6515
15192
9368
214
12716
2338
14473
20431
8869
14327
14312
24590
18327
6675
31073
24152
3181
17892
6660
3612
10015
2608
23560
26500
2767
30982
13634
2620
28837
13670
18787
4357
4715
28592
19444
4600
29416
15565
1555
22427
20476
13343
31723
7845
6784
41
28148
25745
4058
19966
12784
4837
20835
18283
8097
4927
5498
996
3402
6180
20069
7215
6124
9864
25323
19666
13118
11293
21682
21309
15721
11868
28761
29112
4744
24148
25428
17931
23522
7477
21387
24303
5860
15771
21682
15415
4065
3484
22374
9662
19594
30096
28173
1295
8748
14243
874
11735
29612
7196
24322
16651
21314
5738
4915
5849
1016
12019
12557
23376
5857
15772
24055
18894
8218
16664
9987
13101
16258
24306
11788
15020
31033
22616
3221
30111
6617
32685
2145
22999
8823
31437
30162
9935
30808
24094
25602
13723
21619
27738
28323
23441
11947
1823
20887
19380
8393
7219
6734
8932
32059
7065
4835
2760
5518
16981
17142
8055
27821
17918
8775
1001
20695
11528
22807
20768
6497
24526
10815
19478
1073
15970
25357
3685
28406
18197
27874
3513
26664
6597
23692
11766
21443
25577
7012
18984
8131
349
1575
24622
17502
24046
7573
19238
3076
25509
9419
14487
24343
468
18785
17505
3946
6370
12611
26469
24443
22230
2640
9460
16753
20644
30644
8952
2516
25658
30982
6373
4622
12106
10016
16733
1701
9942
25282
15014
23862
7037
20710
460
11824
13959
16609
29845
28246
15281
22590
1577
17394
7098
8282
4734
29658
9130
20927
31877
8740
21733
31041
790
25257
12787
21210
30876
21818
3084
30278
18816
18852
7526
12638
32086
10086
31807
11318
7882
5421
12969
13045
13897
7188
1817
16759
17263
17052
16814
11428
24883
23405
31297
1422
212
970
15152
4685
26498
3541
1258
30874
23245
21128
32314
30254
10191
10095
23893
17112
28952
29735
21922
30817
28508
9111
5707
7200
4318
27888
9608
9819
9115
12389
9382
9060
30263
25514
18649
19056
7081
18990
5319
9782
15781
29977
7888
11084
10700
18180
28703
22592
1430
30587
18546
15225
21755
21044
21161
31436
16356
11788
5648
14557
16981
22469
12396
29756
13143
27777
9415
15419
20134
24573
19195
22417
11551
10895
11265
14512
22504
23262
22263
23526
25181
1891
31475
27445
14014
23459
20874
17395
409
15657
9758
14882
26616
17477
1515
13709
29771
1159
25809
1191
26132
24826
17119
291
20565
26657
7843
25170
12985
29619
16436
22849
31108
2069
10492
21134
4156
12187
13382
31246
29461
19839
13451
23585
27421
9373
6524
16592
24876
3572
27342
7339
29577
6877
9161
13157
14940
7945
15248
18475
26328
24124
26158
30665
10533
22987
23140
6268
2318
31190
10293
15253
7535
3654
27694
11474
20060
25477
27510
2940
3601
26368
25753
22848
13470
5982
8467
6862
27215
15485
5023
26163
19676
9009
3901
31479
15190
22715
25350
16374
29900
8715
26287
17151
30144
10934
17375
5678
16460
10165
2096
9993
31508
27107
19463
27485
4843
7221
31252
32726
19268
10679
936
5217
26975
1866
3514
16962
26159
23839
25271
10228
21261
19442
13581
26308
23839
18951
32374
24108
7046
21477
2053
16624
5195
27861
26353
24570
9223
11033
31268
18166
13396
19437
13443
1709
27895
2879
16380
18723
19401
15149
17745
2927
20330
22338
25766
6493
8357
3952
10955
9924
26274
1741
3914
8872
12750
16910
18224
8208
10635
452
30876
28838
26775
1112
6920
19728
13372
27592
4186
10001
31292
17182
17066
350
16763
24501
21202
26945
31082
6699
9143
28143
21560
6949
20056
12714
6071
14278
19099
28823
4366
6636
22738
6493
5924
12336
30736
21377
18376
8604
29999
3972
27552
16683
24220
31930
11480
15617
26857
232
3206
1391
4112
3493
17119
10149
392
28525
30236
6196
6922
29317
29738
10571
2592
31123
23316
10414
22642
25081
23600
24949
28880
20981
1549
32138
26878
19578
16664
736
7235
9931
27408
26740
25264
15325
15664
32516
28977
31082
26902
10642
11861
8917
6261
8599
2013
26049
15230
17160
5382
7279
21007
7178
4502
23003
7066
15476
32169
7062
22996
264
28216
15714
4641
22129
23150
2703
31170
12284
29099
2328
30908
11798
18004
23164
28551
12426
22881
20062
11132
20599
21156
732
13820
32274
29146
11951
27231
15905
1139
28935
32419
17203
27681
17188
27345
24224
546
26548
23342
1348
25422
29680
6439
25594
28896
20085
5882
16346
4612
16355
2596
7731
548
28983
16526
28743
14323
29672
7286
16073
12598
12228
25374
4375
12117
21129
18999
3127
12453
7491
28684
1427
12915
11113
10863
1396
2000
4021
22628
30016
20767
25287
8847
30068
24671
8056
22109
5983
5689
26879
18421
30372
969
5830
26333
28269
23852
8714
29036
26223
2254
20789
29428
29602
22384
15611
30891
18622
12540
2870
10590
12916
16904
31618
11220
7025
30252
8600
2051
21524
19204
26987
28405
6633
18436
16644
5496
6893
9982
1054
3464
28801
31092
1409
19069
20010
22175
21023
15348
24590
24124
2544
11135
5422
7193
27277
18700
20836
6243
26510
4630
17180
8364
27813
32653
22738
5567
9591
9862
4687
18980
26430
14243
10659
15729
6176
2368
20449
16471
12364
6242
31133
19816
12506
11360
30502
8873
11359
2383
21636
26588
15699
23855
15664
28042
1572
21462
24470
20690
5910
32160
3147
4084
21985
29908
3342
23453
17160
28117
28544
12528
14587
7693
16291
2136
236
9625
28180
9488
22897
26548
24073
20847
19166
32229
22280
5109
25952
12776
22125
10518
17626
10846
31897
19912
30336
13876
4602
9934
7220
25299
24512
20674
27043
18700
22616
25829
22303
15553
19376
32423
9787
19284
9002
3573
5160
13521
24925
581
21970
19419
24974
6754
14778
26711
4849
25847
2962
22746
11167
15838
5530
32467
3927
21542
23485
376
26101
1254
27754
17266
7602
5828
25395
1863
21793
8772
31016
28299
26853
13010
16113
16326
8499
27790
23726
7972
15115
17113
29583
9695
18741
2979
32050
1133
10494
31603
17600
7017
1712
22067
21958
14145
11730
24769
31955
23205
8484
24374
13783
17323
13913
11252
9270
6082
12690
13170
28847
25181
7327
24775
10480
21083
22004
18167
31989
25144
4973
4865
30244
22262
21697
4772
1066
16841
456
23541
31635
28805
12397
24994
25132
30920
20081
4
9496
18919
10980
20198
5300
29081
7012
17431
16940
32614
14612
29362
6874
13005
29020
29480
23906
24632
26210
16402
17550
14496
23371
5048
1002
24576
10290
4704
29215
32379
29157
19800
32016
14412
8546
27331
17334
14449
22292
32291
29116
14871
21965
23978
14554
15556
8578
64
1009
20295
19914
12371
16363
7519
14357
8035
22096
11309
10668
9801
13737
29019
7532
15946
917
12554
9538
32479
21676
20093
11110
11330
1559
31623
2903
8888
5356
29364
16025
10914
3914
10298
6449
321
31545
7582
20957
8780
20286
17446
21011
7731
22721
6658
2496
2353
11296
28217
17085
20244
31375
30549
12305
30668
27062
10445
13545
10421
18696
29495
8024
28324
16612
23338
21198
7347
22382
4852
7770
19405
26412
769
15008
18168
25440
27910
11160
28773
1575
5616
523
27449
17494
8848
14542
5657
8976
4867
10685
8824
19239
2274
22135
21664
30264
17455
219
14465
4485
762
20293
22333
12944
12246
30857
14703
14717
2815
13227
16959
15653
14920
26468
12071
7417
27591
21846
18562
21661
30527
15626
3801
27968
10832
12973
28909
10429
11104
9615
22148
17011
8008
21079
3060
25061
32191
7431
23152
6928
16519
3763
22806
6288
22873
29440
17076
19313
6801
20831
23646
15574
32409
15879
14512
23884
31255
16052
25571
28140
17622
16161
17554
24370
17781
20806
15690
16800
3026
13650
23252
9234
1588
25959
6977
31712
23866
8471
6586
29366
8839
13474
11012
13874
15915
30701
14038
9538
18128
16706
23003
30524
12457
18379
7301
14522
32538
12747
19096
14907
25895
19106
14193
19579
159
7294
31514
26254
7173
27105
29712
4543
9025
17112
6607
14122
14091
12789
27681
11035
2835
15633
2859
4645
31472
13763
17460
31746
463
5534
7988
20526
216
25134
14625
26690
95
21681
30457
29713
22479
16790
23950
900
26711
31671
6676
21045
22098
12117
1899
12494
28023
28887
15405
10272
7109
31554
28023
12803
12075
23160
12920
9200
16891
32048
29883
10079
525
27321
6452
23521
16051
6254
11788
32509
26976
6904
10540
13772
29975
12102
907
21588
16533
22349
15672
16036
30525
1664
5671
16307
5320
6671
1979
29177
30633
6367
19223
5579
11841
30540
30757
29047
27335
23201
2402
5924
18933
6227
20592
11366
22643
27905
10073
4004
772
10028
27300
30506
23923
16822
2074
26125
27707
10780
11861
4802
23801
11890
26893
7037
22930
20259
13858
9291
25124
28774
24425
15086
22958
10112
9527
7292
12670
8124
1454
14518
24414
21290
11466
3881
2685
4890
22826
16903
6943
7254
16799
31426
6404
13091
18294
31854
1178
758
389
32724
5858
15863
27640
13653
5154
14391
18649
2181
7503
31408
32096
387
11321
2560
30720
24602
9844
23781
27438
19609
13066
15991
26863
14962
16098
6185
11049
22677
23534
24445
5285
11146
26392
9098
14055
11601
8426
30255
26798
3833
9472
11541
14665
30722
27694
13926
19616
24436
17776
32079
27646
23227
29077
6710
22431
32329
19883
19131
9469
11242
14377
28016
13787
27366
7391
32089
5134
9688
21406
18722
15886
27217
15782
25123
12352
1580
19924
32532
14081
7855
26504
20112
21874
7527
16472
30027
19718
3776
12406
13330
4556
20070
7649
29063
14205
7519
28238
9114
9029
32229
11221
21703
3666
28932
18524
16658
9501
29176
11204
18114
20347
19268
30933
9951
28002
8594
13546
20845
5244
20558
15964
14695
6766
29697
15791
27770
30693
15981
32127
27270
20581
28781
21800
30933
10961
5515
4664
27929
9913
23903
3222
11304
14950
11946
20847
22646
17831
20534
4324
27734
1370
17259
14964
15344
13241
11441
29739
6913
24938
25994
22664
8790
21316
5227
10031
20742
28898
26205
21587
1394
4074
18008
8929
2558
10267
11866
13677
12684
15384
28234
16861
16317
758
1168
21464
6374
7815
25713
18924
30164
27236
17963
31105
5952
12220
23764
9602
13585
18912
3571
13253
9556
1930
1755
19774
30459
21744
19403
21736
31833
31373
7367
24943
345
31914
19508
9630
10625
26543
25398
29579
12715
5419
12234
18052
4477
13732
6306
32696
14509
11040
21188
16805
25590
112
21729
5701
17881
2367
9334
19448
32532
30430
22692
13616
8931
28109
28368
14046
17146
26633
19706
20896
16189
28696
3550
4519
21829
213
29389
4458
11155
5627
5960
31500
21650
14708
16993
13454
1359
6495
29138
8884
31735
29411
31450
11960
21012
23991
23771
31410
13959
17517
8629
28866
19268
5505
26592
6403
8912
31013
29260
25135
6524
6090
23032
18706
1630
15726
15700
2736
20
26025
2392
19765
12600
31861
14432
27553
30882
24512
8910
20528
20833
28083
15710
2442
15990
11200
24903
1711
13910
21102
31255
9632
18974
18916
13644
206
1172
25399
4017
10052
15586
23155
23679
11155
22801
28011
8751
13697
15430
4929
26912
624
23743
8372
22509
144
15757
25900
14732
28868
18447
3207
18727
15189
16690
20897
24506
25433
22122
19877
24433
17633
32367
28695
30911
2534
10680
27549
9534
497
32440
9104
29770
18572
7643
26182
1371
26219
10559
29
19494
22874
3123
29512
31347
12006
15984
24665
11197
7627
32538
27538
11915
18977
17268
10987
1937
8261
21862
26851
2693
29320
23985
18439
9411
17818
21996
4931
13728
30644
7750
18156
4238
11913
13050
7817
1268
14314
15760
13157
1994
18747
32218
30677
23288
18842
18090
6985
20076
4809
2644
8981
30461
21727
13031
17405
30467
2227
16938
18562
13490
7427
30040
4079
6715
19048
26779
29218
15265
14842
30282
5147
32347
27331
19939
31046
7855
484
32455
23945
11977
29065
29368
9228
27550
8846
5139
26314
899
3310
7116
29404
10892
27376
17198
15744
6309
29456
21840
7660
19826
17582
23638
22485
13800
29560
26221
17086
4008
23961
7812
6657
9759
14494
13515
16798
17758
300
21228
3015
32442
14692
6156
19239
6947
8722
22656
15862
22341
23192
7503
7614
17760
5021
8044
24554
28904
16501
15024
29459
8156
29519
5273
1290
19943
20512
29381
7589
15672
16979
32044
6730
14625
24877
26657
22077
26225
12034
16902
2985
15762
7962
24786
14704
2659
3680
11076
6578
3539
6864
14820
29983
7490
1438
3006
24317
23448
3111
19166
9720
26657
25497
23690
1453
7983
17249
14658
25845
18542
10839
18552
11505
20229
19115
15375
1242
24434
18575
10134
32390
1826
14242
20289
32697
12755
800
27307
29745
8362
11466
22350
5232
14099
3734
30398
19783
14684
2839
13480
5159
22801
22698
28814
13351
11029
21350
18240
24532
25477
449
30745
5052
29517
14338
25087
5561
25478
1643
21528
7422
2710
24098
11853
28387
30470
6371
3455
31856
11297
20328
32652
19627
3154
10899
31488
16290
3387
7009
5787
30263
4501
9615
15495
27310
1226
10506
21846
1528
5204
22040
9917
15804
8915
14407
25106
1835
20721
1048
7815
10881
14326
4971
15140
17242
12842
15530
25734
31162
19694
28853
14937
16346
16537
19345
20631
8371
2579
976
2174
27468
564
25790
32082
18116
3802
16208
215
31518
18892
32205
25485
31440
14674
17978
1193
30986
30352
22406
26072
6343
23975
3450
16051
148
9098
14175
19456
24355
28064
11628
22190
11407
18206
20726
11919
13421
4130
25430
5331
13462
17040
24473
21064
7351
10413
17131
30035
14997
24957
28608
29613
24353
20188
6088
11231
18496
18783
22672
636
23382
13800
30456
5920
31896
22795
25944
19755
3854
1060
113
9277
26987
30772
12053
7282
19341
6784
20630
8794
8402
22248
9712
16063
6944
19464
8630
1558
29363
7440
19133
961
22181
1380
7562
7434
23103
2547
6267
10208
27394
25687
24248
12623
7027
945
7641
12225
20138
16194
8789
7415
4249
5834
18093
13253
10013
7329
10588
19856
10182
26006
21885
7048
7783
6795
19002
14246
4188
1996
3321
18788
26782
17972
12868
14911
6280
23038
2428
13806
31078
25452
22334
29279
15042
15642
19088
31606
26991
9247
6356
32389
23378
17896
27753
20874
3059
20437
4642
12842
13767
23697
4456
30833
13371
23346
6957
14663
31360
19476
31639
5297
11034
28533
31337
11213
7206
16848
22065
31372
21614
25083
17972
4397
19758
15615
12057
27005
1187
7099
30296
21456
11609
28215
8288
14269
1586
28873
9611
9373
10037
1770
10690
28099
20252
26581
752
20088
32156
30949
14888
20925
26226
29100
29589
31168
2354
9683
26917
25370
31183
4276
25588
24526
9705
32440
24698
17922
8922
28786
18805
28283
20606
4984
30101
7898
23750
27909
21481
23448
29692
4688
29452
24002
10707
2730
20238
10357
26422
14170
4644
31257
26829
23865
13328
5469
6735
11276
9294
7670
23179
24484
27396
1303
29748
22199
27815
16815
22383
15229
15469
20581
24606
6666
10613
14164
13546
110
29368
2438
2834
1166
19887
9778
23287
19393
11202
12213
20835
28714
27252
30290
2461
24536
23119
21162
23597
4511
18576
11258
20079
11188
30611
9750
28378
30730
12797
13097
10766
17008
25771
1322
25759
31847
27486
6941
26020
17092
31779
26127
24062
8458
23939
16846
6248
11909
21360
15724
7747
24870
28394
28531
23839
12834
11380
20965
6409
28745
3386
25082
14231
23591
5887
32664
12212
27100
26312
18578
10796
17595
16970
27553
7926
28837
21524
12067
31557
9508
32380
10133
7245
15943
29003
22993
10965
24384
28200
17672
9089
8894
26565
4223
6109
29963
26571
22794
29737
29669
26502
23113
21991
28702
1872
28580
16165
27890
20671
10503
12938
14636
28558
28509
1059
32247
3404
29902
27371
24453
15302
27833
7964
2913
6710
18288
4408
20629
8488
28086
1494
7547
16688
14329
8749
32612
16461
7504
13666
32746
539
22067
19089
31765
9916
28412
20381
20784
11397
1569
23736
31593
104
12846
26801
555
10532
19333
30209
20028
31022
5590
1171
17813
29533
1372
21591
18693
20057
7132
17541
28548
17090
6495
23473
7000
4127
31914
17556
17642
25741
3970
19348
5989
4900
31393
10520
15124
17704
7542
9358
27000
4596
9632
23609
10028
10662
8745
15803
16250
32395
3714
31590
23993
6473
4418
2627
24684
975
27295
29918
16924
30461
20136
3799
13297
14098
10056
21802
17939
19161
31227
1849
14787
31123
27981
17567
22839
15267
10775
15283
28986
2556
5241
13534
18560
14411
6294
1693
12490
17891
1810
15957
3518
20844
15693
2522
28036
6987
5468
11709
3872
17105
22988
5209
29330
10787
14613
16797
20143
11500
29920
14230
2237
5572
18681
6084
2513
32350
17938
3353
3561
1652
7229
19152
18633
3444
4391
11252
31894
23271
7701
16299
24116
24998
29088
20039
25439
2491
20784
8971
22155
11544
5690
9917
19580
13050
17209
5871
22437
30235
27758
26126
5442
24986
28759
4135
28724
28843
15344
28797
13728
31998
5803
25547
22342
2032
12849
17241
30625
27252
31191
1217
7108
6080
24030
2686
7919
24247
5747
28986
17396
22041
6753
26068
76
24429
17815
20531
23800
27817
27486
24269
2329
29863
20566
16117
31310
16969
18485
3561
14033
2662
29504
20119
9552
29819
22405
28723
32397
531
20957
12666
15540
241
6821
27843
9344
29700
23095
6346
17420
7944
2346
2620
890
8443
6222
16898
9029
18759
7270
21582
17510
5032
31139
13414
22058
30434
19173
28979
1486
29221
177
11912
3040
1339
29680
26419
29525
32631
26733
17350
13929
20830
15116
4642
19770
19730
14283
10696
2595
386
21370
18656
24537
7252
17722
13829
27976
32397
15287
13014
27435
28678
10789
2877
22381
7567
26876
19837
31299
19936
9842
30462
8454
31044
25277
8664
10961
12292
29701
32545
17119
31636
20011
10743
25761
9855
2620
8012
1442
5908
27059
26228
283
10446
20850
13936
8533
12420
30847
9208
25283
5973
18047
9290
19675
14417
7667
28853
31928
27880
3636
5860
15729
29715
10543
16875
18999
8260
30945
2067
5681
30734
20625
18790
13847
13716
30161
27385
18320
20659
23858
31484
29260
32751
30410
2434
24289
23582
18023
16913
16230
4822
17296
4585
17874
21400
15679
26389
9234
25529
15713
21555
29164
1300
10249
9474
5270
7025
4728
12208
1045
15540
3534
28385
2647
6085
24972
12415
22543
24131
29137
25924
2900
7400
19792
23816
1017
11962
7956
31691
8618
14071
32755
13186
18379
19902
25555
20130
17168
19325
7840
22381
27868
24350
15625
10239
10331
23281
11517
28440
5470
25688
29161
13735
5370
29236
24750
12570
31710
17938
8036
28263
3704
19478
25809
8666
8903
3491
13223
10141
1022
8912
3457
265
29662
20106
22940
23215
26065
12681
31573
26404
20421
16372
21606
6800
11470
26067
12000
4854
3451
1592
19176
14657
20979
16685
3121
26386
27096
11356
829
7499
13784
27265
20051
5979
26387
19856
3647
18248
30768
28581
27340
1661
7229
28336
25346
1881
16202
14044
25888
21363
29893
1988
27224
25263
28564
8277
4685
5890
24565
15745
31309
10501
21269
22441
19534
20795
28785
19143
16810
14881
12528
21854
5530
1787
27581
6691
9076
31577
21734
4201
11428
3948
18870
3917
620
32010
1746
24485
3931
4482
9238
169
31887
20513
29229
2911
28330
12673
5618
24776
5781
2965
32138
3788
4599
28276
2878
6118
22388
488
4633
2448
10918
12214
69
3436
21468
9899
21286
24887
6037
619
12596
24941
10682
9209
17817
4796
6303
1797
14734
22059
27576
8185
26485
13319
29211
3778
9143
27025
31929
12894
14171
9577
92
26922
26731
7865
23392
2537
11271
29473
15153
24980
24134
30565
23944
16868
7120
26328
10596
27808
6460
7560
23498
26534
5162
18726
17470
1468
14880
15548
19709
12308
8485
21261
19199
15521
11807
3019
20911
23836
1262
20347
1640
29397
24132
1577
12207
21306
24395
27851
31795
18728
20213
21878
15749
24309
17696
15939
4759
15674
12146
27390
15862
10849
18415
28052
9159
30450
22874
18747
11139
25244
27985
7263
370
17926
16423
32080
29673
3411
5761
30124
26691
20343
20655
18573
9120
3645
22480
28531
25440
27412
16548
31216
350
23709
16431
15382
8172
12533
19987
30625
6547
26818
4267
27619
12423
14079
28391
30835
14828
12680
25578
16020
16587
32356
28773
28007
23763
2518
17841
9425
14543
4386
1711
6954
1259
3616
14944
29098
20646
20354
19523
25492
2198
18916
13938
15392
5087
28056
12667
16169
19825
3375
1535
28827
21765
8392
23565
26266
29653
29208
9276
4723
4382
32061
30346
11331
29270
4674
759
11625
17197
881
28641
1453
8518
27740
16926
30509
10162
23978
10971
17675
13873
31138
22327
8408
28711
19833
7583
703
12128
29532
9448
22642
26243
18748
24878
14036
12119
18523
622
31339
185
18843
12517
644
18521
17025
13096
29475
25656
18188
23040
10673
14306
23608
19979
20580
22891
26449
6931
15470
4650
17912
5421
741
12088
23286
29586
28789
23975
7108
15677
20423
3714
27350
25416
10928
7817
19115
9479
29210
15785
13718
6625
14515
21053
9802
31986
27735
21511
7463
5731
14910
23276
11846
24196
2533
23923
25670
13998
15038
23292
980
21467
4247
28096
31740
14082
31434
140
3891
20275
8746
9277
288
8567
27048
16634
21806
4709
19913
7988
27091
11652
20168
1119
31901
1636
20874
24429
25345
3963
9030
16655
995
704
3056
7083
24036
14345
7018
1819
9839
1317
7530
1067
19843
953
24617
31697
29246
22747
14801
30250
5165
23152
30884
17721
3413
11846
10732
8030
8448
16112
25510
26008
11081
8805
31981
4474
15719
20055
24871
1774
12985
13909
27123
17837
2709
12192
27598
13946
4816
14029
24968
4129
12045
29470
25193
4147
18631
5025
20258
894
13340
25094
24949
23119
5471
10049
2724
17511
4955
15844
19611
4286
25192
28218
31196
19706
29744
28707
2094
24749
22590
11954
25093
8273
6476
10631
25264
5125
9033
4078
26949
28165
32300
29108
11852
27883
27003
8653
18478
9640
9370
9895
2652
28993
28628
21580
11070
31305
4651
27706
23778
9762
28640
24322
17505
22002
32193
2979
31761
15207
7477
6308
3180
15659
11528
17139
1987
10022
23287
16000
13474
8823
507
1177
29442
12592
8534
11268
18481
10707
14430
9950
15746
28304
4876
566
32180
23612
21316
872
23843
11537
17122
16187
14513
19240
14984
1722
22386
20151
10538
17875
15130
9226
2134
12209
2854
5443
18756
21721
1741
13265
1698
32518
10661
23985
1820
28357
28438
23143
23725
22225
24703
19387
11432
12588
23082
28212
27781
18945
13040
25942
8044
7229
12971
3995
24707
23527
864
7730
17912
19011
2345
27769
26829
12203
19684
21308
7526
5928
26014
29611
10452
10195
3261
13853
32479
14318
18671
30855
21717
30145
23510
10426
5397
16950
24176
18016
32603
6452
14408
2228
457
9148
23902
9220
5817
20420
32471
27368
13124
2518
6757
18240
4754
29800
5236
18159
27104
14586
18714
14425
20818
20210
16315
4765
28030
21559
28031
9618
9652
21391
12917
19843
29455
5305
32132
9899
5181
21066
17174
31855
12813
29000
12930
28765
16573
5768
22077
5353
10753
13767
2753
30689
3027
30347
30777
22709
6142
2743
31473
1641
24680
21233
9856
8534
7202
27828
20402
15524
12593
1588
18744
7047
3866
5109
16143
1596
9775
17450
23728
29378
1948
19406
10748
32089
31280
27012
19174
27836
4077
14895
3550
15901
2126
15185
29953
29925
2906
5924
9730
10792
2413
5754
27862
6122
19393
21589
15650
7188
447
3910
24165
28468
22280
13446
12005
2808
24130
214
10586
31848
23715
21270
6493
7654
16958
3239
10895
29927
23312
7042
16009
12143
1226
2581
13703
32078
30044
12513
5587
16668
24134
26069
15859
21749
30877
17768
3474
24309
17887
29048
12591
29042
4472
25061
31879
29436
32528
8940
32707
2582
12699
7493
17250
2225
22302
17405
22244
4972
9538
17425
7740
142
4762
4558
2547
10943
22708
28651
9756
13193
2785
19554
11259
29075
19908
3859
628
1687
31645
13848
22837
22824
16723
23526
19107
28198
67
808
12421
24060
203
17499
6003
24992
16789
14634
31996
13128
28579
16775
17562
16109
21279
32397
3927
24193
15584
7961
25147
7663
16572
23074
18300
17110
18576
13020
22117
5126
19472
25233
19970
7350
14671
1082
11921
26507
23053
24032
32168
27978
16836
25525
8485
13143
4209
20721
31962
22005
5667
29294
16117
31292
9029
32514
1841
25561
4523
6560
21695
10888
21085
22829
26354
19283
3111
29219
31917
4488
5852
24040
7821
4987
24430
7148
24533
16128
175
26757
16925
12711
7397
1418
10170
22709
17424
28849
236
5351
29434
9129
8138
24038
30467
14838
24302
8585
17065
6288
1760
23245
32474
29499
7747
7316
25849
19365
4290
3104
11698
17985
22712
1871
8318
28902
6050
29332
4085
22310
18757
27321
20183
111
32158
22103
27096
13284
17806
4880
12847
7673
15938
14995
25821
13265
26468
15181
31422
28759
12291
16624
27985
18206
26179
10405
31815
26873
30148
32016
16333
13914
8403
13831
5017
31595
8275
14354
9910
20974
22121
20386
15376
17621
32746
9234
26559
4512
4230
24158
21779
9083
9649
32678
24932
9235
15445
9057
6038
15932
5433
10592
22638
28228
29743
905
15256
31764
9728
9041
30068
31500
31000
17142
19876
27548
5362
1666
29270
23203
23617
12416
13394
6792
17891
26235
30659
29209
22663
16698
26053
23846
13592
9406
10930
15068
23536
7160
19756
1507
6334
13386
27114
29239
16691
5316
24644
3271
12911
19739
15228
14543
14639
6248
25810
9974
20659
4007
27206
8743
25712
2026
26155
20015
122
6240
21360
13339
7344
1033
23214
14415
28325
823
25585
22119
28241
10436
31046
16078
31100
24341
17929
12831
16870
14545
16107
13886
29239
4449
16069
309
13737
14632
9248
13776
3703
10623
15232
19961
9989
31863
629
20177
2508
9294
3935
8850
27659
7853
10756
13351
30511
8103
24787
10376
15615
28786
9973
20951
17031
32227
18201
14396
19914
21163
14076
21633
25127
31060
6075
22636
6023
505
28376
8416
14412
10184
25614
11698
20985
21049
4053
15180
9377
28171
9907
23044
7441
23043
3401
7994
17853
25444
8473
19508
23147
3629
16920
1721
27297
9493
26871
32623
14031
19783
22065
8693
13373
6621
9685
10943
25523
23326
21521
16053
26346
9592
32386
24715
181
19516
28221
24542
27631
19484
13981
7700
13603
24932
29899
17648
766
17915
31758
19191
31093
21273
31448
24966
9142
709
25740
10416
4304
3350
11280
17625
3873
7462
6935
12820
12931
22996
21035
28988
4406
15938
15741
27348
25483
32266
2669
9119
29270
28990
27095
7935
17
17446
11043
2830
6352
26297
31755
4734
29929
30679
22827
28721
23135
10316
31562
8343
10515
20869
19818
19659
32169
15376
14225
19309
5947
20949
19030
21309
27584
14358
5930
15228
5946
3368
16748
26115
4515
17903
5163
12064
22421
26394
10424
32563
29116
5668
27123
23053
1788
15878
83
2052
25953
17340
29362
13526
11722
1662
2014
8259
3669
10171
13536
15464
14217
22229
9226
21981
30790
7328
8386
8590
11373
25240
29713
19546
27215
12772
32235
26733
6871
26126
5948
21598
26742
20352
2231
30727
12497
446
8797
29480
25901
18789
16335
6587
1430
1511
17749
23061
8915
25347
25002
26817
4873
11783
8333
19996
17713
17093
6664
12720
24379
19543
19071
32593
4863
21906
24440
16889
21992
25931
1324
20580
26463
8780
209
10091
20985
15124
9125
3618
21343
3410
25274
24496
22273
18720
8069
5873
28538
3072
27940
30669
31425
12183
24178
29270
23829
18475
10445
7076
32423
3806
10146
22640
30724
13224
3261
5491
6473
21270
18770
10620
14341
3012
31690
15700
28652
28571
28239
21842
16961
19659
29206
22716
16385
2695
9071
13028
10960
5507
25230
27135
14501
6191
3351
18372
26164
31408
17515
28617
1055
26275
19637
32668
27355
19089
20659
5284
355
6448
5701
21430
672
16479
28599
20086
11667
5087
30158
25204
19528
10195
22164
28162
15739
22262
17635
30423
27911
28830
21683
7781
26386
19060
20517
32762
29178
12784
20811
21656
23294
31127
11453
30869
25004
7668
30941
12019
28174
15960
15845
15997
32148
25937
6837
17574
29376
23787
27231
23073
13204
2729
13934
25919
17083
3905
506
13837
16249
9755
14700
18473
30804
136
21265
18024
31872
6338
27745
11306
22539
14504
28685
8312
26317
12342
4299
26338
27149
30662
9441
538
19700
14856
11891
25680
17330
450
7308
18765
12658
1864
4333
5711
254
22971
13977
23463
23602
24577
29980
21523
28194
28040
3231
32220
7179
26298
26285
10671
24826
12606
10179
6972
14398
27637
19865
6032
17039
10927
26163
32051
4603
12721
11174
16897
18580
27879
4267
29384
30171
7913
2533
4263
24299
944
8178
26657
7525
25365
5683
15876
16671
20237
12892
28156
24715
2470
28859
22262
17385
20160
12616
12598
5932
32140
10608
10807
20141
24006
9889
25158
10898
31922
28052
10205
1277
24024
16990
3264
22260
31615
25910
12505
8211
21226
4100
24276
7411
30804
16558
22138
30809
28333
23585
24782
25375
16147
30241
2538
16098
3087
18897
7319
18289
7316
12034
15277
26352
6840
6204
13616
8400
559
25997
27431
16239
31372
6163
28220
12430
6456
12875
9749
15478
18222
20760
9077
1002
18044
18835
30737
28875
4985
22421
12339
1422
7623
10501
18960
14174
5383
20962
18154
16144
17759
29967
12774
3275
16301
11746
14507
19059
18824
1643
12734
6362
20731
1668
11424
29605
24576
10141
26532
26624
19390
14660
18322
2561
7042
631
11518
21725
25471
11178
17253
25037
3910
15766
9740
8638
22531
16584
30361
1467
25213
18917
16750
16923
16587
32445
19401
6250
21463
24599
10141
21528
18580
25655
10541
26084
11519
11823
6766
18950
22743
28139
18458
9503
9755
13562
17556
17377
13640
19484
31871
27006
14671
21905
31004
6353
1880
18460
27751
17487
26169
3801
25329
4268
22965
22980
14204
5709
25973
27397
9304
19824
966
27901
3712
4381
19480
7441
26227
25804
1330
22329
15060
26835
7990
20039
22721
10646
20825
31992
5619
13677
22366
7100
8346
9555
2775
10053
28918
1108
21531
17361
14517
16821
12038
2360
27664
6624
16243
949
16548
8726
12666
30068
15888
25299
24938
9439
15444
11520
1925
17320
27620
5595
25470
14998
17295
17830
9139
26129
28691
1299
1066
3948
8572
13674
24909
12020
21057
8064
14950
17084
25628
17752
24537
17958
11949
8854
18723
5682
23501
1960
20118
20102
11699
31666
17105
27457
2761
20797
10241
15232
27468
22944
31963
28844
1190
25386
23893
22154
20107
28180
29479
0
15829
17450
29189
29864
20768
24371
7065
11030
19237
18981
1858
23530
14039
26890
10639
31124
4415
21424
22394
22762
13592
12051
16740
22123
25642
12683
8660
1105
2663
15798
7151
11608
5831
16419
1463
14417
1507
15299
6660
14437
31315
12560
20034
13866
32457
19450
18416
32103
19946
1174
11732
31655
15344
7814
20734
31616
7680
13094
27012
18593
19276
12924
25335
2205
5097
1756
29863
21625
18797
18270
411
24310
13648
9473
31823
13216
6400
32412
18987
23187
5057
18312
25288
27920
2635
11535
9954
26307
27681
9875
11035
16338
29363
23678
29301
7077
13875
4589
21645
6264
13367
32027
2968
2978
9235
14991
9759
13986
13556
18182
22650
16622
4541
11294
27150
636
18081
19399
14918
27405
25733
30313
6482
4668
32275
14293
28834
15434
23198
1774
30497
24486
31417
17428
27954
30527
19093
12883
7275
11658
7710
22352
5908
11346
21205
28143
29533
7491
13163
22469
32355
10036
31011
14657
8929
29752
1765
11417
32694
3171
14881
14198
27163
4444
28009
28510
22432
9895
2253
30949
27627
4783
15349
19859
9776
25750
15873
29844
27247
10941
12065
6690
25201
1554
30707
12723
29312
9756
17056
3810
15849
31176
27060
8478
30514
8433
30913
15892
30748
27313
6836
9949
23895
27754
4594
13287
8712
32146
5690
21413
30459
9282
13370
18422
20904
15998
2798
20054
28391
29762
700
7879
17779
15953
23121
28029
9248
3517
9529
23372
30684
24629
6208
210
30055
19729
16268
100
8914
22303
31351
19129
31929
3883
22830
601
13120
21328
14347
10691
15054
14081
13490
2145
11404
24535
22765
29228
12956
25368
5960
24095
31769
28683
30060
30557
29907
21246
60
5409
15559
7443
26033
17769
7008
31951
20598
22114
27248
4961
24898
2706
13549
21170
25081
25544
1388
12336
3714
12483
8285
14426
3942
18853
9740
20236
558
10006
22611
10376
11129
16439
32
18248
11999
23373
11946
2694
26761
15658
22130
6535
17549
25435
30716
14251
12298
13587
24138
19766
7
22234
10013
12508
27148
3317
4843
32270
27262
22676
22687
1031
13499
15294
30995
6549
2298
20477
20045
25000
3040
7113
21117
19612
31713
21173
23218
25158
24668
27739
16736
8384
3701
15880
15506
31733
8114
808
23535
18923
13909
112
27246
10195
11131
11725
12249
9170
761
4880
19971
14221
16626
17238
13768
24439
32056
9017
28617
23258
20584
26040
13541
24742
30404
27622
4726
21756
17614
29526
5712
19322
18858
16194
15994
25157
15153
10365
10410
16855
2004
16415
15746
19854
10807
28906
21389
20720
6793
19326
1528
13759
31141
26945
15120
3777
20970
4620
5759
844
2523
4246
21318
26515
25717
24993
16762
3507
11092
10726
25534
7037
24196
7873
26756
28929
1576
19869
31490
27615
461
28189
10230
4941
29068
11023
21019
30951
5345
3601
29286
23098
15182
31233
8201
20238
8879
24614
7205
4215
24412
7200
23885
9370
10753
8848
22207
31552
12092
28294
30561
18204
15611
22958
7293
8156
27028
19258
29756
14578
4257
27022
3044
14623
16801
15023
1489
32452
31824
24425
13108
23784
22210
21826
3471
7432
26945
27425
19436
20898
7148
21694
4064
17792
12812
2249
26179
5061
12085
21978
6060
13497
29217
23067
1199
2900
8524
18871
2518
16268
17743
12289
10080
29022
11517
5989
26812
4254
30527
17423
18371
25983
24239
27997
1977
5602
8951
8709
17410
13151
11240
17158
11940
7700
16985
16720
14976
18480
31430
2610
11600
9790
11684
20103
21855
22578
6533
4256
24331
22325
2800
9456
1532
13360
9726
4474
7714
13082
11701
30715
12400
20226
25892
30423
10074
29403
26178
11460
18191
29451
2695
19256
28022
5042
16712
25491
21994
10170
28627
23308
23734
5283
14159
12637
32335
18188
15440
1582
3668
25600
19517
2371
25158
17158
31842
16740
27655
31975
7892
22032
20
6973
10504
18400
17282
13504
26674
17341
32186
592
8031
31937
18932
14530
27473
14574
25716
13162
2078
31889
3975
15213
21639
116
19516
30659
12057
24262
25315
21006
2309
8907
30535
23582
19136
10052
9387
577
26203
28572
23941
5707
13216
26583
2812
32616
29168
14138
10275
6820
3039
4539
21747
6199
30860
13351
7434
24978
22210
30485
28198
21546
7632
9358
31328
23815
40
31865
552
16651
23482
5065
16900
7683
21518
31333
8
28783
29219
21466
29972
10770
26123
20163
3536
9528
17987
9972
16232
202
26836
7785
27656
12562
12842
6385
4886
20815
30135
18074
18739
504
17479
2267
13295
24528
17442
32388
1358
24495
28387
25190
13055
6922
20763
10434
25942
22855
10149
1906
23054
25027
30407
21721
14017
25247
30477
27020
1827
30798
29670
28861
25346
8671
30715
21355
30718
11787
25427
10828
29448
27902
18216
25205
1435
13029
9094
207
701
30524
25257
12346
20404
7381
11796
1662
9353
11943
31089
11254
22590
7516
24364
20987
13518
18840
10957
9233
3817
26379
11545
8148
7532
1077
13800
32673
19618
17148
20421
9219
2365
3567
6472
10212
16146
22104
22578
2928
1944
9988
8781
8648
17438
6097
14337
11628
8144
28156
27830
22373
13672
29992
14573
27957
21683
23853
21022
4479
9162
10406
25679
19318
6158
30777
18809
8455
736
16036
23194
10182
11813
10637
13977
14490
17533
19206
6878
12839
318
20449
10670
30206
25650
20154
14919
3207
25877
31677
3775
7082
25293
19771
2973
7232
19047
23793
19764
31293
12758
4626
14019
2969
25194
24602
22350
2563
3857
9810
16442
31557
12881
31777
10667
13429
20481
30233
158
25569
5835
12221
15045
19896
7521
9748
3110
10104
14210
12014
23154
15899
7851
6393
2598
21249
27294
16515
355
23452
5524
9484
31886
4061
2113
19347
4263
29538
27020
31133
30570
17756
11787
5381
296
834
9024
13447
18530
27191
29333
11531
810
9020
22553
10161
3642
1557
2296
3232
3537
7933
1468
20111
16465
25353
21574
25359
24218
16220
23946
29599
9764
28432
27406
4974
26847
17375
32
1518
16074
19861
2778
25117
13653
3126
10455
7826
6264
6383
31666
21066
12687
29117
18755
13872
6140
21471
25496
13166
28539
20732
5301
2678
12355
2836
2572
24271
21730
17193
31674
13216
2518
9897
2951
9469
15082
1954
6044
27125
6743
27556
32002
27479
32150
7541
1503
31560
11270
11640
32623
31110
31554
3290
13251
28794
21824
12161
17212
30463
1066
24757
6599
25333
24572
13964
31702
6276
14818
20504
26401
560
8527
19023
17185
32161
24285
6077
7497
18736
16616
9963
27907
15921
5608
909
7022
25603
28818
24175
19160
10200
4526
10270
6653
17733
5047
10838
24317
11145
13364
19503
5663
27549
22233
27910
72
31488
7772
556
11577
22335
14105
25425
28043
22086
12133
29103
26732
12137
31154
1526
20759
2354
29799
20730
30741
6120
4988
6943
13365
6372
2009
3712
24396
13971
108
30690
25261
8522
24844
10843
3943
26829
2833
29122
15937
25245
5039
16341
29558
10501
1047
45
561
32483
32588
16098
27591
9271
27077
3582
30390
26477
28360
21922
14689
32618
32641
31482
5257
31320
10213
2530
22923
19762
21833
19797
6236
20494
27329
666
20804
13102
16185
4909
1629
14533
24917
366
26827
16265
15626
29708
7609
27132
32505
3119
22295
28283
20879
29288
15380
23555
20445
18009
23901
24518
19000
23843
12563
22386
14480
31380
21135
15420
30353
28941
469
12974
9595
21557
7897
19254
20418
10848
7284
16234
10853
18621
10020
14364
4111
17985
31622
26658
4591
12631
10389
2018
14935
29764
14752
32160
23830
5212
1037
16007
4502
14311
5327
13432
12982
7888
31144
13462
101
31251
25120
21134
16131
19940
21569
7335
28792
19104
28951
3213
784
18549
1259
14557
4637
20944
24377
4975
5195
26761
11895
16487
5057
29137
23429
20987
19453
29911
8434
29953
18796
6205
23029
23104
26316
2622
17702
26739
17474
16283
14079
796
5178
13642
30742
29199
23042
8414
19224
13754
30246
15285
22149
21557
7305
5347
28205
27405
4168
5601
30830
4560
16719
9718
27434
22872
10167
6241
7307
29656
30950
20811
25462
20904
4709
19824
17360
16080
13951
30855
8819
19798
30367
32374
15599
6215
26471
823
24833
11143
31376
28040
8147
7258
6788
12373
30969
7854
25533
16102
14632
9006
6107
6088
2228
18951
9864
4732
26064
13944
26636
23522
1667
3868
26031
19812
24172
14071
19410
2787
17463
2882
25036
4961
29403
12791
9093
12403
25241
17691
22741
28772
13748
26318
18074
5929
13553
2579
21915
12809
6093
31840
19232
14857
5249
31717
28493
28953
29622
26268
15682
26111
9224
19989
30965
19207
2365
31743
18122
2919
834
13173
8439
19316
26857
15118
18074
16263
29284
31651
151
1453
20353
16350
22579
28178
26019
24712
7026
24107
29060
27023
19248
15013
2220
984
20226
1040
14000
12234
2762
4683
12843
7318
12828
6830
25982
10312
30036
27898
18247
21647
25715
4865
16034
15436
9150
16149
3874
21981
19989
13618
2190
3622
8468
6891
30299
2147
20203
23061
2797
3761
4606
565
17038
32597
24123
21674
31274
17107
19519
26522
13776
5808
6696
2973
21225
14593
24120
24620
8758
16572
18223
17096
9611
11963
1637
1258
27981
911
16297
5293
20909
26122
6876
1085
929
9867
21325
7167
12711
11015
24788
25470
15417
4060
5805
19736
13839
2390
21530
28781
11287
20989
8887
32643
28981
12708
24219
25273
27066
26931
17459
10098
4774
3887
32735
11645
16542
10510
6985
16198
21163
3389
25738
190
21688
23021
11003
24844
19914
3233
28123
31472
13821
1657
22693
4091
20546
2364
10543
2673
25562
31014
23426
12793
4497
28535
14205
32523
16571
27064
7208
14614
24560
8651
9433
19316
30087
23226
1033
32014
15315
11836
12275
30415
17696
9990
15602
17610
25451
13272
408
15914
20453
16195
24717
32733
20006
30778
21550
26112
18225
5984
6113
12297
6188
11531
2874
15286
4316
17435
10959
697
24034
25982
15067
18208
23223
18558
32661
6790
1897
15313
8014
11259
7699
4959
2637
2228
1053
9937
1131
15219
4921
11486
11373
30389
30232
32596
7460
13725
5360
5096
1094
32675
19887
13759
19211
15100
29692
19384
11399
14792
21746
14208
21962
28158
15003
6483
27577
28695
11054
1170
4779
17533
24585
28938
21443
2994
12397
29950
31760
2368
27643
5114
20837
11621
24818
11863
14585
3450
2598
23949
11199
30503
8383
18747
5252
2633
3511
16632
29642
1438
30481
9943
25958
12854
25818
30396
25563
6554
14817
30306
25973
29369
31797
23080
12069
29078
10595
27294
31008
26035
4716
30419
16694
21308
31624
8028
26355
29428
31646
17957
28023
17632
22398
12023
32533
8629
21732
7373
3758
30467
16685
30678
13004
6686
10199
18506
5757
24015
29882
4589
7157
22207
32264
23652
3299
31391
12806
29755
29839
1560
25735
12466
32696
21878
30765
19018
32304
7188
24415
3604
25139
9861
12553
31156
22924
4999
19734
3128
23654
12200
19631
22427
19955
24502
14896
7959
2750
17896
19695
3630
209
3533
9388
21623
11654
2808
16598
12841
7469
5736
12163
16745
18531
22202
12333
2131
27437
24334
17965
8138
12759
20665
30457
31488
22415
27567
12318
7108
4800
14766
4347
16270
27440
16427
5187
20812
21976
25853
21808
11242
12935
29132
27784
31140
1845
25144
8529
15371
5416
26825
26963
18648
9161
22169
30034
18292
7491
20931
17672
31555
22753
1674
32484
26292
12068
16201
1925
4874
13223
3871
5365
2279
12467
31574
14758
17821
16546
20375
9005
14644
8436
2256
2240
6459
6963
737
1393
5199
8071
21769
23079
12909
27928
2323
21345
28151
25638
6464
20139
20871
24042
24819
7132
9847
9772
27679
13844
45
29345
20849
4217
12327
29706
829
29356
28362
23821
17193
8461
17642
31442
9371
19636
536
15197
18915
1834
19375
15790
18472
13803
4253
18330
24084
16796
28146
15719
26943
32012
20522
30506
18012
32748
23867
4065
2086
29006
29533
2640
12552
32224
18587
26524
23439
30181
30494
2984
32144
20215
564
2867
12824
1406
8227
16302
13848
6639
21680
15582
973
9669
10350
1078
14577
17472
2247
4594
13219
19168
7372
8179
4631
3488
6844
14942
253
10995
27222
499
1202
7039
8159
14381
10537
412
7154
28958
17560
29835
23562
1801
14562
17270
18384
11197
24519
27692
1829
13236
3534
16793
11503
30447
22510
32262
17060
25487
2047
15638
152
7731
27619
6524
16134
19477
27507
27261
27616
25315
4395
23849
4439
6751
29078
25945
14633
23477
7544
16999
14509
19104
2749
5040
12703
17467
8228
14539
21420
28583
20395
31110
10940
15458
27577
12708
1539
27234
8974
31833
17351
30709
20331
7041
3567
4440
768
5796
21327
24089
154
19883
2485
18477
2697
31582
1203
6352
13394
25509
27946
1824
8985
10619
9627
5240
26829
2225
10029
21133
26129
28520
9086
28491
24301
13132
30506
8813
11833
24209
14620
22750
17349
20654
29335
14803
22857
11996
19459
24997
2576
24653
14968
28271
14691
4653
31244
14956
29622
32601
24796
24589
13973
30690
22237
25565
19276
25664
32352
8213
8281
16470
22886
19966
19858
18985
30633
18699
12054
24672
31079
26546
17141
19579
29421
1550
13727
29907
31975
7734
18701
12886
32105
2651
689
17918
30140
19619
19486
10774
24809
30921
29303
15148
28423
7025
12441
29909
10565
15180
12296
15907
19127
20464
11418
487
23009
19060
9958
3751
20228
3023
20842
31326
21290
25838
9342
1526
25587
31895
17660
15494
26654
14080
10668
19019
215
31534
11122
18280
9155
29199
27703
29278
18892
6998
16535
5705
16044
21530
2127
6368
23867
11054
8548
27690
17529
7998
25108
24577
20827
8878
17790
3912
26966
306
14096
25835
25004
813
10420
29851
3961
27339
24506
9031
19580
9949
9348
23385
31910
22391
16627
18613
24677
75
31125
22642
16301
1220
28043
30806
14795
18914
2363
21012
17897
6616
30651
32324
12384
9575
16120
27430
8385
16121
29354
29463
29857
11132
10744
24271
31528
9476
9194
20320
23896
27423
18066
19438
16158
31991
25850
28463
25883
22827
30668
28834
27439
24426
13508
1422
22473
12243
12502
21953
6129
9232
31006
6
12306
15916
20108
27235
11657
10552
28748
23063
9454
10146
8438
3926
18725
2896
21114
24770
26403
4991
9417
4777
21120
19551
9028
26113
3777
19562
27877
6948
16739
27528
13104
25676
14503
20452
15319
972
4897
27788
20784
4628
21502
19915
19799
10082
28696
20294
11299
25929
8123
6105
20425
7139
309
30511
25682
1749
22560
291
3518
24071
30062
730
19702
13856
5177
11677
18291
27844
14152
4983
23983
7309
21344
20882
15438
21706
21073
1106
21516
4346
15036
24878
25702
11271
2213
4691
1288
19266
700
12279
23033
32034
6251
29565
24200
1980
5278
78
29430
8962
12630
24177
6368
6843
22509
752
2675
5190
6695
491
6222
29710
12284
18041
31285
7884
1576
27714
32380
4736
10606
5853
17454
4909
6832
25322
27648
26455
22448
19695
27640
24637
9380
10739
29149
10711
25211
3548
93
7822
32242
15241
13057
6845
17237
31407
21713
3052
8982
28532
13766
14278
13071
20429
27380
30432
30871
4760
25972
24361
18246
29817
3090
6703
16520
28277
17340
25367
16356
31311
4773
26713
16394
16549
19004
3392
1182
3274
25552
18205
5319
8803
31744
4686
21110
20672
6372
15090
14967
24576
9980
30057
6457
13283
22748
654
16476
16493
21909
23476
2303
11328
25059
8801
11975
15543
28696
20429
20400
26562
17099
24600
7315
10116
3647
30031
1659
27566
17557
11805
29864
17561
30898
11345
20319
9254
1006
1811
27511
20566
23170
9446
8868
25512
15022
14685
9346
30518
8877
25245
19553
21134
14681
8854
2003
15697
5534
12288
6646
20110
4256
23319
18306
21980
3756
535
14225
14905
27360
20855
5426
27301
29081
19429
15788
15486
5535
22020
1938
21402
19474
16872
28299
28710
15124
5709
12254
15937
10036
3483
9152
856
19357
2202
24413
17727
2307
28917
27560
18196
5961
18288
7395
30676
9714
23017
22253
11962
5966
23824
19023
20828
16992
26085
30213
16259
26514
32502
31244
8397
17432
21846
1711
28676
28708
14684
29842
24637
29646
28449
20859
30641
16065
2743
28132
31835
28327
21546
14145
3669
4178
28471
27409
3059
18351
17102
28327
7068
2667
23625
22453
30572
22882
19050
29085
22155
9420
11287
19320
4172
18214
28372
6882
21765
17122
30980
32652
6321
11982
15327
29567
2886
32068
26930
29745
15063
2583
18650
12361
15210
6968
27134
17970
28823
16428
11280
24417
21733
15406
23425
13415
23268
26403
24135
17846
17418
12610
11279
21811
2382
13696
3650
27775
12678
1724
25530
31749
12673
9135
25665
24259
12772
15761
8141
20185
22213
15756
13694
5844
25865
13538
32339
2999
24958
9181
10160
7117
1463
17274
31120
32305
9899
15828
17546
20249
26892
338
13189
9447
24425
6800
32058
27118
28163
16654
12654
1796
4207
667
7661
10956
23791
14719
1861
14784
24977
14699
12616
13057
14085
24353
29503
5598
25919
28387
21486
5158
30161
28061
26956
7470
20486
24785
30719
3489
15038
8518
3737
4106
8204
11376
6293
31266
28304
8350
9488
13019
13461
20454
23879
27945
20715
5584
26324
17299
21891
23493
11688
125
30668
30774
20935
7986
10960
21644
13510
20916
16141
1490
25350
5955
9236
17444
21678
12207
10212
27863
17002
30558
20484
31590
2533
30749
10338
9503
24071
15015
9198
913
16110
9461
27382
31156
30126
29003
13120
16343
4041
2559
32233
16970
5741
22024
22272
16079
32112
16970
29409
19649
1548
5027
17747
15362
4442
19893
28257
30374
7823
14962
6393
20833
28922
24169
10054
30385
6585
26066
18637
22730
24894
22106
22089
22086
19590
4527
3911
32137
14867
29899
5505
6901
21166
8193
16892
32211
18910
13257
12256
8188
10790
3660
6427
7243
10498
21934
24756
8130
16032
23325
26351
16767
32095
8862
806
27997
25864
7058
16226
19817
11726
22027
12732
24075
18183
16593
3958
6384
1448
15410
21976
25274
16003
3469
9420
10087
18495
32669
10041
20866
8475
15238
9503
2060
13410
9889
7031
24359
31661
20744
30152
26504
30683
16608
17801
18586
15825
9833
4922
20851
4850
17607
9537
11384
21853
7054
22661
8654
11241
7439
26316
5255
14818
32100
14037
9865
21120
26173
4661
12094
26667
7017
23794
28926
13169
23588
10977
14652
19907
3363
20159
22386
15347
30560
16146
5837
9326
10149
27837
9880
11577
15067
26470
7530
15788
8976
27528
784
8177
12617
13911
3384
15932
28685
15191
31458
30664
6830
6074
14982
18837
15702
24446
18182
18146
18901
8259
26450
7532
11564
13805
15581
8549
12761
19710
19651
7475
15072
11952
28599
24813
9118
13013
21678
19862
20557
29551
589
22551
15190
7695
787
16382
2906
32494
10310
30201
32254
8653
3999
28176
13178
9356
22452
22950
9953
6028
12073
1326
24366
1990
10902
21932
9490
3752
3383
8690
18816
947
28759
25496
18676
11222
30073
31672
22407
648
28491
1902
8628
30887
11595
19
19944
17683
22070
9012
2763
8969
32053
24148
13905
6721
24007
14950
27007
11463
27245
777
29949
1691
6679
9601
6753
2823
8273
889
3637
23490
31789
13691
3790
13769
2543
31019
7116
16377
891
18247
6768
10093
7039
19807
29345
9626
8032
18259
28860
19499
19430
29841
30751
12957
16550
9483
21107
24987
15923
6651
10173
6167
6915
13910
27428
17964
6947
15121
18560
22967
5787
2838
24230
14511
6815
13061
21110
1352
29050
12459
1697
1996
15674
13891
1083
23092
4380
25967
24580
12681
13750
15860
10358
24829
999
15416
10382
29384
638
25469
2907
29379
12973
12251
11335
18119
14124
11263
8232
12484
16940
9894
17158
22176
30210
17367
22186
27605
9360
26083
32235
22729
6515
10781
8376
31724
23278
30042
1252
24724
3481
19495
10165
1944
26313
29389
9258
7598
22974
4357
12816
15237
27536
21883
2499
2977
22998
21765
14533
29178
27
8608
13056
4436
10242
21807
11483
19037
12339
3058
2559
4232
13836
2759
27878
12460
11785
3364
13096
25947
5871
30416
27269
21763
13243
25956
2737
21959
30798
23941
32739
4891
5333
4062
21020
28962
19450
29152
30007
18887
32716
9785
3509
24477
8559
28949
13894
8823
28547
13335
4631
8647
12117
11798
14303
18615
19656
31384
16807
16393
3329
3343
3420
4527
16342
9173
31253
27177
7156
28393
11813
5026
12754
26215
12768
1738
8537
3273
27438
11634
32336
6368
17873
13033
3977
17296
5238
32280
21709
13646
30333
12639
32648
20315
20104
19502
18997
19645
5573
19044
23176
30466
6140
23912
6749
27316
25687
6920
13155
10139
32501
15892
6535
26805
7981
21689
20515
32758
1698
30879
21987
12736
15627
27842
25467
19488
15551
15633
26891
30158
23555
15304
30285
28899
32532
30862
31108
19800
24307
3406
292
18242
28915
23765
27714
19664
15107
7984
13754
26624
8380
22467
17954
2084
29993
4393
30834
26392
23898
31439
15727
1600
20391
17488
2524
32580
15301
21134
31584
9355
10122
10900
24630
11640
19584
11822
3478
27239
555
1606
12519
15462
282
22269
1953
19635
19120
6541
10756
16378
16816
14305
21626
24907
16266
17905
23501
221
12903
29919
14345
645
4086
7123
21039
22516
10484
29335
158
25267
10622
23025
24129
31200
21014
19908
26745
4006
13687
23781
4041
12925
1816
17086
10052
26151
18050
32421
24247
4198
21330
1274
13206
30077
13837
26115
1191
109
10664
1671
13424
21228
12754
17964
1634
22821
18951
12176
8898
23859
31061
3626
27995
22107
22253
1503
6885
28683
19305
2148
12595
1174
6879
17494
24096
1965
937
27162
20792
7325
32242
25206
1061
21579
26625
21228
7648
20207
11077
3034
23699
15763
9765
15443
12880
32586
26244
1979
116
22065
278
22821
7641
28711
4453
4204
5055
16204
11938
25875
15736
24122
24876
6877
14037
31750
25826
25643
17747
3061
17449
3610
10245
13566
6076
21081
31297
15620
30518
27339
5386
27600
26209
17120
6977
8656
19260
25267
7306
7825
14542
28643
31487
13054
6829
24627
32663
23382
3405
14817
18773
31982
28426
32199
816
17324
30195
5938
3269
23359
22108
28037
447
31
17954
29582
19458
9288
26812
20644
11418
9142
28679
32645
26471
17567
32206
32497
32132
32627
4634
28677
8828
19092
4671
15961
22572
26069
13475
11737
23926
25012
23885
27236
23466
24151
14129
29990
32437
15945
5694
2997
25607
18673
28195
25838
3142
30934
27109
24462
15284
29077
28706
32399
30048
22941
8226
20297
32016
5041
5027
5444
3050
5147
29025
22494
9188
19889
7271
11681
11761
29321
3096
24929
20201
1147
6396
19736
7988
29019
19020
1666
12606
14067
28732
14712
4763
19139
5899
19470
13301
16760
7883
10347
25529
29228
1008
18539
18309
4451
9371
24310
80
32705
3748
15134
25943
18573
8809
16635
459
3046
5722
5190
16700
20679
10048
20664
30403
31420
336
27680
10994
24417
11763
7751
23676
14240
4691
27267
8101
26790
19109
10013
18536
24746
28217
7780
2922
861
2115
9614
16801
25135
20839
17746
15043
15432
30214
20549
19057
577
30027
760
31776
22950
25843
2511
6603
23597
9696
2208
29019
3763
21853
15
1233
19450
1839
11436
4409
7972
5216
15305
6223
18926
2763
29212
22766
29358
2406
8218
25148
13835
5458
14
11671
6270
13220
23035
27454
5003
21489
2359
28096
15040
22428
16324
24613
13418
16863
9069
13021
538
23706
8357
27500
21723
24030
3871
17107
26928
23097
1068
16061
9936
4031
28377
12655
32
21981
22980
19564
19828
15837
28354
12779
8198
12344
6195
12538
18610
4767
23583
6254
3703
17096
19737
19601
20654
29177
11472
2955
4360
11605
7285
3212
8521
7913
30417
26047
28870
21366
12322
25838
13727
4348
22457
18165
28093
2571
5972
31208
29578
31177
19516
22020
8819
29890
5662
31062
18207
31347
30634
12845
22380
5012
25837
9281
11822
2345
23407
5280
18086
71
24588
2140
13252
1703
32402
8694
20253
23532
10016
27017
23466
948
1337
27574
6214
27744
11435
23379
32230
13988
14370
8658
9621
27085
13707
2675
4663
8405
31786
29738
23034
31784
18554
13902
27547
25652
14792
9222
27486
26803
3470
23155
25546
18616
13456
17821
17960
28539
7608
2079
30394
29156
21170
