32762
32760
32755
32755
32753
32751
32750
32747
32746
32746
32746
32744
32744
32743
32740
32739
32739
32737
32733
32733
32729
32726
32721
32717
32717
32716
32715
32714
32713
32713
32712
32710
32700
32688
32688
32686
32684
32683
32683
32681
32681
32680
32680
32671
32661
32659
32657
32653
32647
32645
32640
32638
32633
32630
32629
32629
32628
32626
32622
32620
32618
32611
32605
32603
32603
32601
32596
32593
32592
32587
32583
32581
32577
32570
32562
32556
32550
32550
32548
32548
32543
32537
32526
32526
32524
32522
32519
32514
32514
32513
32509
32507
32505
32496
32494
32492
32491
32489
32480
32475
32475
32474
32466
32464
32462
32449
32447
32443
32442
32438
32437
32435
32433
32432
32429
32423
32423
32422
32422
32417
32414
32414
32409
32407
32405
32404
32401
32399
32397
32397
32392
32391
32386
32383
32373
32371
32370
32368
32366
32365
32361
32359
32359
32353
32351
32349
32333
32330
32328
32325
32324
32317
32312
32307
32307
32296
32296
32294
32294
32293
32287
32286
32277
32276
32273
32273
32264
32256
32248
32248
32245
32242
32235
32234
32232
32219
32217
32216
32214
32211
32208
32202
32201
32201
32201
32200
32199
32192
32185
32185
32181
32179
32171
32169
32160
32158
32155
32148
32146
32144
32140
32139
32130
32129
32128
32124
32122
32120
32120
32116
32111
32110
32109
32089
32087
32083
32082
32080
32074
32068
32066
32063
32063
32055
32049
32042
32037
32031
32025
32024
32023
32020
32020
32019
32018
32009
32008
32006
32004
32003
32002
31999
31995
31994
31980
31978
31977
31977
31976
31976
31975
31963
31963
31960
31957
31952
31951
31947
31946
31931
31930
31929
31928
31926
31923
31921
31919
31917
31917
31913
31910
31909
31907
31903
31898
31896
31896
31893
31888
31881
31876
31875
31872
31869
31868
31856
31854
31849
31848
31844
31844
31840
31838
31833
31832
31827
31827
31816
31813
31811
31807
31803
31796
31790
31788
31780
31774
31766
31759
31756
31756
31756
31749
31748
31747
31745
31742
31737
31735
31734
31729
31726
31721
31718
31709
31709
31708
31707
31706
31705
31694
31687
31686
31683
31678
31674
31673
31672
31669
31661
31659
31659
31654
31652
31650
31648
31646
31645
31644
31643
31643
31641
31640
31634
31634
31629
31627
31625
31623
31621
31620
31619
31616
31613
31603
31599
31596
31582
31580
31578
31578
31578
31575
31575
31569
31569
31568
31563
31560
31553
31550
31546
31542
31534
31531
31530
31524
31521
31520
31517
31515
31514
31511
31509
31506
31505
31504
31503
31502
31498
31481
31477
31476
31470
31467
31467
31466
31461
31458
31445
31441
31441
31440
31435
31435
31433
31431
31429
31428
31425
31425
31412
31406
31396
31395
31392
31391
31389
31385
31384
31379
31378
31372
31370
31369
31367
31366
31366
31363
31351
31343
31341
31340
31338
31337
31336
31334
31330
31330
31324
31324
31323
31316
31312
31308
31294
31291
31289
31274
31273
31270
31269
31267
31266
31264
31259
31257
31254
31248
31245
31238
31229
31227
31227
31221
31218
31218
31215
31209
31206
31194
31192
31192
31188
31185
31180
31180
31174
31172
31168
31164
31162
31154
31153
31150
31146
31146
31145
31144
31138
31137
31136
31130
31129
31128
31120
31120
31120
31117
31117
31116
31112
31109
31107
31107
31107
31103
31098
31098
31097
31096
31093
31092
31088
31084
31083
31082
31082
31081
31078
31078
31070
31065
31065
31064
31062
31060
31058
31057
31056
31056
31052
31051
31046
31045
31042
31041
31030
31030
31029
31025
31024
31022
31016
31014
31009
31003
30999
30999
30994
30993
30986
30981
30980
30975
30975
30972
30970
30963
30962
30959
30957
30947
30943
30937
30934
30934
30933
30928
30927
30925
30925
30914
30910
30910
30908
30907
30898
30898
30895
30892
30884
30883
30875
30869
30869
30864
30861
30854
30853
30849
30841
30837
30836
30831
30831
30824
30813
30809
30808
30799
30794
30793
30792
30790
30787
30773
30771
30769
30768
30766
30764
30762
30760
30758
30755
30754
30746
30742
30741
30733
30730
30726
30724
30724
30724
30721
30721
30716
30716
30714
30711
30710
30709
30707
30701
30700
30699
30698
30686
30685
30684
30683
30683
30680
30672
30671
30669
30668
30667
30662
30661
30660
30660
30656
30649
30648
30643
30642
30641
30638
30636
30635
30627
30623
30621
30617
30608
30608
30601
30599
30598
30595
30594
30594
30594
30589
30588
30588
30585
30575
30574
30572
30570
30568
30564
30555
30554
30548
30546
30545
30526
30526
30523
30520
30520
30518
30514
30513
30508
30506
30504
30501
30497
30494
30492
30488
30481
30478
30474
30474
30473
30471
30471
30470
30466
30464
30461
30459
30458
30458
30454
30450
30450
30447
30444
30443
30432
30429
30429
30425
30422
30421
30419
30416
30415
30414
30409
30400
30399
30391
30386
30385
30384
30382
30381
30378
30371
30369
30364
30363
30360
30354
30350
30349
30344
30342
30341
30341
30339
30338
30335
30333
30331
30331
30329
30324
30318
30318
30313
30312
30312
30310
30307
30306
30303
30302
30300
30300
30298
30297
30296
30291
30290
30287
30283
30280
30277
30276
30270
30268
30258
30258
30258
30257
30242
30236
30235
30230
30228
30228
30224
30223
30223
30221
30216
30213
30211
30210
30209
30208
30207
30204
30202
30199
30198
30196
30194
30193
30184
30183
30182
30179
30172
30171
30169
30165
30160
30156
30156
30151
30148
30148
30147
30141
30139
30138
30134
30133
30130
30128
30117
30116
30112
30109
30102
30099
30098
30098
30096
30095
30091
30088
30088
30085
30085
30083
30083
30083
30080
30076
30072
30067
30063
30055
30052
30051
30049
30047
30043
30042
30035
30030
30026
30023
30022
30019
30018
30017
30016
30010
30009
30009
30008
30006
30005
30002
30001
29999
29997
29997
29996
29993
29990
29989
29984
29983
29980
29978
29977
29973
29972
29964
29963
29962
29957
29942
29938
29937
29934
29932
29932
29932
29932
29927
29921
29918
29905
29890
29886
29885
29883
29872
29871
29869
29868
29864
29863
29852
29851
29848
29847
29847
29840
29839
29836
29831
29830
29827
29827
29820
29817
29817
29814
29812
29811
29810
29802
29791
29781
29768
29767
29762
29760
29759
29756
29755
29753
29753
29752
29750
29747
29739
29734
29733
29729
29724
29719
29718
29717
29714
29713
29709
29706
29704
29699
29697
29696
29693
29690
29687
29684
29681
29681
29677
29669
29668
29652
29649
29646
29642
29639
29638
29637
29633
29630
29629
29626
29619
29615
29603
29598
29593
29593
29591
29591
29586
29585
29583
29583
29583
29579
29575
29574
29574
29556
29544
29544
29542
29536
29535
29534
29533
29530
29523
29519
29518
29516
29514
29511
29510
29510
29509
29505
29500
29493
29492
29489
29484
29483
29476
29475
29474
29473
29472
29469
29462
29460
29457
29454
29452
29448
29447
29446
29444
29442
29441
29440
29435
29434
29431
29427
29426
29425
29418
29416
29410
29410
29410
29409
29406
29403
29399
29398
29392
29392
29391
29391
29389
29388
29386
29386
29385
29384
29381
29379
29367
29367
29365
29361
29359
29352
29350
29349
29348
29347
29346
29341
29339
29337
29336
29336
29335
29330
29328
29328
29328
29327
29317
29314
29309
29308
29301
29300
29289
29287
29278
29275
29272
29272
29270
29267
29259
29259
29255
29250
29244
29239
29236
29223
29218
29218
29216
29215
29212
29209
29206
29196
29191
29188
29184
29183
29174
29173
29168
29168
29167
29167
29167
29167
29165
29163
29160
29158
29157
29153
29144
29137
29135
29125
29119
29114
29112
29110
29106
29102
29099
29097
29093
29082
29081
29081
29074
29072
29071
29060
29056
29055
29052
29049
29046
29038
29038
29030
29026
29015
29010
28994
28989
28989
28988
28987
28987
28984
28983
28982
28981
28975
28973
28969
28967
28966
28965
28964
28962
28961
28959
28957
28954
28954
28943
28936
28930
28924
28919
28915
28912
28905
28899
28895
28884
28873
28869
28868
28862
28851
28848
28847
28844
28842
28841
28841
28837
28837
28836
28834
28824
28823
28817
28814
28812
28800
28799
28798
28797
28794
28777
28774
28772
28769
28769
28764
28759
28755
28746
28742
28738
28733
28732
28730
28730
28728
28728
28728
28721
28718
28717
28708
28694
28693
28692
28692
28691
28674
28668
28667
28666
28663
28662
28662
28661
28658
28657
28649
28649
28649
28645
28644
28634
28630
28629
28611
28609
28608
28600
28596
28589
28588
28588
28582
28580
28577
28574
28573
28571
28571
28570
28565
28559
28556
28556
28555
28554
28545
28545
28543
28542
28540
28539
28535
28531
28528
28527
28526
28522
28518
28502
28501
28497
28495
28487
28485
28482
28481
28480
28479
28475
28473
28473
28470
28468
28464
28464
28458
28457
28455
28452
28452
28450
28446
28445
28441
28435
28434
28431
28429
28429
28425
28423
28419
28416
28410
28410
28409
28408
28402
28398
28390
28387
28380
28375
28375
28374
28374
28369
28362
28362
28350
28345
28344
28343
28342
28342
28339
28335
28335
28334
28332
28331
28330
28329
28327
28326
28322
28319
28319
28316
28312
28311
28307
28302
28299
28299
28296
28296
28293
28288
28288
28283
28281
28275
28274
28272
28272
28271
28267
28265
28264
28258
28256
28256
28251
28247
28244
28244
28239
28238
28238
28236
28234
28232
28227
28226
28225
28223
28223
28218
28213
28211
28208
28205
28205
28200
28198
28198
28196
28195
28192
28186
28182
28176
28175
28174
28173
28165
28165
28163
28158
28158
28156
28152
28152
28149
28146
28144
28144
28143
28138
28132
28132
28128
28127
28122
28118
28114
28114
28114
28110
28107
28101
28101
28100
28099
28096
28090
28083
28083
28082
28081
28076
28072
28069
28068
28065
28062
28052
28049
28048
28047
28047
28044
28044
28043
28040
28036
28034
28031
28024
28020
28017
28013
28009
27998
27997
27995
27989
27983
27983
27982
27981
27978
27976
27975
27973
27970
27958
27957
27956
27944
27936
27933
27932
27926
27924
27919
27915
27915
27914
27908
27908
27905
27902
27894
27893
27888
27877
27872
27862
27860
27860
27860
27860
27846
27842
27841
27838
27838
27837
27829
27828
27826
27825
27823
27818
27817
27809
27805
27804
27802
27800
27799
27798
27797
27793
27792
27791
27791
27791
27790
27790
27788
27786
27777
27770
27761
27759
27755
27747
27746
27743
27743
27739
27738
27737
27737
27726
27722
27719
27719
27719
27717
27699
27699
27694
27693
27691
27691
27690
27688
27687
27686
27663
27649
27649
27648
27645
27644
27640
27639
27637
27636
27633
27632
27628
27626
27623
27621
27619
27617
27615
27615
27614
27614
27614
27604
27600
27600
27599
27598
27594
27592
27591
27591
27590
27589
27584
27583
27579
27578
27566
27564
27556
27554
27552
27552
27551
27548
27540
27538
27534
27532
27531
27522
27522
27520
27518
27516
27515
27514
27508
27504
27500
27496
27496
27491
27490
27489
27475
27474
27474
27473
27472
27470
27464
27463
27454
27453
27431
27431
27427
27427
27427
27427
27421
27421
27418
27417
27415
27414
27409
27402
27397
27396
27394
27390
27390
27388
27382
27377
27375
27373
27370
27369
27367
27367
27365
27365
27360
27358
27353
27347
27337
27336
27335
27325
27324
27323
27319
27311
27302
27299
27298
27293
27290
27290
27286
27282
27282
27280
27278
27273
27267
27266
27264
27262
27260
27254
27253
27247
27244
27243
27242
27230
27224
27218
27218
27216
27213
27201
27201
27198
27195
27193
27187
27179
27174
27171
27170
27161
27158
27155
27155
27154
27143
27143
27142
27141
27141
27140
27140
27139
27138
27133
27132
27131
27126
27124
27121
27120
27113
27100
27088
27085
27077
27074
27074
27073
27073
27070
27070
27067
27065
27060
27060
27056
27052
27052
27051
27050
27049
27048
27047
27039
27036
27033
27028
27028
27022
27010
27010
27009
27008
27005
27005
27004
27003
26993
26992
26991
26989
26988
26983
26982
26981
26973
26972
26969
26959
26958
26952
26946
26932
26930
26925
26922
26922
26919
26917
26915
26914
26909
26898
26896
26896
26895
26885
26878
26875
26871
26868
26868
26866
26866
26866
26864
26862
26855
26853
26849
26847
26845
26845
26838
26838
26829
26823
26822
26816
26809
26808
26805
26803
26801
26797
26795
26786
26785
26784
26778
26778
26775
26774
26768
26759
26754
26752
26752
26750
26749
26745
26745
26728
26723
26721
26720
26714
26708
26708
26707
26706
26703
26702
26700
26696
26695
26695
26694
26690
26690
26688
26681
26679
26678
26669
26666
26665
26658
26656
26653
26649
26646
26646
26643
26642
26640
26638
26637
26635
26618
26615
26609
26606
26602
26594
26592
26588
26585
26584
26577
26574
26573
26572
26568
26565
26565
26562
26561
26558
26555
26555
26553
26553
26549
26547
26538
26538
26538
26537
26534
26527
26514
26511
26509
26509
26503
26497
26496
26495
26494
26488
26485
26479
26479
26477
26472
26471
26469
26467
26465
26459
26454
26450
26445
26445
26443
26438
26437
26419
26415
26412
26409
26408
26407
26407
26405
26402
26398
26395
26395
26391
26388
26386
26381
26373
26370
26368
26365
26363
26358
26358
26357
26350
26347
26347
26342
26340
26339
26336
26326
26317
26306
26303
26300
26298
26297
26296
26293
26291
26291
26286
26286
26284
26282
26279
26257
26248
26244
26236
26234
26234
26234
26231
26230
26222
26214
26214
26207
26205
26203
26199
26196
26192
26189
26187
26186
26184
26180
26180
26177
26175
26172
26168
26162
26160
26157
26147
26146
26146
26144
26143
26143
26139
26130
26130
26125
26120
26115
26113
26113
26106
26101
26100
26100
26095
26092
26091
26088
26082
26072
26065
26060
26059
26052
26051
26051
26045
26045
26044
26039
26038
26032
26025
26025
26025
26024
26018
26016
26009
26003
26001
26000
25999
25992
25990
25988
25988
25983
25981
25974
25973
25972
25969
25968
25967
25964
25958
25956
25956
25953
25951
25951
25948
25946
25941
25938
25929
25927
25924
25921
25920
25919
25916
25914
25910
25909
25908
25908
25907
25901
25899
25896
25887
25876
25869
25868
25867
25867
25860
25857
25853
25852
25849
25847
25843
25842
25834
25833
25832
25828
25820
25819
25819
25819
25817
25813
25812
25808
25807
25797
25794
25794
25789
25785
25784
25780
25769
25767
25767
25766
25763
25762
25760
25759
25755
25749
25746
25744
25739
25731
25727
25726
25726
25724
25715
25714
25714
25714
25710
25710
25708
25707
25707
25692
25684
25682
25680
25676
25669
25669
25658
25656
25654
25650
25646
25638
25637
25632
25630
25629
25626
25625
25622
25615
25612
25612
25611
25608
25607
25600
25595
25595
25592
25590
25581
25577
25574
25562
25559
25559
25556
25552
25546
25546
25542
25536
25525
25521
25517
25514
25505
25505
25505
25500
25498
25498
25497
25496
25490
25485
25485
25482
25482
25476
25475
25475
25473
25468
25461
25460
25457
25456
25445
25444
25443
25439
25439
25437
25435
25433
25432
25432
25422
25420
25418
25415
25409
25409
25408
25403
25403
25401
25401
25394
25392
25392
25390
25386
25386
25383
25381
25381
25381
25380
25377
25376
25370
25367
25366
25366
25363
25363
25362
25362
25362
25351
25350
25343
25343
25336
25334
25333
25332
25332
25322
25320
25314
25312
25312
25302
25299
25298
25297
25293
25290
25280
25279
25273
25271
25271
25270
25269
25267
25260
25255
25249
25248
25246
25244
25241
25240
25238
25238
25237
25237
25235
25233
25233
25232
25231
25226
25225
25224
25221
25220
25214
25212
25205
25199
25181
25179
25179
25179
25175
25175
25172
25168
25161
25157
25148
25147
25140
25139
25139
25137
25136
25129
25128
25126
25122
25114
25114
25108
25099
25095
25092
25091
25084
25083
25079
25078
25078
25077
25075
25073
25072
25071
25069
25066
25063
25063
25062
25053
25048
25047
25041
25039
25038
25037
25034
25034
25033
25032
25031
25030
25028
25028
25026
25023
25023
25022
25021
25019
25010
25004
25003
24999
24997
24992
24989
24988
24980
24979
24976
24976
24972
24962
24961
24948
24947
24946
24933
24924
24917
24916
24913
24906
24906
24905
24900
24894
24892
24889
24887
24886
24871
24870
24869
24861
24859
24856
24854
24852
24850
24846
24846
24842
24838
24832
24832
24828
24820
24820
24810
24809
24804
24801
24800
24799
24799
24798
24797
24796
24792
24786
24783
24778
24775
24774
24766
24766
24764
24764
24761
24759
24758
24757
24756
24751
24749
24746
24745
24744
24742
24738
24738
24737
24733
24728
24722
24708
24705
24700
24697
24688
24688
24687
24686
24685
24681
24681
24679
24677
24677
24669
24667
24666
24663
24662
24662
24662
24662
24661
24658
24651
24648
24644
24643
24641
24640
24637
24636
24636
24634
24629
24621
24620
24619
24618
24614
24601
24598
24598
24594
24593
24590
24589
24589
24578
24566
24566
24558
24557
24556
24549
24546
24541
24531
24530
24524
24523
24523
24519
24517
24514
24513
24510
24506
24505
24504
24504
24501
24501
24486
24482
24479
24479
24478
24475
24472
24468
24461
24460
24452
24442
24439
24428
24427
24422
24418
24418
24415
24415
24414
24410
24410
24406
24405
24404
24402
24399
24399
24397
24396
24395
24395
24393
24384
24382
24381
24378
24377
24377
24376
24371
24369
24365
24365
24364
24362
24361
24345
24343
24342
24333
24330
24323
24322
24321
24319
24300
24294
24287
24286
24281
24279
24277
24273
24272
24270
24268
24268
24267
24267
24256
24255
24254
24253
24246
24246
24243
24243
24243
24235
24234
24230
24225
24215
24214
24201
24197
24196
24195
24193
24186
24185
24181
24168
24166
24165
24164
24163
24162
24156
24151
24151
24144
24135
24132
24129
24127
24126
24123
24122
24122
24121
24114
24111
24104
24103
24100
24086
24081
24076
24066
24064
24063
24061
24060
24059
24056
24053
24050
24047
24047
24043
24041
24041
24036
24034
24033
24032
24031
24019
24017
24005
23999
23996
23995
23991
23991
23989
23983
23978
23977
23972
23968
23959
23952
23949
23944
23941
23939
23939
23932
23931
23930
23924
23922
23920
23919
23917
23913
23912
23911
23910
23896
23893
23889
23887
23885
23884
23884
23884
23881
23880
23878
23877
23874
23874
23867
23860
23860
23857
23855
23847
23847
23835
23834
23832
23830
23825
23821
23814
23814
23807
23806
23801
23799
23798
23796
23794
23785
23779
23776
23776
23769
23762
23761
23760
23754
23748
23743
23742
23741
23733
23731
23730
23726
23722
23720
23717
23711
23698
23697
23696
23691
23687
23686
23677
23668
23666
23662
23660
23657
23655
23654
23653
23649
23649
23647
23646
23644
23637
23631
23629
23624
23620
23618
23614
23614
23610
23607
23607
23596
23594
23587
23584
23584
23583
23582
23578
23575
23571
23566
23562
23561
23554
23549
23546
23542
23541
23540
23536
23534
23525
23524
23524
23516
23512
23508
23504
23502
23500
23493
23490
23483
23481
23478
23477
23468
23467
23466
23465
23464
23464
23458
23443
23443
23442
23438
23433
23433
23432
23427
23426
23425
23421
23421
23417
23417
23417
23413
23403
23402
23401
23401
23398
23395
23395
23394
23392
23390
23382
23381
23380
23379
23376
23375
23364
23360
23355
23355
23355
23351
23348
23344
23343
23340
23331
23327
23326
23325
23323
23322
23318
23310
23310
23309
23308
23307
23305
23305
23303
23301
23295
23294
23286
23282
23278
23277
23274
23265
23262
23261
23258
23254
23249
23238
23236
23235
23234
23233
23230
23228
23226
23217
23206
23204
23202
23199
23193
23190
23189
23189
23179
23175
23175
23171
23161
23158
23145
23145
23130
23128
23125
23123
23118
23115
23110
23109
23085
23077
23076
23075
23071
23062
23054
23046
23038
23038
23038
23037
23035
23030
23030
23029
23025
23020
23020
23018
23011
23008
23006
23002
23001
22992
22991
22985
22983
22981
22981
22981
22980
22976
22972
22967
22964
22955
22950
22949
22946
22943
22941
22937
22933
22929
22927
22924
22921
22919
22919
22916
22915
22912
22906
22906
22901
22897
22896
22895
22893
22892
22890
22885
22882
22873
22863
22863
22852
22844
22843
22841
22841
22834
22830
22822
22820
22818
22809
22804
22794
22792
22784
22783
22782
22775
22766
22765
22758
22753
22750
22745
22745
22744
22743
22741
22735
22733
22731
22728
22725
22724
22723
22723
22723
22721
22717
22716
22714
22711
22709
22709
22708
22701
22701
22700
22696
22693
22683
22680
22680
22678
22672
22668
22666
22657
22657
22653
22653
22650
22640
22639
22638
22634
22633
22626
22623
22623
22616
22613
22610
22607
22605
22602
22601
22598
22597
22596
22593
22588
22583
22579
22576
22574
22572
22569
22568
22566
22559
22552
22551
22548
22548
22547
22546
22536
22536
22534
22534
22529
22528
22525
22524
22523
22522
22516
22516
22505
22502
22497
22491
22485
22485
22484
22483
22478
22475
22466
22466
22462
22454
22454
22449
22447
22442
22433
22432
22425
22424
22414
22407
22407
22405
22404
22401
22399
22387
22358
22353
22342
22340
22340
22335
22312
22311
22310
22305
22304
22299
22299
22295
22284
22281
22278
22275
22269
22268
22268
22265
22253
22246
22244
22244
22242
22239
22238
22237
22227
22227
22227
22226
22225
22221
22215
22194
22189
22186
22185
22178
22171
22167
22163
22162
22161
22159
22157
22153
22152
22150
22148
22145
22143
22139
22136
22134
22133
22129
22128
22124
22121
22121
22117
22116
22115
22112
22112
22110
22110
22109
22094
22090
22075
22070
22070
22067
22067
22056
22055
22052
22050
22047
22047
22042
22038
22038
22036
22033
22029
22029
22027
22024
22022
22022
22015
22015
22013
22008
22007
21995
21994
21994
21993
21993
21992
21988
21987
21986
21986
21967
21966
21964
21964
21962
21956
21956
21956
21955
21954
21953
21951
21947
21946
21945
21943
21939
21937
21937
21936
21931
21929
21928
21927
21923
21923
21920
21919
21918
21916
21913
21913
21911
21909
21900
21894
21888
21888
21888
21882
21882
21881
21878
21868
21861
21860
21860
21858
21851
21851
21849
21848
21842
21838
21837
21824
21824
21821
21814
21813
21810
21807
21807
21803
21801
21801
21797
21791
21791
21784
21783
21780
21776
21773
21768
21766
21765
21763
21758
21757
21746
21740
21736
21733
21733
21727
21727
21724
21713
21711
21703
21702
21696
21686
21682
21680
21677
21674
21669
21666
21666
21663
21659
21658
21656
21651
21651
21650
21648
21645
21642
21639
21634
21633
21632
21629
21628
21627
21623
21622
21621
21620
21613
21612
21608
21607
21601
21598
21597
21593
21592
21589
21587
21585
21580
21580
21569
21568
21567
21565
21565
21564
21562
21562
21557
21554
21553
21550
21547
21547
21545
21543
21543
21535
21534
21532
21527
21526
21522
21518
21517
21517
21516
21514
21507
21503
21497
21493
21491
21486
21485
21478
21477
21476
21476
21476
21474
21469
21461
21461
21460
21454
21453
21448
21447
21445
21443
21443
21440
21437
21427
21422
21420
21416
21406
21399
21394
21392
21388
21384
21372
21368
21366
21366
21360
21358
21356
21342
21340
21340
21338
21335
21335
21335
21333
21326
21325
21322
21320
21318
21314
21312
21312
21307
21306
21300
21296
21288
21287
21287
21280
21279
21274
21272
21266
21260
21258
21253
21249
21246
21240
21236
21232
21228
21227
21227
21226
21224
21220
21218
21215
21211
21208
21197
21193
21191
21184
21183
21182
21181
21169
21169
21165
21162
21160
21157
21153
21149
21147
21145
21145
21143
21142
21134
21132
21125
21124
21118
21117
21111
21111
21108
21105
21104
21103
21102
21101
21099
21083
21081
21080
21077
21076
21076
21069
21066
21060
21055
21053
21053
21052
21051
21045
21041
21035
21033
21033
21017
21003
20997
20997
20991
20989
20989
20977
20974
20965
20965
20962
20954
20951
20947
20946
20945
20940
20938
20936
20930
20929
20924
20924
20924
20921
20911
20909
20908
20898
20898
20893
20887
20884
20883
20883
20880
20878
20877
20877
20876
20874
20873
20868
20868
20865
20862
20858
20855
20845
20842
20841
20835
20829
20827
20822
20820
20813
20812
20811
20808
20803
20802
20800
20796
20789
20785
20783
20782
20777
20776
20774
20772
20772
20772
20769
20767
20767
20762
20760
20756
20754
20752
20751
20748
20746
20742
20741
20729
20727
20723
20722
20718
20714
20714
20712
20710
20710
20708
20707
20705
20690
20687
20684
20679
20678
20677
20677
20675
20673
20666
20658
20658
20658
20648
20645
20645
20640
20639
20639
20637
20628
20627
20624
20623
20622
20621
20620
20620
20615
20615
20612
20611
20610
20607
20605
20605
20604
20604
20588
20586
20586
20579
20577
20575
20570
20565
20557
20556
20556
20555
20553
20550
20544
20536
20531
20531
20524
20524
20520
20510
20508
20506
20504
20502
20501
20499
20498
20497
20496
20490
20487
20483
20480
20475
20471
20467
20459
20457
20451
20448
20447
20447
20444
20444
20443
20441
20439
20429
20424
20417
20406
20404
20403
20398
20391
20390
20388
20387
20386
20384
20383
20377
20371
20369
20366
20364
20349
20345
20339
20338
20338
20335
20333
20332
20328
20325
20315
20314
20312
20310
20309
20306
20306
20302
20300
20300
20292
20284
20280
20278
20278
20273
20273
20272
20272
20264
20263
20262
20257
20254
20254
20251
20249
20247
20237
20236
20235
20226
20221
20220
20218
20203
20196
20178
20177
20176
20176
20175
20174
20174
20173
20173
20171
20168
20167
20164
20161
20160
20158
20158
20156
20139
20138
20137
20133
20132
20126
20126
20120
20115
20111
20109
20103
20101
20100
20097
20096
20094
20093
20093
20091
20089
20083
20078
20071
20064
20062
20061
20061
20060
20060
20058
20056
20056
20051
20048
20039
20038
20033
20028
20026
20024
20021
20019
20015
20008
20007
20006
20005
20003
20003
20001
19997
19995
19994
19992
19986
19976
19975
19973
19970
19970
19965
19962
19959
19951
19943
19943
19939
19939
19938
19936
19933
19932
19932
19930
19928
19928
19923
19923
19922
19921
19918
19918
19916
19914
19903
19902
19900
19899
19898
19892
19889
19889
19888
19884
19879
19878
19875
19875
19874
19873
19869
19857
19856
19856
19856
19855
19855
19855
19847
19847
19845
19840
19832
19831
19830
19827
19819
19813
19812
19812
19811
19811
19811
19811
19798
19795
19794
19792
19790
19787
19777
19775
19771
19771
19769
19767
19766
19764
19763
19760
19760
19760
19757
19756
19754
19753
19753
19753
19751
19749
19748
19747
19745
19744
19737
19730
19730
19727
19724
19721
19719
19715
19705
19703
19703
19699
19693
19693
19688
19687
19682
19680
19669
19667
19666
19666
19661
19657
19656
19649
19649
19639
19635
19634
19634
19628
19626
19625
19623
19622
19606
19604
19603
19601
19594
19586
19586
19573
19570
19569
19566
19566
19556
19556
19555
19554
19552
19545
19540
19529
19527
19517
19515
19512
19506
19504
19503
19500
19494
19494
19486
19482
19481
19480
19479
19476
19475
19473
19473
19471
19469
19466
19463
19460
19455
19454
19453
19450
19445
19444
19443
19441
19439
19432
19430
19425
19415
19406
19404
19404
19402
19399
19393
19386
19386
19382
19379
19376
19375
19373
19371
19367
19365
19363
19363
19358
19343
19337
19334
19333
19332
19329
19322
19316
19311
19311
19303
19302
19300
19299
19298
19293
19293
19293
19289
19288
19286
19285
19277
19275
19274
19272
19266
19264
19262
19259
19248
19243
19242
19234
19233
19222
19222
19219
19218
19218
19217
19216
19213
19212
19206
19203
19196
19187
19174
19169
19168
19166
19165
19159
19159
19158
19156
19155
19151
19145
19144
19144
19139
19139
19134
19132
19130
19126
19124
19119
19114
19112
19111
19111
19108
19108
19104
19101
19097
19095
19094
19090
19090
19088
19083
19081
19080
19080
19078
19077
19076
19068
19067
19064
19060
19060
19047
19044
19042
19035
19033
19032
19031
19029
19027
19022
19020
19015
19013
18999
18996
18996
18988
18984
18977
18976
18975
18967
18963
18962
18953
18953
18949
18946
18944
18942
18941
18939
18935
18934
18931
18929
18913
18913
18906
18906
18903
18900
18896
18894
18891
18887
18883
18882
18881
18880
18879
18878
18870
18869
18863
18863
18855
18852
18844
18843
18843
18842
18837
18832
18830
18827
18819
18816
18813
18812
18802
18789
18781
18777
18776
18774
18767
18765
18764
18754
18752
18749
18749
18747
18746
18743
18733
18728
18726
18725
18725
18724
18722
18722
18721
18720
18718
18712
18712
18708
18707
18705
18704
18700
18691
18690
18686
18683
18682
18678
18675
18668
18666
18665
18665
18665
18664
18663
18662
18651
18651
18650
18648
18645
18644
18642
18636
18633
18621
18621
18621
18620
18619
18618
18607
18604
18593
18590
18586
18580
18579
18574
18565
18562
18562
18560
18555
18555
18552
18551
18550
18547
18541
18541
18538
18536
18532
18530
18527
18525
18508
18500
18493
18492
18488
18486
18483
18481
18479
18476
18475
18474
18471
18471
18470
18460
18455
18450
18447
18441
18439
18436
18428
18422
18407
18401
18399
18397
18396
18390
18389
18389
18387
18381
18380
18377
18376
18374
18373
18373
18369
18368
18367
18367
18365
18362
18361
18346
18345
18341
18339
18339
18336
18334
18318
18316
18315
18314
18309
18290
18289
18286
18274
18272
18270
18265
18265
18256
18253
18249
18247
18245
18244
18244
18244
18244
18243
18241
18236
18236
18231
18229
18229
18226
18225
18221
18221
18219
18217
18215
18211
18208
18203
18200
18198
18193
18188
18183
18183
18180
18177
18173
18171
18170
18168
18167
18161
18157
18157
18153
18149
18147
18146
18143
18141
18141
18141
18138
18134
18133
18132
18128
18126
18121
18113
18110
18102
18102
18097
18084
18081
18079
18079
18079
18078
18073
18072
18068
18068
18065
18061
18057
18050
18049
18045
18045
18043
18038
18035
18034
18033
18031
18027
18025
18025
18021
18017
18017
18017
18012
18008
17999
17991
17981
17980
17976
17970
17968
17966
17965
17954
17947
17944
17942
17940
17934
17933
17928
17920
17919
17915
17908
17905
17904
17892
17888
17876
17872
17871
17868
17865
17863
17858
17855
17852
17852
17849
17845
17843
17841
17839
17837
17835
17834
17833
17830
17830
17827
17825
17825
17824
17818
17812
17805
17799
17798
17797
17795
17792
17790
17784
17782
17780
17777
17772
17767
17764
17758
17757
17757
17753
17753
17752
17751
17736
17732
17731
17729
17725
17723
17722
17721
17712
17709
17705
17699
17694
17690
17690
17689
17680
17677
17672
17663
17662
17662
17659
17654
17653
17652
17648
17644
17643
17642
17636
17629
17628
17625
17621
17619
17619
17613
17601
17598
17591
17588
17583
17582
17576
17575
17569
17566
17566
17561
17557
17555
17553
17549
17548
17548
17533
17528
17517
17517
17517
17515
17514
17512
17511
17509
17504
17490
17487
17485
17482
17482
17479
17477
17477
17469
17468
17464
17464
17462
17460
17452
17446
17442
17440
17438
17438
17437
17435
17429
17427
17426
17426
17415
17414
17412
17409
17404
17400
17398
17398
17394
17393
17392
17385
17382
17380
17379
17376
17372
17367
17359
17353
17352
17344
17337
17336
17331
17326
17324
17323
17318
17318
17315
17312
17311
17306
17305
17299
17298
17297
17296
17295
17295
17293
17291
17290
17289
17289
17287
17285
17284
17280
17273
17266
17262
17250
17248
17244
17243
17240
17237
17237
17228
17228
17227
17225
17223
17220
17204
17196
17189
17187
17183
17182
17180
17180
17170
17166
17166
17162
17159
17157
17154
17153
17151
17149
17148
17147
17144
17142
17140
17135
17133
17132
17124
17114
17111
17111
17108
17103
17102
17101
17095
17092
17080
17073
17071
17070
17070
17068
17067
17059
17057
17054
17054
17052
17051
17044
17041
17041
17037
17035
17032
17020
17014
17004
16999
16977
16977
16971
16969
16969
16965
16965
16965
16956
16954
16954
16952
16952
16951
16950
16941
16940
16939
16934
16932
16930
16929
16928
16927
16927
16919
16915
16913
16909
16907
16902
16895
16894
16888
16886
16886
16884
16881
16879
16872
16871
16867
16864
16861
16861
16858
16857
16841
16840
16833
16830
16820
16799
16796
16788
16785
16784
16782
16778
16776
16773
16771
16764
16757
16755
16752
16752
16750
16749
16748
16746
16737
16734
16724
16721
16719
16715
16713
16708
16706
16699
16696
16694
16684
16683
16682
16674
16667
16662
16661
16658
16655
16652
16652
16652
16650
16631
16628
16625
16615
16612
16612
16606
16603
16598
16597
16593
16583
16582
16577
16560
16558
16557
16555
16554
16553
16551
16542
16528
16528
16515
16511
16503
16502
16500
16496
16494
16493
16484
16482
16481
16478
16477
16474
16472
16464
16456
16456
16452
16451
16449
16448
16446
16437
16435
16433
16432
16430
16418
16416
16414
16408
16395
16394
16393
16388
16384
16372
16368
16364
16362
16357
16354
16353
16349
16341
16337
16331
16329
16326
16323
16322
16320
16320
16317
16316
16316
16314
16312
16306
16302
16299
16298
16297
16284
16281
16279
16277
16277
16262
16261
16256
16253
16250
16249
16246
16245
16244
16241
16239
16238
16238
16236
16233
16230
16230
16228
16228
16220
16209
16208
16208
16198
16194
16190
16187
16186
16180
16170
16168
16167
16162
16159
16155
16145
16136
16135
16134
16130
16126
16125
16117
16117
16116
16110
16110
16097
16093
16092
16087
16079
16079
16076
16076
16073
16065
16064
16064
16055
16046
16041
16035
16024
16024
16024
16022
16011
16006
16001
16000
15994
15993
15990
15988
15986
15985
15984
15982
15980
15974
15971
15959
15956
15954
15952
15950
15942
15938
15935
15934
15931
15930
15925
15923
15915
15912
15905
15902
15902
15899
15898
15896
15890
15889
15884
15877
15873
15872
15866
15863
15861
15855
15847
15847
15843
15840
15837
15834
15831
15827
15823
15818
15815
15809
15804
15801
15800
15799
15796
15796
15786
15783
15779
15762
15761
15756
15756
15749
15745
15743
15738
15737
15737
15733
15727
15726
15725
15723
15713
15706
15695
15695
15688
15688
15685
15683
15680
15675
15675
15673
15671
15670
15668
15668
15665
15664
15662
15659
15655
15650
15649
15648
15647
15639
15637
15633
15627
15624
15623
15620
15620
15607
15603
15600
15597
15592
15591
15588
15578
15571
15570
15568
15558
15557
15556
15555
15553
15548
15540
15539
15532
15525
15525
15516
15516
15515
15513
15512
15511
15510
15501
15501
15499
15495
15491
15487
15480
15465
15464
15460
15457
15456
15451
15451
15449
15430
15429
15429
15428
15420
15416
15413
15411
15404
15400
15398
15396
15394
15390
15385
15384
15382
15379
15379
15372
15370
15366
15352
15352
15349
15348
15345
15339
15336
15334
15329
15321
15315
15313
15312
15312
15310
15307
15305
15301
15298
15294
15293
15291
15290
15289
15283
15278
15277
15259
15257
15249
15240
15240
15240
15239
15237
15236
15235
15231
15231
15231
15230
15229
15227
15224
15219
15218
15212
15193
15188
15186
15185
15178
15167
15166
15165
15165
15163
15162
15149
15149
15148
15147
15141
15135
15134
15132
15129
15128
15128
15126
15124
15123
15117
15112
15112
15105
15103
15093
15092
15091
15088
15088
15087
15087
15083
15081
15076
15074
15071
15066
15065
15053
15052
15049
15047
15034
15031
15029
15026
15012
15007
15003
14995
14988
14981
14978
14976
14972
14969
14962
14958
14950
14950
14945
14944
14937
14933
14927
14919
14918
14917
14913
14909
14907
14901
14899
14895
14895
14894
14894
14891
14890
14887
14886
14884
14883
14882
14873
14865
14860
14851
14849
14848
14847
14845
14843
14840
14839
14829
14828
14822
14819
14818
14814
14812
14812
14804
14800
14799
14786
14783
14781
14779
14779
14776
14775
14774
14774
14773
14769
14767
14765
14765
14762
14761
14757
14757
14753
14753
14743
14741
14737
14735
14734
14727
14726
14719
14716
14715
14715
14713
14707
14706
14706
14704
14704
14697
14693
14688
14686
14685
14679
14677
14674
14668
14663
14663
14662
14655
14655
14654
14653
14647
14647
14645
14642
14641
14641
14640
14634
14627
14627
14622
14618
14617
14616
14615
14612
14609
14605
14599
14595
14587
14575
14572
14572
14572
14572
14568
14562
14554
14553
14553
14551
14548
14546
14544
14539
14538
14538
14536
14532
14529
14518
14517
14514
14514
14501
14500
14486
14482
14482
14466
14462
14458
14442
14439
14438
14434
14428
14427
14424
14423
14422
14420
14419
14419
14414
14413
14403
14399
14396
14393
14392
14381
14380
14378
14375
14374
14370
14366
14366
14359
14358
14357
14347
14344
14339
14337
14330
14329
14324
14322
14321
14319
14314
14305
14301
14300
14299
14295
14293
14292
14291
14290
14290
14287
14276
14272
14262
14260
14259
14258
14256
14254
14251
14249
14243
14241
14238
14236
14232
14231
14229
14228
14228
14216
14214
14213
14207
14204
14195
14194
14189
14187
14179
14176
14175
14174
14171
14163
14162
14160
14144
14144
14142
14130
14128
14105
14103
14098
14091
14091
14084
14074
14072
14071
14070
14065
14056
14052
14051
14047
14041
14038
14035
14030
14023
14018
14017
14008
14007
14007
14005
14001
13998
13995
13991
13990
13987
13982
13982
13981
13978
13970
13962
13957
13952
13949
13944
13942
13939
13936
13933
13933
13927
13924
13923
13922
13919
13918
13916
13913
13903
13894
13892
13887
13886
13879
13873
13871
13870
13868
13866
13858
13856
13854
13847
13842
13840
13839
13837
13833
13823
13822
13813
13811
13798
13794
13794
13786
13778
13778
13775
13774
13771
13770
13768
13768
13766
13765
13763
13763
13762
13760
13759
13758
13750
13749
13743
13742
13740
13737
13733
13728
13724
13724
13723
13717
13717
13716
13714
13713
13710
13707
13706
13705
13705
13703
13701
13693
13692
13687
13686
13685
13683
13683
13680
13680
13669
13669
13664
13660
13658
13649
13648
13646
13639
13635
13634
13632
13627
13626
13624
13624
13624
13623
13619
13611
13605
13605
13604
13604
13602
13592
13589
13588
13585
13584
13579
13574
13573
13569
13564
13560
13559
13559
13558
13555
13553
13553
13552
13549
13545
13543
13542
13541
13540
13536
13535
13527
13524
13515
13499
13489
13489
13486
13482
13479
13477
13473
13468
13467
13461
13458
13457
13456
13455
13445
13440
13432
13429
13428
13418
13418
13408
13406
13394
13394
13392
13390
13387
13384
13384
13382
13376
13373
13365
13365
13363
13361
13356
13353
13353
13351
13350
13338
13337
13322
13318
13317
13316
13313
13313
13309
13307
13302
13300
13299
13290
13285
13275
13274
13265
13255
13253
13248
13237
13234
13234
13234
13224
13222
13220
13220
13219
13209
13204
13188
13181
13180
13177
13176
13175
13174
13172
13170
13170
13169
13168
13166
13151
13146
13139
13129
13127
13124
13122
13120
13120
13118
13108
13108
13107
13107
13106
13102
13097
13096
13087
13085
13084
13080
13076
13074
13073
13072
13070
13068
13054
13052
13045
13043
13039
13034
13034
13033
13032
13030
13028
13025
13023
13016
13012
13012
13010
13008
13001
12990
12988
12987
12983
12983
12979
12979
12977
12977
12975
12972
12962
12958
12950
12948
12946
12942
12941
12941
12941
12933
12925
12916
12915
12915
12911
12910
12910
12902
12889
12886
12880
12879
12877
12876
12872
12868
12861
12860
12860
12859
12856
12853
12852
12852
12851
12849
12844
12843
12841
12837
12834
12832
12825
12821
12817
12816
12811
12810
12806
12805
12800
12800
12799
12796
12794
12791
12790
12786
12786
12781
12777
12775
12775
12771
12771
12768
12767
12760
12752
12749
12748
12745
12745
12741
12739
12737
12734
12734
12726
12726
12721
12716
12716
12713
12713
12711
12710
12709
12706
12701
12698
12697
12696
12689
12688
12687
12686
12683
12674
12674
12672
12670
12667
12666
12666
12658
12656
12655
12641
12640
12640
12635
12631
12628
12628
12627
12626
12626
12622
12619
12616
12607
12604
12597
12585
12582
12578
12573
12573
12571
12569
12564
12551
12549
12548
12537
12536
12531
12530
12530
12524
12523
12518
12517
12517
12512
12499
12498
12497
12497
12496
12494
12488
12486
12486
12483
12481
12474
12472
12467
12457
12454
12451
12448
12446
12442
12440
12434
12429
12424
12415
12415
12414
12407
12405
12403
12389
12387
12383
12381
12379
12379
12377
12368
12363
12360
12358
12358
12352
12350
12350
12347
12346
12342
12340
12339
12336
12334
12329
12328
12328
12326
12325
12325
12319
12306
12294
12290
12287
12283
12280
12278
12268
12267
12261
12257
12250
12243
12241
12241
12237
12236
12230
12230
12223
12223
12222
12220
12219
12217
12217
12213
12209
12203
12202
12200
12197
12195
12187
12187
12180
12180
12180
12177
12177
12177
12174
12174
12172
12172
12172
12169
12160
12159
12159
12157
12155
12154
12146
12144
12139
12135
12125
12123
12121
12119
12105
12099
12096
12096
12095
12089
12080
12076
12076
12075
12074
12074
12067
12063
12062
12062
12058
12057
12055
12053
12051
12047
12042
12041
12037
12037
12032
12029
12028
12028
12024
12016
12015
11989
11988
11983
11982
11973
11970
11970
11969
11966
11963
11961
11960
11955
11955
11954
11950
11948
11946
11937
11937
11929
11920
11918
11915
11912
11911
11910
11906
11902
11901
11900
11894
11893
11893
11893
11893
11891
11889
11886
11885
11884
11881
11878
11874
11873
11871
11870
11868
11866
11863
11862
11858
11858
11856
11854
11850
11849
11849
11848
11846
11844
11841
11840
11831
11827
11821
11815
11814
11811
11811
11806
11805
11802
11800
11797
11790
11789
11787
11784
11782
11782
11781
11779
11778
11777
11775
11771
11769
11766
11766
11761
11755
11751
11750
11747
11743
11742
11735
11730
11727
11723
11718
11708
11702
11701
11691
11684
11678
11678
11657
11656
11652
11650
11650
11645
11643
11643
11641
11641
11637
11636
11633
11632
11629
11628
11623
11616
11613
11612
11612
11603
11600
11597
11595
11593
11591
11590
11578
11578
11575
11575
11572
11562
11559
11559
11551
11550
11547
11547
11542
11535
11531
11527
11526
11524
11520
11518
11518
11517
11516
11514
11509
11508
11503
11499
11498
11496
11492
11490
11488
11483
11482
11478
11474
11467
11466
11464
11460
11452
11448
11445
11444
11443
11433
11432
11424
11411
11397
11395
11388
11386
11384
11383
11381
11380
11375
11373
11366
11364
11363
11361
11358
11357
11354
11350
11350
11344
11342
11333
11331
11330
11329
11327
11327
11326
11322
11317
11314
11312
11312
11308
11307
11302
11301
11282
11281
11278
11273
11271
11269
11268
11268
11266
11260
11257
11257
11251
11243
11242
11239
11238
11235
11233
11232
11227
11222
11214
11209
11208
11205
11197
11192
11189
11186
11183
11181
11177
11176
11174
11165
11164
11164
11161
11148
11138
11136
11128
11128
11121
11120
11119
11117
11115
11114
11114
11113
11102
11102
11101
11100
11091
11086
11082
11081
11080
11076
11074
11069
11067
11066
11066
11061
11056
11054
11053
11044
11043
11043
11041
11040
11040
11037
11031
11029
11025
11024
11024
11024
11022
11019
11016
11005
11003
11002
10994
10984
10977
10971
10970
10961
10959
10957
10954
10949
10947
10944
10935
10933
10930
10927
10927
10925
10921
10920
10920
10920
10911
10908
10907
10902
10898
10882
10881
10871
10866
10862
10861
10861
10859
10859
10857
10852
10848
10848
10846
10846
10845
10845
10844
10836
10836
10831
10831
10830
10830
10826
10824
10818
10817
10815
10810
10800
10792
10790
10789
10788
10787
10784
10779
10774
10768
10768
10766
10762
10759
10758
10758
10758
10753
10748
10743
10740
10738
10735
10731
10731
10730
10726
10726
10719
10719
10718
10712
10705
10699
10693
10691
10688
10685
10685
10684
10683
10678
10677
10671
10665
10662
10660
10659
10658
10658
10655
10648
10645
10639
10629
10625
10618
10617
10614
10599
10599
10593
10593
10590
10590
10590
10588
10588
10587
10586
10585
10585
10581
10574
10571
10571
10569
10568
10564
10563
10560
10556
10552
10551
10551
10548
10547
10546
10543
10543
10542
10541
10538
10537
10537
10534
10528
10522
10521
10521
10518
10516
10511
10511
10509
10506
10502
10500
10498
10493
10490
10489
10489
10479
10476
10471
10469
10467
10467
10462
10462
10461
10460
10460
10457
10457
10453
10450
10441
10440
10430
10414
10406
10404
10402
10402
10399
10399
10396
10393
10391
10389
10379
10366
10362
10361
10361
10359
10358
10357
10357
10356
10349
10342
10333
10332
10325
10324
10314
10311
10306
10305
10305
10298
10297
10294
10292
10290
10288
10288
10287
10285
10284
10282
10279
10278
10278
10276
10276
10275
10274
10274
10259
10257
10253
10241
10240
10239
10238
10237
10231
10231
10225
10223
10219
10217
10217
10214
10208
10206
10205
10204
10201
10199
10195
10190
10190
10189
10186
10183
10183
10182
10181
10180
10179
10178
10177
10175
10172
10167
10165
10161
10159
10155
10148
10147
10143
10142
10140
10139
10139
10133
10127
10126
10124
10122
10119
10117
10114
10108
10107
10103
10097
10094
10088
10088
10087
10083
10082
10074
10074
10064
10060
10059
10056
10056
10054
10054
10047
10047
10043
10042
10034
10031
10030
10020
10020
10018
10010
10006
10005
9989
9984
9983
9982
9977
9974
9971
9970
9968
9968
9966
9966
9965
9964
9964
9960
9958
9953
9943
9941
9936
9933
9928
9927
9925
9920
9904
9904
9902
9901
9900
9897
9893
9890
9886
9883
9876
9869
9868
9861
9856
9852
9852
9851
9851
9848
9848
9842
9840
9839
9838
9838
9834
9833
9830
9829
9825
9819
9818
9817
9806
9804
9802
9802
9797
9791
9788
9784
9778
9775
9772
9771
9763
9763
9760
9754
9754
9750
9748
9747
9745
9744
9738
9738
9737
9736
9736
9735
9734
9734
9723
9722
9719
9719
9718
9715
9714
9702
9695
9689
9687
9685
9681
9675
9671
9670
9670
9669
9669
9664
9661
9661
9661
9658
9656
9656
9642
9642
9636
9635
9631
9628
9617
9617
9617
9613
9605
9601
9588
9586
9584
9578
9577
9576
9571
9555
9554
9541
9540
9538
9536
9532
9529
9527
9524
9517
9514
9512
9510
9507
9498
9493
9489
9483
9483
9481
9478
9477
9476
9472
9469
9462
9453
9451
9451
9448
9447
9447
9444
9443
9443
9443
9438
9436
9435
9428
9424
9422
9422
9422
9420
9420
9419
9414
9411
9408
9402
9401
9401
9399
9397
9394
9389
9387
9385
9384
9378
9377
9376
9375
9374
9373
9372
9369
9368
9366
9364
9363
9361
9360
9360
9358
9358
9356
9351
9345
9342
9341
9341
9339
9339
9338
9332
9331
9330
9329
9328
9322
9320
9312
9306
9306
9305
9305
9304
9300
9291
9289
9283
9283
9280
9277
9276
9273
9268
9253
9249
9244
9240
9231
9230
9228
9226
9220
9218
9216
9215
9211
9206
9189
9187
9184
9179
9173
9172
9172
9171
9167
9167
9167
9164
9162
9159
9157
9152
9148
9143
9143
9141
9134
9133
9130
9129
9115
9110
9104
9100
9098
9095
9088
9087
9084
9081
9080
9079
9075
9073
9072
9072
9070
9064
9063
9061
9060
9059
9058
9057
9052
9051
9049
9048
9048
9044
9043
9042
9039
9036
9033
9032
9032
9032
9031
9031
9030
9026
9025
9024
9021
9021
9020
9020
9017
9012
9012
9006
8988
8987
8986
8985
8983
8982
8981
8980
8975
8973
8972
8971
8968
8958
8956
8953
8947
8947
8946
8941
8939
8938
8933
8930
8925
8922
8921
8920
8919
8918
8917
8915
8911
8906
8904
8904
8902
8900
8892
8888
8879
8878
8872
8871
8869
8868
8850
8848
8847
8847
8845
8844
8842
8840
8836
8835
8831
8827
8821
8813
8812
8806
8796
8796
8795
8794
8788
8788
8780
8772
8770
8769
8766
8764
8762
8759
8755
8748
8747
8740
8739
8739
8739
8737
8732
8732
8731
8727
8726
8723
8721
8719
8715
8711
8711
8707
8704
8703
8700
8696
8693
8693
8692
8692
8687
8686
8685
8665
8663
8662
8655
8654
8654
8644
8638
8637
8634
8633
8626
8614
8610
8607
8607
8604
8604
8598
8593
8590
8588
8585
8584
8579
8577
8576
8574
8572
8572
8571
8564
8555
8552
8550
8548
8540
8535
8533
8532
8532
8523
8522
8516
8511
8510
8509
8508
8506
8506
8504
8502
8492
8488
8486
8482
8481
8481
8480
8472
8453
8441
8437
8436
8427
8426
8424
8422
8422
8421
8415
8412
8409
8408
8406
8405
8404
8402
8395
8395
8392
8390
8389
8387
8380
8380
8379
8373
8368
8368
8366
8356
8355
8351
8350
8350
8349
8346
8344
8342
8342
8339
8337
8336
8332
8328
8325
8322
8322
8321
8319
8314
8306
8298
8297
8293
8293
8287
8287
8286
8286
8284
8282
8279
8269
8264
8263
8262
8259
8258
8258
8254
8252
8246
8245
8239
8239
8238
8223
8214
8203
8200
8198
8197
8196
8191
8187
8186
8182
8182
8175
8174
8172
8171
8162
8159
8158
8156
8150
8147
8140
8131
8130
8130
8114
8110
8104
8101
8101
8100
8097
8090
8087
8083
8082
8082
8074
8074
8072
8072
8065
8065
8064
8046
8046
8038
8034
8034
8033
8031
8029
8029
8028
8023
8022
8017
8014
8013
8011
8010
8009
8004
8004
8001
7997
7996
7973
7969
7964
7954
7953
7953
7952
7952
7948
7943
7943
7939
7939
7931
7929
7923
7922
7920
7915
7910
7908
7903
7903
7902
7896
7893
7891
7886
7879
7878
7878
7877
7876
7861
7852
7849
7840
7837
7836
7832
7830
7827
7826
7822
7820
7819
7814
7810
7807
7806
7806
7804
7802
7798
7792
7791
7785
7780
7780
7779
7775
7775
7774
7773
7773
7772
7770
7763
7763
7761
7760
7758
7756
7751
7751
7749
7748
7744
7738
7737
7733
7732
7731
7728
7726
7717
7716
7709
7706
7704
7704
7702
7699
7697
7696
7690
7687
7686
7684
7682
7679
7672
7669
7664
7660
7654
7643
7640
7637
7636
7636
7635
7633
7630
7630
7625
7623
7623
7622
7618
7616
7614
7612
7612
7607
7602
7588
7588
7588
7585
7581
7574
7573
7568
7566
7564
7560
7557
7552
7542
7541
7526
7522
7517
7516
7507
7506
7505
7497
7494
7489
7484
7472
7470
7465
7464
7462
7460
7460
7460
7455
7441
7435
7434
7432
7430
7428
7415
7413
7413
7411
7410
7410
7403
7401
7389
7387
7385
7383
7380
7380
7379
7377
7373
7372
7371
7369
7368
7365
7364
7362
7361
7356
7351
7348
7341
7335
7331
7326
7324
7323
7318
7314
7303
7298
7294
7292
7286
7284
7282
7276
7275
7271
7263
7262
7259
7258
7255
7250
7246
7245
7245
7239
7238
7238
7237
7234
7232
7232
7231
7226
7224
7221
7219
7215
7215
7215
7207
7198
7196
7183
7178
7174
7172
7167
7162
7157
7153
7152
7148
7144
7139
7137
7132
7128
7121
7117
7109
7109
7108
7107
7106
7101
7098
7097
7096
7074
7069
7065
7062
7062
7060
7057
7055
7055
7054
7049
7048
7042
7037
7033
7032
7031
7025
7020
7018
7008
7000
6996
6984
6983
6981
6977
6976
6974
6969
6967
6959
6955
6954
6952
6951
6948
6948
6947
6944
6942
6937
6936
6936
6935
6926
6925
6924
6920
6918
6917
6912
6909
6905
6904
6896
6896
6894
6893
6892
6886
6885
6885
6883
6883
6883
6881
6876
6875
6869
6866
6865
6865
6863
6858
6856
6856
6852
6852
6847
6847
6839
6839
6830
6828
6828
6824
6823
6822
6814
6813
6811
6808
6808
6806
6806
6793
6789
6787
6786
6784
6780
6780
6780
6778
6778
6777
6777
6774
6770
6769
6768
6767
6762
6759
6755
6755
6754
6752
6749
6739
6738
6733
6731
6723
6722
6721
6719
6708
6706
6704
6701
6695
6691
6684
6683
6676
6676
6672
6667
6665
6661
6656
6654
6654
6648
6645
6642
6642
6641
6626
6621
6616
6616
6608
6607
6603
6600
6597
6593
6585
6585
6585
6582
6577
6573
6573
6571
6569
6569
6566
6560
6559
6558
6555
6555
6554
6552
6548
6539
6537
6534
6533
6531
6530
6523
6519
6515
6511
6511
6510
6505
6502
6499
6496
6493
6490
6489
6489
6488
6488
6481
6481
6479
6478
6478
6478
6474
6471
6471
6470
6468
6462
6454
6452
6443
6442
6441
6441
6439
6428
6419
6405
6404
6401
6401
6391
6390
6389
6389
6383
6376
6375
6373
6372
6372
6366
6363
6361
6358
6357
6356
6355
6354
6349
6348
6348
6343
6341
6338
6337
6329
6328
6327
6321
6317
6310
6307
6305
6302
6297
6296
6296
6289
6288
6288
6285
6283
6280
6279
6273
6273
6272
6270
6270
6270
6270
6264
6263
6263
6258
6256
6249
6247
6247
6242
6238
6234
6228
6223
6208
6199
6192
6191
6185
6183
6180
6180
6178
6177
6177
6175
6174
6172
6170
6163
6160
6158
6157
6152
6151
6148
6145
6145
6140
6139
6137
6133
6128
6128
6127
6127
6124
6123
6118
6113
6109
6108
6101
6100
6094
6093
6092
6092
6086
6085
6075
6072
6068
6064
6062
6053
6050
6049
6044
6041
6039
6036
6030
6029
6026
6025
6023
6022
6014
6007
6004
6003
6000
5995
5988
5985
5985
5983
5977
5970
5970
5968
5968
5967
5964
5960
5952
5951
5949
5943
5931
5924
5917
5915
5914
5912
5912
5903
5899
5897
5897
5886
5882
5879
5872
5871
5869
5866
5864
5864
5859
5859
5854
5849
5845
5844
5839
5836
5829
5828
5825
5823
5815
5813
5806
5803
5803
5801
5801
5796
5785
5784
5783
5778
5778
5768
5766
5756
5756
5754
5749
5745
5740
5737
5737
5736
5734
5729
5729
5723
5722
5721
5718
5712
5707
5707
5700
5698
5689
5680
5674
5674
5671
5662
5660
5659
5658
5658
5653
5646
5640
5637
5637
5636
5634
5631
5628
5627
5627
5625
5624
5622
5620
5613
5612
5610
5609
5603
5601
5601
5592
5591
5590
5588
5584
5583
5581
5580
5570
5570
5564
5563
5561
5558
5551
5547
5544
5535
5533
5531
5531
5531
5525
5521
5519
5515
5502
5498
5496
5496
5492
5489
5484
5482
5475
5468
5467
5462
5456
5456
5454
5454
5450
5446
5446
5442
5437
5435
5429
5426
5419
5418
5417
5415
5410
5409
5406
5406
5404
5396
5393
5390
5390
5383
5380
5379
5378
5372
5368
5367
5366
5359
5358
5350
5349
5349
5345
5338
5334
5329
5325
5321
5311
5310
5309
5309
5303
5300
5293
5292
5290
5278
5275
5274
5260
5253
5247
5241
5235
5233
5230
5229
5229
5228
5227
5222
5219
5219
5218
5217
5207
5203
5202
5199
5193
5188
5186
5178
5178
5176
5166
5162
5161
5152
5149
5146
5138
5137
5126
5117
5111
5104
5103
5101
5098
5091
5089
5088
5077
5074
5074
5074
5073
5068
5067
5067
5055
5054
5053
5045
5037
5032
5026
5024
5022
5021
5019
5016
5011
5009
5009
4991
4991
4989
4988
4987
4983
4978
4971
4962
4959
4957
4956
4951
4949
4943
4941
4940
4932
4931
4928
4925
4921
4921
4920
4908
4902
4896
4896
4891
4889
4885
4885
4880
4878
4878
4874
4872
4846
4843
4831
4828
4816
4804
4803
4796
4791
4790
4789
4784
4783
4782
4779
4765
4763
4760
4754
4752
4749
4743
4742
4740
4738
4733
4726
4722
4706
4706
4705
4702
4699
4693
4685
4684
4683
4674
4673
4666
4665
4660
4659
4657
4654
4651
4650
4649
4649
4642
4634
4629
4629
4628
4624
4623
4622
4607
4602
4597
4593
4585
4582
4581
4580
4580
4578
4578
4572
4571
4568
4562
4553
4553
4551
4549
4543
4540
4539
4523
4523
4522
4514
4508
4507
4506
4500
4496
4494
4486
4483
4479
4477
4474
4465
4459
4452
4451
4450
4448
4447
4440
4438
4434
4429
4425
4423
4422
4420
4416
4416
4414
4413
4398
4395
4393
4391
4390
4386
4377
4374
4374
4371
4360
4353
4353
4353
4352
4350
4347
4346
4342
4339
4339
4335
4335
4331
4329
4325
4322
4321
4318
4318
4316
4310
4303
4302
4301
4300
4298
4295
4293
4285
4282
4281
4269
4269
4268
4267
4266
4264
4260
4258
4256
4256
4256
4244
4242
4235
4232
4229
4225
4217
4216
4215
4210
4208
4207
4201
4198
4195
4192
4188
4185
4181
4181
4180
4180
4178
4174
4173
4171
4167
4162
4161
4159
4157
4155
4154
4151
4149
4149
4147
4145
4141
4139
4138
4133
4126
4122
4121
4118
4116
4115
4109
4107
4101
4101
4090
4089
4079
4079
4078
4078
4074
4067
4055
4053
4051
4046
4038
4034
4028
4025
4023
4020
4019
4014
4014
4014
4004
4004
4003
4001
3994
3990
3990
3988
3985
3983
3982
3979
3977
3974
3973
3972
3971
3970
3967
3965
3964
3955
3954
3950
3934
3933
3928
3927
3926
3922
3920
3918
3918
3914
3912
3911
3908
3907
3905
3903
3897
3896
3892
3891
3881
3880
3878
3869
3854
3850
3850
3844
3842
3841
3839
3837
3834
3830
3821
3818
3804
3803
3801
3790
3784
3783
3781
3775
3774
3772
3771
3771
3770
3767
3758
3755
3752
3746
3745
3742
3742
3739
3738
3735
3735
3731
3727
3726
3723
3723
3723
3719
3710
3704
3704
3698
3697
3695
3692
3687
3685
3681
3679
3678
3676
3675
3667
3665
3665
3663
3661
3656
3653
3648
3645
3644
3642
3642
3637
3637
3636
3630
3627
3623
3619
3617
3615
3615
3601
3597
3597
3590
3584
3582
3580
3574
3574
3570
3566
3566
3560
3558
3556
3545
3545
3544
3543
3539
3539
3537
3533
3532
3531
3530
3527
3527
3527
3506
3501
3501
3498
3497
3494
3491
3489
3484
3484
3481
3479
3477
3470
3468
3468
3467
3467
3455
3448
3445
3445
3440
3434
3428
3426
3425
3425
3423
3423
3418
3414
3404
3397
3395
3394
3390
3389
3384
3382
3378
3377
3372
3369
3368
3366
3365
3363
3360
3359
3355
3353
3345
3341
3338
3334
3332
3330
3329
3326
3322
3321
3319
3317
3315
3313
3312
3309
3308
3305
3305
3303
3297
3288
3286
3285
3281
3276
3276
3271
3270
3267
3262
3261
3258
3257
3252
3251
3250
3249
3248
3242
3237
3234
3229
3227
3222
3219
3218
3209
3203
3202
3198
3192
3191
3185
3183
3181
3181
3166
3165
3162
3161
3159
3156
3145
3144
3142
3140
3139
3139
3139
3136
3133
3132
3126
3120
3118
3115
3113
3100
3093
3092
3090
3086
3086
3083
3077
3065
3064
3063
3047
3047
3045
3043
3042
3038
3035
3034
3033
3033
3029
3022
3021
3017
3014
3009
3001
3001
2999
2999
2995
2984
2977
2975
2972
2971
2965
2965
2960
2958
2944
2941
2939
2935
2933
2930
2930
2928
2927
2922
2921
2916
2915
2913
2909
2903
2903
2894
2894
2891
2891
2887
2884
2877
2871
2870
2863
2860
2860
2858
2853
2851
2846
2846
2845
2844
2842
2840
2839
2837
2837
2833
2826
2822
2821
2818
2816
2816
2816
2814
2791
2785
2785
2783
2782
2780
2779
2779
2775
2768
2759
2748
2745
2741
2741
2737
2736
2732
2726
2714
2693
2692
2689
2683
2680
2678
2678
2677
2675
2666
2663
2657
2657
2653
2650
2647
2644
2643
2640
2639
2626
2626
2621
2614
2614
2611
2608
2601
2601
2598
2591
2590
2589
2589
2589
2587
2586
2584
2579
2578
2577
2575
2569
2562
2559
2554
2549
2549
2548
2547
2546
2536
2534
2534
2533
2532
2528
2527
2526
2525
2516
2515
2511
2510
2507
2505
2502
2502
2495
2489
2482
2481
2480
2474
2473
2473
2473
2471
2471
2467
2463
2462
2461
2461
2460
2457
2454
2454
2439
2437
2433
2433
2432
2429
2427
2425
2413
2413
2407
2401
2401
2392
2383
2380
2377
2374
2367
2362
2358
2353
2353
2344
2342
2342
2340
2340
2339
2332
2327
2325
2324
2315
2314
2313
2311
2308
2307
2306
2301
2290
2288
2288
2285
2285
2282
2280
2275
2274
2268
2267
2262
2260
2258
2254
2252
2247
2247
2246
2242
2240
2238
2235
2230
2230
2213
2213
2212
2212
2211
2209
2209
2205
2203
2200
2194
2194
2182
2176
2173
2173
2171
2169
2165
2163
2157
2153
2146
2134
2132
2131
2130
2127
2121
2116
2116
2113
2107
2101
2098
2090
2080
2077
2065
2062
2061
2058
2056
2050
2050
2037
2031
2031
2024
2018
2018
2017
2011
2010
2010
2007
2006
2002
2002
2000
1997
1994
1991
1990
1986
1983
1979
1966
1960
1957
1955
1952
1945
1944
1942
1941
1937
1935
1932
1929
1929
1927
1926
1926
1925
1922
1922
1917
1915
1910
1907
1905
1903
1893
1887
1887
1883
1882
1865
1864
1860
1860
1858
1853
1851
1843
1838
1835
1835
1833
1833
1832
1831
1829
1828
1826
1825
1825
1825
1824
1818
1815
1815
1809
1802
1800
1798
1797
1794
1792
1786
1784
1784
1782
1779
1778
1771
1767
1762
1757
1756
1749
1748
1747
1746
1746
1745
1745
1745
1745
1743
1741
1740
1732
1728
1720
1717
1715
1712
1711
1705
1703
1701
1701
1700
1696
1686
1669
1668
1668
1668
1664
1661
1660
1655
1655
1654
1650
1649
1647
1641
1636
1635
1634
1631
1626
1619
1618
1614
1609
1600
1594
1593
1588
1587
1581
1579
1576
1576
1573
1572
1553
1552
1551
1547
1540
1539
1537
1536
1533
1528
1528
1526
1523
1521
1517
1503
1499
1494
1492
1489
1489
1489
1486
1484
1482
1479
1466
1457
1453
1452
1449
1449
1448
1447
1442
1440
1438
1431
1429
1422
1421
1415
1414
1413
1409
1409
1407
1406
1402
1401
1399
1397
1392
1391
1388
1388
1386
1384
1379
1375
1375
1372
1365
1364
1359
1350
1350
1332
1326
1325
1325
1318
1317
1317
1307
1307
1305
1299
1297
1295
1288
1287
1255
1254
1251
1249
1248
1247
1245
1239
1238
1237
1237
1231
1229
1223
1217
1211
1205
1201
1201
1197
1185
1185
1184
1184
1183
1179
1176
1171
1171
1171
1168
1162
1162
1158
1156
1148
1146
1144
1142
1138
1132
1127
1126
1126
1125
1124
1120
1120
1116
1102
1101
1101
1099
1097
1097
1096
1090
1084
1081
1080
1077
1074
1072
1072
1070
1068
1065
1065
1065
1063
1057
1056
1046
1044
1044
1043
1038
1034
1032
1016
1014
1014
1014
1013
1004
1002
1000
998
997
993
990
989
983
979
976
968
968
967
967
962
945
943
942
932
925
923
923
923
920
918
915
915
910
904
896
888
888
885
883
875
873
873
867
862
848
847
844
843
843
843
839
832
832
830
822
817
810
809
808
807
804
804
803
802
801
800
799
787
784
779
765
764
763
757
755
753
752
749
731
731
712
710
708
707
701
698
695
682
680
679
674
670
667
667
667
666
665
664
656
653
651
648
643
641
639
630
628
625
623
622
621
617
617
614
611
610
609
608
605
602
599
594
590
582
579
578
576
573
573
572
567
566
565
564
562
557
540
539
538
529
528
517
510
495
494
492
491
483
476
472
469
464
461
457
455
454
443
442
439
435
426
426
426
422
420
419
418
412
411
405
402
399
398
398
394
393
391
391
386
384
382
382
378
374
372
362
353
346
340
332
320
320
319
314
313
308
307
303
294
286
283
283
279
275
273
266
262
259
258
255
254
254
253
253
253
248
247
245
243
238
230
227
224
224
222
209
202
199
198
189
181
178
169
165
164
163
162
160
159
157
148
138
135
116
108
103
102
99
98
98
98
98
97
97
95
95
91
91
89
84
77
71
70
69
68
63
56
54
52
51
49
46
42
37
37
36
35
34
27
27
18
17
15
8
5
0
0
