32759
32750
32735
32722
32722
32708
32676
32628
32617
32594
32547
32539
32502
32452
32321
32315
32292
32249
32246
32243
32239
32208
32185
32180
32160
32156
32131
32123
32080
32069
32042
32030
31960
31946
31905
31899
31894
31857
31849
31831
31803
31785
31750
31686
31575
31568
31514
31505
31502
31488
31478
31463
31448
31443
31403
31400
31349
31343
31298
31282
31200
31149
31147
31145
31074
31062
31022
30982
30980
30979
30976
30971
30971
30970
30969
30965
30940
30925
30919
30893
30885
30882
30785
30769
30768
30753
30747
30734
30724
30687
30614
30594
30489
30449
30444
30421
30418
30414
30375
30359
30346
30307
30229
30174
29931
29907
29889
29773
29758
29690
29676
29633
29618
29579
29573
29499
29417
29394
29386
29324
29283
29270
29258
29244
29231
29098
29090
29061
29016
28939
28852
28792
28733
28729
28719
28630
28606
28601
28539
28538
28495
28481
28474
28435
28420
28417
28395
28331
28325
28164
28148
28130
28099
28089
28084
28065
28032
27995
27975
27931
27857
27799
27757
27716
27710
27703
27676
27674
27671
27609
27608
27605
27534
27504
27488
27446
27433
27417
27341
27314
27280
27271
27255
27197
27166
27140
27139
27136
27035
27021
27019
27012
26991
26880
26807
26783
26759
26552
26547
26512
26507
26476
26453
26427
26426
26408
26398
26370
26328
26254
26246
26244
26209
26168
26146
26134
26091
26057
26031
26010
25988
25951
25914
25853
25825
25659
25627
25619
25551
25549
25518
25512
25510
25447
25420
25362
25338
25313
25290
25258
25254
25112
24922
24855
24808
24780
24745
24726
24710
24649
24610
24568
24554
24517
24490
24458
24446
24438
24405
24399
24294
24286
24270
24233
24149
24067
24051
24031
23950
23941
23877
23842
23824
23744
23741
23737
23699
23582
23513
23506
23484
23416
23413
23402
23365
23355
23310
23275
23256
23234
23217
23155
23115
23084
23069
23040
23004
22986
22971
22947
22940
22883
22849
22814
22758
22696
22602
22513
22502
22441
22426
22346
22336
22305
22302
22248
22238
22233
22201
22146
22120
22103
22071
22066
22025
21936
21922
21847
21824
21823
21753
21750
21619
21610
21565
21499
21472
21460
21456
21418
21407
21404
21391
21386
21383
21367
21363
21335
21288
21286
21262
21229
21226
21218
21215
21215
21208
21193
21187
21168
21097
21087
21084
21063
21002
20927
20897
20792
20758
20750
20666
20655
20648
20647
20641
20641
20620
20583
20551
20547
20455
20401
20278
20262
20211
20185
20180
20015
19972
19936
19901
19872
19775
19767
19737
19617
19582
19545
19539
19499
19491
19423
19409
19374
19373
19334
19313
19301
19264
19227
19219
19204
19174
19126
19124
19088
19081
19059
19018
19008
18986
18935
18911
18900
18896
18881
18881
18819
18776
18759
18707
18679
18606
18589
18574
18550
18545
18512
18463
18408
18383
18304
18290
18265
18244
18237
18236
18233
18196
18189
18178
18147
18114
18108
18095
18094
18059
18024
17977
17955
17893
17838
17822
17819
17817
17747
17669
17668
17631
17614
17605
17497
17492
17480
17476
17473
17465
17409
17347
17328
17282
17240
17239
17235
17213
17181
17084
17064
17019
16962
16942
16925
16920
16893
16832
16777
16753
16746
16739
16719
16711
16694
16668
16580
16580
16555
16507
16502
16500
16497
16480
16425
16293
16293
16247
16229
16213
16165
16059
16018
16008
16000
15983
15976
15944
15943
15933
15921
15891
15886
15751
15681
15630
15596
15562
15521
15479
15469
15466
15456
15432
15376
15375
15340
15303
15243
15163
15156
15152
15137
15058
15032
14988
14946
14916
14912
14799
14708
14628
14620
14566
14541
14503
14409
14391
14316
14270
14176
14142
14103
14099
14082
14067
14020
13973
13960
13923
13922
13858
13844
13829
13828
13812
13755
13732
13722
13713
13690
13623
13604
13597
13559
13525
13497
13465
13440
13434
13423
13417
13347
13337
13266
13169
13158
13119
13075
13053
13043
12998
12969
12945
12938
12918
12900
12855
12844
12815
12811
12735
12671
12666
12593
12569
12549
12510
12472
12454
12354
12297
12285
12226
12220
12000
11976
11966
11962
11949
11903
11892
11780
11684
11673
11668
11609
11576
11524
11505
11442
11417
11416
11386
11363
11349
11330
11233
11206
11181
11155
11137
11074
10931
10902
10900
10869
10868
10725
10689
10646
10612
10576
10558
10528
10416
10394
10361
10327
10279
10230
10225
10215
10126
10110
10043
10013
10001
9996
9989
9983
9926
9924
9902
9894
9857
9845
9835
9818
9815
9799
9798
9771
9711
9513
9494
9480
9476
9465
9427
9367
9360
9338
9312
9241
9241
9226
9211
9198
9180
9178
9149
9117
9079
9074
9040
9038
9025
9023
8992
8969
8956
8901
8851
8833
8827
8699
8692
8626
8626
8580
8517
8515
8462
8436
8430
8411
8354
8347
8341
8326
8312
8285
8267
8260
8259
8252
8241
8220
8220
8219
8160
8159
8121
8102
8086
8015
8009
8002
7949
7836
7801
7792
7779
7521
7488
7459
7438
7436
7387
7327
7318
7257
7247
7191
7158
7151
7117
7072
6926
6924
6921
6907
6857
6824
6793
6736
6717
6640
6497
6480
6469
6435
6432
6429
6406
6380
6367
6297
6295
6289
6231
6180
6164
6142
6113
6081
6064
6044
6024
6022
6012
5983
5913
5880
5874
5856
5836
5761
5747
5735
5721
5669
5586
5501
5448
5422
5413
5409
5370
5360
5319
5198
5185
5176
5110
5029
5025
4986
4892
4878
4829
4776
4771
4770
4705
4641
4630
4614
4574
4457
4440
4416
4383
4265
4198
4189
4177
4150
4129
4125
4084
4054
4042
4040
4031
3932
3887
3850
3822
3801
3780
3737
3678
3671
3648
3627
3625
3547
3517
3467
3447
3427
3384
3378
3343
3332
3321
3248
3243
3193
3062
2894
2875
2870
2851
2747
2659
2534
2504
2473
2450
2418
2399
2371
2348
2347
2240
2221
2194
2185
2140
2140
2111
2098
2095
2089
2075
2000
1954
1928
1888
1855
1825
1814
1804
1769
1769
1767
1753
1730
1671
1628
1613
1597
1566
1539
1525
1429
1429
1380
1337
1325
1191
1168
1149
1139
1121
1099
1075
1075
1032
1021
1001
952
913
905
775
752
685
607
577
573
538
511
459
435
397
378
377
372
356
349
315
314
305
271
220
204
185
181
169
165
144
121
106
94
91
64
61
53
15
