10
11
12
16
21
23
30
42
43
66
74
74
81
82
85
93
98
101
103
105
105
110
118
126
126
126
130
134
136
137
140
147
156
160
171
173
174
176
182
186
188
188
189
193
197
202
208
209
210
222
222
225
226
231
232
236
237
237
237
238
240
245
247
248
250
252
254
258
264
265
268
268
270
277
277
279
279
281
282
286
287
291
296
305
308
314
319
320
322
323
326
330
333
334
341
345
346
347
353
357
361
364
365
366
372
376
380
381
385
398
400
416
422
429
431
440
443
445
446
449
452
455
460
463
466
470
477
477
478
493
495
507
512
512
512
513
513
517
520
521
523
526
527
530
532
534
539
542
546
548
553
570
572
572
574
580
589
592
592
597
599
602
615
617
622
635
638
646
652
654
671
672
673
678
679
684
685
686
689
689
690
690
691
692
695
697
698
707
709
715
725
727
731
731
733
734
739
752
763
768
768
768
769
772
773
774
794
802
803
804
820
824
825
827
827
833
833
835
837
837
838
839
850
851
853
866
872
873
873
876
882
882
887
889
890
898
900
903
905
909
909
912
921
924
925
928
932
936
937
944
948
948
952
961
962
962
968
970
971
974
980
983
986
986
987
990
990
991
991
996
999
999
1013
1019
1022
1025
1026
1030
1033
1038
1038
1039
1046
1052
1056
1058
1061
1062
1062
1068
1069
1073
1075
1078
1081
1082
1084
1085
1091
1097
1098
1098
1101
1111
1112
1117
1119
1120
1123
1125
1128
1133
1133
1135
1140
1140
1142
1143
1149
1151
1152
1153
1155
1159
1160
1164
1164
1167
1168
1171
1173
1179
1183
1188
1189
1190
1197
1202
1209
1215
1218
1222
1228
1232
1233
1233
1239
1242
1246
1248
1254
1254
1257
1258
1262
1264
1269
1273
1274
1278
1281
1281
1281
1283
1286
1288
1289
1290
1291
1292
1293
1293
1295
1295
1299
1304
1309
1314
1318
1322
1322
1332
1334
1335
1335
1338
1341
1342
1343
1346
1349
1349
1355
1355
1358
1364
1365
1368
1369
1376
1377
1388
1390
1394
1397
1399
1402
1408
1410
1410
1411
1413
1417
1422
1426
1426
1430
1432
1434
1441
1445
1449
1454
1457
1458
1469
1483
1484
1487
1489
1493
1506
1506
1506
1507
1507
1510
1512
1513
1523
1527
1528
1531
1535
1538
1538
1538
1539
1540
1541
1546
1547
1547
1555
1555
1561
1579
1582
1587
1589
1589
1589
1590
1591
1592
1600
1601
1605
1607
1614
1615
1630
1631
1632
1635
1638
1641
1642
1642
1644
1649
1652
1653
1666
1669
1670
1670
1670
1670
1672
1673
1676
1677
1677
1685
1687
1688
1689
1693
1698
1703
1703
1703
1704
1704
1714
1714
1715
1721
1723
1724
1727
1727
1734
1736
1740
1747
1747
1749
1750
1759
1761
1771
1781
1783
1787
1789
1790
1793
1794
1800
1801
1804
1806
1810
1816
1827
1829
1829
1834
1839
1844
1844
1846
1846
1848
1848
1848
1849
1857
1858
1862
1869
1873
1873
1876
1876
1878
1883
1891
1892
1895
1906
1909
1911
1913
1920
1921
1925
1927
1936
1942
1944
1945
1952
1956
1960
1966
1976
1980
1983
1986
1988
1988
1990
1991
2000
2011
2015
2016
2017
2027
2030
2030
2035
2039
2039
2041
2042
2053
2053
2056
2059
2063
2063
2077
2078
2084
2085
2086
2086
2096
2097
2104
2110
2115
2116
2116
2117
2117
2118
2121
2123
2125
2136
2143
2146
2146
2150
2152
2152
2152
2154
2156
2161
2161
2162
2167
2178
2187
2188
2188
2188
2190
2190
2191
2192
2193
2195
2196
2197
2197
2198
2199
2201
2203
2203
2203
2210
2214
2218
2223
2225
2225
2234
2234
2236
2238
2239
2239
2239
2241
2248
2253
2254
2258
2267
2273
2273
2276
2278
2281
2283
2286
2293
2293
2293
2297
2298
2302
2307
2307
2311
2312
2320
2325
2329
2333
2333
2335
2336
2340
2341
2343
2349
2351
2356
2357
2371
2373
2377
2381
2382
2383
2383
2385
2385
2392
2399
2402
2403
2409
2415
2416
2420
2425
2427
2435
2437
2442
2444
2457
2462
2462
2462
2463
2463
2465
2466
2468
2469
2470
2473
2476
2484
2486
2488
2493
2496
2496
2501
2504
2505
2511
2517
2517
2519
2521
2522
2522
2529
2530
2531
2532
2538
2539
2543
2543
2545
2547
2554
2558
2561
2566
2569
2574
2576
2578
2580
2584
2596
2597
2598
2599
2602
2603
2606
2607
2608
2612
2613
2620
2621
2625
2628
2631
2635
2639
2640
2641
2644
2646
2646
2649
2649
2654
2658
2660
2661
2665
2668
2668
2670
2673
2685
2687
2693
2702
2706
2708
2709
2722
2732
2733
2734
2736
2737
2747
2756
2759
2762
2763
2766
2766
2766
2767
2778
2779
2782
2782
2784
2786
2788
2791
2793
2796
2799
2800
2800
2808
2817
2820
2821
2823
2826
2827
2827
2828
2828
2834
2835
2843
2844
2844
2845
2847
2848
2849
2855
2858
2864
2865
2868
2868
2870
2873
2878
2879
2883
2885
2885
2889
2891
2891
2891
2894
2901
2906
2908
2914
2914
2914
2917
2917
2918
2919
2920
2924
2926
2929
2933
2937
2937
2939
2943
2948
2950
2951
2953
2954
2956
2960
2963
2963
2963
2971
2976
2987
2989
2998
3001
3004
3004
3007
3015
3018
3020
3021
3033
3034
3040
3045
3047
3048
3055
3061
3063
3065
3066
3077
3079
3079
3080
3082
3084
3085
3085
3094
3101
3104
3106
3110
3115
3121
3129
3136
3138
3138
3141
3145
3147
3151
3153
3160
3162
3167
3172
3178
3180
3181
3181
3188
3191
3192
3192
3196
3198
3198
3200
3209
3209
3217
3218
3226
3227
3230
3231
3244
3246
3246
3253
3255
3258
3261
3263
3265
3267
3269
3269
3274
3275
3278
3285
3287
3291
3304
3308
3312
3317
3317
3318
3318
3322
3322
3326
3328
3330
3333
3333
3334
3336
3339
3343
3345
3351
3359
3360
3365
3367
3380
3380
3381
3382
3383
3387
3389
3393
3396
3399
3407
3409
3414
3416
3426
3435
3435
3438
3443
3447
3451
3465
3469
3470
3470
3470
3473
3483
3483
3485
3496
3497
3502
3509
3527
3529
3534
3537
3539
3543
3544
3545
3548
3554
3560
3561
3564
3566
3571
3575
3578
3581
3582
3587
3589
3590
3593
3595
3595
3605
3608
3616
3617
3620
3620
3625
3629
3635
3636
3638
3644
3646
3657
3663
3665
3669
3670
3673
3675
3678
3678
3681
3689
3689
3690
3691
3693
3695
3697
3697
3706
3707
3710
3712
3714
3719
3721
3723
3725
3726
3726
3733
3735
3735
3744
3745
3746
3746
3747
3747
3751
3758
3760
3761
3761
3762
3766
3770
3774
3775
3777
3777
3780
3782
3787
3790
3798
3800
3800
3816
3820
3824
3826
3826
3827
3829
3830
3831
3834
3841
3844
3846
3848
3850
3855
3858
3863
3869
3870
3874
3878
3880
3880
3881
3886
3896
3897
3903
3904
3908
3912
3919
3921
3921
3922
3925
3931
3932
3933
3933
3942
3942
3943
3945
3948
3949
3957
3959
3962
3968
3968
3976
3982
3984
3987
3992
3995
4002
4003
4006
4012
4012
4014
4022
4024
4030
4035
4035
4035
4039
4040
4040
4046
4051
4054
4055
4056
4061
4063
4063
4071
4073
4075
4076
4077
4094
4095
4098
4101
4107
4115
4120
4122
4129
4131
4134
4136
4139
4139
4149
4161
4162
4162
4165
4166
4166
4167
4168
4175
4182
4187
4192
4194
4194
4199
4199
4200
4201
4203
4205
4205
4209
4210
4215
4216
4218
4218
4221
4229
4237
4240
4241
4245
4246
4248
4252
4253
4253
4254
4259
4261
4269
4275
4279
4280
4281
4282
4285
4296
4297
4304
4306
4306
4309
4313
4315
4319
4324
4325
4326
4330
4334
4349
4350
4352
4352
4353
4354
4356
4359
4359
4364
4367
4369
4376
4377
4379
4386
4388
4390
4391
4394
4396
4402
4404
4410
4410
4414
4414
4415
4422
4424
4430
4434
4435
4436
4436
4436
4445
4445
4445
4446
4447
4450
4451
4455
4459
4461
4467
4468
4468
4470
4471
4471
4471
4483
4486
4487
4487
4492
4496
4511
4514
4518
4519
4522
4523
4523
4528
4531
4532
4536
4539
4541
4546
4546
4548
4557
4564
4568
4572
4579
4581
4583
4584
4589
4589
4590
4591
4592
4593
4593
4604
4606
4607
4614
4615
4616
4625
4626
4630
4632
4634
4644
4655
4658
4659
4664
4665
4668
4669
4669
4670
4676
4680
4692
4693
4695
4695
4696
4698
4699
4699
4703
4709
4714
4718
4724
4733
4737
4740
4742
4743
4743
4747
4751
4759
4764
4765
4769
4773
4778
4783
4789
4790
4791
4791
4795
4797
4803
4804
4813
4817
4819
4827
4831
4832
4832
4837
4840
4843
4847
4847
4850
4854
4856
4857
4858
4860
4860
4862
4865
4869
4870
4874
4875
4876
4881
4884
4896
4901
4903
4907
4909
4913
4914
4914
4918
4919
4924
4926
4929
4932
4934
4935
4935
4939
4942
4944
4946
4948
4950
4960
4961
4962
4965
4968
4969
4970
4974
4976
4977
4977
4986
4991
4991
4993
4995
4996
5002
5002
5002
5003
5003
5005
5009
5011
5015
5016
5017
5018
5032
5034
5037
5037
5037
5038
5038
5041
5041
5051
5053
5058
5061
5062
5066
5080
5080
5087
5089
5090
5093
5095
5098
5098
5100
5106
5109
5113
5115
5116
5118
5124
5132
5135
5138
5139
5140
5143
5146
5154
5157
5157
5159
5161
5162
5163
5168
5168
5175
5176
5179
5182
5183
5187
5192
5194
5195
5202
5203
5207
5214
5217
5220
5224
5225
5232
5235
5238
5241
5243
5254
5255
5256
5261
5262
5271
5277
5280
5281
5283
5292
5296
5297
5298
5305
5306
5313
5316
5317
5319
5322
5325
5335
5347
5353
5353
5354
5355
5358
5359
5365
5369
5371
5372
5375
5375
5380
5381
5385
5385
5386
5392
5397
5398
5403
5410
5414
5414
5419
5420
5430
5433
5436
5441
5441
5444
5446
5449
5451
5452
5453
5454
5456
5456
5465
5466
5468
5470
5470
5476
5480
5484
5484
5490
5491
5492
5496
5500
5500
5505
5508
5513
5515
5526
5530
5533
5534
5536
5539
5540
5550
5551
5567
5567
5571
5572
5578
5581
5591
5595
5596
5597
5606
5606
5608
5609
5609
5610
5611
5612
5612
5614
5614
5618
5625
5642
5645
5649
5649
5651
5653
5660
5664
5664
5666
5667
5672
5673
5673
5675
5683
5684
5690
5697
5702
5706
5707
5710
5712
5712
5712
5713
5719
5730
5735
5735
5736
5743
5746
5748
5751
5751
5753
5753
5759
5765
5768
5775
5778
5779
5783
5784
5787
5788
5789
5790
5792
5792
5794
5800
5806
5810
5814
5815
5816
5822
5826
5826
5827
5832
5832
5833
5835
5839
5841
5842
5847
5848
5848
5852
5852
5862
5866
5868
5869
5875
5878
5885
5894
5897
5897
5900
5906
5912
5912
5913
5921
5922
5922
5929
5930
5930
5938
5939
5944
5944
5944
5946
5952
5953
5958
5968
5970
5973
5976
5977
5978
5979
5982
5990
5996
5999
6002
6007
6009
6009
6010
6011
6012
6015
6018
6021
6022
6024
6030
6033
6036
6037
6041
6049
6051
6054
6055
6059
6062
6062
6065
6070
6071
6075
6081
6089
6091
6098
6120
6123
6124
6127
6133
6134
6134
6135
6138
6141
6144
6144
6144
6145
6148
6154
6157
6161
6163
6165
6166
6175
6182
6182
6184
6189
6192
6192
6196
6198
6200
6201
6204
6206
6215
6216
6219
6229
6230
6230
6232
6232
6235
6240
6242
6243
6250
6252
6252
6253
6257
6264
6268
6270
6271
6275
6277
6281
6283
6287
6288
6296
6299
6299
6299
6304
6311
6314
6317
6323
6328
6336
6339
6339
6339
6341
6342
6343
6344
6352
6356
6365
6367
6367
6374
6375
6378
6381
6384
6384
6390
6393
6402
6410
6420
6420
6421
6421
6423
6423
6434
6435
6438
6440
6451
6453
6467
6467
6470
6472
6472
6479
6479
6481
6490
6492
6496
6502
6506
6506
6511
6512
6515
6516
6522
6522
6522
6523
6524
6528
6529
6532
6546
6550
6553
6561
6562
6567
6570
6573
6574
6579
6582
6587
6591
6598
6601
6608
6611
6611
6613
6615
6619
6623
6624
6627
6632
6635
6635
6642
6647
6654
6657
6659
6660
6667
6675
6682
6683
6688
6688
6696
6700
6702
6705
6707
6708
6708
6713
6713
6715
6721
6721
6722
6723
6723
6729
6730
6731
6731
6735
6736
6746
6748
6757
6758
6765
6765
6775
6775
6780
6783
6784
6788
6792
6802
6811
6819
6820
6823
6824
6828
6831
6832
6838
6840
6840
6840
6848
6848
6852
6856
6856
6862
6869
6873
6876
6878
6880
6885
6899
6902
6906
6919
6924
6927
6933
6939
6943
6944
6949
6949
6951
6951
6953
6954
6961
6965
6965
6966
6968
6974
6985
6993
6993
6995
6995
6997
6998
7004
7008
7010
7014
7014
7018
7021
7024
7025
7037
7043
7043
7048
7053
7059
7060
7062
7065
7068
7068
7069
7081
7082
7083
7088
7092
7094
7095
7096
7097
7098
7099
7100
7101
7102
7105
7106
7106
7106
7108
7111
7117
7119
7123
7133
7138
7141
7142
7142
7142
7146
7151
7152
7161
7162
7165
7166
7169
7174
7182
7186
7186
7187
7194
7194
7194
7210
7211
7212
7212
7216
7217
7223
7228
7229
7229
7233
7240
7243
7244
7248
7248
7249
7250
7252
7252
7255
7260
7261
7264
7268
7269
7269
7272
7273
7273
7273
7278
7280
7284
7286
7295
7301
7301
7302
7310
7312
7312
7313
7317
7320
7324
7331
7332
7336
7338
7338
7343
7345
7345
7350
7360
7362
7363
7364
7368
7376
7378
7380
7381
7382
7382
7388
7390
7396
7402
7402
7402
7402
7407
7408
7418
7419
7426
7426
7429
7432
7433
7439
7441
7446
7448
7450
7458
7458
7459
7471
7471
7474
7476
7479
7480
7481
7483
7489
7492
7495
7502
7503
7505
7507
7508
7511
7511
7518
7520
7523
7524
7524
7525
7526
7530
7533
7535
7536
7538
7539
7539
7544
7545
7547
7548
7549
7559
7562
7563
7572
7573
7578
7581
7583
7584
7589
7589
7590
7591
7595
7595
7596
7598
7600
7604
7605
7606
7607
7611
7611
7616
7617
7618
7619
7626
7627
7629
7630
7632
7634
7636
7639
7642
7644
7649
7653
7657
7659
7667
7669
7670
7670
7679
7679
7685
7686
7690
7706
7707
7708
7709
7713
7716
7717
7722
7724
7727
7730
7737
7743
7744
7744
7754
7760
7761
7764
7767
7767
7771
7772
7775
7776
7782
7783
7783
7786
7787
7787
7789
7807
7826
7826
7830
7830
7831
7834
7835
7838
7841
7850
7860
7871
7873
7876
7877
7879
7882
7886
7887
7892
7894
7895
7911
7913
7914
7917
7918
7919
7921
7923
7930
7940
7942
7944
7944
7947
7949
7952
7955
7956
7956
7957
7962
7971
7972
7977
7983
7987
7995
8002
8006
8009
8016
8017
8021
8025
8030
8038
8040
8047
8048
8048
8049
8053
8053
8060
8073
8076
8076
8077
8079
8079
8081
8093
8094
8094
8096
8097
8100
8103
8103
8104
8105
8112
8113
8124
8124
8126
8130
8130
8131
8133
8134
8137
8139
8141
8141
8142
8142
8144
8145
8151
8152
8160
8160
8161
8162
8169
8170
8174
8183
8186
8187
8189
8195
8199
8209
8213
8215
8215
8224
8231
8231
8232
8233
8234
8235
8237
8239
8242
8248
8249
8250
8255
8258
8261
8273
8276
8284
8285
8285
8287
8290
8292
8297
8298
8299
8306
8309
8310
8311
8312
8313
8314
8323
8336
8337
8338
8340
8341
8345
8345
8345
8346
8346
8346
8347
8352
8353
8355
8360
8365
8366
8371
8376
8383
8384
8385
8387
8392
8397
8402
8403
8404
8409
8411
8411
8413
8414
8416
8420
8420
8420
8421
8427
8441
8445
8450
8454
8458
8466
8468
8471
8472
8474
8479
8481
8487
8489
8489
8490
8492
8493
8497
8499
8504
8512
8517
8517
8518
8519
8525
8526
8527
8532
8535
8535
8536
8537
8539
8551
8552
8555
8561
8565
8566
8567
8578
8578
8584
8585
8593
8595
8595
8599
8600
8608
8614
8619
8625
8626
8627
8627
8630
8639
8639
8640
8641
8641
8645
8647
8649
8653
8658
8660
8663
8668
8672
8674
8676
8679
8680
8680
8683
8686
8687
8689
8691
8691
8700
8704
8705
8709
8713
8713
8725
8739
8742
8743
8746
8751
8751
8751
8755
8762
8777
8777
8780
8784
8787
8789
8794
8802
8807
8814
8823
8827
8836
8842
8844
8846
8859
8864
8864
8865
8866
8873
8874
8875
8879
8880
8881
8894
8900
8904
8908
8913
8914
8915
8916
8918
8919
8927
8930
8933
8933
8942
8945
8946
8949
8951
8955
8956
8960
8962
8975
8976
8977
8980
8981
8981
8985
8985
8986
8992
8992
8995
8999
9000
9000
9000
9003
9005
9008
9012
9017
9018
9022
9024
9025
9026
9029
9030
9032
9033
9033
9034
9039
9040
9042
9042
9046
9046
9046
9048
9049
9049
9050
9054
9061
9068
9068
9074
9079
9082
9085
9086
9093
9098
9098
9101
9102
9105
9108
9108
9113
9113
9115
9115
9117
9119
9119
9126
9129
9135
9137
9139
9144
9145
9148
9150
9151
9157
9164
9166
9171
9172
9173
9179
9184
9190
9191
9191
9201
9203
9203
9211
9211
9212
9212
9216
9220
9221
9223
9224
9227
9229
9234
9235
9235
9239
9244
9244
9251
9251
9252
9253
9258
9268
9270
9272
9296
9298
9300
9307
9311
9317
9320
9321
9335
9338
9347
9349
9356
9360
9366
9372
9379
9380
9383
9386
9390
9391
9393
9393
9395
9401
9405
9409
9409
9409
9410
9416
9416
9417
9419
9425
9428
9430
9435
9436
9438
9442
9443
9451
9452
9454
9455
9457
9457
9458
9459
9467
9469
9476
9480
9481
9484
9484
9486
9498
9500
9503
9505
9511
9513
9515
9518
9520
9521
9522
9524
9528
9530
9536
9536
9536
9536
9539
9542
9542
9548
9552
9552
9554
9558
9560
9561
9566
9570
9580
9582
9585
9586
9591
9592
9594
9600
9603
9604
9605
9606
9611
9615
9615
9615
9630
9632
9632
9632
9643
9647
9647
9647
9654
9659
9666
9668
9669
9670
9670
9672
9676
9681
9684
9689
9691
9699
9704
9708
9721
9726
9732
9733
9734
9745
9747
9747
9749
9751
9757
9758
9760
9763
9767
9769
9780
9781
9787
9788
9794
9794
9795
9801
9803
9805
9808
9809
9814
9814
9822
9824
9837
9839
9844
9846
9850
9857
9861
9863
9866
9876
9878
9881
9882
9888
9889
9895
9899
9900
9902
9907
9912
9918
9923
9929
9933
9943
9950
9955
9955
9960
9965
9966
9967
9969
9970
9971
9984
9990
9991
9991
9995
9997
10008
10010
10011
10016
10017
10018
10018
10020
10024
10028
10036
10043
10050
10053
10056
10059
10063
10065
10067
10068
10071
10076
10078
10082
10088
10088
10093
10096
10097
10098
10099
10099
10101
10104
10104
10107
10115
10119
10123
10125
10127
10131
10135
10135
10136
10139
10139
10147
10165
10168
10171
10172
10176
10178
10183
10184
10186
10193
10196
10196
10200
10210
10210
10215
10215
10220
10227
10231
10234
10236
10237
10242
10246
10247
10249
10253
10256
10269
10270
10270
10271
10273
10278
10280
10291
10305
10311
10312
10313
10313
10316
10322
10324
10332
10340
10340
10341
10346
10352
10353
10353
10355
10355
10364
10365
10368
10369
10373
10378
10381
10385
10385
10387
10391
10401
10408
10417
10417
10419
10424
10426
10428
10432
10433
10439
10441
10442
10442
10446
10446
10451
10455
10460
10460
10471
10473
10476
10493
10495
10495
10496
10498
10508
10509
10510
10518
10522
10522
10523
10524
10528
10531
10535
10541
10542
10550
10555
10555
10556
10560
10561
10563
10567
10569
10573
10574
10590
10593
10593
10600
10602
10602
10603
10605
10605
10607
10616
10619
10624
10624
10626
10627
10631
10631
10638
10639
10640
10643
10645
10645
10647
10652
10653
10654
10654
10657
10659
10660
10662
10667
10668
10669
10673
10673
10695
10696
10699
10706
10709
10711
10713
10717
10717
10721
10728
10738
10740
10744
10745
10751
10759
10762
10766
10768
10770
10771
10772
10773
10779
10780
10785
10788
10788
10791
10791
10795
10795
10797
10807
10810
10811
10814
10814
10816
10816
10822
10824
10824
10837
10839
10839
10840
10843
10844
10844
10846
10848
10849
10849
10852
10854
10858
10859
10864
10867
10868
10875
10879
10879
10883
10890
10893
10902
10903
10904
10907
10912
10915
10919
10922
10923
10925
10933
10934
10943
10943
10945
10946
10952
10954
10956
10964
10964
10964
10967
10968
10974
10975
10976
10978
10981
10984
10988
10990
10992
10992
10994
10997
10998
10998
11010
11011
11013
11013
11018
11018
11019
11026
11026
11028
11032
11033
11033
11035
11040
11042
11051
11053
11054
11056
11057
11061
11062
11063
11064
11067
11069
11070
11076
11076
11076
11077
11077
11078
11081
11091
11107
11110
11113
11115
11118
11119
11120
11126
11133
11133
11134
11143
11152
11154
11157
11160
11166
11166
11175
11178
11180
11181
11182
11182
11182
11184
11188
11190
11197
11198
11208
11222
11229
11234
11234
11241
11247
11254
11257
11266
11270
11271
11271
11273
11277
11278
11279
11282
11287
11292
11298
11299
11306
11312
11316
11316
11317
11334
11339
11351
11356
11357
11359
11368
11369
11377
11378
11381
11382
11385
11393
11400
11416
11420
11422
11423
11426
11428
11432
11437
11448
11448
11448
11453
11454
11457
11458
11459
11459
11470
11471
11475
11491
11496
11501
11501
11503
11505
11527
11536
11538
11547
11555
11556
11562
11567
11569
11573
11577
11578
11579
11585
11586
11589
11590
11592
11592
11599
11599
11602
11602
11603
11604
11606
11607
11608
11612
11617
11618
11626
11626
11629
11634
11635
11636
11638
11642
11644
11645
11645
11646
11647
11647
11647
11651
11653
11654
11656
11657
11661
11663
11665
11666
11671
11678
11678
11679
11679
11684
11687
11692
11705
11706
11710
11711
11713
11714
11714
11718
11719
11719
11723
11727
11731
11738
11740
11744
11747
11752
11753
11764
11766
11775
11775
11775
11784
11785
11789
11789
11790
11796
11800
11805
11806
11808
11808
11811
11816
11821
11823
11829
11838
11839
11841
11846
11852
11855
11855
11856
11860
11862
11863
11865
11866
11868
11870
11871
11873
11873
11876
11884
11887
11890
11896
11897
11899
11900
11901
11905
11908
11915
11917
11919
11921
11922
11922
11926
11932
11939
11941
11941
11942
11944
11945
11946
11948
11949
11950
11952
11952
11956
11957
11960
11961
11962
11963
11967
11967
11969
11973
11974
11975
11975
11977
11978
11985
11987
11988
11989
11989
11989
11991
11994
11996
11997
11997
12002
12003
12004
12018
12023
12024
12029
12034
12035
12041
12043
12062
12067
12067
12068
12069
12076
12080
12081
12082
12093
12098
12099
12106
12115
12119
12121
12127
12129
12130
12130
12131
12132
12137
12141
12144
12144
12144
12154
12156
12156
12160
12164
12171
12177
12179
12190
12198
12200
12203
12205
12206
12207
12207
12210
12217
12218
12232
12238
12239
12239
12240
12242
12242
12245
12247
12250
12254
12266
12266
12271
12279
12282
12284
12286
12293
12296
12296
12298
12303
12307
12307
12309
12311
12312
12313
12318
12323
12325
12325
12328
12334
12334
12338
12338
12342
12347
12347
12351
12355
12359
12362
12365
12368
12372
12374
12376
12378
12380
12380
12383
12384
12385
12387
12389
12391
12409
12416
12419
12423
12423
12424
12437
12439
12443
12448
12453
12458
12459
12462
12463
12463
12465
12465
12466
12467
12468
12480
12485
12486
12490
12502
12503
12506
12507
12513
12515
12516
12522
12522
12529
12530
12534
12535
12539
12542
12546
12549
12549
12550
12550
12552
12553
12554
12555
12556
12566
12567
12569
12569
12591
12592
12598
12605
12606
12624
12627
12629
12637
12653
12659
12667
12667
12672
12673
12674
12675
12679
12684
12684
12685
12686
12689
12692
12694
12696
12701
12702
12703
12714
12715
12719
12720
12726
12728
12733
12734
12734
12734
12745
12747
12749
12752
12759
12761
12766
12771
12772
12781
12784
12788
12789
12789
12790
12791
12799
12799
12800
12806
12806
12807
12813
12816
12819
12823
12831
12833
12835
12835
12841
12844
12847
12848
12848
12849
12859
12861
12865
12866
12867
12870
12888
12888
12889
12892
12898
12902
12902
12911
12915
12916
12916
12922
12926
12932
12934
12937
12940
12942
12951
12954
12960
12963
12964
12965
12969
12975
12976
12981
12982
12984
12984
12987
12990
12990
12991
12996
12997
12997
12997
12997
12999
12999
13002
13004
13005
13006
13007
13012
13018
13025
13027
13029
13031
13034
13035
13040
13042
13052
13055
13057
13064
13065
13066
13067
13068
13069
13072
13076
13087
13088
13090
13090
13098
13101
13102
13105
13105
13105
13108
13109
13110
13115
13120
13122
13125
13131
13134
13138
13142
13145
13148
13150
13153
13162
13163
13171
13174
13174
13175
13180
13187
13189
13193
13200
13200
13208
13209
13217
13222
13223
13228
13231
13235
13236
13237
13245
13247
13256
13262
13263
13268
13269
13273
13274
13280
13280
13283
13288
13289
13293
13296
13300
13300
13305
13306
13316
13324
13324
13330
13331
13337
13337
13339
13340
13342
13343
13343
13344
13347
13347
13348
13355
13360
13362
13366
13375
13380
13381
13384
13391
13398
13407
13411
13413
13416
13416
13417
13419
13421
13422
13426
13429
13433
13436
13436
13443
13446
13448
13451
13453
13458
13463
13465
13465
13465
13466
13468
13478
13484
13487
13492
13494
13495
13496
13497
13498
13501
13507
13514
13518
13525
13535
13540
13543
13551
13553
13554
13554
13555
13555
13556
13558
13562
13567
13571
13576
13583
13588
13589
13590
13591
13593
13597
13597
13597
13601
13606
13609
13610
13612
13614
13619
13620
13620
13622
13622
13634
13642
13647
13662
13667
13668
13671
13677
13678
13679
13679
13681
13683
13691
13694
13694
13694
13702
13704
13704
13714
13717
13718
13724
13725
13738
13744
13745
13746
13751
13764
13765
13770
13774
13776
13783
13789
13791
13792
13793
13794
13794
13796
13808
13810
13817
13823
13823
13837
13837
13839
13841
13848
13851
13852
13853
13856
13868
13870
13872
13881
13882
13883
13885
13891
13894
13894
13895
13899
13904
13905
13908
13912
13913
13915
13917
13921
13922
13926
13927
13937
13937
13940
13950
13953
13955
13956
13958
13961
13963
13972
13973
13974
13978
13983
13984
13984
13986
13987
13988
13989
13991
13991
13995
13995
14000
14000
14003
14009
14009
14014
14019
14020
14025
14032
14033
14036
14037
14040
14047
14049
14053
14053
14058
14062
14068
14076
14081
14090
14090
14091
14093
14094
14099
14103
14104
14104
14107
14120
14129
14130
14130
14132
14134
14140
14144
14144
14145
14149
14150
14157
14160
14163
14167
14168
14171
14179
14180
14186
14187
14189
14192
14193
14201
14210
14211
14212
14212
14213
14221
14221
14225
14227
14234
14236
14239
14240
14246
14246
14257
14259
14261
14262
14263
14276
14279
14280
14280
14283
14288
14289
14305
14306
14307
14313
14320
14321
14322
14328
14338
14341
14342
14343
14355
14362
14363
14363
14363
14371
14378
14380
14380
14381
14393
14394
14395
14397
14399
14404
14406
14407
14409
14409
14410
14411
14413
14431
14432
14437
14438
14438
14440
14440
14443
14444
14446
14451
14456
14461
14462
14467
14471
14484
14487
14493
14494
14497
14498
14499
14499
14503
14506
14507
14507
14508
14508
14510
14510
14515
14521
14527
14531
14532
14532
14534
14538
14548
14554
14559
14560
14560
14560
14565
14566
14566
14570
14572
14583
14586
14593
14596
14598
14605
14605
14607
14613
14618
14618
14620
14628
14629
14632
14638
14638
14642
14645
14645
14646
14650
14651
14654
14661
14664
14665
14669
14670
14670
14676
14679
14680
14682
14684
14687
14688
14688
14688
14693
14699
14700
14704
14706
14707
14717
14718
14718
14727
14727
14727
14730
14734
14736
14742
14744
14745
14747
14755
14756
14763
14770
14775
14779
14779
14779
14782
14784
14787
14797
14798
14803
14808
14811
14814
14825
14827
14833
14835
14840
14841
14842
14846
14854
14855
14858
14859
14860
14863
14866
14871
14872
14885
14885
14885
14888
14888
14891
14892
14894
14903
14907
14913
14916
14923
14923
14926
14945
14948
14950
14951
14956
14957
14963
14964
14965
14977
14977
14979
14979
14980
14986
14993
14997
15004
15015
15018
15019
15019
15020
15024
15029
15032
15034
15044
15045
15046
15053
15054
15058
15068
15068
15075
15083
15085
15089
15091
15091
15094
15096
15103
15108
15109
15112
15116
15119
15138
15148
15149
15153
15158
15160
15161
15162
15165
15171
15172
15173
15175
15175
15186
15187
15191
15195
15200
15202
15220
15232
15234
15238
15240
15243
15244
15248
15251
15253
15255
15257
15263
15266
15266
15268
15272
15273
15274
15274
15275
15283
15286
15287
15289
15297
15298
15299
15311
15316
15318
15319
15321
15325
15339
15344
15347
15352
15355
15362
15363
15372
15372
15373
15381
15382
15386
15388
15390
15399
15399
15406
15410
15411
15421
15424
15427
15428
15428
15429
15434
15436
15442
15443
15443
15445
15448
15449
15454
15456
15458
15459
15462
15462
15462
15464
15479
15480
15484
15488
15495
15495
15500
15501
15503
15504
15506
15510
15510
15513
15514
15516
15516
15520
15521
15521
15522
15527
15533
15535
15538
15544
15547
15552
15558
15558
15564
15564
15565
15567
15568
15569
15572
15575
15577
15577
15581
15589
15596
15602
15607
15610
15612
15613
15614
15617
15618
15622
15627
15630
15635
15638
15639
15642
15642
15645
15646
15657
15662
15662
15665
15666
15668
15668
15673
15680
15681
15682
15682
15686
15686
15689
15693
15693
15706
15706
15713
15717
15718
15719
15719
15720
15720
15728
15729
15731
15740
15747
15749
15764
15765
15766
15777
15779
15781
15783
15785
15800
15801
15802
15808
15811
15813
15814
15823
15824
15827
15832
15836
15837
15841
15847
15850
15851
15852
15859
15861
15866
15872
15872
15880
15883
15884
15904
15904
15909
15910
15913
15913
15918
15920
15921
15922
15922
15926
15929
15935
15939
15945
15960
15968
15969
15985
15988
15995
15996
15997
16011
16015
16015
16033
16043
16044
16044
16048
16052
16059
16060
16062
16063
16065
16077
16078
16080
16082
16086
16090
16091
16092
16098
16099
16105
16115
16117
16122
16124
16126
16135
16139
16140
16143
16143
16148
16152
16153
16161
16168
16169
16171
16172
16172
16173
16181
16184
16185
16185
16191
16191
16193
16195
16199
16200
16202
16205
16205
16208
16209
16215
16216
16221
16222
16223
16223
16229
16234
16236
16237
16245
16246
16250
16255
16264
16264
16268
16279
16280
16284
16291
16292
16294
16299
16300
16300
16303
16308
16316
16318
16320
16326
16327
16334
16335
16338
16341
16343
16346
16359
16360
16362
16363
16364
16366
16367
16368
16373
16375
16375
16376
16378
16378
16380
16382
16391
16394
16397
16401
16402
16405
16413
16414
16416
16417
16417
16429
16431
16438
16439
16442
16457
16465
16468
16471
16471
16475
16476
16481
16485
16488
16491
16495
16500
16500
16507
16511
16513
16517
16518
16519
16525
16533
16536
16538
16540
16540
16545
16552
16552
16559
16562
16563
16563
16564
16568
16568
16572
16573
16574
16577
16580
16581
16581
16587
16593
16595
16596
16598
16599
16599
16600
16612
16615
16616
16618
16618
16623
16625
16633
16636
16637
16641
16644
16645
16649
16650
16654
16657
16657
16659
16660
16663
16663
16664
16669
16670
16674
16678
16679
16681
16685
16685
16685
16692
16694
16694
16703
16705
16706
16709
16713
16713
16714
16716
16718
16721
16722
16725
16727
16730
16731
16731
16732
16734
16738
16745
16746
16748
16752
16753
16755
16765
16765
16766
16766
16771
16772
16772
16773
16773
16775
16776
16779
16779
16782
16783
16785
16786
16787
16788
16791
16802
16802
16803
16803
16810
16828
16830
16836
16837
16842
16842
16851
16852
16855
16862
16863
16863
16868
16873
16873
16873
16873
16875
16878
16887
16887
16889
16893
16902
16906
16908
16908
16914
16923
16927
16937
16941
16944
16946
16948
16951
16954
16955
16958
16965
16966
16972
16978
16982
16985
16986
16987
16989
16990
16991
16991
16995
17001
17003
17007
17011
17015
17015
17018
17029
17031
17032
17036
17038
17042
17046
17053
17054
17055
17055
17058
17059
17059
17060
17060
17062
17062
17064
17069
17079
17082
17086
17087
17087
17090
17091
17097
17099
17103
17105
17106
17110
17114
17115
17117
17117
17119
17119
17124
17124
17125
17126
17127
17129
17129
17136
17138
17145
17148
17149
17157
17166
17170
17172
17173
17178
17192
17201
17202
17206
17207
17208
17211
17218
17222
17223
17225
17229
17230
17234
17236
17236
17238
17239
17242
17246
17250
17251
17256
17260
17262
17270
17273
17276
17280
17286
17287
17288
17291
17296
17297
17301
17302
17302
17307
17315
17320
17322
17324
17325
17327
17330
17330
17330
17333
17333
17339
17339
17339
17343
17343
17345
17348
17350
17351
17352
17352
17354
17370
17385
17391
17396
17403
17408
17414
17418
17420
17420
17435
17436
17439
17446
17446
17448
17454
17455
17455
17456
17461
17463
17464
17476
17482
17485
17485
17488
17490
17490
17491
17495
17504
17507
17512
17513
17514
17515
17518
17521
17523
17526
17528
17528
17536
17537
17544
17545
17545
17547
17548
17548
17550
17557
17566
17571
17583
17585
17585
17595
17597
17600
17601
17602
17606
17609
17610
17616
17616
17617
17619
17622
17622
17624
17624
17629
17630
17632
17634
17635
17642
17644
17645
17645
17648
17656
17660
17661
17664
17664
17665
17668
17670
17676
17690
17691
17692
17693
17702
17703
17705
17714
17715
17715
17726
17732
17737
17739
17740
17743
17747
17752
17755
17759
17760
17761
17762
17765
17765
17767
17767
17771
17772
17772
17776
17781
17786
17798
17800
17801
17803
17803
17805
17805
17806
17806
17811
17812
17821
17823
17823
17824
17827
17829
17831
17833
17841
17842
17846
17856
17862
17863
17863
17866
17867
17869
17872
17879
17882
17883
17883
17884
17884
17892
17894
17901
17902
17905
17911
17917
17918
17927
17928
17929
17934
17936
17936
17940
17941
17945
17952
17955
17958
17961
17962
17966
17967
17969
17979
17979
17983
17986
17986
17988
17992
17993
17993
17996
17996
18001
18013
18015
18019
18023
18037
18038
18039
18042
18045
18049
18049
18053
18060
18069
18072
18074
18075
18080
18084
18086
18089
18090
18095
18096
18099
18099
18105
18108
18109
18120
18120
18128
18133
18134
18136
18136
18139
18145
18149
18152
18154
18158
18173
18176
18184
18185
18189
18192
18195
18200
18200
18205
18206
18212
18215
18216
18232
18238
18238
18245
18250
18254
18263
18267
18268
18271
18276
18277
18278
18278
18282
18283
18284
18286
18288
18289
18291
18292
18293
18308
18311
18311
18311
18319
18323
18326
18331
18332
18333
18333
18335
18336
18344
18346
18346
18347
18349
18352
18354
18354
18358
18360
18361
18363
18364
18368
18373
18380
18390
18391
18397
18402
18404
18406
18407
18408
18412
18412
18426
18428
18429
18436
18442
18445
18449
18451
18452
18453
18454
18463
18467
18469
18469
18472
18473
18479
18485
18485
18495
18496
18497
18498
18501
18503
18504
18506
18522
18523
18524
18529
18532
18536
18536
18543
18545
18555
18559
18561
18561
18563
18564
18566
18567
18574
18575
18575
18578
18583
18583
18584
18595
18597
18598
18599
18599
18600
18612
18612
18613
18614
18618
18627
18630
18632
18633
18634
18634
18644
18652
18659
18659
18673
18681
18683
18683
18685
18699
18700
18706
18706
18717
18718
18719
18719
18720
18722
18725
18732
18733
18740
18744
18747
18750
18752
18754
18755
18764
18765
18766
18769
18769
18772
18773
18775
18778
18780
18785
18791
18792
18794
18798
18799
18801
18805
18810
18813
18814
18823
18828
18829
18831
18841
18841
18846
18848
18851
18854
18858
18862
18875
18882
18894
18896
18899
18900
18902
18903
18908
18908
18909
18912
18913
18916
18917
18926
18928
18928
18930
18936
18942
18944
18955
18957
18957
18962
18962
18962
18969
18972
18976
18981
18981
18983
18984
18986
18987
18993
19005
19006
19007
19010
19014
19020
19020
19023
19035
19037
19042
19045
19047
19047
19054
19054
19056
19062
19067
19078
19080
19088
19094
19097
19098
19102
19107
19112
19114
19116
19117
19123
19128
19130
19137
19139
19145
19146
19159
19160
19160
19166
19167
19168
19174
19176
19176
19177
19178
19179
19188
19192
19205
19212
19214
19215
19219
19224
19226
19227
19227
19229
19230
19234
19246
19250
19251
19260
19272
19276
19277
19279
19288
19289
19290
19293
19293
19297
19297
19299
19300
19301
19318
19325
19325
19336
19337
19339
19339
19341
19345
19351
19352
19352
19355
19357
19364
19368
19373
19374
19375
19377
19379
19382
19383
19394
19394
19396
19396
19397
19398
19413
19416
19420
19425
19430
19441
19442
19442
19449
19449
19452
19453
19454
19455
19455
19458
19460
19465
19468
19478
19478
19485
19487
19489
19493
19495
19500
19502
19505
19506
19510
19515
19517
19519
19519
19520
19520
19523
19525
19526
19526
19531
19537
19544
19546
19548
19550
19554
19562
19563
19564
19566
19570
19572
19575
19576
19584
19589
19593
19598
19599
19603
19604
19604
19607
19614
19614
19622
19627
19628
19632
19634
19638
19640
19640
19641
19642
19643
19647
19648
19649
19654
19654
19660
19665
19667
19668
19674
19688
19689
19690
19695
19696
19705
19706
19714
19719
19720
19720
19720
19721
19722
19727
19727
19729
19732
19735
19737
19739
19739
19746
19750
19753
19757
19757
19758
19758
19761
19773
19782
19785
19787
19789
19791
19797
19800
19808
19810
19812
19812
19819
19819
19821
19827
19839
19842
19849
19850
19850
19851
19852
19858
19860
19861
19867
19870
19872
19881
19881
19883
19890
19890
19890
19893
19897
19899
19904
19907
19914
19914
19917
19923
19927
19938
19939
19940
19946
19946
19947
19948
19952
19955
19959
19961
19961
19962
19966
19966
19969
19969
19976
19978
19979
19979
19983
19995
19996
20000
20000
20000
20003
20008
20010
20013
20014
20018
20020
20023
20024
20024
20030
20037
20039
20040
20045
20049
20050
20050
20053
20054
20072
20083
20084
20086
20099
20101
20109
20111
20122
20123
20125
20125
20126
20132
20136
20150
20151
20151
20152
20159
20161
20162
20163
20164
20173
20175
20176
20181
20185
20187
20189
20190
20193
20195
20196
20198
20202
20207
20218
20222
20223
20226
20229
20230
20231
20233
20233
20234
20234
20236
20240
20243
20245
20251
20261
20262
20269
20276
20280
20280
20281
20282
20284
20295
20297
20297
20306
20307
20307
20309
20310
20312
20312
20313
20314
20318
20320
20322
20323
20323
20332
20339
20343
20343
20347
20348
20349
20351
20355
20355
20357
20362
20364
20368
20371
20372
20373
20375
20376
20376
20378
20378
20383
20387
20390
20395
20397
20409
20410
20411
20417
20422
20424
20431
20433
20434
20438
20441
20444
20449
20455
20464
20468
20468
20469
20475
20478
20482
20483
20488
20490
20490
20490
20500
20501
20501
20503
20503
20507
20509
20516
20516
20520
20522
20522
20523
20527
20529
20530
20530
20532
20534
20543
20546
20553
20554
20554
20558
20559
20564
20564
20565
20567
20570
20572
20573
20583
20583
20583
20587
20591
20594
20600
20601
20604
20608
20608
20613
20620
20621
20625
20627
20629
20630
20630
20631
20632
20632
20633
20633
20634
20634
20634
20640
20642
20644
20645
20645
20645
20646
20654
20656
20660
20661
20665
20678
20679
20690
20690
20690
20692
20699
20699
20703
20704
20709
20710
20710
20712
20714
20717
20718
20719
20723
20726
20727
20727
20729
20731
20734
20735
20738
20743
20744
20749
20755
20759
20760
20764
20764
20765
20765
20769
20772
20775
20776
20777
20782
20783
20784
20788
20790
20791
20794
20801
20805
20805
20808
20809
20809
20809
20812
20812
20814
20824
20824
20832
20839
20842
20842
20843
20849
20857
20857
20857
20857
20863
20866
20872
20872
20874
20876
20877
20879
20888
20890
20892
20895
20896
20897
20898
20904
20904
20905
20907
20911
20911
20912
20914
20918
20919
20920
20923
20926
20926
20933
20934
20936
20940
20945
20946
20949
20956
20957
20959
20960
20961
20962
20963
20966
20967
20980
20983
20997
20998
20999
21004
21004
21005
21007
21023
21025
21029
21036
21038
21040
21044
21046
21048
21049
21059
21064
21069
21071
21076
21076
21080
21087
21088
21091
21095
21095
21096
21096
21098
21100
21105
21112
21116
21117
21119
21121
21121
21126
21126
21128
21130
21132
21133
21133
21133
21136
21141
21146
21147
21153
21154
21154
21155
21159
21166
21167
21169
21173
21175
21176
21177
21178
21180
21180
21181
21182
21186
21189
21193
21196
21201
21203
21205
21206
21206
21211
21214
21214
21221
21222
21224
21225
21227
21228
21229
21235
21236
21239
21242
21244
21246
21250
21256
21256
21259
21261
21262
21262
21267
21270
21270
21271
21275
21275
21280
21281
21282
21288
21293
21294
21297
21300
21300
21303
21304
21306
21312
21318
21318
21319
21322
21324
21329
21331
21332
21339
21339
21342
21346
21347
21352
21356
21366
21372
21373
21376
21379
21386
21390
21390
21392
21393
21394
21394
21395
21397
21401
21410
21416
21421
21422
21423
21423
21430
21434
21438
21438
21440
21442
21443
21445
21451
21453
21453
21455
21455
21457
21459
21461
21465
21466
21474
21476
21484
21497
21505
21505
21509
21513
21513
21515
21518
21525
21527
21528
21532
21533
21534
21537
21545
21547
21547
21552
21553
21553
21562
21570
21570
21574
21578
21579
21580
21584
21589
21590
21603
21606
21617
21619
21621
21625
21632
21648
21650
21650
21658
21658
21661
21662
21666
21676
21677
21677
21688
21694
21695
21700
21705
21707
21718
21718
21722
21726
21728
21731
21737
21739
21741
21742
21746
21748
21749
21749
21750
21751
21757
21760
21765
21779
21781
21783
21785
21786
21788
21794
21794
21795
21799
21800
21802
21802
21803
21815
21815
21820
21825
21828
21832
21834
21837
21837
21842
21845
21848
21849
21849
21850
21860
21862
21876
21878
21880
21880
21882
21884
21886
21889
21890
21891
21895
21903
21913
21917
21918
21918
21924
21926
21954
21954
21954
21956
21958
21959
21960
21961
21962
21963
21966
21966
21966
21967
21977
21980
21987
21988
21991
21991
21993
21999
22006
22007
22011
22013
22021
22033
22037
22038
22044
22045
22049
22050
22054
22054
22055
22057
22059
22063
22068
22069
22071
22073
22074
22075
22080
22083
22084
22087
22088
22096
22102
22106
22113
22119
22129
22133
22144
22147
22150
22151
22154
22157
22172
22174
22181
22186
22193
22193
22194
22195
22201
22204
22204
22207
22212
22214
22220
22232
22233
22234
22236
22240
22246
22252
22253
22258
22258
22259
22259
22261
22268
22276
22276
22278
22288
22288
22292
22296
22298
22302
22302
22303
22305
22309
22311
22311
22314
22315
22322
22326
22326
22330
22330
22332
22341
22345
22346
22347
22350
22360
22360
22365
22368
22376
22381
22381
22382
22384
22385
22413
22414
22417
22419
22430
22439
22439
22441
22450
22457
22458
22460
22468
22469
22471
22475
22476
22478
22480
22487
22496
22512
22522
22524
22531
22535
22536
22537
22539
22541
22542
22544
22545
22549
22550
22552
22552
22556
22560
22563
22563
22566
22569
22585
22585
22588
22592
22601
22605
22608
22608
22612
22613
22615
22620
22625
22628
22631
22632
22632
22633
22634
22635
22636
22639
22641
22641
22643
22645
22646
22648
22649
22649
22652
22653
22655
22656
22659
22660
22670
22675
22681
22682
22683
22689
22689
22689
22695
22696
22698
22701
22701
22707
22707
22709
22710
22710
22713
22713
22719
22724
22724
22725
22729
22732
22733
22733
22746
22747
22748
22748
22749
22752
22756
22759
22771
22771
22773
22779
22785
22793
22794
22796
22796
22810
22815
22817
22818
22833
22835
22839
22845
22848
22851
22853
22853
22858
22869
22878
22878
22878
22879
22885
22893
22897
22897
22898
22903
22910
22911
22912
22919
22920
22922
22930
22930
22933
22935
22947
22949
22953
22954
22958
22966
22967
22968
22972
22975
22975
22976
22978
22978
22981
22982
22986
22987
22992
22992
22995
22996
22997
23001
23004
23016
23019
23022
23025
23031
23035
23037
23039
23044
23044
23045
23054
23056
23058
23059
23060
23068
23074
23074
23075
23077
23083
23083
23085
23086
23086
23089
23091
23092
23103
23104
23105
23106
23107
23109
23111
23114
23116
23118
23119
23119
23124
23140
23155
23157
23158
23158
23162
23165
23166
23166
23172
23175
23179
23181
23182
23182
23182
23185
23187
23188
23190
23192
23202
23204
23214
23215
23215
23221
23221
23222
23224
23225
23226
23228
23244
23249
23252
23256
23259
23264
23265
23270
23271
23274
23276
23279
23281
23282
23286
23304
23309
23310
23312
23314
23314
23318
23319
23324
23330
23332
23334
23339
23340
23340
23345
23350
23352
23353
23353
23362
23372
23374
23375
23375
23379
23381
23381
23383
23383
23386
23389
23389
23392
23394
23395
23397
23404
23404
23406
23407
23407
23411
23414
23415
23418
23419
23421
23424
23427
23432
23433
23436
23438
23438
23447
23455
23457
23458
23459
23461
23462
23462
23468
23468
23469
23475
23479
23480
23480
23484
23484
23487
23492
23492
23493
23495
23496
23502
23503
23507
23507
23516
23517
23518
23519
23527
23528
23528
23530
23532
23533
23535
23542
23543
23546
23546
23546
23547
23550
23552
23561
23588
23590
23596
23609
23615
23615
23615
23623
23625
23629
23631
23631
23632
23633
23641
23642
23644
23648
23661
23670
23672
23674
23674
23675
23684
23684
23684
23689
23689
23697
23703
23708
23713
23719
23725
23739
23752
23753
23756
23757
23758
23761
23768
23770
23771
23775
23780
23780
23782
23782
23783
23785
23785
23787
23794
23797
23798
23800
23801
23801
23803
23806
23814
23814
23818
23821
23829
23832
23835
23836
23839
23844
23847
23848
23848
23877
23888
23888
23888
23896
23903
23903
23911
23921
23923
23932
23933
23934
23937
23939
23941
23943
23943
23946
23947
23950
23953
23955
23962
23963
23963
23964
23967
23968
23972
23975
23985
23995
23997
23999
24003
24010
24012
24027
24036
24037
24042
24043
24061
24067
24072
24074
24078
24081
24092
24096
24097
24102
24103
24109
24113
24117
24119
24123
24123
24125
24128
24130
24131
24134
24140
24144
24145
24149
24151
24154
24156
24157
24159
24160
24162
24165
24168
24173
24180
24184
24190
24193
24193
24198
24203
24218
24223
24228
24228
24234
24235
24235
24239
24244
24246
24247
24247
24255
24261
24266
24266
24266
24268
24270
24273
24274
24274
24275
24279
24279
24279
24279
24281
24283
24284
24286
24294
24298
24303
24307
24307
24308
24313
24315
24325
24326
24329
24329
24332
24332
24336
24339
24341
24345
24347
24349
24355
24359
24364
24365
24379
24393
24400
24402
24404
24407
24407
24407
24408
24411
24417
24420
24423
24427
24427
24428
24433
24439
24442
24443
24446
24458
24461
24467
24471
24472
24474
24475
24476
24476
24478
24479
24479
24492
24493
24508
24511
24513
24520
24522
24528
24530
24531
24531
24534
24535
24536
24542
24553
24555
24555
24558
24564
24571
24573
24573
24575
24576
24578
24578
24589
24596
24596
24597
24600
24602
24602
24609
24611
24613
24622
24626
24627
24629
24633
24635
24645
24649
24654
24661
24667
24670
24679
24687
24694
24696
24700
24705
24713
24717
24720
24722
24727
24728
24731
24736
24737
24737
24737
24741
24742
24743
24743
24745
24748
24758
24759
24761
24766
24768
24769
24772
24772
24773
24790
24792
24795
24798
24799
24804
24806
24811
24812
24812
24813
24817
24820
24820
24823
24831
24843
24848
24850
24857
24859
24861
24862
24863
24865
24869
24871
24876
24877
24878
24879
24882
24885
24893
24895
24898
24903
24910
24916
24917
24921
24931
24939
24941
24943
24957
24958
24958
24959
24959
24960
24965
24968
24969
24974
24976
24979
24979
24986
24987
24987
24990
24999
25005
25005
25005
25006
25008
25012
25017
25019
25025
25032
25033
25047
25048
25049
25050
25061
25062
25063
25064
25068
25069
25069
25075
25084
25087
25087
25087
25091
25091
25094
25094
25099
25100
25100
25101
25104
25113
25115
25116
25118
25118
25119
25124
25130
25132
25133
25135
25137
25137
25140
25150
25150
25150
25154
25155
25160
25164
25164
25165
25170
25180
25180
25182
25184
25191
25195
25196
25198
25202
25204
25204
25205
25206
25206
25212
25215
25222
25224
25225
25225
25229
25239
25239
25240
25242
25243
25244
25254
25257
25257
25257
25265
25267
25270
25271
25274
25278
25282
25282
25287
25288
25291
25296
25298
25299
25302
25304
25317
25323
25325
25326
25329
25336
25337
25339
25345
25347
25352
25357
25359
25377
25380
25383
25386
25387
25389
25391
25392
25393
25394
25403
25405
25412
25412
25413
25414
25414
25423
25430
25434
25435
25440
25441
25443
25444
25448
25448
25448
25450
25451
25458
25463
25463
25468
25479
25486
25487
25497
25499
25499
25503
25506
25508
25518
25519
25520
25524
25534
25536
25538
25538
25539
25542
25545
25546
25547
25548
25552
25554
25556
25557
25560
25563
25564
25564
25568
25572
25575
25578
25579
25579
25579
25579
25582
25586
25592
25596
25596
25601
25603
25606
25606
25611
25611
25614
25620
25621
25621
25621
25627
25628
25629
25632
25635
25635
25637
25637
25638
25640
25646
25646
25647
25650
25650
25650
25650
25653
25653
25656
25657
25659
25661
25663
25666
25667
25670
25671
25678
25684
25691
25693
25696
25697
25701
25709
25713
25713
25717
25717
25719
25726
25731
25735
25736
25738
25739
25742
25742
25742
25743
25746
25747
25751
25752
25752
25755
25755
25756
25764
25764
25768
25778
25792
25793
25800
25801
25812
25815
25815
25816
25817
25818
25820
25825
25829
25838
25839
25840
25841
25841
25841
25845
25859
25860
25865
25865
25868
25870
25871
25872
25889
25900
25905
25908
25910
25911
25914
25915
25915
25916
25925
25928
25933
25935
25939
25941
25944
25945
25945
25945
25947
25948
25955
25958
25958
25958
25960
25964
25965
25971
25973
25974
25982
25984
25989
25991
25992
25993
25994
25998
26000
26001
26007
26010
26010
26016
26020
26021
26027
26031
26033
26033
26034
26034
26046
26047
26048
26049
26051
26052
26057
26060
26060
26060
26069
26073
26074
26075
26076
26076
26079
26090
26090
26091
26091
26092
26094
26101
26103
26104
26104
26112
26114
26119
26120
26120
26120
26125
26133
26136
26137
26145
26146
26148
26158
26159
26160
26161
26165
26175
26176
26177
26178
26179
26185
26190
26191
26198
26208
26210
26213
26215
26216
26219
26220
26226
26227
26229
26230
26231
26233
26237
26238
26238
26238
26248
26248
26257
26258
26264
26271
26272
26272
26272
26272
26280
26281
26283
26287
26288
26289
26293
26295
26296
26305
26308
26314
26317
26317
26320
26323
26325
26325
26329
26332
26336
26349
26355
26362
26364
26364
26370
26370
26375
26379
26385
26401
26403
26407
26419
26420
26421
26422
26447
26450
26450
26451
26460
26460
26460
26461
26477
26482
26486
26486
26500
26500
26500
26502
26503
26507
26511
26513
26514
26520
26520
26521
26525
26530
26530
26531
26533
26537
26544
26551
26552
26552
26564
26572
26576
26577
26577
26581
26581
26584
26587
26591
26598
26600
26606
26607
26607
26609
26610
26613
26622
26628
26633
26636
26641
26642
26646
26654
26657
26657
26662
26664
26667
26668
26668
26671
26675
26679
26679
26681
26682
26684
26688
26694
26699
26700
26701
26705
26709
26710
26720
26721
26722
26724
26727
26734
26743
26746
26748
26750
26753
26757
26762
26767
26767
26768
26770
26770
26774
26776
26778
26778
26781
26783
26792
26792
26799
26799
26801
26801
26817
26824
26829
26833
26834
26836
26839
26841
26847
26848
26851
26856
26858
26864
26865
26872
26875
26875
26880
26886
26887
26889
26890
26891
26891
26893
26894
26896
26903
26904
26906
26906
26906
26909
26920
26922
26924
26931
26932
26933
26935
26936
26939
26941
26945
26946
26951
26951
26952
26953
26957
26961
26961
26962
26966
26968
26975
26976
26978
26979
26986
26991
26993
26995
26995
26996
26996
26998
26998
27002
27002
27002
27015
27022
27024
27028
27028
27031
27035
27035
27043
27046
27048
27048
27055
27056
27056
27059
27060
27062
27064
27067
27069
27069
27071
27071
27072
27075
27076
27077
27077
27080
27086
27088
27097
27104
27105
27106
27109
27116
27118
27119
27121
27125
27127
27135
27137
27137
27145
27146
27149
27151
27153
27158
27158
27158
27163
27164
27166
27168
27169
27179
27182
27184
27186
27189
27206
27211
27215
27219
27220
27225
27229
27230
27233
27234
27236
27238
27240
27242
27242
27246
27247
27248
27250
27262
27265
27271
27277
27279
27280
27282
27284
27290
27299
27308
27314
27317
27318
27322
27325
27329
27331
27332
27335
27335
27337
27338
27345
27346
27346
27353
27354
27358
27360
27363
27365
27375
27377
27383
27383
27387
27389
27389
27391
27391
27395
27399
27401
27402
27404
27405
27408
27412
27417
27420
27424
27426
27429
27431
27434
27435
27436
27453
27456
27459
27465
27465
27472
27485
27492
27496
27500
27501
27507
27514
27520
27528
27536
27538
27539
27542
27548
27548
27548
27549
27555
27557
27560
27561
27562
27566
27568
27570
27571
27571
27573
27574
27577
27587
27592
27592
27593
27595
27598
27600
27600
27616
27623
27628
27630
27630
27630
27642
27649
27654
27657
27663
27665
27668
27669
27671
27674
27676
27686
27687
27690
27693
27704
27704
27705
27708
27711
27714
27719
27720
27721
27722
27728
27730
27730
27732
27738
27743
27748
27756
27758
27759
27766
27768
27768
27769
27770
27776
27792
27797
27803
27804
27814
27824
27826
27827
27834
27840
27845
27849
27851
27854
27856
27856
27858
27861
27862
27866
27868
27870
27871
27871
27873
27879
27885
27885
27893
27895
27900
27901
27901
27902
27906
27908
27908
27908
27909
27910
27915
27916
27919
27923
27928
27932
27938
27944
27944
27945
27960
27960
27961
27961
27961
27963
27964
27966
27974
27975
27981
27987
27987
27988
27988
27989
27992
27996
27996
27999
28000
28003
28003
28004
28006
28008
28010
28014
28015
28016
28021
28039
28039
28040
28041
28042
28044
28047
28048
28049
28051
28051
28055
28064
28065
28065
28065
28072
28076
28076
28076
28077
28079
28091
28094
28094
28096
28100
28105
28108
28109
28114
28122
28126
28126
28132
28132
28133
28133
28135
28139
28143
28143
28143
28157
28160
28160
28164
28166
28168
28170
28171
28171
28175
28175
28187
28191
28191
28196
28199
28210
28213
28213
28213
28214
28219
28235
28240
28241
28244
28245
28253
28254
28261
28263
28273
28274
28274
28276
28282
28287
28287
28294
28304
28304
28305
28306
28321
28323
28328
28329
28335
28336
28339
28339
28339
28342
28343
28350
28350
28354
28356
28356
28358
28366
28369
28370
28373
28375
28379
28380
28381
28382
28384
28384
28384
28391
28399
28402
28404
28405
28410
28412
28422
28422
28431
28434
28439
28441
28443
28447
28449
28454
28456
28457
28472
28476
28483
28485
28492
28492
28497
28504
28506
28506
28508
28508
28521
28524
28527
28532
28534
28536
28537
28539
28543
28545
28550
28561
28568
28568
28569
28573
28576
28576
28577
28578
28578
28581
28583
28596
28598
28602
28604
28605
28606
28607
28610
28613
28613
28618
28619
28620
28620
28620
28632
28635
28639
28648
28649
28655
28656
28658
28665
28665
28675
28677
28679
28685
28688
28691
28696
28697
28703
28706
28717
28719
28724
28725
28729
28735
28739
28750
28751
28751
28754
28754
28761
28761
28762
28767
28767
28770
28770
28776
28777
28781
28786
28786
28788
28794
28795
28796
28796
28798
28800
28800
28809
28810
28817
28824
28825
28827
28828
28831
28839
28853
28853
28855
28858
28859
28861
28868
28872
28873
28875
28888
28891
28893
28893
28896
28909
28917
28918
28927
28927
28932
28933
28934
28935
28939
28945
28945
28952
28953
28961
28961
28961
28963
28969
28970
28973
28976
28978
28981
28984
28987
28989
28990
28990
28990
28993
29002
29014
29016
29021
29023
29033
29036
29042
29046
29052
29053
29056
29061
29066
29076
29077
29077
29085
29087
29090
29092
29093
29094
29095
29098
29101
29102
29102
29104
29107
29120
29120
29124
29140
29141
29145
29150
29153
29158
29161
29162
29162
29163
29167
29168
29172
29183
29191
29194
29197
29198
29200
29204
29210
29212
29219
29220
29228
29242
29242
29243
29245
29245
29253
29254
29259
29263
29277
29282
29289
29290
29291
29294
29298
29299
29301
29306
29307
29308
29310
29313
29314
29318
29323
29324
29325
29332
29334
29336
29338
29348
29352
29360
29369
29375
29379
29380
29383
29384
29388
29392
29395
29396
29397
29404
29404
29408
29409
29411
29416
29425
29426
29426
29427
29428
29436
29436
29440
29442
29442
29444
29445
29446
29448
29448
29458
29464
29470
29472
29479
29480
29484
29485
29485
29486
29488
29489
29491
29492
29504
29504
29513
29517
29518
29529
29533
29535
29538
29541
29544
29545
29551
29554
29555
29560
29561
29562
29564
29567
29567
29568
29573
29574
29575
29576
29577
29581
29590
29590
29593
29595
29598
29598
29600
29602
29607
29610
29611
29620
29623
29626
29627
29627
29628
29629
29630
29637
29640
29640
29644
29644
29645
29653
29654
29655
29662
29664
29668
29672
29674
29679
29683
29684
29684
29691
29694
29696
29705
29709
29716
29724
29728
29740
29742
29746
29755
29759
29759
29759
29761
29768
29769
29769
29771
29771
29774
29774
29781
29784
29787
29798
29801
29803
29803
29826
29827
29832
29835
29836
29837
29839
29842
29842
29845
29845
29852
29855
29858
29861
29866
29866
29870
29873
29875
29876
29876
29879
29883
29884
29888
29891
29897
29898
29901
29902
29903
29907
29910
29911
29914
29915
29917
29931
29933
29935
29936
29937
29942
29944
29944
29947
29948
29948
29951
29954
29976
29978
29987
29992
29999
30001
30001
30007
30012
30017
30018
30020
30021
30025
30025
30031
30032
30035
30037
30040
30040
30040
30043
30050
30052
30056
30064
30078
30080
30082
30086
30090
30093
30094
30105
30107
30108
30109
30118
30118
30120
30122
30123
30125
30132
30146
30146
30148
30148
30151
30154
30155
30159
30164
30165
30165
30171
30178
30180
30183
30184
30185
30188
30191
30192
30193
30197
30203
30203
30210
30214
30214
30216
30218
30218
30222
30223
30224
30225
30227
30234
30238
30240
30242
30246
30252
30256
30260
30278
30281
30281
30283
30293
30295
30296
30296
30299
30301
30306
30307
30310
30320
30327
30328
30329
30331
30333
30341
30343
30345
30347
30349
30351
30361
30362
30367
30367
30376
30380
30385
30387
30391
30398
30402
30409
30409
30412
30415
30418
30419
30420
30422
30423
30423
30424
30425
30427
30428
30428
30437
30439
30448
30455
30455
30462
30470
30470
30471
30471
30488
30488
30489
30489
30490
30492
30496
30497
30511
30512
30514
30523
30527
30527
30529
30530
30531
30534
30541
30545
30545
30545
30546
30549
30550
30553
30554
30554
30565
30567
30569
30570
30571
30573
30579
30580
30584
30595
30597
30599
30609
30609
30611
30612
30613
30613
30616
30616
30619
30619
30620
30620
30628
30628
30630
30633
30633
30637
30637
30643
30647
30650
30650
30658
30660
30670
30671
30674
30679
30682
30683
30692
30693
30695
30700
30700
30705
30707
30708
30710
30711
30714
30729
30730
30735
30736
30740
30748
30752
30754
30759
30762
30764
30765
30769
30776
30781
30783
30786
30791
30793
30797
30802
30803
30805
30808
30810
30811
30815
30818
30823
30823
30828
30832
30836
30837
30839
30841
30843
30853
30854
30855
30855
30856
30859
30860
30863
30865
30866
30867
30875
30880
30884
30904
30908
30909
30911
30916
30916
30917
30919
30921
30923
30925
30930
30933
30934
30947
30951
30959
30964
30971
30977
30983
30984
30987
30988
30993
30994
30997
31007
31012
31012
31017
31021
31021
31024
31028
31044
31046
31060
31062
31065
31072
31076
31076
31078
31078
31085
31086
31088
31092
31093
31094
31101
31117
31123
31127
31129
31134
31137
31139
31139
31139
31141
31158
31166
31166
31176
31178
31179
31184
31188
31190
31191
31193
31193
31195
31204
31208
31211
31219
31222
31226
31226
31226
31227
31231
31234
31239
31240
31241
31243
31243
31246
31247
31248
31249
31250
31255
31263
31263
31267
31269
31283
31290
31291
31293
31302
31303
31305
31308
31308
31310
31314
31319
31324
31325
31326
31329
31330
31336
31336
31339
31341
31349
31349
31350
31352
31356
31357
31358
31360
31361
31362
31367
31368
31370
31372
31374
31379
31380
31381
31382
31384
31391
31395
31400
31402
31408
31413
31416
31419
31420
31423
31429
31430
31431
31440
31450
31451
31453
31455
31456
31460
31467
31468
31469
31470
31473
31477
31477
31480
31481
31482
31489
31495
31496
31503
31509
31512
31524
31524
31529
31529
31531
31533
31533
31535
31537
31540
31556
31557
31558
31559
31572
31575
31584
31585
31594
31594
31597
31597
31602
31604
31610
31612
31612
31615
31622
31623
31630
31635
31639
31647
31649
31654
31655
31663
31665
31666
31671
31673
31676
31678
31679
31679
31680
31680
31707
31707
31707
31712
31712
31713
31717
31725
31727
31729
31730
31737
31742
31743
31747
31750
31754
31756
31765
31765
31768
31785
31799
31799
31799
31802
31802
31803
31808
31811
31812
31813
31817
31820
31826
31830
31836
31839
31844
31855
31859
31863
31863
31866
31872
31876
31880
31885
31887
31887
31891
31894
31902
31907
31907
31908
31908
31910
31915
31916
31917
31921
31922
31926
31932
31934
31937
31940
31945
31952
31953
31955
31956
31965
31973
31978
31978
31978
31979
31980
31987
31989
31992
32001
32016
32022
32022
32026
32031
32045
32047
32057
32060
32062
32067
32068
32069
32072
32077
32090
32102
32107
32107
32111
32114
32116
32122
32127
32131
32132
32138
32140
32141
32142
32143
32148
32149
32150
32151
32152
32155
32156
32159
32168
32171
32175
32175
32178
32182
32185
32185
32186
32186
32189
32192
32196
32216
32222
32222
32233
32236
32236
32237
32241
32241
32243
32244
32245
32255
32257
32259
32259
32260
32261
32262
32267
32270
32274
32276
32278
32280
32281
32282
32283
32286
32287
32291
32298
32302
32303
32304
32305
32308
32328
32337
32344
32346
32348
32365
32367
32375
32376
32376
32379
32379
32385
32391
32395
32396
32404
32405
32411
32414
32415
32416
32418
32421
32428
32429
32432
32438
32438
32443
32443
32450
32450
32452
32453
32459
32463
32464
32465
32466
32472
32474
32475
32476
32477
32479
32479
32484
32484
32485
32487
32498
32499
32503
32505
32506
32518
32518
32519
32524
32527
32528
32535
32536
32538
32540
32540
32541
32541
32543
32553
32555
32556
32557
32559
32561
32564
32577
32584
32585
32586
32592
32593
32599
32601
32602
32602
32604
32619
32622
32624
32634
32634
32635
32639
32640
32641
32648
32649
32655
32660
32661
32662
32663
32664
32671
32674
32674
32683
32696
32699
32701
32703
32704
32711
32719
32722
32723
32731
32743
32753
32758
32759
32761
