21042
16637
1048
2810
12446
3706
21196
21143
27758
32
7998
13
20296
8855
7374
24368
11604
1092
23444
12945
27542
29303
15385
17035
4110
23896
25305
20748
14225
3727
26489
32292
3430
7860
15304
26959
8352
21885
1655
7043
13118
24737
28056
1528
24323
3471
3289
8634
11286
29136
4989
31727
30042
11836
17950
15080
13963
14560
24612
26602
8221
22955
4355
2491
3285
17883
4409
23531
13604
1578
2819
12008
15430
5047
21218
15551
29471
22454
11217
32435
27856
31191
4931
20351
16668
10615
20702
26219
6270
19849
17914
30481
24070
18243
14552
492
13047
13192
6050
8613
34
22296
28455
24862
16640
8569
4435
26170
25746
29348
10095
32115
24569
3952
11294
21017
20181
28863
2323
24427
15710
22891
21651
26199
30787
24302
27310
29713
32325
20691
24125
17750
28563
10976
32154
4733
5860
32256
26402
4162
26710
31731
26988
12626
4618
4532
11078
29846
31356
15534
22387
19519
18595
1693
18471
27030
20940
21573
28222
31105
2359
29398
28736
7636
19822
4122
15638
12125
12137
2404
3720
5294
3939
15673
6014
14760
11130
19387
23027
29644
31753
29145
24760
24385
31173
27448
22766
165
10650
1760
18241
14228
2627
23207
21732
19961
16300
16734
28753
12311
6151
4029
15806
6486
18096
11279
4958
16846
28865
29852
32093
22677
26485
8411
1432
22217
11326
2388
15136
30556
6820
599
13677
24482
21476
13663
3938
17564
18500
9539
5636
6402
31287
18722
9978
4114
22326
27148
31428
283
16984
12145
22203
30664
11447
1610
25293
32045
22403
20233
7924
26003
7139
32321
13435
12035
21647
7189
7920
15509
17710
20066
26856
31350
7024
22956
30837
14010
26091
17609
10088
15079
7351
2895
9031
29245
6088
2751
20749
10439
3854
5742
12452
12066
78
24119
31779
28432
5822
5090
32455
15548
28771
31571
24499
28875
23851
20850
23655
5927
29642
13790
12034
16010
6229
849
7224
13516
20639
17105
25873
15341
599
9628
6247
994
30430
12753
29
29984
16617
3550
9759
6121
24539
5805
11550
9305
15583
11406
30985
1839
24009
25314
25418
26461
27050
32397
30405
30798
23349
28441
28561
9465
31956
11946
31348
24490
2698
13478
28705
8843
5511
26400
2096
27893
1421
14089
16353
18809
21509
21269
28817
10412
23776
7535
20984
7350
24879
20508
25640
16793
6017
31791
32069
24130
26112
20402
30469
2642
8778
20047
14310
25769
29456
26818
5170
9911
12145
7935
17076
8321
22548
6434
24888
26997
1543
25370
17604
20975
27483
14101
4503
24967
16763
683
22245
28193
16721
4810
10832
6066
279
4708
32550
13522
21501
18394
13661
31751
1920
15654
7247
30155
6788
16075
25910
867
18999
23934
16741
1631
4262
24209
10316
29935
28956
18212
297
26348
11839
28170
11407
26530
17896
16508
10648
6239
20165
9600
21225
28605
5041
11287
28522
8622
2254
28713
4802
31820
30312
25137
2453
17758
30089
23976
19837
25770
6748
14899
15561
26365
26690
17292
4600
9723
27574
17456
22260
8359
5601
3789
20494
20657
13820
12906
6845
2179
11370
17748
31766
9738
13201
29388
6923
9796
23164
14194
8803
25998
3378
30831
1661
6315
18131
24934
27332
19092
18808
13592
25329
27394
30664
31961
3076
14780
11354
17078
14592
6816
10958
16995
12137
7795
1706
15591
12158
19562
7158
23302
17462
30837
30102
19058
5885
12878
15722
432
17195
6468
4647
22220
25929
8392
24307
21692
25090
4532
4291
31637
8427
21599
17781
22383
14067
20321
20652
6681
15528
26407
12911
9085
19503
27189
23425
9426
25344
30270
23422
19076
9061
8678
21690
6371
12722
30545
20953
26509
10562
2931
22830
10140
25909
15895
22996
24720
6379
28332
20110
4091
29759
12754
12896
22511
20356
21416
8938
10279
6976
13012
19591
19960
4011
16463
31785
5878
22501
12278
29426
29285
13563
9680
22419
15718
21656
27680
24933
9694
22411
32298
6473
20517
17404
29638
19520
11123
24430
6566
3017
8459
11380
16998
22526
2597
2099
7256
20333
6300
9115
6157
183
7772
21604
11172
14827
24457
31178
32466
29088
23408
28937
19381
9684
14382
21912
88
19592
15650
2341
27909
12823
2068
16211
2894
24922
26914
2358
10714
29054
4462
7306
2288
21920
137
21175
13253
2605
23710
7045
8837
15356
8542
24479
28963
17704
20911
3785
14049
7087
6164
21985
19103
3532
475
14487
32739
26644
16648
2795
10412
24914
8452
1643
26614
26660
6661
30506
8461
11858
12093
15487
3986
3569
962
6531
21582
9276
21056
4424
698
15917
13152
19161
31562
29407
24311
14582
7805
1955
21487
396
9382
31204
4854
24822
9847
19131
22504
1270
8786
26705
32253
7026
2640
20728
31410
4334
9997
19464
7032
15053
23354
21627
29215
26951
5088
4424
7169
7465
29045
30592
20462
23888
30112
29225
24283
26595
16844
11229
4937
15187
12910
22050
7031
13076
25367
2696
27207
13336
26425
8581
15089
9488
17337
6929
9065
11874
30008
29952
24977
32233
3873
2850
20255
2671
16243
23835
10316
4842
17228
22020
4418
21882
6201
29118
1602
14878
30271
23578
8856
27962
24232
26027
27200
9673
19343
27237
598
4962
19499
1534
1086
12268
6619
12801
22423
28960
29173
10674
16097
5571
16462
12197
744
2721
26249
4381
26872
9032
11296
805
24511
8842
9012
13680
3840
20144
3604
14066
13821
3454
4495
2106
1186
17387
16378
30614
23409
30109
18688
8933
7729
24614
23084
15162
1366
3585
31800
26166
6703
7499
30995
22818
18898
13889
5812
2511
15047
28029
12961
4397
20855
3568
2622
7086
3922
1694
15318
856
14531
30748
19563
28588
28117
7627
15934
5947
8610
3794
1052
32513
7295
4829
23919
21384
29929
1687
26368
14269
11054
3048
27789
9617
21467
494
18191
15439
31977
189
21447
6336
14758
21719
20494
4864
357
13930
9690
32286
19685
14412
29967
17783
7810
10935
25996
975
24862
28100
3568
28724
18893
28584
31536
15507
10306
21170
9434
16919
20989
30464
23078
5957
5170
25604
29633
27609
22648
19898
22105
18014
26678
12711
4585
32655
31438
18320
10690
6000
31366
16896
20829
16428
11323
6775
10722
15021
9668
25970
19575
24829
16167
27167
11594
31328
27262
31197
9053
13613
7847
17269
8468
25200
16559
7706
27008
20289
14332
2082
20073
22499
6460
21890
17181
4252
5137
18956
20475
8279
3961
7015
12990
10490
8447
5842
14219
22920
19107
26264
5817
1526
11146
13138
25442
24783
3942
7391
22189
12935
2211
18212
985
10910
343
30340
16650
9852
28390
30750
20692
2567
5240
20937
6280
1541
28
30161
28481
26677
11961
30318
20909
20780
697
29960
1691
27632
31091
18733
73
854
19292
6990
1643
4380
25326
28477
29947
8901
22100
23143
7108
12344
20442
25041
2732
16407
4375
15315
22212
30176
31959
29079
9233
26054
21451
7249
24
19021
4080
14907
22827
30632
2751
22360
7798
10450
23065
1508
21704
622
4081
25245
11298
26464
18615
8373
25090
31527
13448
22930
31852
28161
1814
7243
10685
28349
31321
30947
20783
24158
20467
835
8235
8564
32100
2553
8274
11066
28402
31923
8778
7792
3413
15993
2377
8183
29222
24494
17250
14126
30470
31684
31378
22543
2958
14018
19081
29448
32250
5751
1850
9882
8852
13180
24609
28339
1506
32235
27735
28108
5519
4576
27479
11202
27674
22452
18062
26229
11072
27636
8100
20515
4394
2851
30605
22402
13399
32052
14926
21919
4679
15558
15248
15737
23789
22045
28646
10588
13010
14820
28382
25087
11785
32677
2505
15197
30166
21508
842
25427
16157
3775
13217
32254
26508
11365
9653
11218
6024
10201
30947
21883
5848
28550
5001
22900
16404
29279
29264
30568
16075
158
8253
5451
1143
31800
9079
14904
8226
5410
27350
23305
25812
3398
2096
21688
2755
16452
17250
12409
14138
27369
21024
3475
5957
28272
16509
19714
31009
2939
22073
23246
4199
20687
1230
12585
20722
14802
10809
29003
3221
14534
13449
11790
16254
10435
29225
17481
14184
25462
6892
23788
388
30364
24029
29920
19237
13628
32708
1692
8494
8359
22136
12679
14908
25904
11496
31504
14226
26284
23527
1423
2248
6312
9147
22746
24115
7789
4708
6311
22035
28340
684
17573
20607
30505
32755
24153
5649
31650
6839
4281
15697
11548
31206
13706
31458
13434
13539
21625
18543
11516
16986
30715
3667
19072
1988
29670
15371
10108
21945
31180
31580
30391
23801
5916
27203
5322
26680
30966
1953
13658
26285
4561
16035
10258
4953
31951
15603
29027
17688
15067
32672
13051
13161
9608
17101
8198
15356
13225
16413
31015
29952
27568
26586
19509
6187
8135
232
29622
4742
20400
23404
4636
17662
19549
571
1217
16811
31055
5893
2724
4573
18351
17726
6881
20715
18221
30672
9970
10172
26780
15746
17576
29970
20042
2086
31719
11930
17953
12933
13348
18100
18815
30987
32160
8962
7893
20786
12897
28594
30977
19376
10997
23436
12396
28000
742
2235
29155
10993
10492
15963
32566
29521
14133
9926
23955
29911
20101
9886
3488
2355
29262
6298
10586
29718
8093
31249
944
24736
7210
21576
9694
18830
14606
28284
18058
14368
1346
5294
5793
1483
11227
32561
32752
3235
31240
9972
12674
29318
18631
4752
5564
31498
18026
26640
3641
3108
23501
20356
4454
20893
10580
29252
1501
11061
22439
8965
30594
20884
14381
31389
608
24052
29001
30102
3905
8336
12887
24180
15887
29131
11109
4294
6637
27169
17585
24815
29461
11470
20967
13490
31344
12608
15639
6271
31479
14141
25976
23935
19660
20948
11743
3169
24087
13573
30461
14562
28065
12848
347
543
21299
3902
29463
19354
29100
9361
32092
31502
12005
28076
23970
18163
3397
30882
13995
25039
17187
24640
32056
3651
27614
15610
29839
26577
11966
14486
30382
27758
30601
12442
1100
4811
7397
4982
22676
31075
4209
25714
31905
31301
29857
4694
5816
12191
13405
3291
28999
13582
30809
17620
30113
12711
5683
796
5751
30405
21838
16958
26134
16273
9585
30439
21602
23890
8990
29452
20630
23674
1459
20443
19129
28268
21315
2659
20703
9230
30257
16130
17445
17683
4242
12178
24938
20485
10560
82
6606
28437
3774
22422
30443
28066
3023
19503
1750
31371
18901
20120
3028
17205
31978
30949
27612
13147
13760
29036
7121
26009
30009
19504
635
4278
24005
5905
3914
32180
7807
31926
203
21145
29703
10806
5862
15867
23325
25481
11486
20302
20738
29361
30469
2030
15759
23976
24642
28907
25362
3848
17220
16790
28652
23933
31619
25295
3563
7659
2555
23308
2920
11358
18856
28458
31264
6069
28608
1012
24531
23566
21427
3188
21662
22512
15075
4348
11033
26683
9251
6898
32304
22224
20209
4447
16578
2048
31347
21047
11003
4790
6196
5222
8562
12131
28315
24223
29186
10668
26415
7907
616
16598
1164
11987
19617
8941
15396
20663
17665
28343
12215
29002
1555
26716
656
14923
24116
19666
18053
16836
6894
28682
15532
25112
11797
4572
26077
1744
2212
5555
7916
31266
18261
2296
17571
32581
3330
9280
7042
17783
9918
13108
30518
32714
21938
3908
24025
11698
23225
6411
8943
24656
8123
23680
13852
2172
6858
19426
8615
6549
18174
15714
29871
3336
20241
6029
5423
4769
17849
22656
13747
31124
1993
25546
27351
7754
9222
17183
7300
26861
25802
17858
20202
10418
22363
10928
32573
22505
27912
16781
4143
5318
4617
11856
560
23277
22036
15277
29544
18879
703
26693
9072
871
15257
6800
30420
28835
1030
10118
13897
30034
18142
6160
1455
25026
15301
22834
20165
11447
17992
17141
7086
16955
10940
8725
7463
29481
13527
12399
22661
20855
11275
10281
14705
1350
12710
23967
868
26283
25771
3089
24288
26683
26478
16653
32372
7769
8945
4765
5997
28479
25601
3121
10844
14285
11792
32331
22348
28948
24529
7405
14784
8866
1430
6338
2159
11659
30057
7950
29886
15420
4332
27735
1537
25343
18673
24017
27762
15693
16088
11658
2029
5079
8108
17754
7793
22355
5372
21640
32343
31751
26491
5180
2128
534
12119
26281
23840
13966
11865
15607
11036
31021
12225
28657
22372
4854
2527
30579
32481
27000
7537
11409
2813
6873
28352
648
22053
20133
13433
25189
7168
18265
30796
5495
12652
173
9542
27254
16445
26277
8175
368
692
29014
17443
27255
15041
12665
25777
780
24825
6577
10421
15945
18261
4252
25269
17362
11184
6043
15742
4474
30206
4706
23229
2996
7757
31550
16220
10432
30334
4137
10658
8849
21440
17552
11529
23424
21456
990
12254
25011
14833
4304
9883
15691
8109
3448
10500
30033
30026
30734
15620
30558
3595
10362
29509
19980
13356
6818
12689
21024
155
4467
18155
17012
29302
24241
9580
28325
584
23423
24031
24706
11523
23982
14620
12335
12989
13765
2853
28444
1323
468
7170
21930
8670
24825
16988
8087
21567
21423
3035
17197
6987
21722
3905
28463
12047
30611
17475
31614
25059
5555
32043
14478
22886
23329
24111
18829
23357
14812
28302
30029
10634
4807
8048
6645
11054
7992
25723
12140
23487
26431
14901
1153
16200
20662
13852
8922
21955
4877
31879
1443
19031
7122
14395
3826
23122
12291
28620
26620
12261
22036
21690
14330
11425
21694
26695
24025
24501
21133
4633
6308
9188
25128
1172
19122
8521
1887
2805
17295
11979
247
7471
15531
20318
25397
21894
29892
18174
20267
9196
5653
876
21188
23326
21308
21671
15761
29566
26348
12585
30290
8111
25175
487
7492
3827
30296
12805
1838
31044
9060
32349
23849
20787
31791
16558
27954
14212
26397
12964
30577
3207
2671
25740
1094
15156
20266
25555
3865
6670
9926
19779
4574
32180
32668
18174
15723
22855
5133
7734
27257
2175
113
1202
3964
8076
19398
10752
18211
23726
20245
11386
13229
6035
10147
7675
19186
19060
8157
6239
22316
4334
15105
7612
14474
14497
20364
16481
13171
16266
23655
20115
22426
23585
1232
32258
19398
27442
24329
21261
2655
24443
451
16314
23224
3851
31817
13939
4894
31317
9581
11393
28580
26903
27955
18506
2476
30957
7487
14154
15414
31156
13310
26579
232
13215
18071
8836
4577
29467
5520
16267
23614
30308
16448
29594
3944
6372
17145
28842
21796
22607
11249
22130
32344
3968
13045
11942
12446
784
8140
28912
24714
7099
11116
19119
9403
27252
18399
9842
11684
21058
31475
12083
28184
29665
14244
19284
16535
14104
25162
19290
5467
3547
27523
18539
29984
19745
11742
28296
25783
14211
31308
11915
30025
5530
32583
5088
3436
30741
30399
14851
14055
32668
18121
7613
32069
18024
263
17950
10524
18335
27861
313
25626
24688
2104
12450
4565
18163
11143
25000
26959
4798
15319
11603
6986
13127
6184
7196
4433
28668
11601
2415
4483
20004
23723
17121
21278
30835
8576
24369
20431
1136
8498
2304
23996
12679
4651
14672
24141
32237
9608
7614
3518
11576
24452
9855
16230
7354
2726
30748
4804
417
12714
15597
27982
27855
19505
4695
17658
12410
2600
3525
1929
899
27128
5479
10902
32407
1394
2221
12386
20232
16760
29826
11612
15209
19564
20297
6771
21995
5978
30872
28
30842
13797
30903
17954
26263
20722
15319
13361
12532
6166
17682
28448
14033
24000
5414
32514
24857
18982
16625
10731
29499
20721
29612
12162
3530
21927
22759
12619
16083
10972
10824
21425
15362
22552
23811
25558
8819
21127
11033
3611
22617
5219
29776
29038
27729
16162
13045
6998
3716
13407
84
14528
32639
20873
25844
1927
4306
14925
28819
21701
4970
24004
21988
5084
20398
8796
1547
23106
25436
25736
2004
19472
8482
13351
1719
17738
19964
31925
21900
19436
22608
1076
24846
5817
25803
27864
19986
13507
19705
9589
16259
8633
27559
29865
36
21235
21241
2761
3077
2367
18506
18060
13762
29545
8646
6266
25471
28044
25033
12562
8099
26907
11254
26046
31063
18862
28695
30839
28861
17038
26296
11832
27377
255
15234
24612
27072
12112
344
29558
811
7331
19507
25644
21658
5501
3262
20083
28128
14604
2481
8913
28658
22332
4846
28949
23399
9080
19036
30206
19119
18496
7815
22446
5139
10095
21236
15565
3952
21322
12869
10876
31667
3144
17938
21760
16403
20388
12417
20267
1297
17059
939
17545
24881
1701
12974
10832
5494
16878
30866
4869
5534
26930
20701
4334
22562
5602
24052
21307
10732
30009
22840
27123
470
7173
26844
23712
4071
19254
30600
32697
1100
28968
27055
13524
18968
29616
19633
392
12731
3816
23472
10531
18244
21690
30258
13585
20566
6447
25723
6151
11756
22389
1448
22514
7628
23474
17291
27299
6092
15755
26698
12599
17096
30579
12726
15943
15710
9908
15980
21205
13936
16446
12462
15857
4439
17970
8959
2862
4583
18990
19072
11209
19495
18518
25357
1682
21453
10023
16663
6818
26492
26619
9535
8379
5052
21596
11704
22397
2493
13321
345
26190
9675
22472
4229
775
24977
1265
1979
18015
11789
3511
20476
23320
29015
8757
14560
29675
9233
9789
10359
13364
19117
6111
27872
30557
18018
21179
2987
8972
14828
15367
10992
28684
32262
9055
28716
22012
25000
25680
28895
1466
12800
5282
4326
7821
17970
19305
27288
2581
2768
19658
7331
10994
18712
9870
6565
18999
9712
2408
21898
28557
5282
27398
27816
4135
14679
15578
8347
16489
30549
17317
18146
21592
9976
23496
1334
6848
12146
13898
30638
7975
66
23208
7316
7796
9845
31072
8709
6751
31136
23356
29002
14232
7321
31071
5113
21175
19960
2577
20171
30694
17488
3658
3644
10576
4653
11264
229
8264
19917
24880
31641
30010
30879
23470
833
23122
25213
429
6264
21742
1192
30478
8421
8644
4231
11113
2652
12243
11807
15580
948
24075
9809
15254
26470
26555
29911
6690
13290
11198
32253
22132
11730
14949
25631
10164
1955
22051
14566
15566
11126
21243
1601
22454
595
170
27429
20860
21832
2964
18437
21267
9293
111
14096
20193
3800
24241
19502
1798
10814
26042
22712
11372
25040
2241
12025
25235
15537
13696
8553
13337
9593
22943
14755
17420
3979
21218
25387
18416
5686
13841
1506
5775
29070
6315
19525
22403
23816
18761
4457
8068
19416
8915
12983
1394
1803
26214
16743
31777
4451
18433
20414
31976
27894
6642
22022
20200
7813
17155
27474
30493
2717
27491
19950
7462
2160
3158
30632
28884
18033
20124
14786
23668
23729
25507
7346
4061
10492
17772
32672
12344
20658
2365
13212
14482
1127
12555
3747
22307
24890
10150
12880
21340
3062
21410
610
18610
25066
27913
1777
16941
23432
450
13935
687
31936
21696
25441
1541
28442
1002
18907
1711
8598
8397
30909
5231
2627
10244
4784
1940
26017
867
8926
23811
4024
742
371
18186
21237
30812
984
32485
18631
25043
29866
8972
10238
20162
3964
11842
7390
27641
31826
21342
1798
25161
1752
18904
14595
29683
3429
22291
5555
1233
25524
8300
10075
31046
9564
4615
3208
6119
13333
26196
22182
23014
23977
6755
13921
22082
26043
23277
4543
13233
28475
13854
24570
19784
421
7715
26399
30192
9724
2168
14183
1673
22410
13807
88
8923
17492
28543
7067
24897
6495
17362
27036
16660
22182
4492
23524
7128
26326
27229
18742
32041
30415
6853
26475
3427
18651
25258
1805
31508
32684
10907
27830
3875
7448
16866
25639
22461
12435
29004
26919
5635
29040
28343
546
23156
16599
32096
10365
31772
20357
18153
23226
22138
25415
14637
13392
31282
30772
29892
10056
15479
14765
6229
13207
20790
3861
29854
14398
23555
14417
30020
14884
9156
13822
19036
15534
21792
31093
7861
2084
32677
6272
26347
31171
14780
217
5421
14754
5965
26470
15817
29253
24369
28471
30844
26114
11099
17467
2684
32280
24518
9669
9537
12169
9246
7363
17943
20923
19502
22968
613
17106
23308
30334
19643
30154
3334
6078
32413
18008
5195
10795
13073
11902
29785
14209
15850
14832
10282
3905
19411
21290
32542
16169
30491
17998
23719
6005
23874
5567
18102
14040
327
31870
28393
23097
1711
14919
8817
27694
4437
1386
19653
4153
22005
15979
30984
9669
10102
16729
32315
32478
3323
28910
16930
18100
11432
22380
16119
21454
5940
31026
14290
25101
16435
13600
18387
28776
12065
20144
14357
15969
13614
32209
18514
9546
13260
8323
22102
18745
16377
27188
4133
24012
11852
11484
7403
31389
21442
6106
26792
15236
1862
2188
32408
10383
12290
18609
7779
8642
27752
22144
30729
19087
7678
4740
14987
12564
26093
28478
24922
11543
24137
32377
27777
12993
7199
30827
28561
5406
17983
6288
9040
29776
19662
27718
26144
21398
3466
28457
22321
4865
28892
4396
30822
18672
19359
636
776
14160
4531
24853
23341
22677
9536
9248
19942
16503
20170
24851
1580
19565
10745
18055
25736
24554
4902
26840
9604
10330
24997
15487
724
9435
31445
23087
15172
28092
2536
26800
11617
30646
26739
18559
28903
20204
949
23843
6894
1444
19111
4173
6355
21187
28871
27319
19943
7178
4517
24249
24538
26643
298
8363
24037
29705
21675
10494
11963
26922
28850
15385
28973
28158
10118
5109
15263
3925
13440
1911
26159
15618
8205
19344
19359
22104
22658
10775
11526
616
2979
19041
9275
20473
3313
26534
20732
22852
21687
4371
11490
26484
25555
20398
12805
20960
6213
19950
16495
5382
15993
23830
28225
23879
27476
29781
11943
357
27392
1439
31613
10428
20600
17481
28094
6467
29138
14695
28849
26946
23888
16870
31698
4305
4901
21096
32641
5908
4103
7394
28780
22328
29816
29687
7614
6444
21716
2067
15876
31264
32283
23112
24292
24766
15228
232
9084
31019
26790
6631
32155
29884
23758
1773
19874
2424
31358
20286
5432
27986
28708
17226
10417
18723
30038
15891
2876
24425
4326
8259
25038
25282
13226
24841
10450
14374
13320
20663
6285
8423
30275
26909
25683
2154
19849
18339
16492
29091
25016
11560
23235
16466
9716
8094
12884
23039
11242
2402
31059
23222
24545
29276
28189
22915
31109
11995
22240
30892
11635
8237
3081
15793
27523
25345
15728
27908
13785
1917
24134
25992
23722
12063
25530
14284
10959
11349
17006
29956
20236
32730
22173
29131
3613
20438
8968
30875
2436
13493
4773
10248
10005
30659
10503
30911
25917
8076
19852
10050
10263
26102
7496
32097
19245
29722
28596
14199
1038
32743
31254
362
24980
10101
15792
18272
29682
9770
11432
22081
27008
16271
12730
2033
11334
31728
1696
30539
19530
4789
1340
30684
17049
7811
24459
19812
22807
30482
27210
24333
17160
19661
26214
25193
12890
25131
29989
14893
30136
32464
8981
1199
27471
30818
13751
5665
21598
27948
10219
23179
21888
3189
283
23434
12217
2206
29479
26058
32322
3838
27412
2628
1300
24958
116
30520
23607
28147
28563
25834
968
32574
2662
4636
11467
25638
19508
3150
17078
10224
31746
16312
441
14532
2495
2820
9678
6079
4660
21195
32389
28375
13738
20694
29581
10354
11608
6929
17921
25798
19347
7758
6776
26863
21172
2240
6091
25553
20168
24626
9892
9395
24059
16394
7627
8088
5057
31489
26416
23389
25290
7328
27064
9620
14755
1657
17352
10274
15916
9515
8850
15515
21437
30995
16930
6488
22551
28370
25127
13406
17164
17283
15234
30702
5358
28857
17040
9451
16313
23611
16952
32496
30464
18303
7091
7725
4760
15079
14110
774
28678
26813
28865
18282
32425
17392
3869
2547
25254
18060
3512
28354
23192
9211
18599
21016
21493
25341
21728
2229
23102
7016
4413
18929
19694
21409
15439
8091
2080
14806
6888
30613
27646
13569
31591
13100
28398
2460
8641
20536
9851
3620
26708
2040
29443
11088
8556
32682
14886
9230
1425
26349
23529
24898
14998
8151
20142
15678
16227
19670
3540
2815
18557
24647
18222
21805
22874
2520
29477
4305
9831
7582
17323
16340
3029
20725
5606
16187
9511
26907
21145
15652
20861
14219
26962
4735
12445
27
21078
31885
25798
9429
17228
29211
9525
13205
684
4218
28020
12647
1509
23621
21861
16285
18001
20946
24082
30387
30937
372
16178
4836
5224
13175
378
20104
21265
20441
29098
1588
6655
1480
14418
656
29728
28384
8808
1014
2960
10785
26251
27600
19911
10930
29461
8110
9859
13911
4323
554
32116
20403
26340
7548
25257
2111
10850
23516
5565
30214
2067
27035
21440
18726
4575
7423
6119
15623
15727
32739
15092
24920
16250
22283
7523
30414
20430
17224
18522
23452
8736
22609
12622
17328
8085
17755
3189
14516
11532
27517
23023
7615
2610
32199
6579
13023
5443
1820
21050
21576
32672
29139
21998
29016
16150
27921
29521
30546
18408
19428
31725
11223
23458
14880
19968
13091
30877
25338
19683
15885
13905
25958
29758
7101
6749
12848
29165
11050
12888
12252
29361
26715
32341
16447
3479
4441
30776
986
31272
7926
17340
30457
32086
3393
21311
17552
14625
12228
3412
27344
19212
3460
16135
3468
25923
182
26350
4687
20105
5697
9460
25145
29923
26872
23269
28062
32518
29843
18873
19804
2177
7282
14240
7680
29867
25106
27345
28824
1098
1867
1299
27990
6664
6223
3080
1001
22934
6499
10812
17819
3485
21594
29937
17707
105
470
17064
6248
13140
19006
24175
22418
8436
23166
9198
13936
30212
2178
20527
4912
27923
17264
4913
5891
14575
19368
11819
17525
10703
28284
10912
3981
31042
16815
30247
23464
26843
6831
28407
31510
8089
15762
11572
3185
29209
32722
5373
20929
378
23241
32050
23890
23828
10731
30470
12368
4824
4293
584
10023
23173
17593
14960
20380
18320
13942
18540
1195
11728
22330
9512
27679
9453
30151
30944
12788
22151
28454
8997
7532
805
12063
14256
23539
27108
15475
31722
7604
32476
19679
12599
24567
7249
7378
14342
321
6814
1769
22425
31530
31457
5934
13973
24060
4199
5653
20553
27152
21718
18226
29374
25321
21277
22459
4483
30733
21788
14530
31029
24487
16402
24879
12240
32478
19402
13183
3513
15347
133
830
23431
22045
10150
30277
149
24356
6944
15796
3656
12991
8096
25262
13345
1966
13689
8919
26754
30359
3155
6286
21056
4770
1428
10987
16108
28627
29066
375
12769
13098
29533
30638
22541
2172
14263
19509
27776
6672
27184
2011
22966
26105
5499
22610
9124
3382
23122
23210
26245
30858
10531
4497
30305
28444
27255
844
27490
31439
16935
15220
9942
13919
22845
11377
7427
24896
23211
11448
28590
21815
3758
3012
9578
14773
16640
31445
2465
4342
24000
17771
356
31454
28962
5505
24818
18830
30166
16266
3594
17353
7737
21037
31473
12554
1086
26047
17985
2913
27675
26500
2936
29457
1459
23718
12348
16363
22726
22769
14959
19560
18395
9556
31479
22153
21993
21016
6474
4719
6855
12509
19388
19130
4698
29273
18568
10913
12920
25552
15264
3542
29598
2131
19765
29207
14423
2488
1284
26260
16230
15709
5735
5380
3258
14491
24855
16517
29967
12556
12994
22072
14436
9341
5456
27545
22304
1202
13813
18079
3586
25308
12535
19351
9421
22235
20028
27840
31665
7732
31387
30631
888
11984
2527
23617
3189
14714
3482
18890
6189
22550
19632
15712
6594
25506
10143
24158
20771
11758
30095
17529
11510
6939
9757
925
24384
22229
13287
6533
4314
8528
13271
6429
24468
28675
3377
12183
4902
24103
9818
24399
13531
10478
4718
3167
30204
13188
2944
14082
4349
20167
17838
32682
4457
16581
26348
20703
11919
18425
12174
19165
9450
5701
8082
19693
14929
32687
9395
14463
22755
22748
7471
18956
27824
16716
15187
9134
28712
21851
5579
25980
21316
1011
28843
28583
10614
1042
2876
10838
19025
9727
32391
28481
20728
31819
30883
28943
9800
6282
24767
15472
453
22479
12271
12026
3397
31465
2743
32709
5982
1630
26456
13765
145
9771
19676
10218
20275
4409
30435
25337
5663
10399
27180
4392
6685
20123
17891
16252
25105
12621
23980
7395
7652
1337
26739
3857
4146
27514
20466
14619
26296
32711
27903
20436
11643
18983
15515
22507
18617
4212
22971
10689
8593
17297
18388
22283
29041
1131
23080
20012
22595
31921
17363
22351
10583
1874
7316
18247
6927
25786
26204
1064
17740
30413
24472
14242
6811
16544
11839
19232
18464
9722
12187
2469
10302
9869
30935
865
13324
4340
21580
3862
8055
26988
18314
1325
3127
82
28201
4247
32627
29792
13646
12645
1587
7335
17404
19750
13449
5708
7200
26884
27519
29186
16474
27037
4543
15691
27277
29858
11013
25454
7973
20530
31301
8759
10539
23540
6811
3697
19210
32758
15095
25636
12319
11593
26756
7823
27394
19544
5085
5092
3222
13580
15599
4294
8147
3234
29100
12163
5710
9543
2933
26385
29069
15225
22340
3530
13581
11548
5277
19431
27919
1630
30514
14782
22055
76
5977
9659
29058
19761
32046
15904
4602
20147
12935
6780
11739
4523
1948
24812
371
11207
30323
789
20059
22242
20749
20189
17288
26142
9811
20204
23057
28871
2493
14053
12990
20199
10696
22372
16468
17321
24853
21944
19107
29038
11873
9053
5708
29617
16168
28992
15698
15003
31001
6833
1128
1125
11832
17447
14580
4210
26581
10680
25574
26664
29744
22867
23868
22930
8937
21699
3153
32695
23594
22371
24809
29879
32403
15266
20732
2475
12264
15414
26437
8250
3196
3359
11914
507
24925
2146
1450
20878
23869
27266
10344
29049
25635
23231
30970
31940
29141
15118
22095
11603
14084
31707
2852
19462
23861
28545
8645
1682
7540
22917
10404
18205
5559
13718
13211
27036
2323
29253
9729
27373
30369
7044
4462
28083
13101
12512
13646
12533
29092
9086
27432
21621
26172
14295
2988
1746
28769
18227
6270
31069
30563
7398
14021
13755
26080
27469
18034
12607
28659
5256
8784
14852
4121
17141
21712
6605
26343
3439
19858
2718
26990
9035
25523
22807
2666
15375
12505
20627
18989
18160
4352
19716
22862
5650
21249
3724
14864
382
26087
10972
3220
15842
3826
14413
29119
25356
29799
3776
12521
24101
2333
14902
3146
19373
9416
31534
28709
30010
21764
28866
26802
28400
13089
18560
2764
4287
19121
4105
15199
18272
23762
1132
399
30989
3132
31552
20393
31235
15881
16771
28362
19640
15176
3126
31057
10716
24384
22196
4102
3090
24196
19158
13831
15211
29371
3785
32630
5286
30508
5290
32484
2090
16908
18406
7548
3263
18055
13396
18928
528
19344
783
10787
16097
17257
26901
15259
18192
4081
25505
3749
25933
16305
24136
2117
9369
4005
7893
22244
25984
15818
4837
1464
2837
30827
23363
23283
31666
30252
12545
27819
29036
723
91
6284
22104
3290
21835
19008
10369
32693
30188
15513
8612
30435
18063
8580
7858
5559
21407
23726
771
4067
7477
15603
4954
11977
122
24715
1180
24450
23232
12275
14928
5546
16991
7069
28886
3826
29009
2135
20327
17251
15757
5755
7632
3698
15140
12252
6637
23753
25628
2155
10472
27344
25103
32173
24623
24573
21891
221
8758
21217
14088
30688
19186
493
11796
16621
10257
19721
31135
17656
14585
15315
18045
17635
29319
7351
3966
19812
644
2227
25414
32180
20199
22503
11245
3325
11469
21215
21591
14977
2873
11425
26450
5258
3467
4469
1138
16917
20930
22135
18091
15165
24177
5597
30899
7273
29826
17417
13077
53
16558
2382
16405
3105
10424
27778
24903
7164
12396
6728
21230
14350
12891
21786
10517
16904
26707
23065
25199
1196
32672
18068
19696
4668
13574
19034
6183
7588
13433
12992
12642
14950
14498
6769
17792
12105
9747
18936
1172
18369
7748
5390
831
20509
18005
16549
21962
10355
15746
15793
16646
6731
32613
17593
7395
23822
11759
7712
17618
29997
32549
9012
12764
23057
19098
17396
6783
3781
29359
7585
13388
6501
9613
28171
29506
1350
12767
28568
25320
23522
27472
27157
29996
16522
23240
1085
25342
6858
13926
8713
31404
31643
23868
23485
30716
10571
21196
22959
16907
32301
30278
8406
10984
1536
29055
7190
3312
1568
7089
28237
25063
23663
19445
22813
12251
24833
22401
17527
26553
13962
14241
13036
4524
13703
4982
11956
25401
24111
10610
31610
6939
32024
21647
6381
16096
28330
10578
25095
5696
11588
26243
21787
64
5680
13737
20641
32267
4423
30535
20674
3979
1891
5849
31138
15818
21385
8845
31343
28428
6867
8898
5422
24744
14111
27970
22336
25258
8314
28734
20151
12586
330
12557
18523
1899
24893
31396
25210
18611
4853
30676
115
23276
20592
13639
27393
3839
12857
18232
10568
13036
27984
3829
24225
10665
986
23574
14630
9409
21641
25979
15612
23463
13513
22023
30819
23774
432
26910
27775
21707
21411
21215
14052
26197
16583
28705
18403
28994
23086
31279
12694
25169
20414
14915
23469
26903
26337
30917
10231
12186
12270
9280
21424
28591
9818
27688
8589
532
10143
19278
6280
17228
27880
15903
25451
27198
29569
8352
7454
11404
1
28714
5554
19636
10293
27877
23593
28137
4043
22277
6411
18863
17347
17351
1450
9017
24725
17962
3120
5250
28450
26478
23661
4397
9309
11085
354
15133
28598
7164
17292
25812
1098
6624
25586
23949
18636
27409
31726
25368
23089
18063
3515
21880
3358
22342
4546
2109
6674
29380
3236
19874
24659
32692
31238
5991
27546
18466
6176
18797
10365
13165
24581
6675
29600
9227
14000
7250
28571
29952
8914
20379
19882
21276
4957
20844
29975
28151
720
3252
13672
15533
833
748
28488
21082
32556
2801
24630
32340
15102
8611
31983
13355
25439
10304
1692
30561
13379
11390
18108
18154
1199
5738
7631
17506
17227
22531
20680
4880
12205
31381
16688
10911
23647
9687
31770
6550
17846
31940
19402
29596
2386
27705
14372
26478
2676
18259
8662
14492
3843
19846
25669
6407
8540
30334
10808
7706
17116
8118
24903
19915
15151
30681
30722
32592
4183
17371
21216
2978
29564
22999
9198
2482
11894
28071
4403
4718
24090
2885
21989
18546
1352
23269
19023
8078
17585
2766
32381
8188
17257
31484
21421
8542
5168
1655
16501
14713
9088
1649
11187
23220
31318
27426
2617
24143
25024
1636
11062
30307
13099
25613
24419
17309
24938
19472
26353
2745
1670
19027
21045
17856
584
22606
16657
3330
30087
1128
11554
5075
9778
13072
10923
13573
6172
21918
19524
19241
26250
13032
5442
20612
10878
7588
9957
723
31170
13441
5188
1727
19123
2052
2297
18206
18643
16931
11916
3056
26124
11170
31904
1300
13509
11057
24544
17613
22183
6722
25511
26105
3116
2988
19058
23051
12524
24577
16646
6861
12454
17328
6240
15319
16657
29401
12897
6094
27745
24307
3382
5470
14488
4640
6537
16373
30609
27723
18281
12356
3021
5639
30202
119
11772
17703
12764
18479
32587
12061
28252
23619
29808
17683
9565
20027
25975
5579
2564
26504
20042
28983
14886
7301
3073
10712
6771
13102
8943
4055
18783
6562
22888
484
21716
10330
13140
12242
7833
19495
6773
27375
7040
21485
16248
8229
22866
24098
32701
22482
30587
8708
23526
22375
32374
4253
19233
16578
16886
2423
30518
19276
14810
7967
11599
29394
32206
10076
3978
14372
20416
4909
21313
20336
24841
19075
6164
22619
15960
1987
9147
31717
3678
28410
3725
3066
3900
23774
11471
215
32428
10632
16573
28706
22769
23283
16730
22984
6783
820
16888
26262
28778
18039
18055
29847
913
17597
4253
3376
19079
25431
12617
8444
3652
12833
27544
9576
3472
26751
13283
28686
27435
13849
22495
27602
21181
25430
7010
959
129
32154
22006
24479
6063
2878
23839
20060
29614
851
18284
31257
24566
1303
21568
16912
25287
2867
1117
22058
1675
5818
12085
28768
19980
3554
8433
18388
16213
19072
3390
6574
12649
5189
25306
25527
18599
699
19425
11448
19960
765
26328
30352
19646
32057
1142
13848
9084
21991
30262
27831
29509
18118
14750
16324
6630
19355
3148
10654
8915
7849
13509
8333
23250
239
3069
20311
29289
18980
5030
15266
23304
31859
9529
30221
19191
22518
1477
12300
5118
10740
27258
21383
14550
21467
14837
30770
27986
17916
5705
21163
27981
27144
31697
31061
22098
14670
184
6902
28686
31410
325
787
3958
25708
17639
2055
184
7558
26628
16101
9187
23316
5762
4371
10325
5424
25362
4003
4840
4028
18239
8304
31452
13015
6202
24829
10626
28444
31842
23309
2222
10653
11670
26370
3034
27554
5179
22518
26
21025
1804
19867
28356
30973
15268
18387
32475
24063
13261
22542
320
30613
13190
3175
5015
31565
3030
28798
1530
4111
18003
16403
28512
26653
32113
10087
7372
32460
28043
11603
18229
30207
2739
8997
15416
20328
10042
13886
25984
32126
30462
32620
23281
2109
31606
11272
27543
16801
9342
7375
18769
17888
12771
5761
17213
17258
8622
24635
15075
18081
14129
27541
16416
1368
26323
25211
32729
26126
12955
14028
29019
16103
17277
4020
28308
2158
19304
12490
8948
12
31755
14057
32033
30279
7787
18126
3933
17596
5926
2422
2743
10203
25476
4661
16629
30820
23363
2710
22844
165
17183
16374
9093
26992
31779
28383
14016
31454
23474
26661
17861
11463
30804
27587
22271
17149
30530
21875
19159
29003
9904
30479
23778
17200
28892
15530
3017
17243
29659
30317
5116
7910
18974
25651
26902
16467
20423
24292
23055
7751
28846
15250
19492
14856
19249
17493
14470
2488
13247
25319
22724
19023
25892
22782
11770
30041
27026
8813
20151
22133
2163
23801
10159
31881
17649
20988
6949
710
14657
32188
11031
27999
23219
12424
6694
5640
29307
9624
12108
25649
22332
11170
2108
19711
13146
15164
9880
22287
25596
5877
9173
7657
15587
20785
14318
4422
15598
21448
32460
27650
32617
17758
10352
7903
30233
26752
32742
11007
14344
20611
29930
10272
28945
2077
5207
29333
15914
1472
6995
15624
628
2490
4412
497
260
16910
5201
4309
18287
20496
17696
13119
13591
3010
31923
9599
11064
8433
14714
24358
12722
25103
28407
26429
7316
27855
9260
12359
32364
31875
3268
14333
29521
1589
2308
26308
4269
31367
14447
27374
1483
18763
2876
2997
14628
737
32377
12280
28265
13140
28411
5299
16720
21299
12044
28479
287
27185
19156
30543
14585
16252
10115
5286
28907
13277
26948
11417
29622
8596
19425
19273
9562
24049
23094
9372
13927
14514
12375
10496
16387
5408
13441
10719
5306
30952
29377
18912
21000
11450
1894
13539
32424
19107
17448
23483
16795
22059
31765
12202
32247
14894
8767
6557
24437
18555
10023
10540
9144
5934
16616
14160
11358
22477
2595
30945
9672
1061
9134
15575
20137
31971
17659
21053
11345
30193
26442
20980
14263
19606
30606
18477
20296
9036
15136
31140
31090
24416
21286
16541
17391
25676
2754
15776
19410
10452
23546
22515
14930
483
22378
18908
16986
16163
23211
13459
27340
30046
16770
30729
12697
4759
32201
19035
21378
6119
16926
19221
17579
5401
11085
3623
9700
16901
5245
23207
17079
20909
542
6476
25649
23321
20366
11942
1137
29682
2958
15646
12018
22752
12135
2738
6552
16293
7388
1645
17020
12022
3790
10663
7799
30749
26802
12545
9328
11856
4275
26911
16742
14286
16550
2852
316
21695
31154
25839
30791
14281
1723
18711
14745
3186
14739
679
26124
1848
20191
18585
8205
23410
9419
27924
28718
13029
12397
17509
26217
805
24058
32703
1077
23730
18347
30643
15179
4046
28525
8813
3381
17183
26443
12724
6043
22537
5276
5279
6477
14537
31212
22808
15376
27730
13227
10514
12072
3048
5016
24458
24233
30333
1771
28991
21374
24014
13125
9520
2102
2365
30296
22746
16018
27245
13398
19502
8655
24479
8474
12628
16819
16336
28697
31778
12890
3214
5895
11611
23742
26014
3913
5543
19463
6735
16925
19542
920
29852
2955
21973
10710
6661
11
13804
5046
7722
24819
27069
32013
9004
27559
1405
31127
9155
28543
29167
27332
17183
22134
1445
1606
16000
3224
30198
14684
23700
29226
23486
29915
30356
17558
18392
11777
30493
10781
9052
8185
27343
19515
22425
6702
32423
11481
31185
26448
2077
8757
30391
6439
29437
9618
31145
17690
12549
24735
2989
32126
1859
9639
9773
5024
21805
15998
13683
28305
12669
15911
18146
692
30931
16710
24314
13832
10760
18761
13065
15670
11347
7764
17074
15706
23326
25584
3359
16017
29606
19572
24070
15175
16469
5935
28253
22589
7647
17755
21724
4445
13854
12737
567
26430
3246
30507
17688
22901
14664
20878
4574
14753
27615
26100
2584
9013
5757
7467
32703
9220
22746
32047
28727
24974
2497
11608
13060
18188
31267
4420
22604
2109
19960
9858
29457
1262
1753
4355
19242
22860
7263
577
13062
9962
15929
26413
32032
25232
7183
2265
19777
13001
20250
3050
16761
11051
16768
31419
11995
28772
12144
18002
28155
4361
7682
27139
29481
7966
25548
7654
11882
22117
8003
17402
28474
23399
14040
31766
18436
24387
16078
2707
11613
13370
24797
32187
19716
7926
8585
15856
22683
28829
7999
29852
16418
13722
10036
30172
6199
1318
15358
6380
10255
15768
27119
11088
23347
14706
1332
27336
4859
18727
11698
12785
5067
32173
13468
17339
2576
4039
16340
24974
25338
28688
18183
6203
29943
19398
18055
28581
13299
4700
17383
26924
27984
18366
88
30941
18343
12130
29894
25946
572
7187
29618
14986
12355
28796
3278
15105
27606
7287
3674
31790
15537
8979
16449
6471
11955
30055
13554
10485
21524
11802
19456
25023
12135
31149
17016
6454
16719
14223
27910
2533
13825
8159
30662
3063
28285
31231
18411
11430
24972
12253
23314
20584
4216
18944
16484
19416
2958
8276
1902
8037
16980
19382
16576
16828
7050
9279
27719
9462
4323
22609
29034
25217
19072
26723
31975
14800
30257
5004
24684
19906
22122
209
20469
19667
17671
12590
6376
28677
9664
1638
12018
31884
1130
27274
10911
13372
23283
25675
5564
24755
15131
9217
8557
25926
22515
21879
8717
940
11031
17021
27848
16237
12714
4651
29434
3080
32022
12533
14150
12775
4993
11635
30838
5636
23566
5614
11798
20567
4824
8874
13007
15622
175
14581
14468
29771
29328
4852
25134
21797
11494
6184
8056
3774
22147
12995
9754
21663
5981
11693
9462
10646
26376
26453
3315
28002
18167
25912
2973
6437
25714
5170
4985
22151
24151
16775
3625
23977
10896
6321
5189
17872
22360
12775
18163
13518
9261
32114
10060
6448
11924
6063
1902
23337
11919
20963
29025
12353
32479
31681
8107
32189
27898
14781
25521
30157
3274
29710
5588
23416
3116
10886
27463
6472
16931
14609
19890
5813
30176
22798
4232
30802
6514
27473
8233
14009
29773
22261
1719
14391
31100
2274
25272
22840
17830
24609
11120
3953
194
4835
24316
5071
8090
22603
30254
16163
16641
25343
14892
1418
8915
30833
22471
15518
27313
12525
19612
6238
15993
11363
2541
2781
26760
18418
26941
29358
943
8248
20141
17419
27382
27740
5401
6344
26899
32216
8178
21242
25512
28935
11993
15974
32320
23154
20225
23723
28936
31962
1601
18479
3917
21509
5116
22987
14777
73
25521
32054
14413
24282
3425
24626
14365
23251
32676
26744
26831
17157
12170
7268
30161
12419
27186
27233
22365
18922
9260
31506
14126
28529
25232
31301
25855
7092
6619
664
5832
1343
7821
6121
28856
19677
899
23679
4337
17567
532
27898
6918
7083
18414
3835
32565
31434
18095
7826
31076
23983
24899
26219
989
13576
4864
20152
14793
7494
27778
3806
25965
13869
584
19935
13864
26395
10507
23946
23080
7192
7138
31844
30704
18337
26647
19028
17290
13620
15046
23570
11147
30875
27707
6478
22987
1529
25865
20896
993
16021
14570
13362
18273
32362
4954
5679
3541
30314
20978
13290
13436
24470
26757
22735
29636
21183
27388
6666
17033
20761
22770
4089
12555
18821
1806
14930
30641
9882
16932
31508
13696
12664
2059
21551
6746
21837
29244
21490
30966
4004
11823
23608
31907
6513
8054
12370
32444
5341
1942
30131
14314
19409
20392
4958
18717
19269
20404
7184
22600
26437
12232
12077
15583
29640
16092
31851
30737
15920
23397
22080
29893
5024
18875
32524
19286
24578
5164
7430
1295
12756
20700
232
7013
11957
26978
11098
12023
17587
16420
15648
12870
9298
20334
15874
1076
20315
7765
26239
13886
18539
10062
22576
31353
12087
3213
28926
30029
21920
13855
9475
28404
6522
13766
2881
8370
3868
3224
2309
6610
18599
11862
18457
30820
17943
24205
25516
29112
23051
17263
30722
26265
3924
19055
220
32585
23359
15006
12965
2881
10403
4296
14945
8357
1961
333
4181
14217
3678
15297
18807
15590
13818
19523
5012
22874
16621
13982
18499
26531
30127
10017
17037
22234
14917
21822
25433
29807
23698
29669
28826
23016
4963
19358
15159
31321
1080
23145
14269
2978
22995
5461
30151
18283
14210
10210
8745
16352
5421
19736
32735
17453
20511
7780
952
4280
31892
29749
32450
18209
17415
13402
884
27131
23608
10778
29086
22599
25343
17425
21777
1204
10963
21453
782
25753
17433
11052
8815
21166
20270
13171
2711
24974
25395
23087
9499
23021
5531
28620
15917
24729
28278
21494
28620
50
21883
2995
5038
4776
17366
7485
26600
18041
18103
19873
21091
15272
7831
7192
28415
29820
1864
5928
21636
5630
29892
26490
15437
13360
20657
11386
30899
9741
1207
1713
26170
7493
23938
27618
17278
32181
4758
8422
7132
12456
32470
30023
12512
28624
21970
7327
3697
17410
25044
16815
13758
13236
5800
12094
2791
23864
1327
10935
29036
30902
31650
23682
17238
32235
24231
25118
3879
27044
1814
26115
18562
24312
12424
22841
22426
8264
17571
10936
13148
7160
3880
6270
29276
2282
9913
30323
32385
20159
5739
1788
22383
13773
5136
16737
4023
6878
20289
8671
28865
8878
9518
24461
29045
10531
17701
9199
27564
26698
4579
8283
15450
4886
19358
7440
14967
24535
20174
24079
12466
15995
29631
31169
17877
13960
23256
32071
32758
10453
12712
31390
20067
28939
15542
23675
17995
8927
12805
7136
32300
24333
12393
13185
13312
31763
24461
27866
10791
32435
1215
25357
26387
7718
6274
22396
17334
20512
10450
13355
29867
6280
5173
22483
31270
6387
27014
1989
8861
7142
30849
9093
3123
6088
24333
30242
20713
26025
8013
16726
18819
10165
2661
24162
4924
7030
3084
4264
17449
21453
8918
26117
31341
5806
4415
16628
12834
23198
4982
26724
3586
8174
9711
14677
32473
8629
10407
22068
30123
6798
27446
28668
3237
6423
28054
1289
21188
8228
25013
12730
9799
3783
14780
28366
18901
3073
20253
22908
8302
29252
28255
24911
15380
30384
21417
30664
11061
2058
25616
7602
12511
8572
12192
27203
21410
3343
2092
26615
28484
20969
14550
25388
13608
19014
10845
1662
18299
7479
41
24800
23332
6173
31256
12671
3176
9188
9990
5463
21088
20992
13343
29329
15645
15657
25828
15779
27285
14806
32766
29734
24148
4731
15557
26998
10211
19330
32144
16652
1015
11017
25275
12954
25689
97
633
29675
2713
26435
20830
25721
8562
720
1963
22219
252
27727
3929
5013
2452
20901
18148
29326
16779
32659
9436
9487
8593
21426
2093
3696
15328
21040
16681
17954
10792
23368
8026
8076
28221
15491
4106
21415
12675
6576
6542
10328
3861
27044
16215
12688
21688
690
6838
2086
26242
29417
13426
4719
12618
8208
27404
15011
22478
27490
29133
12015
1703
21770
13460
1881
6893
23389
11361
27992
1962
4569
28832
8495
9727
11233
4406
30989
23576
30518
1357
13798
18129
565
15072
18959
21029
27091
4869
28060
27739
2904
22269
7289
16367
5598
29181
23115
8257
14217
31674
22532
5376
25219
24503
22344
12372
26046
11598
26499
7118
21865
23680
22727
2064
32559
4988
102
27451
26162
14576
11092
14877
714
24339
23097
2072
16894
21359
9049
14800
190
24431
22052
13980
32486
1453
15516
17578
1523
18424
5739
31728
16259
16934
10688
31702
30607
9632
1517
20388
18023
24998
21442
11693
24177
1126
20391
32057
31136
8385
18811
20275
8886
17624
17968
13719
22074
19800
7971
9626
14137
8586
15164
20630
21436
9242
15818
8124
13580
25762
18203
15992
14248
24062
8926
24483
26371
19791
57
10603
22782
28107
4010
29698
17704
9547
8863
18185
21431
28050
10451
16827
24646
1630
10094
23001
11340
15409
1500
7513
15712
20444
19561
25294
25391
19152
12449
5270
8505
19492
2922
709
30798
6758
5341
26581
19404
1569
489
3082
24213
26930
24486
13222
9170
20171
18554
17361
24427
4164
20206
19015
21058
29349
14926
21439
28210
4340
28930
15647
19914
7999
11439
27489
27593
21096
21517
5699
22105
30899
5767
4529
23052
3857
9620
16883
24727
24362
10200
9878
32593
29228
16889
10268
29033
25686
20802
5219
31210
25923
13306
30165
26992
28919
15234
12629
17320
3499
9265
5860
16521
6744
12016
20759
9556
31237
14484
24377
12620
10193
27390
1599
6709
32704
25589
25712
21647
18501
28094
5073
9103
18579
9600
1874
11490
30628
11099
3769
3105
4102
14402
11602
8722
5224
13724
12115
7076
4328
12959
10769
27817
9498
21351
21221
14929
8920
5592
22748
29034
19916
2105
11554
1114
1982
19853
26156
3288
30110
2993
10663
19821
26961
7991
18723
20142
7228
12548
32127
5174
1681
2475
27923
9574
24412
16008
26784
26076
4428
5277
2808
31156
12354
13612
10093
12673
15259
4120
13051
14857
14654
2044
5173
3012
30052
17416
1520
22035
29482
17312
30897
25153
23000
4019
7895
10810
27375
9691
3976
7949
19700
31033
11356
23331
14079
9486
13772
15421
18690
11546
14937
8495
7386
26549
19580
18270
23576
28078
11088
1018
26252
11239
18945
21756
21909
29357
25076
1503
26667
7896
31668
25630
9129
14502
6816
16240
13659
9304
30549
12742
24780
16522
29916
27392
1740
3667
15507
31859
4419
16161
11485
24604
20409
17489
1673
14241
4257
15505
1283
32523
872
23286
19773
12101
12098
9180
24411
3156
2735
7041
30497
6996
32719
16992
1820
31798
26987
31567
14995
9019
21695
14168
10797
11823
5129
855
12127
20838
28114
21335
667
6264
29951
10157
4154
30395
21911
26578
12325
25477
8785
3842
11335
32286
28389
1685
16819
30087
17167
18976
2196
12270
12899
12619
28376
28140
9428
31600
12700
25988
7170
30969
342
4316
327
28278
15556
11449
18560
3457
28312
8892
29595
8018
31200
23390
17125
15649
8503
13229
7697
12863
21677
4804
519
25586
29303
23307
32626
23317
26199
13107
5640
19308
21450
25328
30872
13512
14067
16245
1493
31199
10314
25521
484
2281
12036
12363
23719
29178
20033
20318
4295
1827
14584
14324
26500
25159
22690
27972
11580
27837
4777
30124
8892
17578
30863
17773
14154
7196
20191
6440
22382
28135
5844
31772
23685
9280
1738
30237
26883
3354
7528
7507
15755
14404
15243
1976
21168
6975
28913
22607
17289
5856
26538
25637
21751
15018
6719
11017
9653
25065
16543
8202
21284
1679
8141
32181
7892
26062
10315
8715
24786
21113
3909
11844
21172
20763
20094
26182
32613
22996
14075
3044
25521
23543
625
12759
2959
24421
3952
17021
14386
24488
13388
13907
23246
15567
21710
13876
28715
24076
9887
9551
2283
25102
20592
20201
2714
31007
20458
13272
30074
17662
21081
13243
15116
23162
27672
3578
29022
16595
23226
30337
28440
2768
15869
14907
7236
26015
29551
12112
992
14705
222
27935
29221
14290
14721
2042
11157
29641
2535
19620
2247
24499
5795
14220
754
19680
6581
9158
32059
18666
10935
28109
22207
29913
24012
1530
4446
12792
25928
11971
6477
16501
8735
25269
31066
11196
20239
7727
2046
8336
12941
2276
22821
2286
881
15118
188
2465
27744
6771
29182
15781
23037
2841
1919
19260
32719
28616
32757
11986
16368
13892
31689
22417
24955
27463
18274
29124
16819
4672
32300
31469
27635
15566
21098
31652
17498
7675
1473
822
12594
5432
24192
16633
28453
27933
9648
22385
31774
18909
31199
17700
17664
906
685
32573
521
26638
20755
6627
28165
8421
30839
6743
17458
14491
11376
20176
12534
31753
28505
18454
8515
13135
7575
20704
7366
28304
25002
32494
5843
25201
23798
14822
25104
4175
4431
21488
13027
13890
22343
4112
23708
17110
27959
12870
13666
18564
27406
30055
19679
11506
9948
698
25003
4079
22045
18258
16761
9772
30662
17198
4
955
21265
11793
12471
4681
5897
3618
3871
12060
26325
7236
16913
11467
24260
4659
9626
13503
24092
15971
18347
17516
8610
31129
897
16975
31465
23110
26582
26280
12379
16806
21449
29685
21000
7836
30350
31538
3890
588
7637
10194
22676
25206
32508
20347
23414
9622
26355
16773
8562
21692
31987
4657
24836
3883
990
23977
19155
7092
18036
16059
24513
13264
6716
30037
7092
25728
9517
30912
290
8421
21023
29085
20831
25246
8180
22432
32166
29669
14213
12046
7401
16233
29774
8695
29272
16873
19418
28980
20659
31125
16365
31007
26192
28452
18291
17941
15851
13492
23083
29868
49
30310
2835
22965
16907
30902
23954
11760
27563
8347
16744
14738
1111
24930
24918
15223
28408
11338
12428
2087
25442
15840
25303
7306
12385
25881
15239
8299
4743
8241
24353
5295
11192
11078
5065
10578
26482
23731
7278
30501
22493
27437
6835
6473
22422
31136
9121
25193
31803
1223
29453
10683
9654
3726
27082
27574
13898
8999
17039
14993
16223
5102
10663
14975
12045
1021
9051
9643
19050
8847
27935
5109
148
12053
17791
618
25213
8986
18119
22150
19321
7639
16501
22825
1673
28054
15199
25945
31845
21191
5284
18109
13899
22755
23380
981
16778
24836
23775
4090
16333
14913
3134
8473
12328
25547
12259
9519
15588
21705
609
4996
6667
26099
12763
5543
16562
14576
27182
17453
4873
14704
21982
29480
13604
5129
16833
19049
9862
16083
20334
9590
26738
28610
25187
30538
15602
7366
13304
11727
19108
24996
14855
20764
12615
26514
19545
23150
23305
10901
13519
32488
5774
14491
5717
27146
17856
18008
22150
9203
11609
13793
30239
8023
12594
27401
1061
11070
2377
2430
6102
17538
15251
30883
32081
774
26247
18733
260
7862
10343
22653
1497
18499
12109
19903
21024
20891
15865
19654
16187
25131
12636
31398
14347
13012
21219
12303
12830
3502
901
30060
3477
3455
2955
9407
2006
22778
6946
19771
11511
21943
18338
13470
29669
3830
4508
4693
29016
19475
16294
24654
19831
4809
6629
23963
26698
4391
21087
7883
22756
11090
9726
18440
13132
10496
611
19696
16687
16047
15472
21044
6472
28329
9108
3315
16779
32185
32213
15316
18452
30634
14495
5605
32467
32644
23118
19255
17908
26502
125
29493
4367
19682
30476
1224
4884
13115
13299
13357
15604
23519
17354
21137
31504
21700
29460
2929
23906
31556
16463
7092
5742
28312
25276
24197
31974
11798
29166
19442
31776
24363
31253
17734
7992
30486
2312
19239
8965
17513
20
31086
15037
5185
13958
25801
29542
28480
14586
13843
25092
10831
12642
8046
2172
18197
17365
1830
7498
24630
27677
1093
8679
7500
10239
2294
29687
27302
31304
22170
17718
28867
4764
6060
9761
1932
9726
15189
3940
8533
17438
28366
5638
27026
13670
20602
13910
4953
11715
14527
24981
5019
24628
13480
14944
17186
16147
3643
11236
9290
29990
32411
18368
18559
25445
26078
5816
4474
12169
9388
18464
19003
12121
29596
27651
21445
15540
21582
9238
24988
15965
30792
30559
511
29065
14738
13477
28133
16426
272
3990
23738
12281
13986
25787
22486
13894
5885
20508
18881
31871
2887
690
17705
24962
24181
657
16287
17314
27749
16850
15381
24443
9914
14402
8472
20342
2939
27596
14029
30747
26986
5030
2221
27930
3622
16958
9984
6935
14848
16867
1051
16953
30109
4148
26969
3441
9552
9289
16346
21130
30260
27555
10494
18165
268
10708
8864
13650
16092
9965
13075
32702
11076
22700
22749
31455
12447
29282
14901
28080
14815
1958
20542
16909
1574
11708
2561
12798
6693
18370
9005
32195
27445
27040
10894
30371
8247
32173
29773
27253
1068
6434
29677
15339
1683
11071
14849
13218
25990
29503
4525
21994
23955
26876
31204
18773
31579
1122
30299
6657
27373
3989
29775
26021
24800
28642
16124
15454
31026
4455
16344
16951
10212
24961
1684
23930
5969
1016
21712
32185
4178
12012
10656
18331
18451
22911
2243
12648
12212
10560
31133
23634
8607
19034
31226
13961
2220
7809
24705
12797
23798
28312
27386
7153
4731
2850
29759
24900
21878
1903
3588
19326
12412
31618
31302
669
30808
30917
16532
24478
6567
7532
23297
23498
9268
29353
14052
10437
12305
404
1366
15704
30842
19160
5993
25337
18537
3359
16936
4128
5368
1595
1619
6985
24955
6937
30679
4807
18777
4710
8463
17743
19375
19966
23997
18240
13475
12057
27079
179
16520
4404
8113
4167
21686
1985
8926
3753
27175
19086
29062
32486
1490
31989
6774
30576
23240
15305
4747
20465
29199
7675
26092
24531
29761
5136
16650
6540
28900
21059
3417
3754
16264
12665
7627
10402
22179
13033
10001
8792
13356
4744
32657
3694
13306
5173
25382
30285
28634
30633
13978
24052
1393
16156
1763
14467
24023
13496
16417
6534
21232
23231
22611
12034
20106
12923
27101
20546
16185
1513
31162
11614
32497
8228
25984
27536
1896
8339
13593
14902
4137
21714
19515
11430
29304
17761
14252
25782
28393
24847
4664
23046
12479
29476
15725
18964
11013
20561
27165
7421
11118
26200
11409
19220
16110
6779
6285
3876
17428
8870
8456
29061
18222
17755
14248
30689
1051
11361
26623
1476
10734
13868
27272
14821
15432
29195
27487
21558
11890
13076
196
28845
5180
26063
3406
8912
1177
5285
2543
15875
2551
18183
29611
22162
15456
10078
22807
18300
24914
7093
17300
18693
11614
15656
30793
25594
899
23052
19681
19906
20040
28380
3082
31017
20123
16870
9641
26604
31852
3514
9949
2308
21769
26189
13754
12211
13112
17649
3266
28495
3350
26357
12835
26577
13234
27419
26291
20253
28777
22974
2219
17167
7167
960
26151
12362
2946
25653
15193
22975
28383
28881
22672
19711
32065
1298
11245
20289
2861
21548
10975
3891
26206
3513
22371
10113
4962
8477
23805
15910
18673
19386
373
19573
17680
24025
25938
23526
22506
25171
20504
17313
16489
5379
1089
13004
13975
21483
22268
5013
16312
30505
1959
4862
10275
15256
4878
22892
16100
11333
32353
16365
12051
13976
22007
3660
4851
21823
23493
3543
7370
32217
8605
31979
29058
15719
2854
12100
4356
12147
29599
26374
26704
15358
29523
12938
26972
18474
219
23274
17586
17836
27158
12107
8392
19696
24809
14573
27422
11785
6071
9203
7962
9311
10655
26867
7843
6423
19064
829
30847
8256
31373
16364
14445
7363
14873
29102
7426
14089
30849
5459
20292
4714
15188
13079
30728
27993
14595
2223
20236
6224
25440
18452
32723
28540
7640
30483
68
17192
7023
15249
13569
23275
8320
8351
32648
32658
9266
8258
4620
14283
3513
32255
9489
9110
2386
15912
27338
8812
12540
17897
23602
12332
1271
28690
15340
9417
28670
8866
27355
17077
21316
12567
27265
16396
22063
6008
10521
13953
30166
23070
29555
9737
4156
5702
10386
30281
26442
3928
2822
8896
22414
17653
19466
32180
16054
24003
11358
13790
19914
29432
20195
2772
17197
2215
6392
23610
18513
16077
15510
32681
28477
1819
18477
2394
3008
27521
22590
29595
25714
12671
18101
20718
30576
26155
29708
29953
20179
7937
1568
16466
8437
31597
14545
31390
14435
13082
7261
26638
24480
15608
23930
1313
19615
23311
29493
5464
18430
5895
20109
28835
3076
31603
26574
15246
5977
5601
17839
30251
28552
3490
23083
3518
3893
23386
20767
23851
31773
27974
11432
18464
16594
17488
19258
23810
17972
21972
13185
10649
18607
15920
16888
11898
25910
4110
5194
7480
31235
19569
20075
19785
22283
20352
5494
5050
31299
15893
23621
27027
21397
16389
24018
3336
19617
4909
24912
2404
4148
17217
9225
20917
19849
4692
1270
23096
29506
24103
20000
23683
7716
3633
14265
12917
14229
22130
249
29661
32727
23288
15034
17133
2
46
8146
29533
8131
29672
5940
30814
23255
15151
15302
17733
21061
20684
1536
3316
13662
8342
29512
3080
15989
27515
18192
18884
16223
24657
16813
31680
31145
30042
26870
30801
16028
20121
16033
25528
4849
15575
93
1034
21076
8564
19887
26593
3739
17134
20365
19399
9923
24115
15803
27231
20910
167
24041
9041
6303
30451
22665
9467
32113
23699
32626
1241
18586
6174
25142
29360
15076
20564
19523
29310
7909
9706
2236
18721
30275
15892
2069
1993
16041
27094
17265
25119
2696
30219
31163
15154
27022
28722
8838
5414
23783
27644
12965
20379
21302
5526
3722
24798
26706
7350
18015
30162
25792
17511
30694
9372
14581
9109
29201
7698
28744
25176
30305
2529
22457
1
13311
31104
21604
28133
22683
7640
9667
2795
21256
11184
4007
19416
9108
6874
10228
7253
22057
11295
17439
17605
549
25067
17000
24777
27641
22457
10968
12944
9347
9277
25594
24287
16940
12883
30553
24036
4033
15530
8637
11450
19730
22575
11044
3003
23885
14652
17026
21898
32535
8061
22840
15067
27247
5286
14934
28425
28739
27095
22929
4438
30672
8138
5635
24319
30138
9666
27813
31239
14575
6963
22156
20672
10556
50
20198
29209
21419
155
15540
23211
24740
17924
15429
1666
20415
31845
1142
21419
5482
30083
25515
386
30271
5921
4236
22712
15394
32742
19072
18471
8478
3853
1514
597
3069
15055
8230
26570
31401
24976
22338
18962
13893
459
380
21392
11531
1215
16512
8201
3556
2007
11358
20972
456
20698
12877
12387
7900
22743
8993
6682
28997
6606
11662
22738
13773
2846
16410
8612
8765
30898
3811
19990
22388
8427
14614
6623
22859
17740
18987
29050
10281
6632
4833
7533
22629
16268
5629
22102
17246
13484
1218
3514
11868
26894
1839
30605
805
24632
19451
8321
30303
3739
7249
7439
14249
23932
28492
7494
1911
422
14641
29014
20145
4305
29294
19163
5131
464
4694
18155
27427
894
31130
3294
14684
22119
2183
3552
27772
5429
23809
12600
32520
6113
29763
31061
26203
23957
11348
28061
18056
10595
24904
21749
2037
15784
8764
3344
10932
25150
14863
2681
29600
8549
2016
19806
20284
26479
25420
22306
1611
28973
2148
27809
8239
13596
18289
12608
3842
13135
29799
26300
374
22556
21033
23984
30317
23942
30082
25315
28247
22382
23519
13656
22095
22136
12750
20755
2293
19902
1335
6827
265
10039
24412
14228
6604
13030
658
7977
30999
23746
18365
12412
32568
21864
22413
22750
22672
6531
15226
5933
3309
1015
640
26592
10408
22224
30106
26067
23422
26350
6145
11219
10543
22124
28449
17129
2008
2517
20064
10599
2065
17414
8846
16052
25286
5345
31018
8150
2262
1718
16218
16580
4205
13938
29864
20073
7202
17029
19838
9592
6096
15509
352
27123
26420
2532
16619
2937
25163
24193
3985
16978
15209
16178
32018
20795
11033
13853
31417
6131
32184
9784
18524
17026
24272
26998
13585
8524
32309
9647
12208
30169
27362
1099
25357
16481
16273
14518
23026
23066
32028
388
26335
26690
11926
4191
19328
29675
13096
1204
23538
12938
18861
25889
6582
19262
14861
17309
625
9440
14426
30821
3689
2254
23980
8106
6848
9847
21181
17916
15214
17318
2115
28532
12544
9616
6417
26020
32274
32412
12780
30783
22669
27892
6958
7305
29345
21968
16413
6013
22401
10621
20488
7872
22498
23599
21799
7240
16945
