38
59
64
132
135
148
152
215
220
225
258
286
376
377
423
427
431
433
459
472
500
502
511
512
557
624
628
634
647
701
765
816
816
826
882
913
934
946
961
968
1007
1055
1079
1105
1165
1166
1183
1233
1258
1275
1279
1320
1354
1384
1393
1400
1417
1424
1448
1481
1523
1525
1528
1578
1581
1591
1812
1867
2100
2109
2129
2149
2152
2246
2252
2303
2394
2432
2439
2445
2449
2453
2454
2505
2535
2567
2576
2615
2629
2664
2715
2758
2863
2883
2990
3088
3092
3094
3123
3153
3172
3173
3191
3198
3241
3243
3309
3385
3437
3449
3465
3473
3525
3531
3547
3550
3563
3577
3588
3591
3662
3669
3703
3705
3717
3719
3766
3772
3952
4037
4037
4066
4132
4158
4174
4181
4186
4201
4216
4330
4352
4362
4395
4424
4444
4465
4503
4560
4600
4602
4616
4656
4693
4707
4710
4719
4741
4775
4777
4874
4879
4888
4907
4920
5018
5065
5085
5091
5119
5133
5145
5176
5187
5262
5280
5304
5310
5338
5377
5422
5495
5514
5535
5559
5594
5611
5618
5622
5658
5662
5695
5696
5699
5733
5752
5903
5915
5940
5981
6004
6073
6076
6078
6081
6084
6090
6104
6116
6141
6214
6217
6250
6301
6333
6401
6476
6487
6544
6574
6577
6586
6621
6653
6670
6723
6730
6769
6786
6831
6856
6879
6889
6944
6982
7047
7138
7162
7243
7284
7335
7338
7417
7428
7457
7487
7506
7512
7529
7539
7541
7547
7578
7590
7671
7796
7857
7867
7898
7917
7968
8024
8035
8067
8068
8280
8296
8366
8391
8416
8458
8586
8645
8654
8671
8701
8731
8732
8736
8744
8770
8798
8866
8902
8962
8964
8982
8992
8997
9067
9100
9115
9117
9133
9135
9198
9209
9217
9225
9232
9236
9254
9259
9370
9373
9385
9397
9408
9436
9549
9598
9650
9698
9869
9891
9930
9940
9950
9954
9959
9964
10058
10073
10251
10268
10287
10363
10438
10496
10662
10769
10777
10826
10852
10920
10936
10937
10944
10951
11025
11110
11138
11210
11221
11251
11262
11267
11306
11345
11382
11384
11451
11510
11516
11547
11549
11586
11643
11706
11715
11788
11812
11856
11913
11938
11940
12031
12063
12156
12203
12268
12275
12313
12398
12398
12505
12513
12537
12546
12628
12630
12634
12636
12733
12759
12765
12781
12783
12800
12820
12821
12824
12826
12879
12884
12884
12886
12945
12986
12997
13011
13027
13044
13117
13185
13193
13223
13241
13268
13326
13348
13450
13453
13544
13554
13555
13567
13594
13613
13630
13645
13658
13677
13743
13749
13784
13825
13853
13877
13890
13960
14051
14080
14159
14173
14185
14215
14242
14266
14276
14285
14294
14382
14424
14432
14472
14499
14510
14511
14529
14604
14644
14649
14671
14694
14728
14740
14749
14792
14852
14939
14947
14950
14997
15023
15033
15261
15287
15368
15427
15480
15485
15555
15572
15594
15606
15638
15655
15655
15667
15713
15715
15717
15793
15795
15815
15819
15887
15918
15955
15971
16041
16042
16129
16164
16218
16222
16291
16299
16344
16360
16403
16461
16467
16495
16501
16554
16558
16568
16582
16623
16640
16662
16668
16675
16678
16739
16740
16743
16759
16766
16862
16886
16891
16899
16901
16910
16946
16995
17011
17015
17033
17039
17184
17210
17230
17240
17245
17338
17343
17350
17404
17424
17437
17472
17479
17511
17512
17514
17554
17554
17555
17584
17614
17638
17706
17713
17833
17908
17919
18037
18040
18124
18186
18210
18275
18284
18306
18341
18353
18369
18410
18424
18457
18584
18637
18639
18679
18688
18724
18732
18761
18819
18825
18850
18871
18950
19004
19023
19027
19052
19101
19246
19356
19356
19369
19371
19385
19397
19422
19450
19503
19520
19545
19584
19618
19631
19655
19809
20005
20058
20146
20178
20253
20300
20347
20351
20370
20370
20371
20374
20395
20417
20458
20463
20514
20544
20651
20706
20714
20733
20737
20772
20779
20793
20803
20842
20852
20973
21027
21043
21068
21089
21108
21116
21148
21175
21251
21287
21294
21326
21342
21370
21495
21547
21548
21574
21587
21592
21645
21667
21674
21688
21701
21729
21785
21785
21797
21809
21840
21860
21860
21862
21875
21954
22008
22050
22063
22093
22139
22139
22150
22154
22178
22192
22245
22257
22263
22312
22399
22406
22480
22492
22499
22530
22533
22541
22554
22567
22695
22749
22759
22779
22838
22937
22950
23082
23141
23155
23157
23209
23228
23263
23278
23298
23325
23373
23405
23432
23433
23458
23497
23503
23512
23512
23568
23624
23641
23642
23712
23715
23725
23727
23794
23796
23798
23822
23837
23880
23970
24016
24022
24028
24036
24120
24151
24204
24262
24322
24439
24567
24646
24653
24654
24687
24782
24824
24887
24907
24923
25008
25155
25160
25226
25273
25337
25406
25416
25466
25484
25564
25594
25656
25660
25716
25806
25810
25847
25885
25887
25935
25966
25970
25987
25993
26006
26032
26057
26059
26061
26093
26095
26175
26182
26225
26292
26343
26357
26449
26505
26519
26537
26563
26575
26611
26643
26775
26779
26794
26853
26908
26921
26931
26941
26947
27082
27087
27192
27221
27233
27290
27365
27366
27478
27485
27570
27585
27638
27644
27669
27677
27729
27733
27912
27947
27966
27970
27993
28051
28078
28098
28102
28134
28142
28161
28192
28196
28201
28259
28378
28414
28422
28428
28471
28512
28525
28526
28546
28604
28703
28804
28806
28837
28866
28873
28911
28916
28963
28977
28995
29028
29064
29133
29144
29234
29243
29249
29263
29282
29293
29312
29341
29407
29469
29541
29606
29679
29690
29699
29710
29816
29827
29875
29881
29941
29977
29997
30025
30027
30035
30061
30116
30204
30212
30215
30234
30277
30313
30328
30345
30422
30493
30508
30537
30538
30596
30640
30642
30645
30665
30697
30741
30747
30750
30802
30834
30846
30849
30911
30916
30927
30958
30969
30976
31015
31042
31068
31072
31098
31143
31144
31170
31206
31224
31283
31291
31310
31347
31354
31409
31448
31455
31461
31477
31492
31597
31616
31657
31659
31685
31696
31759
31766
31768
31772
31789
31823
31846
31938
31943
32011
32070
32114
32123
32133
32222
32226
32227
32248
32255
32290
32312
32322
32326
32355
32358
32394
32426
32458
32463
32466
32499
32517
32532
32546
32566
32636
32659
32711
32739
