29819
1715
28350
3531
18255
10499
5531
11418
13348
27679
7861
30529
9950
16762
28222
2110
23551
32304
24220
4757
11457
19188
20454
16803
246
9915
13087
18850
672
26666
3376
29947
28496
27072
11687
14927
9023
19651
5426
10051
14894
32492
18393
11279
25085
28369
1791
5062
15117
6934
12055
13667
25175
26707
13605
10647
329
27076
32763
4437
32612
2228
6449
14617
12695
13990
29153
9468
9049
5704
14119
20857
21896
18200
29276
13565
3844
16339
28941
20016
6922
25506
12477
19206
4434
15876
19039
5252
1000
4474
6546
19282
11980
9460
7066
262
1352
31742
16930
14890
14611
26026
13748
1299
5930
3644
17396
12641
22122
32664
30112
29781
13294
15468
2120
1494
31019
25117
18380
577
18380
32115
922
7412
18254
32259
7076
28568
4188
29792
24868
29234
29160
1792
18191
26601
27661
18928
7770
19605
31912
25912
23023
3851
6576
13836
5742
9259
30041
22199
24996
16038
26605
14663
32204
14224
7013
16633
7304
29609
21706
1635
19869
20843
30542
12900
7537
27603
7465
7115
8006
15856
25140
5066
24372
29484
15432
3353
30696
28765
32085
2537
18463
24971
23361
31887
992
22655
6534
1773
7548
18448
12426
17568
16966
26669
3773
3051
26387
20137
20341
20838
8304
18634
905
6758
17062
16783
26543
10795
1390
16581
9366
21965
10100
20168
29890
10979
19854
18714
19499
21752
6585
29605
23957
28079
13784
21200
6574
9136
20011
6724
1001
25689
14224
15483
31005
29734
15741
26381
17372
8668
21433
30650
6804
120
10205
13878
25448
21467
20110
24248
22988
7218
2167
18753
29155
27687
23305
14764
5528
30153
30962
9338
6014
31292
13918
29787
30568
2080
1264
7292
21704
13506
13183
916
10952
15365
28049
5036
12842
13070
13976
31409
1248
14771
23790
26554
24426
22177
8338
20762
7155
27215
2464
3877
17195
25766
10898
22467
20195
10605
19001
26294
31338
20342
12665
24235
15529
9866
6343
12034
18432
12309
29028
2653
11231
30354
1622
14826
29733
28597
12587
22897
25145
21850
7789
18460
7145
8496
24036
23050
27653
5924
14990
5778
28858
2704
5727
3927
21424
18976
17849
7184
26595
24200
9897
1812
18754
2024
28647
30376
23049
9722
29580
7945
14815
30465
20881
2360
4783
22897
22027
31368
22342
31839
32553
18664
20401
10919
26345
10225
3924
7391
3229
15022
12490
32255
14881
30255
29568
3788
217
8396
5905
5129
2669
31290
4191
31581
14660
22607
29813
25347
21697
17557
13599
28723
15680
26256
2887
8276
25551
18127
11022
222
428
14005
7598
31249
19331
26885
23826
6231
7268
1839
3378
122
21638
20316
28464
31366
26558
1851
27188
16252
22461
20361
17928
30139
5644
9315
29554
2094
2505
5707
32341
17462
13599
2044
1414
27222
13958
31981
21615
7585
8640
17575
31334
24036
27791
3783
31691
30867
27446
13266
30948
7284
6326
16061
26232
31757
9925
823
13357
10959
4494
19644
31905
8447
13100
29274
6987
4712
4836
23362
17424
962
27684
16398
30885
19168
10559
13524
30631
26013
19942
18414
379
21381
3430
16775
3815
24130
2212
20454
21869
31949
28632
11386
13675
15696
1036
1450
28148
25053
13395
14681
12908
7121
21194
11323
32230
4614
7504
18906
16445
7612
5637
31079
16628
27205
26499
4929
21454
25458
20703
9031
15148
7872
21854
990
21547
11074
11255
7617
26746
29774
10893
22667
16892
8935
10473
2054
23585
10734
6009
25137
20228
26887
17866
18963
20548
4684
5319
31554
26020
16052
4271
25138
9570
23874
11991
11583
8280
26861
11045
25208
20947
4434
16712
1585
12598
16924
15800
7751
16719
13615
8817
7729
14709
31639
23407
1996
9318
10548
16104
19683
4322
3873
21836
15743
12294
12521
9469
3828
32106
24681
32206
18344
19706
11395
61
7074
23189
3719
23664
1494
14183
610
1266
10803
12550
30084
20778
19560
3663
14483
19359
26490
15871
24529
10222
12807
21264
15949
7302
6999
27354
26573
7210
3368
22757
25975
11044
32310
13455
2369
19530
8588
9314
3102
16818
16013
818
25318
7476
32193
15097
30209
23716
13921
29043
10203
3532
2209
25209
22024
13868
20672
1055
16690
31345
16080
20620
1990
16821
8005
20892
8034
20604
8256
18999
30973
5994
8089
6511
15316
12742
19886
13148
17176
20399
12527
19383
19033
2080
22053
3641
29872
20133
14725
177
6831
2266
13432
27368
2825
32681
31784
24628
10754
10303
31946
18142
7061
211
7598
31029
25703
32022
14856
23663
11630
15992
23164
2371
5728
5153
31595
25158
17118
32426
27648
13321
3677
13215
4600
15088
4824
23734
7733
10961
28216
3788
32258
5200
29310
13475
5412
17405
11446
26973
3237
30506
28316
32439
16992
653
18187
11015
9547
18075
5417
6900
2695
3487
8788
25335
18217
12188
28363
3220
6854
6120
7453
15193
14017
2181
10322
9619
28244
14142
20698
23763
23391
8326
27705
8740
1011
11280
880
16905
19614
32557
27690
13369
17268
6378
18604
31513
4066
5093
6777
32509
4914
10739
21448
24863
1501
21876
5031
603
7572
11376
30955
14768
2061
20858
14302
30327
18062
5697
24232
19041
13882
11254
29817
5938
20766
32098
24444
23615
29691
3779
15739
24488
13521
32618
6994
12118
5680
2325
14101
13747
9022
6413
14593
24108
16519
24319
3875
1384
15752
28059
22474
12613
29433
18670
1710
19607
31198
32384
12509
25247
18252
9005
11113
5709
14588
21187
26835
20790
24209
3425
16694
26195
2985
3722
4403
9343
32421
31244
23456
5295
10297
31379
23023
24558
24498
11788
10080
6432
4106
31675
29415
26227
10669
12315
25563
18084
25865
31353
7523
28151
8664
10319
3232
30451
28461
14945
28058
25313
2112
12185
13036
9731
20985
8611
15407
15253
9533
3912
1832
32133
29180
28811
18353
15345
1783
28806
4712
20580
2642
26881
1561
10448
28381
31703
8172
1611
29218
26121
9806
27530
28462
26783
22176
30494
4640
25411
16802
9584
14451
31899
670
13949
2571
29801
15700
13138
5889
31589
3752
20295
1582
11478
23566
8443
8313
1522
11697
28435
17633
30459
32614
3249
4425
27158
13396
438
19463
23529
6495
31416
23082
25084
8793
15554
20111
15053
19944
6350
23971
17328
23605
6915
16885
28781
17497
29103
23939
8344
5256
18435
9152
28334
10491
4240
6248
21748
26015
31621
28420
17424
24191
5285
5948
1892
6898
17675
16864
4910
24452
13470
10933
6240
10917
18258
13055
31296
20500
12835
6355
448
24329
25554
22297
27291
16165
15710
31331
9780
12314
22081
30321
28718
6170
18544
18560
4298
19713
16400
29271
26884
17473
19192
6671
9325
21905
9194
23205
11463
31829
30097
4417
15202
17356
20794
13123
9273
18939
21842
30995
14027
1373
16292
27045
20667
14663
26447
4814
32295
17693
23176
31306
17352
14903
7189
5001
28366
25744
15492
17982
1657
12852
19247
20901
15223
9576
23281
6294
28929
15766
5798
8782
15283
767
8548
23545
29231
8479
15995
26367
11122
15327
32045
19
18161
27517
25645
19196
23163
2876
22745
3873
8654
18123
15927
12503
19446
4726
1969
29547
17001
31246
15248
20462
17892
29337
8506
27843
32004
6842
5931
489
20643
5599
19637
13833
12792
28204
23416
16447
9837
10539
31903
23208
13631
31536
21983
20912
4824
17805
6704
15385
9708
19323
31306
10186
16981
18883
8414
18269
13743
23855
13977
27750
435
25524
10714
23172
24660
17500
13869
16170
28059
18933
26511
23083
4931
31868
5473
8967
4628
9542
4392
30455
17664
27124
1290
7098
31231
10772
15880
8990
31914
2967
24060
31565
11929
25079
12626
14301
18814
23589
9350
24469
9982
9523
5473
19200
10835
25542
31731
24500
10146
17465
10063
13407
25885
31122
2569
27030
4568
24869
21104
17246
20076
13578
19084
20342
9038
31040
15318
9322
237
3998
21178
1369
9613
7805
15821
30337
1254
13863
1230
3727
3451
24830
21342
4264
26556
2668
13183
6967
2779
26766
29646
30581
17262
21664
13696
21945
1993
15911
24094
645
13849
9440
26880
24652
6209
17771
21643
12805
18804
25783
10026
624
22935
26156
18445
13355
19028
6299
10148
1652
16894
26087
29658
6843
4135
20848
21522
18159
24579
28995
26850
16517
13435
19970
2962
27720
2577
21908
2387
24292
14966
19597
22079
23088
32237
27228
29717
21310
9821
3127
2224
19748
28729
10951
24652
5257
1296
32403
22393
10223
3059
32557
26843
22722
25482
10526
23207
28964
25077
13969
18397
27254
13924
14019
325
166
18549
12326
556
11835
12625
14680
29915
23842
10884
13511
732
22582
3744
6944
27884
18832
18321
124
9919
20884
18111
16458
29302
696
25318
31738
14304
19987
14261
22638
4980
11434
25384
9761
22795
4473
15525
24597
1629
28739
25049
11646
24898
25881
13648
21040
15780
18605
10966
14793
10055
15700
32145
2462
27448
220
11227
25959
15638
3860
21729
21161
29700
24852
21501
26343
7017
21840
13779
11399
21358
3168
25389
27270
15669
18061
7575
15067
28378
3611
10682
7084
11050
14937
17273
26419
22822
5993
14285
24175
30518
16079
16481
12938
1581
27836
31980
14605
10240
24088
9810
14022
28230
850
22394
28021
5231
5095
2029
22585
8644
20147
5172
17085
12066
29435
28654
10018
19574
15926
23987
32426
16887
31390
18604
28970
10535
27259
7150
3886
6535
7210
13211
745
25885
29424
17335
25571
8358
28801
20683
6497
29595
2894
5692
30611
27622
7570
30312
896
20833
14619
20614
2482
13587
27608
22586
29601
14377
16679
19195
2016
18102
3037
7973
265
16938
17682
2269
10090
22420
2993
28841
22892
32151
4291
14283
11975
22062
31862
26208
8808
28703
6128
7997
28445
9280
18390
30085
2822
2669
9114
10
28092
16965
13704
18025
3390
2983
12176
25572
15776
27375
8401
31741
24434
21744
30698
23768
2289
7857
24063
27470
5616
11496
13965
13520
19076
7992
20462
17154
29810
29481
4267
3347
14169
23275
11653
8926
28575
17354
13378
28098
22557
18545
30520
9026
24202
2783
9627
17755
21160
12841
7302
19625
23600
2036
15562
22584
25470
29105
20858
32555
22781
16791
21299
8207
1872
7010
5164
18940
23622
26829
8449
7025
21627
6608
25151
13037
30157
11417
19118
3405
1157
14668
7778
28137
24386
32123
7808
11373
11685
9060
9681
1143
19902
16621
520
17141
11321
19040
5587
27964
29512
29926
4004
15849
15440
17605
16700
4984
12371
17241
25596
11430
17184
6356
21995
20102
30012
1461
7046
12389
18575
30729
12875
18783
21454
14437
4
23486
8364
27295
27348
23062
16576
24143
26114
545
17716
27400
32649
18779
1331
21590
14939
30557
24336
29047
16761
2554
24631
5338
16308
16155
32724
28505
26688
24666
22597
27445
31742
11361
2880
15061
22406
31233
15556
5950
22006
28945
20673
27217
5244
29965
22406
24776
25253
7530
21742
8175
27492
22458
20042
6946
25314
3972
19213
17674
17673
30689
13370
6294
28878
21207
16014
13755
11329
21109
19309
3564
23893
28594
27789
23640
880
21254
30308
26087
15793
10950
19794
15602
27141
2880
22927
1220
10473
13466
19922
28885
20988
23147
11462
31680
9548
18710
14638
4618
17757
1259
15570
11409
17912
16124
21041
5845
23482
15295
7397
23786
30808
1896
7380
7481
24499
5124
2075
14842
415
7509
22459
9842
9331
28273
29441
19436
11344
25881
9655
17016
2866
20186
19725
22886
9656
31717
26436
11136
14515
9135
29216
15115
2928
30537
17419
20860
31430
32124
19465
7931
10462
5292
25695
21912
24005
13930
9219
15440
25779
22742
23234
30142
29209
2490
9268
30369
24172
8040
15712
26641
16820
6991
2350
29056
15315
6752
28560
9843
30102
28451
879
5118
9853
16791
6999
10753
11082
20686
18659
31781
31052
12869
23271
5780
31336
11012
22111
25211
7660
32378
4634
22080
10771
20246
24870
28035
6744
27813
30714
9430
5755
11375
30822
30013
20052
9999
20539
2916
18011
30742
22202
13987
24819
23391
21693
19378
12409
17456
25511
30507
24080
18965
20237
15301
12586
1917
25889
6218
983
17937
25059
4445
12238
5336
24838
6894
16444
9228
675
7545
29774
697
11935
4865
24192
6683
8925
30672
11427
693
14372
2795
25777
3889
2511
6743
8785
10491
27703
22287
8488
23195
24033
27840
8165
9174
24422
22858
26635
29572
24102
16375
1661
25392
7596
13433
203
4210
19423
14758
4927
12299
11246
28658
17317
14021
1017
12208
21726
13320
14720
2824
26404
14908
18572
29623
20762
28898
415
138
32155
11378
14940
3736
23103
10226
23799
14914
8877
15451
603
27627
5283
12715
796
29816
22726
1481
11043
30086
11306
17693
31763
4462
5793
20715
10877
7930
14788
12148
16841
23780
1219
16843
6879
24850
22764
31608
4504
16276
27388
30670
9448
9561
27945
2316
28103
25269
19947
7478
6372
8595
6030
5297
20233
17273
15481
26273
14412
9025
23612
12035
1531
13969
19803
649
12101
19231
30684
9273
19624
23462
19602
30916
15903
14503
25896
21415
2055
224
6380
31235
4821
9613
4705
30525
14714
30305
12675
8021
21137
28995
18136
23303
8270
20937
29499
6564
21287
7285
14440
1197
2879
8626
1606
20788
1175
13452
20728
19187
23028
4403
31650
29993
2702
12078
9211
23864
11901
31582
6807
31488
1507
13754
5106
15097
20186
28356
24124
3603
3612
24782
10214
6989
13941
8430
8945
28439
23273
25538
4337
17512
22437
20964
995
17311
7590
10284
24500
21275
3371
8104
26765
21913
2780
22876
27104
29264
15287
18874
16948
17102
5054
24544
24496
657
9058
25748
31081
7268
20397
19712
4459
12671
24882
32045
2953
30302
5558
13888
25829
349
8348
11383
22590
26392
17937
227
31484
16517
31996
6883
7933
30414
17315
7524
1309
28911
4893
29658
11400
32532
7547
13053
19135
8112
17077
18756
14443
31325
26710
15138
24293
11383
8167
26371
29313
17270
18461
3333
1438
271
5313
5751
16494
17674
10595
22802
18822
14562
12990
20985
11044
6430
10986
5234
16708
14450
13380
26722
31841
6292
14109
21642
1291
13535
11813
4228
3118
23211
19862
6779
21532
11111
28960
27821
15967
9339
31895
3746
27201
18655
7007
32298
12311
18555
2707
11288
1362
16701
23032
2239
5444
30204
20389
23600
6833
5904
23150
26162
17949
30893
16149
510
15568
21252
27695
18879
31913
26648
8407
30156
12456
11104
21014
29603
16953
18210
31502
28837
13121
7050
17385
21652
3306
5005
11139
26572
28463
27520
8153
8516
3366
17782
12593
22596
8720
10078
19463
21988
11042
16089
9659
584
29201
1757
18428
10653
13408
11019
26354
5330
29545
17616
28206
29207
14637
20029
28754
18710
24027
26279
25984
30452
6690
17662
25731
28166
29238
29678
17088
13651
17828
13239
18138
25550
4054
7629
23080
4944
9574
26159
25816
1879
31267
22151
16608
897
15332
24327
28584
3526
19983
22782
32376
6264
29159
22332
17827
20476
10138
8235
28273
2118
5126
11690
27598
1558
30543
20136
20915
8180
33
18053
14168
29420
1990
1576
4118
9994
743
23264
10014
32660
13089
12028
10716
13066
25935
14377
27945
18142
18578
12174
22835
27379
10784
28585
10284
4312
8658
5095
25525
15041
31595
30214
19721
15945
26793
9515
7146
30442
18446
12994
16459
9272
3179
28953
4802
28640
4401
32700
8108
22372
26487
16782
31005
30100
26571
6316
15247
26571
5305
1025
12614
19183
6684
31401
16516
3110
29991
8455
4210
2393
4401
13221
4297
15721
25925
17358
20547
29748
24165
8685
19909
16966
8866
4516
12361
15455
30941
9132
4493
10921
24922
20847
18301
13238
11018
13927
22625
15163
4501
820
1478
28814
12329
1664
6702
18657
21765
26515
25975
24892
452
28341
5131
1084
9322
30535
19661
20365
21808
26528
16831
13608
9487
19112
8051
21581
18702
26423
1847
26176
11852
28971
0
15043
17101
12363
2578
86
32516
14559
16757
21553
31780
4619
15128
22014
8999
26095
2241
15191
16539
6016
4028
7938
2351
23077
7744
2030
23297
10001
27551
25580
18341
11363
28470
29231
13045
4607
14863
22914
4763
12330
16214
26187
6751
5096
14210
11331
24881
27925
2623
2035
19190
16966
27421
15341
17171
1629
5371
9680
5050
27630
20529
18169
26103
4693
12160
7433
13945
26771
12219
1563
19233
25069
9778
11458
30028
22595
10721
14277
11489
14385
25437
14746
20505
21223
28538
7075
5137
29128
16573
298
29201
1989
11141
24094
7578
7288
2296
15755
20273
19712
7342
29659
28654
32415
10528
14542
29123
7957
24271
25915
24717
3770
4660
20612
30685
4189
25707
2522
18819
23263
19102
26934
16606
10383
8242
13330
3814
24644
12212
20971
19190
13373
24194
19576
21594
21177
26425
6055
16541
1109
20194
23900
25231
21544
219
18665
13848
7583
15751
3659
15552
7194
18357
10538
5882
22595
31953
3983
26164
3890
17357
21603
17311
28483
32461
30123
22462
18098
27541
21125
24240
32763
7859
1250
9534
2035
1387
6913
19108
31142
6759
27823
21280
11248
14619
2112
22331
31962
15354
29515
23514
30394
20826
15145
7940
11017
13095
4396
25969
24322
11595
28320
5334
26112
7897
31875
9970
17813
25084
15107
16728
32617
18082
9404
32251
7385
3048
18862
12411
22603
1092
7680
13362
83
20596
30838
3837
28807
23850
31923
29898
15394
3956
27952
30694
26203
19437
8440
29188
17539
17574
6441
29196
26081
14802
29227
15018
7501
6451
11437
7569
2191
10312
2660
16275
12661
9523
31363
4450
9398
2668
20985
2339
6794
24872
19309
26808
3333
20103
2810
7370
22583
18304
8618
153
16389
6028
19636
4739
30662
9749
27765
25942
1949
9885
28464
23125
11161
8111
11142
28684
2189
29830
26291
12756
21168
23934
654
5156
16885
31550
3903
18846
28713
28835
15549
23765
31950
12139
26639
6880
4793
25510
16446
6816
11117
10717
16156
27856
11318
31743
29112
16593
14597
271
19612
2611
22799
11152
1997
29443
18724
21164
16000
9943
6095
12838
20124
17050
26419
32005
13300
29976
28832
28414
23360
7241
9720
2206
10464
27485
3268
25148
12113
25995
12053
16801
20843
14746
15900
24179
19552
18988
17033
358
25973
28365
30372
27171
14206
14783
9772
10228
23578
20099
12275
20788
27827
5415
1333
17784
5940
22099
17084
26237
17033
3089
16310
29649
32472
29535
11858
30018
15745
10870
10780
24583
3286
26585
20510
25263
21402
5660
15538
973
18491
24697
2856
32609
8143
31764
13085
3845
12496
14858
24470
2268
1432
11836
7135
314
6811
30428
29222
23315
17510
28860
22486
29477
31067
25681
949
20965
31529
30602
2492
4139
7182
28755
22714
23196
7116
5095
30119
16347
22636
11994
4297
13679
20150
4578
20617
32626
9835
3945
28178
26367
17993
17875
32687
27481
11196
17039
3297
23003
612
18911
18499
30884
14154
20328
2846
12286
994
27513
28364
24211
11456
22811
8141
17486
28698
18653
18091
12306
24578
5212
8846
23582
9312
7828
12701
9531
24753
27882
795
2218
14721
17653
3902
5329
13737
23312
12495
14495
30537
23968
7299
7620
2180
26918
29211
31123
14334
12547
17213
178
16663
26894
11280
27015
15332
15320
22939
10594
4337
22970
6619
22634
27833
27811
20902
26697
28386
31907
29762
6551
4409
4406
22724
23559
624
6993
2346
1364
28825
29742
26424
2793
32609
31960
17171
10835
26125
10870
16286
11367
28982
2903
8344
12083
25668
4289
24178
8869
30380
10617
7153
25597
26857
30994
22920
9204
27963
14326
627
937
24610
2102
12179
5200
3225
19217
15373
9625
30739
17222
1953
3810
29239
4121
714
24348
25690
19751
24730
8061
7360
25323
2644
5354
4499
21516
12487
11299
22431
4972
5997
31916
18643
12017
30023
3711
5752
23313
1910
20083
17198
11040
12697
23914
16555
601
18410
9789
11571
2478
24343
26217
27863
13903
15842
5494
6765
11516
19575
22315
3155
3595
7568
25715
26851
30265
27979
5901
1716
16432
12742
1015
5270
21212
6528
20632
17740
2158
4975
11952
31495
31276
15585
11008
11943
15615
20755
15032
3761
23227
30355
13221
4622
5164
1621
6935
31369
14308
10392
30611
774
6599
25462
4414
13699
30547
30542
19716
9424
21680
9426
3723
1550
7803
14575
19675
26089
7250
31328
17865
30101
31
21776
31784
11146
7717
24372
27823
13310
6604
5157
9641
27942
4909
24830
11615
27437
8539
24313
25413
16369
9591
22410
18407
640
17010
28217
22417
21077
1441
3136
25537
21074
3074
27112
5966
22397
12368
20900
4436
18299
3528
30954
17126
25293
25529
2773
31603
30412
9678
16508
20468
13157
17692
8976
18651
8341
32234
21431
700
28579
13890
29996
11704
9249
14651
4883
6061
20640
23300
8989
11550
25398
20913
31712
7396
15793
20165
23923
2706
5528
9603
26573
31657
22501
2549
6875
27520
3205
13497
15459
12786
30091
30607
16283
10437
26168
3746
2696
15325
3499
15001
13592
20517
12648
28509
7678
11576
5003
9129
29009
21971
200
3411
31972
31484
16938
22108
28259
30190
28295
5817
22322
29899
22469
7902
4613
17920
4048
24336
26175
28279
16727
30568
1292
30336
22601
15526
15421
6525
13842
15803
31462
17487
28054
5652
953
3716
17130
6312
26913
6717
27349
8128
12062
1761
17929
3465
12003
25219
5153
18779
6193
17939
23130
17863
11377
2120
31249
23395
3988
13129
13056
1109
19115
10526
3384
17568
23621
8922
26334
19249
29324
30340
8613
6056
11039
20426
11279
12520
29869
18276
25187
14429
28245
1353
877
26128
24768
22933
13560
14700
11516
30773
21516
27341
19735
17240
3304
27086
17024
20629
30398
29775
3613
5340
12081
4680
3627
25374
12687
593
24026
10684
26062
25325
4772
6833
9032
9370
29553
10878
9014
4249
1388
4569
7918
28797
2723
15892
5596
8822
20065
23630
30530
9819
23371
27485
11183
28537
30525
119
14912
1822
226
10915
1434
19427
2837
8418
23715
22973
20987
10012
23299
26307
26077
21964
21853
8380
10182
12395
19789
22384
29664
13981
10530
32683
5519
23582
11096
23313
24906
4971
26076
20645
4158
22320
9471
16920
14753
24180
3638
27089
1494
26503
28311
3520
30533
17831
29971
4835
25848
7540
21620
15765
758
31770
2325
10905
5216
13624
15973
19690
9037
13203
4122
31808
23141
10364
9012
24674
23615
17921
21176
17711
13435
28630
27689
9066
16031
3841
14279
27208
7858
29769
18567
21947
10138
30044
20437
23932
19254
12483
28940
2267
28731
9350
20657
13126
18895
926
23411
3483
3303
30239
227
26669
8033
12322
24051
4504
7393
2932
4912
22085
19820
4096
17087
27836
27077
5884
29209
23213
18826
29910
19334
7868
22286
21981
31579
11024
25845
14768
9459
31898
16786
14695
11118
23333
9217
1155
18988
3618
20227
16534
14599
4657
1436
14257
22612
7023
11630
402
8345
28802
15060
5002
21003
27237
17086
25392
8142
9460
20047
1992
21227
11319
19512
1648
8464
12910
15314
13584
13067
6881
28158
24575
5893
25956
30652
7798
6782
18092
12942
437
18444
31061
26251
2807
1235
5039
31298
5143
2499
28236
17492
5886
13461
26442
23247
32724
27779
3681
31820
30178
5834
1451
28361
18249
22240
9014
28740
25445
5749
8011
5404
4094
4396
23421
12327
17716
24598
3696
8338
23593
16626
24687
8572
31852
5415
17579
30546
29736
21629
6996
5864
26385
28575
26714
8796
10
24145
11008
22443
4502
21873
8741
19728
20741
24751
2386
5920
6235
23564
6786
13479
23295
2324
24757
23616
14632
15322
10035
1974
24071
23480
4513
22814
5300
13251
10437
13744
16347
20241
26648
12906
8227
23722
6161
11875
5473
22351
300
14064
18049
27885
17340
4472
23600
25055
24694
1815
14923
27623
15801
19957
25607
16618
13726
11365
30437
21871
30916
12733
26707
1750
20952
8440
29218
11608
5607
26892
22956
20930
19811
18188
32193
753
25079
28158
22358
1804
23818
20602
22764
25732
789
26631
22721
32461
22437
5685
29113
17113
22063
31610
1803
8025
27543
24525
22188
17586
31871
2308
18043
26817
1104
6894
22577
2639
6409
23856
28679
28755
24522
736
23076
24810
15903
20451
15053
19479
21518
14343
21835
26170
2783
21471
21915
28242
17582
18274
2264
7154
30897
30274
12393
28932
18506
8718
23530
27457
22732
19974
30171
20844
32269
1218
28427
6225
432
23425
13506
7041
4911
20306
23985
9674
11434
22501
14746
1401
30835
19502
12223
10319
854
29887
6156
31555
18345
26594
31492
2557
23830
2937
25708
6671
22827
22679
13496
15857
11422
15578
7481
7107
2401
13710
13060
25537
7530
131
17570
12933
11840
32426
24185
23296
24900
9330
10749
21559
15557
5093
5014
18109
11713
15489
25424
30196
7804
7383
13381
258
27075
485
30410
14229
14077
24628
26972
32343
2806
8882
13384
32560
6507
2893
5150
8511
9045
340
16083
1174
28150
27021
28601
32183
7845
25621
17951
19666
1880
3067
25287
3260
12278
5275
28684
5551
10330
24764
208
20420
28455
28521
29223
12593
31054
14992
15301
25666
9824
25436
23336
20761
11668
18514
17796
1829
20376
24877
3187
16995
22808
31866
8537
2135
16911
15091
25496
6345
30160
25757
25977
11840
4051
29600
5077
19008
6464
28906
11399
2370
4925
32386
12178
14967
23032
11180
14097
14141
11379
28354
25058
13918
25875
24781
15633
5899
12006
5862
22534
24475
17335
13647
28527
27651
32468
6224
23275
2068
20634
11987
10619
29048
24261
25279
6313
32106
23929
11028
21110
24120
27919
9163
7685
17530
2209
18283
28424
22544
20820
9835
32750
17629
17000
14411
25289
22341
6657
8817
13569
25703
690
4292
25019
31258
18894
31754
7943
4777
11887
31234
4555
18511
5443
29505
17523
17521
11546
23245
23638
26269
20528
17275
14823
24390
11834
28424
28576
14909
2866
13050
15278
5359
7906
20276
28765
31841
24882
4700
30530
12012
20274
26605
23338
15800
29927
11291
1221
18937
18390
24938
5650
23020
7762
9228
4234
400
20356
30463
12812
23333
18495
18147
13451
2918
8321
16028
23673
19845
32200
18860
498
17130
19995
24653
169
684
10195
31057
14995
9419
23086
15802
6485
17716
31378
23065
14958
14962
31393
2471
12836
31795
4864
14117
4400
30082
3815
20339
6441
16062
17512
8690
19377
31581
17792
27291
16481
22371
5600
25052
28021
24736
29048
28214
20279
14252
28616
21400
6700
21667
4070
31864
25601
23457
31054
14519
28468
15612
32108
3634
1411
7492
9707
30503
3349
16635
23483
10830
17513
30741
29413
18611
20738
17710
9998
3413
3279
15501
21708
23169
15964
22237
31660
16619
10171
13221
21759
23697
6192
1932
2921
9040
27807
12879
24359
323
10934
14462
17187
24287
8922
7418
16057
27855
17619
22062
8263
20880
4918
23312
19575
5324
24982
982
13900
25720
18794
14969
19437
4012
444
14059
25652
21317
1431
17175
30966
21565
13614
17052
14865
25541
24012
31305
17718
26919
21631
21336
3707
3423
3972
5739
17824
1139
27249
23112
17437
4246
293
8787
20464
6912
19823
26831
16167
32394
29569
4308
18479
24589
26899
31759
2779
12409
25431
16444
7732
13492
14240
14436
12035
12088
6864
28119
31519
1899
27526
5353
13687
2749
29445
6508
7902
9092
18659
30449
24473
8599
17782
22717
28074
28844
12030
15757
3034
22642
3474
6922
11657
8813
20940
15626
19254
16789
14899
23693
29644
22446
9069
10866
9906
13414
12065
18940
17040
10800
28077
30473
5347
21731
30349
21516
22079
11793
7046
7119
8039
2856
8854
13035
8975
24907
12955
21762
14443
27374
24261
22979
639
2867
31933
19867
16422
2824
12690
23099
4319
3069
24936
15055
14939
19686
28127
14328
15047
7221
28484
26509
13273
5140
21626
11286
31388
31813
5543
12292
22524
28090
26014
22706
17937
5107
3599
27932
13868
10267
25200
27745
11170
482
30122
20474
14171
23065
32388
13752
8217
6927
5840
11647
17288
23213
16727
9925
31754
23123
25222
14792
5953
10353
6101
18578
10585
16358
6651
13229
18714
16664
5587
7846
177
8408
10252
68
32569
26867
26516
31366
22284
26263
10946
13917
21709
25196
29509
16174
15153
15982
11472
6662
28560
5516
10883
5275
25391
14594
3864
2054
17738
10103
3026
2882
18916
22998
8742
20836
4431
492
21542
12184
31867
5830
28593
1759
31230
19144
24668
3466
6119
18317
13343
13430
26178
19330
16063
9221
30315
1346
2047
3295
787
18607
28806
18541
3348
31188
14735
1298
30964
18813
23379
31271
31035
8084
22070
24509
20853
20282
27315
9746
15878
28841
25609
10447
3248
31948
24995
23047
12773
1691
19272
8432
26318
11832
23559
26719
7191
10699
28640
6405
19841
30
50
31596
549
20727
31465
15791
1417
18233
24675
6396
9572
4281
21543
21195
49
30689
3141
5595
12406
31495
19338
24305
24785
32139
21100
31056
5319
28339
29360
18167
12876
582
12765
20637
6162
22250
9825
22893
19602
9789
31620
29313
4571
23222
18448
18976
27165
10042
9149
12984
22772
31870
10079
7578
28022
30751
17358
1399
24827
10626
7065
1182
22191
18541
19305
4851
2009
14690
19767
10159
26856
31679
25133
15065
4930
23959
12125
25224
32717
4430
31012
2005
24121
247
10588
28578
5396
31597
3141
4878
13963
5939
28721
948
30209
26380
5105
22438
27218
23641
4098
22828
10468
29495
9848
30268
1394
1109
9638
11193
663
22677
18834
26732
16156
23146
18460
9155
27651
236
29672
9292
5968
20667
8720
12783
22426
3738
16011
12270
9301
32711
15196
23198
26332
21532
18042
9442
4161
5606
29315
29036
16341
15240
15903
9139
18038
14032
9781
17588
4763
7700
11984
14184
20768
19221
3792
14600
20178
2960
27217
10499
26298
16291
18395
21691
2346
486
11342
17155
10121
13637
2443
15194
4318
5279
27619
1252
2845
8224
4672
6444
13620
1118
23829
18075
32213
22326
16391
32439
15106
18021
8792
19485
11866
5093
23064
11325
549
31757
11786
18647
2849
24936
2647
19769
23306
23121
21493
21301
28651
31827
1749
9188
3111
322
2767
18462
838
8728
27470
9397
1920
17297
23995
7796
17419
20614
17066
474
20517
24075
3527
10902
18145
30023
16510
9922
4017
7958
25453
20960
9143
3424
10891
9109
23499
32311
12309
11815
4939
13491
29244
2232
11174
9101
32656
8512
15527
9598
32298
12875
32131
24405
31132
22648
12961
10203
9114
941
11307
4454
29541
16411
8537
28991
20475
4853
29816
181
12544
26351
11196
29694
25194
17529
10955
8913
22255
20920
30982
7875
13616
22089
8341
21349
2978
16053
29241
3099
22337
23474
14801
31675
18675
22815
12201
8681
30140
10429
12934
10805
23975
23727
5746
8433
30064
11696
5191
6611
7922
10518
9726
9296
15443
17034
23477
10675
18929
17796
30082
4351
11019
25225
19962
17546
5424
21540
24959
30038
18024
22438
32333
14382
29219
30109
26948
22661
4325
22037
883
32014
32431
7313
15464
31258
5165
1991
23866
28085
9889
20767
30803
384
6802
2026
2558
28237
30003
25698
5556
7548
6293
20070
19494
1048
5772
5106
1546
5041
18019
2911
8101
23799
2367
7520
285
16411
26963
29368
24444
18150
32713
16828
644
1174
19820
30605
6965
6011
29205
14609
30495
10326
28380
30646
7272
876
24314
5606
6812
10093
21376
22344
7223
26120
15801
6333
1268
29259
5216
3093
10451
30908
8066
29589
26605
7479
5937
6441
15095
31373
238
32105
31896
32729
30676
31310
31594
18338
19332
21937
8402
17587
8660
32647
14464
24761
1847
30686
9413
26785
6634
6294
2968
25263
15332
16096
18534
10846
30587
4216
11933
28155
726
22690
26871
27136
3606
14566
391
32305
18499
10634
24196
30840
18168
1492
16344
12673
15567
8188
2408
22293
10890
6387
26146
55
30470
30678
4040
26369
6624
15665
18302
25659
17636
28148
19220
2240
14394
21045
21268
28817
11599
25515
25995
11190
1156
10214
2456
22745
8601
29264
10166
19872
8920
18916
8904
26829
24321
28336
30185
27160
22009
15115
25330
27592
49
23703
32200
23059
10455
8437
8298
1083
16063
21067
5054
9060
18448
24439
30998
29495
25774
19472
16517
14393
2923
9249
14309
20457
28141
28580
32419
9883
12125
25024
27217
12055
22997
16322
10217
14321
16006
15325
9698
15014
11436
16290
4853
123
11059
25149
32172
14614
8486
1653
24751
24281
6364
23649
10190
1282
2529
17131
31181
27523
21925
17670
21235
29858
25319
11951
15441
22609
991
30117
11219
12619
4910
29159
22792
16371
29574
8690
4785
32492
24089
30391
24843
25975
11203
25438
220
29584
1270
11453
832
25544
9321
13463
7729
7905
6272
15508
31191
19755
12154
23812
1685
8609
31324
11092
10191
15042
4769
19532
16253
13617
3742
28174
26225
19468
20663
26063
23912
8972
7492
27986
722
5729
9025
15401
22881
11339
25528
30891
27476
1144
9198
15540
5760
24864
22096
10783
3363
9698
9755
19204
5992
26717
4558
14770
25018
28303
16465
19563
25545
14061
31970
16610
11357
26182
1476
9077
7645
14168
6566
28202
26526
18479
28628
7019
18413
24897
1823
10370
25307
4683
30605
17363
14795
16617
12993
8923
4028
1272
24361
15340
18007
28332
14826
24485
32696
4720
11147
28211
4348
30337
31587
9291
4495
15945
19907
15331
4914
12156
22756
23731
20175
27892
31887
6255
20988
845
10383
28353
31057
9024
15830
5384
17258
9664
22129
32211
18619
13782
8237
23579
25622
15421
13831
7748
22525
26813
9301
7378
31913
30024
949
30955
17111
32470
22201
26257
5973
4096
5711
24220
29520
14686
6385
29816
9562
21410
16530
19364
7998
18289
6980
26854
21636
30469
25257
23374
30147
9603
1568
30961
5289
30749
11179
11107
31947
27879
21410
2033
19757
25466
2841
12195
7825
4939
22802
13045
17024
3017
21091
30031
26393
6712
102
19530
11164
12624
1634
22177
29110
11924
12732
18169
30602
6516
24797
7761
1668
14370
27874
4679
17116
5684
519
6928
26604
22782
4817
25909
32051
32173
20989
8974
20517
23844
24363
31231
16056
4502
4682
1910
7855
6632
4547
14752
19877
22212
8037
30702
13784
15741
18451
22347
21435
23717
25135
22041
2106
3696
1733
23537
17355
29895
29048
30999
22073
6956
29485
8639
28463
23120
25465
24835
7047
22902
15563
16287
19280
18821
20313
23154
11425
13808
14027
25781
26400
1862
32426
4600
1105
5016
8583
9185
4256
22670
20203
6052
16685
15176
9218
12097
10841
27126
17158
21121
21268
15158
30060
942
12517
10032
17617
25621
22710
13939
13987
1084
28773
654
5775
31715
11531
9326
31662
1469
27146
11387
29807
6891
9433
113
1346
19005
27023
15103
26122
18216
31792
26913
10816
27781
19131
16701
16358
12047
29679
12287
28979
15258
28385
22262
21752
15636
7999
22763
22996
1597
25186
4101
22555
6950
24853
2462
22151
22123
12839
25571
28060
9775
6579
26926
30173
7388
28970
1315
27824
20888
1061
28556
15378
19590
28140
10485
20730
31425
17349
9479
11406
26137
6142
16037
23561
11403
8634
20936
871
29570
5499
5915
26325
21200
31347
7509
7900
29547
2186
31834
25415
24039
23343
7697
6361
13495
1247
14595
3504
22051
20342
22713
4215
8713
13624
4050
20047
24403
24222
12262
9083
32060
12514
8990
19149
11330
14665
17295
6100
2794
308
19547
10178
25142
5860
16518
13599
11751
22288
25497
31280
27763
17193
8185
20005
29380
28775
30468
26885
16311
23451
22257
31322
2895
11700
29284
32412
3517
15630
30164
32606
14864
22398
13981
10810
26812
8478
14308
27262
11724
5081
8494
29075
22247
27573
704
23089
19716
3044
948
21061
21997
10376
21984
30621
29045
16713
2918
21337
20088
14489
10779
8210
5015
5058
6297
18119
30640
12213
16674
16012
26144
30353
1595
15089
10936
25076
25861
21811
24960
22021
24922
7205
9774
8510
6059
14044
16228
11514
4252
1565
16813
10946
12892
28807
26166
19031
27590
17793
4428
17535
30009
25313
17561
18064
17207
2401
31006
2749
1728
3010
7407
10532
22380
17598
12466
28051
25419
32687
16597
15902
16509
16384
13970
24161
15504
4951
15524
7061
17820
23167
13254
11605
18720
13591
29424
22318
9371
31740
20305
5865
1002
30327
10251
27543
18789
13863
29105
353
23480
17837
32129
19981
30081
5657
30817
27215
21166
22296
23963
13269
22420
9690
22872
1040
3536
16068
22238
1988
4830
7642
13961
846
21627
14826
26506
4024
14010
18041
24931
7295
32744
10351
14622
16927
9761
2433
20048
12642
23215
13922
19409
19309
28454
13225
30776
11911
28736
13697
4633
17320
4729
26130
13310
6342
19562
9907
31782
5087
15078
14284
29695
19141
10966
29580
29541
2988
25812
1872
31640
25204
5770
22478
17919
9911
30153
31749
671
24210
31080
31461
602
564
17379
14270
18663
27688
7087
14697
17045
610
3422
14392
6591
25611
4983
7838
26638
10252
24595
26782
16242
30812
9271
3572
18142
5642
28917
25350
26310
4618
3649
7305
16729
18111
25492
25075
29310
24140
20035
6820
21392
29083
412
25044
16090
3113
19653
19771
3793
8344
25173
29314
21780
14835
32175
22380
1316
30142
547
14532
3811
4805
28611
21509
9422
8353
18949
8140
10746
7178
19485
7934
976
992
1816
15033
19336
13048
17848
20219
7014
2727
21011
22036
29623
14863
30954
24269
29578
11820
26314
14678
24879
30365
15076
1777
15985
11059
27565
6239
25746
7739
22837
18189
25611
26507
10568
13566
9216
5199
18759
8056
32133
1937
12740
12398
20115
22410
18399
31408
16584
13226
30818
3285
16354
8041
26783
18148
23546
3531
22789
24261
4992
10678
5509
16234
16634
22259
4007
11964
10364
14342
32362
26184
24806
17582
8160
2726
5344
15674
30854
11693
22422
1682
11364
18264
2356
15105
19945
20855
1824
31683
16004
29205
9210
20307
32002
24749
9045
6257
32170
29195
13618
29173
26650
30467
11584
31574
22240
22997
29142
25081
29912
9819
24236
13115
5192
26873
5981
17213
7100
4161
1437
13426
25763
15720
32570
27626
26534
12141
20436
32347
21196
13571
8795
25076
25935
20803
1613
28898
11579
32531
3245
2206
716
16212
14530
20989
23941
24014
16533
32245
24336
6363
22824
816
12249
6102
2678
10323
2408
23619
18223
26379
2690
6587
17456
29660
12543
8350
19396
30377
5482
18295
2205
16386
17498
32557
1168
1840
20883
32239
22292
32002
220
11485
16248
16214
8350
17527
9959
31078
29249
17350
17949
15576
15430
11852
27367
24451
25124
15533
6492
27139
7652
27674
1245
25339
14203
6273
7374
813
21995
3446
10513
7739
17944
14815
12871
19514
21355
29282
12742
8188
3624
28304
17752
30234
7056
27854
25273
10435
27574
10503
18127
13384
28962
4627
7335
6243
13863
27110
6196
586
27652
15481
198
2936
20413
22904
26443
6454
183
15536
1097
10476
9494
4407
31127
5417
30679
15192
29662
8051
7340
5445
26579
19152
21915
19068
26418
21265
30293
32245
18809
19681
12631
10000
9322
14993
6850
20801
20542
8609
31995
10873
29609
27918
23298
3155
21394
10334
15507
27651
25230
24428
8191
23807
19490
12019
11719
4715
30645
20957
2557
2885
16215
14153
24411
21845
22068
27998
32
4818
6870
27859
14510
11988
20766
4410
12261
27774
0
18959
28989
15591
28417
20612
31910
1997
32626
28170
30751
21240
23914
8095
24344
29807
17540
8667
19336
15198
21598
12728
13518
15298
12492
3620
16457
10458
27104
1608
32694
27214
26523
8342
14668
22556
21871
9877
5529
18758
18812
8556
20250
24893
9095
4912
16285
18443
24506
30957
26455
14660
22814
24950
18885
5546
14297
9453
15427
25507
1831
2321
621
27227
12057
24138
21561
21433
19984
24950
10705
259
11768
28273
26929
32336
20806
20326
20869
16561
21423
13529
16448
6942
6829
8816
11260
5666
4531
23684
28948
5702
28203
8811
19459
32063
14132
16771
7547
12759
3356
19711
21573
15003
27807
1649
6363
22346
27101
17179
5831
17656
7965
23029
32698
6405
19268
26238
9323
24258
23571
27715
16181
25564
24611
10032
19567
24464
7330
5274
3211
24717
17099
264
3054
11688
295
9925
19601
1346
27781
10534
27996
26489
31930
30875
27453
22289
6425
27512
22539
15649
28849
6017
8990
23421
6729
14392
20394
31207
14364
11749
13536
14836
6997
24937
9155
15808
9033
6339
3786
3409
21622
2143
3899
26316
25407
11555
25666
25946
11877
15159
18387
10968
25925
11670
13638
30785
21972
16985
32171
24795
7770
28606
17906
1060
16113
7675
19132
31355
18109
12741
1535
24719
6376
13215
4700
11656
1380
8163
26688
16375
12640
11153
20668
19838
2951
2523
10789
8511
18427
32364
23147
21765
8213
18556
2874
28981
20953
12949
3026
8051
6970
21282
29863
23571
11539
18876
26808
21062
20962
1332
4271
20225
17474
24160
11197
30380
28975
5030
21044
10640
8696
29002
17889
17149
18947
12919
27695
7998
29763
26383
19965
5182
3194
27186
14650
18679
47
13712
24646
6046
29551
7535
4872
26255
1347
16763
28111
9210
24564
15953
6634
20555
4353
27594
31750
17243
25821
13320
27722
6232
17001
20289
21556
27764
16948
28750
20017
23632
32116
11762
8959
27687
20676
13547
16579
18107
3739
3771
2025
32512
23952
2355
2495
16521
15952
2756
5329
6838
30043
24453
11010
21147
21633
19203
15727
26543
8224
27340
18947
14137
3098
13754
14042
27258
3225
9216
1879
7067
30338
19446
18180
23893
11194
32676
17964
4450
20251
14096
1082
14759
15412
21320
25552
12318
16068
1582
1191
29061
17909
27398
24361
26312
3929
7105
32208
22831
1445
20231
28732
32071
20272
19206
21527
16530
18473
14589
4009
17902
25755
9607
6714
15558
13858
14760
28203
32506
4459
30873
211
8591
3949
3667
23578
25622
26217
31453
13784
10974
22178
9814
8427
28633
9948
10690
13338
22094
27799
22676
17069
19780
7177
22271
712
27818
7132
18685
15755
31047
22700
26139
25835
15204
5182
32267
11087
5179
27778
14824
30954
32286
22087
9799
23259
25447
1984
20994
18438
30755
3770
3523
22448
637
3739
6226
17885
15852
25114
17311
24937
17692
7360
24207
16360
11933
10274
28550
21311
18510
30939
3001
15615
7560
5964
22321
31621
13322
30739
31134
19666
11175
24652
5089
25387
11441
20874
599
18288
20772
14739
30694
1341
29842
25055
15818
31938
5842
23247
9245
30306
15720
24238
28456
21518
32691
26728
19820
31840
10713
31244
8814
23415
8818
20227
12870
5525
32503
30222
31206
18297
29417
3841
16427
28797
1473
10305
11173
25200
15259
30719
26919
21297
7329
27953
12045
27664
18232
21589
10576
29412
30957
3045
6731
26860
14878
1176
15434
15207
6248
2399
12248
25073
7124
2843
709
1700
25280
27678
7161
5098
4239
1896
6139
17444
31504
28574
25153
3836
17071
8649
5941
4234
16734
10196
31499
17962
31809
26308
4422
15640
1052
5301
8451
3792
28797
4760
12812
18215
25000
9646
20125
4137
13639
19651
5620
16305
22990
11563
27546
8907
27824
21374
20340
8906
3907
17427
10888
8232
7796
5949
7312
7968
14634
7496
5697
8717
16763
17969
19544
19841
17553
18729
20329
12836
30042
18376
21607
22611
9715
26897
31218
26996
27602
10282
5732
4891
23221
21208
23193
32734
590
29628
21890
504
6827
9295
9321
19360
2919
671
23553
20775
14739
18119
30261
12500
18530
13359
20653
15487
14486
25225
2080
240
4782
6790
15453
26357
1996
16988
2327
19013
13672
5625
16243
8728
30647
9988
11347
6018
30425
24728
30560
9619
23237
2751
26330
7984
20981
2480
5151
14000
22224
21705
23804
25398
24540
24907
7607
16337
26272
31959
32728
16468
29018
21420
27067
22518
2918
7838
23255
28074
22633
13525
16588
14909
11840
32075
4398
27697
25003
31747
13332
11611
12729
30474
2911
26174
32243
28463
8906
23334
13128
26753
21686
32516
7100
16013
28595
6157
31951
84
10446
4625
12462
4110
26269
6811
9755
673
12555
25294
29470
31456
20964
8954
26217
31876
29215
15361
17292
29419
16367
4716
5597
26514
27016
32588
17957
9300
30897
29394
24331
15712
23310
9390
11329
16123
9003
28200
8304
31483
20040
10751
11748
12799
6887
13828
32247
5231
15382
29302
13119
22327
30076
23324
8823
22594
27686
5669
11822
3768
14351
5311
12593
17144
625
8569
9145
19028
15566
30809
26453
17039
15549
17597
26005
2328
18549
8434
28028
27139
24603
29590
31651
17099
20427
18094
22829
5321
22120
29830
15726
17267
27940
17996
24154
31318
31694
24683
7087
30417
1503
6313
12514
12695
7234
4607
6603
9186
8167
14908
5647
9336
8454
1368
30545
6239
26419
665
9752
29535
28199
10088
2430
17468
25416
27632
15774
18608
28669
5500
17595
17706
23732
19085
7985
7241
22704
19646
30236
25111
29331
29784
17610
26374
3503
18869
11489
30379
24589
22613
24912
17980
17721
6082
21494
20170
29140
1572
4629
3903
21463
20642
31605
29207
11175
9599
16472
21214
10718
3057
21025
24429
7635
24001
12995
20708
239
16036
20202
14438
27311
11611
20204
23448
14712
2700
2670
23767
31774
12638
2774
11067
26675
32216
18548
30288
26895
23799
3695
8591
5028
17041
12657
29598
2815
8428
1298
32076
8605
15901
15365
29770
17267
802
7941
32170
29883
8383
18045
9241
29056
9753
17146
30173
14824
25875
24657
1677
5957
16492
28560
20626
26074
16277
17317
12896
12141
1107
19664
885
25233
32281
32458
32014
12976
30499
28083
29356
27866
22354
19900
5706
19793
14538
16793
17499
8656
10829
9124
4997
17567
15190
13777
9248
15448
11765
25685
27501
3190
27246
1813
30358
675
4239
19921
24938
3262
17109
17165
31956
25518
1854
4547
24864
5865
23020
31178
26606
17602
19838
7940
18930
2935
21806
8011
23665
32502
5290
6937
10875
12147
20916
7417
26089
3243
25464
2993
27669
12789
15280
4908
23132
26381
25978
12329
28245
24992
5620
19110
11726
5015
10909
2826
4746
4644
12651
22037
13757
24973
22188
7048
14147
12731
21661
25492
23716
22401
16587
18179
9161
3757
21293
15912
17786
20689
766
29319
25503
19663
5468
32581
24371
19237
31139
19534
4615
2814
3974
28744
26684
25588
13041
17723
5502
14502
10658
7165
25088
1534
20097
14942
19260
6975
5828
4120
29800
18129
19652
20085
8887
972
7324
20158
16724
29766
20102
29543
10527
13405
19190
28668
10277
20995
17524
9161
1250
30092
9018
29516
31030
1785
3729
19548
24871
23554
12268
16662
6492
15077
3009
25995
18773
15857
3115
23594
5483
25553
6465
15599
29835
22681
23348
17224
9650
17298
554
28364
296
9670
12254
667
8572
5450
24308
3987
8259
24910
25629
30007
25231
27365
25839
1376
12593
16021
24705
13985
6319
15006
9673
4475
19716
19979
21431
17478
3354
7290
16141
2522
16904
4778
23045
20224
22027
14281
31137
17051
32582
18299
5328
15510
31289
24746
22853
10125
28675
21776
12823
22842
1112
25989
7193
1446
18240
30474
25591
14604
1685
3217
10773
1163
15162
4498
18471
18836
3611
16718
29840
20494
12521
14049
16252
4937
1683
29195
17852
29097
22403
23739
13668
11023
3485
7519
38
23046
13304
16877
22381
21426
13914
4017
20025
6777
7286
981
15549
20334
15588
20658
16826
20098
9188
25561
32153
24937
10707
16607
25419
13645
30057
15596
15073
32565
26040
26371
12778
31540
8164
10511
5520
12881
15523
28081
4721
13114
20851
22219
5695
10663
20894
20684
12054
143
751
3770
1184
31502
562
15105
18155
28689
4973
26877
12037
5319
14815
4937
27997
455
21436
12997
8665
24321
13734
14953
14774
25190
491
973
20260
3415
14209
30836
26269
21711
13506
988
9737
8271
10727
6726
24979
19341
14150
24645
6729
5851
13132
16137
19062
12889
21560
29032
7103
20442
14749
21937
25344
26519
4501
4145
32228
7062
21957
19074
28230
26072
23573
7063
20299
32069
14124
25735
59
7512
8878
11804
8484
7306
30517
21275
15661
32128
25104
849
16059
26355
23742
27490
2373
11875
8232
3409
21752
24955
4002
5582
10250
31299
22432
14915
2526
10760
15416
27549
19420
26379
21340
27099
1038
10476
9939
1111
5499
32724
31228
4823
25156
29285
12098
29523
896
20067
2398
6276
8919
22559
17488
30001
20960
1191
16923
20536
31547
10927
18243
19807
18798
22078
775
14040
8064
11032
24414
21398
32599
494
21684
22098
31186
11336
15713
12636
1190
2862
25838
23330
20985
25754
20230
20353
1472
9117
29246
22991
25817
28499
25220
29605
23016
17544
10089
17517
27633
32295
14863
3503
698
30822
26351
4122
5342
15027
3923
13653
7089
21597
1679
2691
26839
22531
1790
22424
14755
8637
31424
24415
9265
21516
5173
5191
14914
14210
29240
19953
32218
26929
19484
19322
923
980
24935
3720
24288
12223
10577
23318
13209
17800
32250
26624
2537
28531
16239
3149
16257
30111
10843
30016
12986
8433
24205
12573
885
24772
20781
6844
1458
8013
9918
29135
16883
28879
12499
11250
8014
2436
2961
19064
4949
9799
5864
16624
29606
21506
18320
14457
17744
16858
3013
15306
9708
2587
16323
6144
10872
7653
28161
32294
20466
16276
22317
12678
22969
14321
32234
20146
14755
12826
12875
30545
24029
27185
22799
28330
134
6855
27290
29426
21771
21767
26040
24406
12096
12194
12817
25287
67
30846
11882
22408
17681
21790
26273
1912
17125
32207
11622
26911
11604
32664
5561
8571
4650
12511
2088
22152
9986
17627
28614
7826
21671
10685
15082
6202
7214
7582
11181
30538
12751
9767
13345
4664
27016
22274
23121
15483
20848
4868
24573
31122
5596
13335
10770
21709
2867
17896
9195
27106
31121
16214
6730
27184
1566
26262
18965
10960
22061
19494
7888
1889
18452
2167
23774
9616
24014
10329
13175
25961
13649
29734
29288
2657
10928
32174
24462
26911
32753
8422
26640
9742
9900
25423
10591
20644
1896
24103
3567
26479
25269
8019
31154
4324
10249
11527
16985
5351
24155
6203
28490
25370
31361
18894
32096
12773
16202
30326
8805
586
859
25967
19535
5222
30922
30175
22590
6342
21116
3851
15665
10863
25407
26428
9868
23979
4774
19823
14922
28565
17320
25023
1794
25188
2295
26771
21915
4727
17186
9351
23246
4132
1129
25371
1120
19009
22116
10270
24093
21870
15698
9176
19091
23593
5442
24570
2964
911
9444
20295
22121
20723
556
11262
28630
23584
9388
20750
3026
23150
16814
31225
27907
20103
19988
5508
32763
26871
16881
5924
28213
25973
31203
29479
25805
28915
21046
12709
2819
25703
22458
17446
25710
24663
10848
2576
6912
5415
28055
12247
27837
17442
25193
21731
14650
17738
1876
9280
27352
7648
23017
19464
14270
29618
5670
32656
30360
26919
3988
28757
785
11787
33
27045
28177
20763
26811
31501
30134
7760
24496
23942
276
5612
26824
32606
7085
18501
13088
25319
11439
8788
22725
15331
26096
30461
31764
30635
9898
20764
24276
7201
19958
23123
20240
10587
14601
25238
1462
27148
26930
21619
21232
24242
3471
8738
13382
12162
27794
30545
12400
20755
26935
15276
5372
18380
8195
12846
29092
13839
22459
16682
28013
8482
16873
12056
20863
6369
18192
24608
26056
11814
23210
24680
31567
25588
4838
18206
16472
1894
35
15940
14909
6746
42
15166
263
15580
2350
13341
6351
16724
10373
23977
1239
22384
12580
15920
28775
31183
21981
8465
2409
2675
11095
14088
26820
18915
19921
28471
9336
5411
9878
21752
26494
5717
3391
32356
11101
21547
16555
22435
28556
19476
29631
22258
2699
802
27102
25973
28864
14781
24359
2242
3346
11786
14449
6441
1863
6425
14087
4293
5150
21201
11300
16196
11052
18587
26669
28277
15991
13009
25009
17302
20435
13541
20513
26971
0
21585
13903
20158
29569
29250
6312
1674
10554
13316
23344
5029
7889
1580
834
11808
24257
9863
22789
19712
21566
24773
9390
202
204
27109
887
27344
28573
1632
4195
23870
687
26389
23726
28643
30114
26871
29718
5569
12890
9080
26829
32595
21337
29108
9017
21921
28633
25182
29041
6660
3500
14955
4728
14009
21716
30336
14647
3112
24802
30492
17212
1778
19471
17285
7989
2749
20507
3956
7978
15807
6377
28544
12926
267
9431
26699
17315
8606
20191
17518
13728
3625
24175
23845
15684
7580
14600
16826
4647
12919
4504
27059
13158
18127
12696
23994
15386
11554
14310
848
925
4572
26976
30514
1404
2470
28484
8839
19770
14449
8010
30414
25034
23877
10622
31882
27850
20170
18399
8362
6529
13459
19386
27834
26519
2350
9411
5580
28055
12524
15864
3620
18213
12656
19510
1447
11006
22010
27288
1281
25780
19569
8339
3991
11815
1842
11730
30771
9411
28571
14290
21609
22139
13654
13629
15052
8841
18021
13064
14291
27106
15346
20299
9608
19323
18388
1507
20982
26686
28385
10954
8272
27339
7158
11825
4321
20207
22471
1634
23479
9445
12647
23384
2575
19535
9111
20507
14975
25330
718
1502
31718
25396
16396
13527
27412
11863
3167
30432
32568
32371
10546
8146
12557
31797
29017
16285
26820
29786
26332
10791
24240
26857
20871
8426
23220
31283
14894
31308
32364
25483
20160
25277
1566
1990
31507
5011
11359
18801
17001
7077
7301
10965
9669
5545
8144
29099
8944
26702
29015
19103
6218
27672
25780
10375
6481
4863
19311
23392
32755
28103
17707
6924
18067
11038
26258
462
30429
27767
25346
12929
14666
3241
9460
9883
20850
13382
304
24550
4885
22460
28851
31224
7143
31534
32091
22391
24095
22544
19800
26382
18366
16516
31059
15406
4768
23672
6492
30597
2372
7292
13460
15167
19547
32356
32670
9983
25874
32674
5575
6044
12319
22880
6383
9884
28045
25184
25663
9585
328
12948
15753
4213
12392
25724
12669
13735
26429
4163
1681
2851
21535
23705
29358
29027
25330
16719
32667
23864
25979
22452
18986
9606
29798
21681
2085
28866
21779
2214
246
32301
28708
259
25880
18125
9415
10151
12353
12848
1220
31736
588
23264
17734
16839
6888
7845
28777
16865
25603
30333
9095
30836
14068
21084
26178
19752
18539
29859
26193
12537
26393
2402
9228
15830
31006
30030
23477
13307
25654
6273
14220
28943
19619
244
5777
15613
22234
18620
29719
2194
22509
7175
15373
31195
8379
8918
6156
25148
20441
19064
288
31312
22079
10954
8790
32644
6835
816
22538
3954
26613
2898
22509
23807
4527
5015
19928
6963
31771
12642
31060
14811
29298
29455
6117
20448
30744
22444
10267
20326
137
1655
20822
24484
14849
540
31836
30854
22254
21419
26780
7172
534
26971
19007
18752
27016
9472
15604
1378
3140
22094
6008
5684
13993
7371
27624
19068
22947
28054
16582
27677
10385
14553
20173
14316
10743
27407
20341
30547
9960
17911
10308
6056
9521
19795
32475
23371
22597
17257
444
130
13549
28983
29148
31252
5036
13940
14573
5543
3571
7499
6248
11225
521
28119
15708
13857
27064
32093
17657
26212
28600
13643
32219
7255
28637
3572
29208
21655
19967
30985
1544
28041
20397
30679
14295
24051
25745
22850
19403
14679
2465
23429
29014
7699
13067
11687
11483
26938
26845
3260
4672
19504
632
30945
7224
8199
11443
15861
11341
4765
9934
19479
32688
2418
25117
7140
9409
22090
28784
6766
15708
6534
27973
22779
6633
28227
19885
31874
31010
15407
17150
10469
30883
19247
7230
25583
563
29875
21066
11277
16852
3796
10954
16077
28812
27954
7637
19223
32754
5008
27235
2862
29303
30252
1398
612
27770
25567
20487
23200
18954
30201
16307
7569
17784
8666
26146
17839
31396
18513
827
25334
21253
24244
3594
20321
9845
3524
24684
12073
7362
25150
29056
14523
7157
27456
19149
122
20320
25186
9267
17465
4969
14736
21139
29302
21017
10921
30014
26967
7268
9433
3614
10598
3126
13238
28838
30733
15170
15389
13179
11728
23177
10955
4319
11340
13996
28858
25058
14323
13555
26945
8263
12677
5401
1515
6967
27469
989
23570
19112
5665
19018
28740
28043
535
9665
23378
24248
12039
5323
9527
19610
26821
9376
29103
16282
27419
2934
23187
6988
18825
7051
5111
1628
5820
23281
13826
25911
1998
19485
18576
21369
3907
13101
27785
18457
11199
25596
16127
20566
26249
25832
21002
3424
15808
29278
22371
24775
30303
12074
22723
29604
4594
3456
6649
1161
25621
15561
205
10282
945
10287
7832
26824
5110
20967
14240
28769
8472
5953
25653
10649
3273
10609
10124
870
18041
18203
6238
17279
19280
672
30528
4994
10727
8491
20161
13544
1482
24186
31046
1961
22190
8557
10404
20398
24434
27984
19330
25851
6360
7144
27757
15000
3072
11327
26296
26692
22696
12847
3353
8921
25381
12976
7685
20350
26144
30947
8647
7566
25618
12250
3682
21323
13437
19757
19756
14659
10480
6206
32295
20606
1464
23111
5406
16237
19046
808
11396
8594
1541
20211
10764
9710
13080
14387
4359
10287
22358
17152
7809
12438
25380
27843
2843
1706
3286
19657
3751
17054
9126
12683
389
2435
5744
18104
14272
24622
10803
4102
29160
16615
7240
17597
32685
24534
11360
22528
28736
18990
19007
14810
27754
19478
25402
7436
5737
18780
2929
19865
2957
29913
32461
25613
25495
4770
13752
24977
18892
12531
2463
176
3036
988
9513
18151
14966
20393
15412
8943
14248
3602
18324
9161
20215
14887
16522
5261
13122
28410
6150
2291
32343
17673
26013
9886
3666
6770
2632
14124
23738
12757
17122
20223
11098
21512
26207
5320
8927
24702
19405
30168
16182
30836
5133
21286
9635
12513
21326
29471
16545
30491
22093
17457
15741
5193
32589
15381
18353
31628
30424
24544
7681
20204
11316
16585
23895
18181
24996
31160
7519
26990
16484
31123
15074
14828
12385
9799
27619
21083
28604
9368
31099
3416
9725
20649
15221
12207
28439
13131
12713
15496
6688
6
22297
24656
6093
26600
2765
7784
21679
19727
10862
11664
31535
8952
15013
12050
22858
1926
14641
11438
26125
24786
29899
2377
8912
2997
1721
20564
21554
26390
18996
4093
20184
18420
28027
10776
21476
8754
30899
18380
14647
29222
26245
23550
22887
13024
10870
24701
1919
27962
16645
14834
633
11172
9606
28293
9340
24236
18881
6992
18902
32336
27466
21637
11191
29700
25246
23646
10931
6529
18434
23751
17654
22612
2588
4046
13380
13858
21070
710
28600
22972
21206
24638
3384
21734
23206
27813
16059
16103
19204
8634
26426
27600
19170
5301
887
19597
21499
4919
25201
17325
30130
8946
27042
31473
27049
20504
24830
1430
22052
30341
684
23394
23068
29099
19075
30832
16163
24385
16707
11708
27899
24747
16280
28270
31476
1832
25807
9703
31497
22206
15701
25228
23225
3045
21748
24917
30119
4086
12493
17940
13809
18513
27925
3206
24144
11345
31376
32283
23028
19953
14285
14469
11805
16699
25126
4354
27001
3700
6774
24682
11584
6921
31129
1016
11281
13623
28837
7896
14987
11902
28905
26740
19884
12483
6058
4990
745
14920
22936
6589
3601
27724
27154
30873
10466
6273
23070
10853
24680
14642
11046
26734
23577
16433
20851
455
31410
26754
25195
21202
24783
30408
27274
10639
21837
5235
10018
8868
1888
12711
8146
19248
6771
6635
23496
4944
5059
10134
11958
23917
1466
16890
22933
13900
5388
4685
31516
467
13203
7003
3071
10396
11499
8174
25320
4667
24781
1016
31798
30800
18220
5255
376
24139
6673
25190
19624
14850
16695
7058
25383
6388
23398
3939
9341
20059
400
18806
10445
30195
8108
28509
2841
22413
32598
19718
6971
30546
24611
15340
13215
24280
14790
20735
11969
27367
996
32084
14442
10760
8119
3468
30378
6097
16228
13318
18068
16627
26397
2500
2236
7168
25590
12830
14705
8957
21640
3369
20667
31148
8008
9444
9747
11414
29349
16680
21477
21722
10979
20046
22214
11448
14778
669
25717
24796
27565
28282
13971
10860
10028
25423
17698
32208
361
23863
11455
23108
17658
23406
15519
1567
17971
21371
26699
17376
8513
11034
6427
19454
15879
25835
7028
5996
13752
27613
9153
18158
30265
10585
10034
13086
16180
21038
1079
28989
21755
5695
14011
22715
1315
7918
5153
21892
22749
2119
19199
4880
4371
16621
8861
19497
18502
31941
13868
19323
22058
9828
10182
26845
20734
31545
1833
3938
18605
15994
26675
6174
6055
11983
25885
1464
25980
10945
2167
27828
14141
12257
23271
5245
10642
8376
4257
7477
12443
32114
4774
13885
31112
31561
24508
12675
18935
9906
304
32654
30992
31818
3918
24651
24162
9343
413
21653
21116
15871
18139
7302
7499
25312
24763
20096
28215
21652
32609
21241
14844
31371
22681
20746
6729
8101
14043
22455
2842
6750
31743
20476
8661
19384
5056
924
6694
8423
4594
17577
21660
959
30851
466
8960
26078
24883
21359
32377
21145
1811
19790
865
13223
27583
8507
20197
13455
5211
24145
6751
28883
6734
22788
12403
22746
3009
2026
6123
31134
22486
24908
4179
4890
17065
1392
15444
10609
7431
16804
5585
31966
15345
14346
1987
5215
27599
14375
18901
18209
23412
5162
22974
28842
15061
32508
11874
15304
2441
16139
168
12349
20736
16854
17945
28455
18051
23609
14653
18993
4335
17270
2998
8572
11825
2823
7705
13387
13440
13094
22928
20593
27485
5144
1840
3194
30796
12861
16667
30876
6992
18137
22869
29276
14119
2464
21095
1792
8522
1795
17846
4280
30115
3901
21408
31371
27148
2588
31068
22274
23948
15248
26766
13719
8016
17653
15533
25308
10603
28448
10773
32620
19277
2347
747
6546
5
26625
11700
13754
27702
21160
27060
29084
16347
26449
32008
11810
30650
17697
10371
27677
15017
1725
32072
18348
20100
22936
28716
15976
24809
15868
18121
11344
8122
15321
14945
11128
23888
6225
27769
17008
15487
22527
2354
3445
8270
6667
13158
20058
23411
6126
5766
3892
23441
22022
14902
17352
19504
20697
29605
5558
28032
13097
4270
18274
6861
24764
6320
22950
15553
25064
16173
24632
9053
31712
25637
12509
950
449
15920
22859
5487
10844
2654
2015
3066
30401
24015
21251
26510
30096
29969
2909
23015
28415
7484
1208
15040
17834
4815
435
18449
6174
29257
11819
11784
28452
5767
21610
4809
1229
225
14604
8678
28738
9986
18869
21405
16968
17035
2677
27604
24214
32359
28150
27861
7638
7660
1131
31177
1149
31159
11576
25846
6731
28228
14177
26040
11937
6224
7348
12865
5510
31470
17334
30992
10615
27499
29775
30258
7666
24291
27445
8252
28353
30112
14360
10499
30727
24630
21138
20002
780
31327
4557
13609
21448
14231
29426
20389
817
15734
23125
724
12868
18385
15201
3877
25045
12945
21317
29553
31512
17742
25179
18428
21739
7347
4189
19754
16873
19857
26438
10753
29487
7615
4361
5730
15340
28345
17397
27911
427
13812
2531
24892
25952
7938
20005
21597
28980
13162
24110
1811
22288
9285
18689
8781
3051
4504
18779
21504
19412
27509
9887
31647
21182
18640
14469
8793
22031
20514
31106
15126
2791
3520
21495
26159
17712
21496
5657
13551
31594
240
14499
10446
15156
17983
25661
27239
23193
20040
25002
29758
29216
23387
24757
11572
27538
15498
16857
11974
12681
13387
20147
13065
19389
11474
3368
26214
29710
22059
6486
6421
28753
2587
12859
3162
15578
4533
25896
22402
21454
10427
996
8349
7461
23226
20895
9464
21378
5603
4765
19809
27058
4011
27294
18970
