20733
9222
11058
16482
6038
17327
5656
23224
8354
28945
25735
29660
23063
18133
23002
25040
18335
30311
29290
23951
3295
21072
21691
6857
20612
8787
10601
8027
17426
7497
1488
5776
23659
9404
21886
7194
1826
7750
28250
15054
26749
1704
15249
6947
28236
6825
11076
7528
17260
12725
19186
23496
28698
9777
16039
20480
13049
26527
32482
6362
24289
4726
2375
7024
18797
10687
28681
31778
5699
20079
29717
11092
27426
4231
5631
488
22701
13806
18861
10623
1017
4873
14534
19567
23768
20768
16344
18818
27875
15984
4683
26484
2889
1040
12553
17451
346
23940
8171
31668
27603
11811
1506
17154
25831
4137
9194
29285
17170
14747
20143
15307
30877
21214
22268
2234
24559
6934
3303
15369
154
30271
18878
21345
6433
16654
11440
9335
31115
1669
30267
12807
31401
29528
11865
21647
7718
8963
362
13009
9043
8872
32736
17926
7344
17834
11436
26082
21049
10250
1644
6220
31863
31364
30545
8410
9282
29800
22481
3086
13142
1850
28690
12882
413
12297
9234
28341
27446
655
13974
1379
15176
18958
20184
30182
30602
23525
11503
13599
22670
30708
14590
2818
31440
21174
22813
4117
5250
9495
14855
1702
15381
24090
30344
3023
2951
21036
18852
23595
11375
1093
14215
10325
6346
25796
22833
13604
7299
8711
14046
17321
25540
26317
23862
31973
8703
8781
6457
23882
7611
13842
1768
23544
11551
9629
24244
18868
28479
9145
11688
9128
20010
6556
25685
21981
5552
962
26753
10617
10995
16521
5518
23224
12469
11405
22444
4779
9307
10433
19902
16563
16324
26194
7693
4029
11212
5180
27055
29499
20382
19112
2741
2021
18621
20492
2327
17460
22482
5121
29280
13467
20019
31715
26
16260
18487
23851
14583
11534
16444
16780
30916
28295
18037
20687
2830
25003
26996
31854
17553
2970
7035
18675
18277
1947
8322
20750
24039
9619
20744
24185
6248
29763
15770
13452
6552
13124
32548
26783
15792
26820
16379
25635
2146
5886
18854
27775
1410
19835
9072
19628
2161
4618
3502
31887
30285
23936
26064
25113
1754
10288
16170
2081
10287
16937
15488
26364
28960
29490
30291
6882
20079
7814
31214
9216
22194
26192
11567
3164
28930
2789
8982
3949
14952
451
11535
8054
22024
77
13567
25766
5131
30276
11281
4593
6990
13317
6717
11180
460
14469
6813
7147
32716
25356
20591
12443
10698
1204
8425
24414
23846
3489
15808
27433
19342
20989
19575
18336
20780
8891
13928
22060
400
13831
28051
22754
5980
7055
12842
14099
12978
14452
9432
28595
4702
1807
12757
21866
13250
5732
8363
28796
1413
1383
21701
8793
6395
30193
2748
26371
32338
13184
7777
20516
14210
2481
9610
5611
28147
1663
27549
22954
22251
9273
6622
30257
29374
5957
6264
31208
4787
15254
29773
9902
20920
24046
21885
4981
27590
23765
21176
19354
8210
23893
11588
2053
2553
3962
16845
24069
7336
16012
14832
32744
11662
10506
19078
27485
14723
23655
2736
8587
20661
4228
12199
17645
21847
16112
14657
14580
30984
29153
23362
8026
9476
1778
12136
20295
14604
24986
31796
8743
19734
18800
7290
12870
25013
28705
21416
26416
11078
23341
6870
27595
25568
11620
12945
27184
20473
3108
1383
10574
25048
7247
10034
26686
10175
21263
32037
4963
28884
5705
23192
12105
21715
26850
7827
5435
2678
7860
7708
23970
14495
21583
26433
5152
11851
9840
10468
4464
11575
25921
19273
5884
13136
16214
1376
2107
28379
8291
31443
24017
18793
16319
11984
11876
13688
6809
22419
26943
10985
22012
24250
7849
32294
17540
6728
29187
32271
3038
2678
4516
1193
9729
10302
20597
26245
14894
4261
15691
27890
2472
6347
21511
18146
27700
5811
9328
7325
6223
27347
2763
12839
13106
5723
22080
17522
25734
27206
30956
3396
27111
6945
7621
6630
26138
17822
16433
24722
26639
12248
8550
16538
26005
21347
14208
22872
9695
31771
29283
25561
22458
1962
29271
31560
20364
4566
3164
28
10508
6544
14418
513
18627
27324
17610
23688
31046
22721
27817
29325
8240
5585
10883
13420
18146
13045
26033
23779
29434
5344
21816
4293
2708
26992
13401
19812
16451
27139
9463
20924
17101
30335
23469
28255
11434
21792
29100
26660
28475
8960
30805
22927
13771
16744
10906
16127
31814
19416
22548
6554
21947
25304
26084
21753
7827
22397
332
23442
5775
954
24585
1513
7811
23404
10870
20598
5588
547
27489
1109
5043
29105
8620
16048
30742
32117
20388
749
4219
15973
9249
17302
19548
13276
6498
3596
15729
9513
9637
17643
24488
4051
22921
5436
25829
11950
2084
4702
121
26015
21732
9393
28260
7726
17190
14087
12875
24784
9112
20171
18999
14066
31567
31471
20755
8645
16551
17815
19684
12748
2526
5255
9414
2855
2415
9293
31402
25245
29744
2606
25809
16235
11563
26833
17159
3534
21308
17325
11168
20050
3183
7476
11316
28121
11030
19389
23066
4714
2221
12594
28325
26815
12911
16766
27425
16013
17332
947
139
30097
2577
31231
14100
7007
20270
7245
4436
12778
25701
20922
10062
29906
19488
5310
29992
10096
7407
11799
22951
14243
31340
12916
108
16729
16335
12007
13296
16093
14416
12296
21313
29154
320
4072
26490
20819
29158
14012
5379
2008
9498
14918
25742
20264
163
2050
8140
13329
22097
1558
15859
3913
31451
22263
7153
16114
28278
11226
31853
27887
29497
20961
2946
28137
11572
26114
25146
1311
10314
23479
17868
6386
24530
17000
7830
9260
9201
30104
25305
28692
30901
9169
28982
25394
19186
22608
5868
28898
5853
29553
15823
30107
23658
15833
32263
3069
32101
613
3982
9884
24914
23254
22375
31374
31494
6969
3231
1718
3074
2071
12549
17359
16786
17249
22952
18744
1962
7194
789
29314
11643
11458
27981
20921
14296
29830
15240
31350
32076
22313
21421
29089
26615
12208
14732
19974
31021
25040
25057
21919
27340
5656
14601
9115
2657
3294
22913
9010
10746
13291
11812
27432
17097
27366
31777
17954
9597
8833
4285
29612
21600
16997
3790
28166
25393
478
6131
16562
30911
8006
19860
15294
20042
8755
26013
4049
18585
5216
20217
7928
1755
23900
8657
3630
830
11508
22401
25517
8529
8289
1630
15863
17946
3634
7467
28579
22007
9464
23124
3048
13365
18611
31472
12267
8305
23295
