32765
32761
32757
32756
32755
32754
32753
32752
32748
32746
32739
32736
32735
32734
32733
32726
32726
32726
32721
32717
32716
32709
32707
32704
32699
32697
32691
32690
32686
32684
32681
32677
32675
32670
32667
32667
32658
32656
32654
32652
32652
32650
32650
32645
32642
32641
32640
32637
32637
32634
32632
32626
32625
32625
32622
32618
32613
32611
32609
32608
32606
32605
32605
32603
32596
32592
32588
32587
32586
32582
32580
32579
32578
32576
32572
32562
32561
32558
32558
32556
32554
32550
32548
32546
32545
32539
32525
32519
32519
32518
32504
32501
32498
32495
32495
32493
32492
32486
32481
32477
32472
32469
32467
32466
32466
32460
32459
32458
32456
32455
32454
32453
32453
32450
32442
32437
32437
32435
32430
32430
32424
32420
32416
32413
32413
32408
32406
32405
32401
32394
32390
32390
32389
32388
32387
32386
32384
32382
32373
32373
32371
32367
32364
32363
32363
32362
32362
32359
32355
32354
32347
32345
32344
32335
32331
32326
32325
32323
32321
32315
32314
32311
32307
32299
32297
32294
32293
32292
32291
32288
32282
32277
32263
32261
32260
32256
32256
32252
32249
32240
32237
32231
32230
32224
32224
32220
32220
32214
32213
32206
32205
32203
32184
32181
32181
32177
32176
32176
32174
32169
32163
32160
32157
32157
32154
32149
32147
32144
32139
32139
32135
32130
32129
32125
32124
32120
32118
32117
32116
32108
32099
32098
32090
32087
32080
32071
32066
32060
32058
32056
32052
32051
32051
32047
32042
32041
32040
32040
32039
32036
32036
32034
32030
32029
32028
32026
32015
32014
32013
32012
32008
32006
32005
32000
32000
31999
31999
31997
31993
31992
31992
31989
31989
31985
31984
31983
31982
31977
31972
31969
31964
31962
31961
31959
31958
31958
31954
31953
31948
31944
31942
31937
31936
31934
31932
31911
31900
31898
31897
31896
31895
31895
31894
31892
31889
31878
31877
31875
31869
31862
31860
31859
31851
31850
31847
31836
31835
31834
31833
31832
31832
31826
31819
31817
31813
31812
31811
31805
31803
31794
31792
31785
31769
31767
31764
31764
31763
31761
31759
31757
31755
31755
31747
31741
31739
31737
31736
31728
31727
31727
31725
31723
31722
31722
31719
31716
31713
31710
31710
31701
31697
31693
31690
31690
31684
31682
31677
31675
31671
31667
31667
31667
31664
31663
31660
31659
31658
31653
31641
31631
31630
31622
31622
31612
31611
31610
31610
31609
31609
31605
31602
31602
31598
31598
31595
31594
31594
31593
31590
31586
31583
31574
31573
31572
31567
31559
31558
31557
31555
31555
31550
31543
31539
31537
31530
31529
31527
31523
31522
31520
31515
31512
31510
31507
31499
31497
31497
31497
31487
31480
31479
31476
31452
31441
31438
31437
31434
31432
31429
31427
31423
31422
31421
31412
31412
31406
31401
31399
31391
31388
31385
31383
31378
31368
31364
31363
31363
31360
31356
31351
31347
31345
31336
31333
31332
31327
31326
31322
31319
31316
31308
31306
31297
31295
31291
31289
31289
31286
31284
31284
31283
31282
31278
31277
31275
31275
31273
31273
31272
31272
31271
31269
31257
31256
31249
31245
31242
31238
31236
31232
31231
31231
31228
31228
31225
31223
31220
31220
31217
31211
31209
31207
31204
31200
31196
31194
31193
31190
31190
31188
31175
31174
31164
31158
31157
31144
31144
31142
31141
31136
31136
31128
31127
31126
31114
31112
31112
31111
31111
31108
31106
31104
31104
31083
31076
31075
31068
31066
31064
31064
31062
31062
31055
31046
31042
31041
31041
31033
31030
31028
31028
31026
31025
31021
31021
31018
31013
31007
31005
31002
30990
30990
30989
30985
30982
30982
30981
30978
30977
30976
30969
30964
30963
30956
30946
30945
30945
30943
30940
30939
30939
30936
30933
30929
30925
30923
30922
30921
30916
30909
30906
30906
30897
30894
30893
30885
30883
30882
30881
30878
30875
30869
30868
30867
30862
30859
30857
30852
30848
30848
30844
30841
30839
30836
30833
30832
30832
30822
30815
30815
30812
30801
30801
30785
30782
30777
30775
30774
30773
30772
30765
30763
30762
30752
30752
30748
30742
30737
30737
30734
30732
30724
30721
30720
30718
30718
30701
30697
30696
30695
30695
30690
30690
30687
30678
30678
30677
30670
30670
30664
30663
30660
30646
30631
30628
30626
30625
30623
30620
30611
30608
30605
30599
30594
30591
30589
30587
30586
30586
30578
30577
30570
30568
30568
30568
30567
30563
30559
30557
30555
30554
30553
30550
30549
30546
30545
30544
30544
30540
30533
30529
30529
30527
30527
30526
30523
30522
30521
30518
30516
30515
30513
30510
30506
30494
30493
30481
30480
30480
30479
30470
30467
30461
30458
30453
30448
30445
30444
30440
30435
30433
30432
30430
30413
30407
30407
30406
30406
30404
30402
30402
30400
30397
30396
30396
30393
30390
30387
30387
30385
30377
30376
30375
30371
30371
30361
30358
30357
30356
30347
30345
30344
30342
30342
30341
30340
30329
30327
30324
30324
30323
30322
30318
30312
30309
30307
30307
30303
30302
30298
30298
30295
30294
30290
30287
30283
30279
30275
30273
30269
30268
30254
30248
30245
30245
30235
30232
30229
30228
30228
30224
30211
30209
30207
30203
30201
30201
30199
30194
30192
30180
30179
30163
30159
30159
30158
30154
30145
30143
30139
30137
30125
30115
30111
30110
30104
30098
30097
30093
30090
30085
30080
30079
30077
30074
30072
30071
30065
30064
30062
30060
30056
30054
30048
30043
30032
30030
30027
30021
30020
30012
30002
30001
29992
29987
29982
29981
29971
29971
29970
29967
29961
29960
29958
29956
29956
29955
29942
29940
29935
29932
29932
29926
29926
29923
29922
29921
29921
29914
29913
29910
29909
29903
29898
29893
29892
29888
29887
29886
29886
29873
29871
29867
29856
29852
29852
29847
29843
29843
29841
29839
29833
29827
29820
29818
29816
29808
29803
29803
29801
29801
29795
29791
29789
29788
29786
29782
29781
29765
29764
29760
29758
29756
29752
29746
29739
29737
29735
29731
29723
29721
29720
29717
29713
29710
29701
29700
29698
29696
29687
29687
29679
29670
29667
29665
29664
29663
29660
29660
29660
29655
29655
29649
29647
29642
29637
29632
29632
29630
29622
29619
29616
29611
29608
29606
29593
29587
29583
29581
29580
29579
29578
29573
29568
29565
29555
29554
29551
29549
29544
29541
29540
29540
29532
29530
29526
29525
29524
29522
29520
29518
29517
29506
29502
29499
29497
29496
29495
29494
29489
29488
29488
29486
29485
29485
29484
29478
29475
29474
29473
29473
29470
29465
29462
29454
29453
29452
29451
29448
29441
29438
29435
29427
29426
29425
29417
29415
29408
29405
29402
29397
29395
29388
29387
29384
29383
29374
29368
29364
29361
29360
29358
29355
29338
29338
29336
29335
29333
29329
29329
29323
29313
29311
29311
29310
29309
29294
29288
29275
29273
29265
29265
29262
29239
29238
29234
29230
29230
29226
29221
29205
29205
29204
29201
29197
29195
29193
29189
29186
29186
29179
29176
29175
29175
29173
29171
29168
29168
29161
29154
29154
29144
29138
29131
29130
29126
29124
29112
29107
29104
29103
29100
29100
29096
29094
29092
29092
29092
29091
29089
29089
29081
29078
29075
29069
29058
29057
29057
29054
29052
29048
29046
29042
29042
29042
29041
29040
29034
29032
29027
29027
29026
29023
29022
29017
29011
29010
29009
29009
29008
29006
28996
28995
28993
28992
28987
28984
28978
28977
28976
28968
28967
28964
28963
28959
28958
28946
28944
28937
28930
28929
28929
28927
28927
28927
28926
28924
28924
28924
28924
28923
28923
28917
28908
28906
28906
28905
28893
28888
28886
28883
28881
28872
28867
28864
28863
28857
28853
28850
28849
28843
28840
28840
28836
28833
28828
28827
28826
28822
28816
28809
28804
28803
28799
28799
28797
28771
28769
28760
28758
28758
28758
28758
28756
28755
28754
28750
28742
28737
28733
28733
28729
28726
28724
28723
28721
28717
28714
28713
28712
28709
28697
28692
28691
28689
28688
28688
28683
28682
28678
28663
28656
28653
28651
28650
28645
28639
28638
28637
28635
28632
28632
28629
28627
28618
28616
28615
28611
28611
28608
28606
28598
28597
28597
28593
28585
28584
28584
28582
28579
28570
28565
28564
28560
28559
28557
28554
28552
28549
28549
28548
28547
28546
28545
28540
28540
28535
28534
28533
28529
28526
28521
28520
28519
28518
28515
28513
28510
28500
28497
28488
28484
28483
28482
28481
28480
28475
28472
28463
28461
28457
28454
28443
28442
28442
28441
28439
28429
28428
28427
28427
28425
28423
28418
28418
28416
28416
28415
28402
28400
28392
28384
28383
28381
28381
28380
28378
28368
28358
28357
28356
28347
28345
28344
28339
28333
28331
28321
28314
28312
28311
28311
28310
28306
28306
28305
28299
28295
28288
28285
28283
28283
28265
28235
28231
28230
28224
28218
28212
28210
28207
28205
28203
28203
28201
28200
28200
28195
28192
28186
28183
28176
28173
28163
28162
28158
28149
28140
28137
28136
28132
28127
28126
28126
28126
28117
28114
28112
28112
28109
28106
28103
28102
28100
28099
28094
28094
28093
28085
28084
28080
28073
28071
28071
28070
28068
28067
28057
28056
28055
28055
28055
28053
28053
28049
28044
28044
28043
28041
28031
28030
28024
28021
28015
28015
28013
28011
28010
28003
28002
28001
28000
27998
27994
27994
27992
27991
27979
27978
27976
27974
27967
27966
27954
27952
27943
27937
27934
27933
27931
27926
27926
27920
27919
27918
27917
27910
27907
27905
27902
27900
27900
27900
27899
27899
27898
27893
27892
27888
27885
27879
27878
27874
27871
27868
27866
27865
27862
27855
27849
27844
27838
27833
27832
27826
27823
27821
27814
27813
27810
27801
27795
27794
27787
27785
27783
27782
27781
27781
27776
27775
27770
27763
27761
27752
27743
27742
27731
27726
27723
27722
27721
27720
27718
27708
27701
27700
27698
27695
27679
27676
27674
27669
27669
27668
27665
27662
27662
27660
27646
27641
27628
27628
27617
27613
27602
27598
27596
27595
27594
27588
27586
27585
27582
27577
27573
27570
27564
27559
27557
27556
27554
27550
27548
27547
27545
27545
27541
27541
27539
27530
27529
27518
27512
27512
27508
27503
27502
27498
27498
27495
27494
27490
27485
27481
27477
27476
27470
27466
27460
27457
27450
27448
27446
27444
27443
27438
27434
27427
27426
27426
27426
27423
27416
27407
27403
27401
27393
27393
27392
27391
27385
27384
27378
27375
27369
27368
27367
27361
27354
27353
27348
27345
27345
27341
27338
27335
27335
27331
27330
27330
27323
27321
27320
27320
27319
27319
27314
27311
27309
27308
27305
27296
27294
27290
27282
27280
27269
27268
27258
27258
27258
27257
27256
27251
27248
27246
27243
27235
27225
27221
27218
27217
27208
27206
27203
27201
27198
27198
27195
27194
27194
27177
27174
27173
27172
27169
27166
27166
27158
27150
27147
27143
27143
27143
27142
27130
27123
27119
27118
27117
27116
27114
27109
27108
27107
27107
27106
27104
27101
27100
27099
27097
27093
27091
27080
27078
27073
27070
27067
27067
27066
27058
27056
27046
27044
27042
27042
27040
27034
27032
27028
27019
27018
27014
27014
27011
27010
27006
27002
26997
26991
26988
26987
26982
26980
26979
26972
26969
26965
26962
26960
26958
26957
26956
26948
26941
26940
26937
26936
26933
26929
26927
26924
26920
26920
26915
26912
26908
26900
26900
26892
26886
26882
26881
26870
26869
26865
26862
26859
26859
26857
26854
26848
26840
26838
26831
26830
26829
26824
26821
26820
26815
26792
26791
26789
26783
26782
26780
26780
26780
26775
26756
26753
26737
26724
26723
26717
26709
26698
26697
26692
26685
26680
26675
26669
26667
26663
26654
26649
26648
26642
26640
26633
26631
26628
26617
26617
26612
26611
26605
26604
26600
26598
26594
26592
26592
26585
26584
26581
26575
26566
26557
26557
26556
26553
26549
26546
26544
26543
26543
26541
26539
26537
26535
26530
26530
26522
26519
26514
26513
26512
26512
26512
26507
26507
26502
26499
26485
26474
26474
26471
26461
26459
26456
26454
26449
26449
26448
26438
26438
26436
26436
26436
26433
26430
26428
26422
26418
26417
26416
26412
26412
26409
26403
26397
26394
26394
26394
26389
26388
26387
26383
26383
26382
26377
26373
26368
26366
26362
26361
26358
26358
26349
26330
26325
26323
26320
26318
26318
26313
26300
26299
26298
26297
26297
26287
26287
26286
26284
26280
26271
26269
26264
26261
26258
26243
26242
26241
26239
26239
26234
26232
26226
26222
26221
26219
26218
26218
26214
26209
26206
26203
26202
26202
26197
26195
26194
26194
26192
26192
26191
26191
26183
26183
26181
26179
26176
26168
26168
26165
26161
26157
26151
26143
26142
26141
26135
26134
26131
26126
26114
26113
26112
26111
26110
26108
26107
26105
26105
26103
26102
26091
26088
26087
26083
26078
26073
26071
26069
26065
26063
26061
26061
26056
26054
26050
26039
26038
26036
26034
26033
26032
26029
26029
26026
26022
26020
26020
26016
26016
26016
26015
26007
26004
26000
25996
25993
25991
25985
25977
25977
25975
25966
25960
25956
25949
25948
25946
25946
25945
25944
25942
25942
25941
25935
25930
25929
25922
25922
25916
25911
25911
25908
25906
25902
25892
25885
25883
25883
25876
25869
25864
25861
25859
25858
25858
25856
25855
25850
25841
25835
25835
25833
25830
25828
25826
25824
25822
25819
25814
25807
25806
25805
25802
25795
25791
25790
25786
25784
25784
25783
25780
25779
25769
25769
25768
25767
25764
25759
25757
25751
25750
25750
25747
25742
25739
25739
25729
25726
25724
25718
25714
25712
25711
25708
25707
25705
25705
25699
25691
25688
25686
25685
25685
25683
25683
25682
25678
25676
25675
25674
25673
25672
25669
25662
25659
25658
25656
25656
25650
25650
25645
25641
25637
25635
25634
25631
25631
25611
25599
25592
25588
25583
25581
25576
25569
25568
25565
25564
25562
25557
25551
25548
25543
25540
25538
25530
25528
25520
25513
25511
25510
25509
25500
25497
25491
25491
25489
25485
25481
25481
25476
25474
25474
25463
25461
25458
25457
25451
25449
25443
25429
25428
25425
25420
25420
25414
25411
25408
25407
25402
25395
25391
25376
25372
25369
25357
25349
25348
25346
25344
25342
25341
25341
25340
25337
25334
25333
25326
25325
25324
25322
25318
25317
25314
25314
25307
25305
25303
25297
25292
25290
25288
25286
25284
25280
25274
25273
25244
25239
25234
25233
25223
25221
25217
25216
25211
25208
25208
25207
25206
25205
25205
25204
25198
25197
25196
25193
25191
25190
25185
25184
25184
25180
25180
25179
25177
25172
25164
25162
25160
25159
25157
25152
25150
25141
25131
25128
25127
25127
25125
25122
25120
25120
25111
25109
25106
25105
25102
25099
25094
25092
25091
25090
25088
25079
25074
25074
25073
25061
25057
25054
25054
25046
25045
25038
25036
25033
25030
25029
25019
25016
25009
25007
25006
25001
25000
24986
24983
24978
24977
24976
24976
24973
24971
24971
24959
24946
24944
24943
24932
24929
24925
24924
24922
24922
24912
24912
24908
24904
24903
24899
24888
24887
24886
24880
24866
24861
24856
24855
24854
24850
24850
24836
24835
24829
24823
24811
24810
24802
24798
24795
24787
24784
24783
24779
24772
24766
24756
24751
24750
24748
24746
24745
24743
24741
24741
24739
24738
24737
24736
24733
24732
24728
24725
24722
24721
24718
24716
24713
24712
24705
24703
24702
24702
24700
24683
24683
24681
24680
24679
24675
24673
24670
24663
24662
24662
24655
24652
24647
24634
24630
24629
24619
24618
24617
24616
24613
24613
24608
24608
24605
24595
24589
24589
24581
24574
24572
24570
24567
24566
24564
24563
24556
24556
24554
24548
24547
24544
24541
24539
24539
24538
24537
24536
24532
24527
24525
24519
24511
24502
24499
24494
24493
24487
24487
24480
24479
24478
24476
24469
24469
24466
24465
24463
24461
24458
24456
24453
24453
24449
24446
24445
24439
24437
24431
24429
24426
24424
24423
24420
24416
24415
24414
24413
24412
24408
24408
24405
24405
24398
24397
24394
24392
24389
24380
24379
24378
24375
24374
24373
24364
24358
24356
24350
24347
24344
24343
24342
24340
24332
24332
24331
24327
24324
24323
24322
24321
24316
24306
24305
24303
24289
24287
24283
24279
24275
24274
24274
24274
24270
24267
24263
24261
24259
24258
24249
24247
24246
24246
24242
24241
24239
24235
24232
24232
24229
24222
24217
24216
24212
24211
24205
24201
24200
24199
24191
24189
24188
24186
24181
24181
24180
24179
24167
24160
24159
24152
24151
24150
24150
24149
24142
24142
24133
24133
24120
24118
24116
24109
24108
24104
24104
24102
24100
24100
24099
24090
24090
24081
24079
24074
24071
24069
24067
24066
24062
24057
24051
24046
24044
24043
24042
24037
24034
24034
24034
24030
24030
24026
24026
24023
24022
24019
24016
24015
24000
24000
23995
23994
23993
23989
23988
23987
23986
23983
23982
23980
23978
23976
23975
23975
23972
23969
23963
23961
23954
23951
23948
23928
23923
23919
23917
23915
23915
23908
23905
23899
23896
23892
23892
23885
23882
23878
23876
23871
23869
23868
23860
23858
23855
23847
23844
23829
23825
23821
23818
23816
23814
23809
23806
23804
23795
23793
23793
23786
23786
23782
23778
23778
23774
23774
23772
23771
23768
23763
23762
23762
23759
23752
23752
23751
23749
23746
23735
23735
23733
23730
23720
23720
23718
23718
23714
23710
23709
23705
23703
23702
23701
23700
23697
23696
23677
23676
23676
23669
23668
23667
23665
23664
23664
23663
23662
23662
23658
23652
23648
23644
23643
23642
23631
23629
23627
23627
23624
23622
23620
23609
23606
23605
23604
23602
23601
23600
23599
23593
23590
23587
23578
23571
23570
23567
23565
23565
23565
23565
23561
23552
23547
23545
23543
23541
23532
23530
23530
23523
23516
23515
23515
23511
23502
23500
23491
23489
23487
23485
23484
23483
23477
23476
23471
23471
23465
23465
23456
23442
23438
23437
23430
23429
23429
23427
23426
23425
23421
23418
23415
23409
23403
23400
23398
23396
23389
23384
23373
23372
23370
23369
23360
23357
23356
23354
23353
23348
23347
23344
23341
23340
23340
23339
23338
23336
23334
23329
23327
23327
23325
23324
23323
23322
23321
23314
23302
23299
23297
23295
23293
23291
23288
23287
23283
23280
23279
23278
23273
23272
23268
23260
23242
23238
23237
23237
23235
23230
23229
23226
23226
23220
23216
23215
23212
23210
23206
23203
23200
23199
23198
23197
23196
23196
23194
23192
23192
23189
23187
23182
23181
23175
23162
23159
23159
23154
23152
23150
23146
23136
23132
23130
23129
23123
23121
23120
23118
23118
23116
23102
23098
23089
23087
23084
23083
23082
23081
23078
23078
23067
23065
23062
23055
23047
23047
23046
23045
23039
23030
23029
23028
23028
23025
23025
23018
23018
23015
23014
23012
23011
23010
23006
23005
23000
22999
22997
22993
22993
22991
22990
22987
22986
22978
22977
22970
22970
22968
22967
22962
22961
22954
22953
22952
22949
22946
22945
22945
22939
22934
22932
22925
22922
22917
22914
22911
22910
22909
22907
22907
22906
22901
22900
22897
22895
22895
22892
22888
22883
22882
22880
22880
22879
22878
22877
22871
22871
22864
22860
22856
22855
22854
22854
22854
22850
22848
22848
22847
22845
22840
22825
22817
22814
22812
22812
22811
22806
22803
22802
22799
22799
22796
22794
22792
22788
22785
22783
22778
22777
22776
22767
22766
22765
22761
22758
22755
22755
22754
22752
22752
22746
22746
22744
22737
22736
22736
22736
22735
22730
22727
22726
22715
22712
22711
22707
22706
22695
22693
22692
22689
22685
22679
22663
22662
22661
22661
22660
22659
22657
22656
22654
22653
22650
22650
22648
22647
22642
22640
22640
22638
22637
22637
22637
22630
22628
22626
22626
22619
22618
22618
22610
22609
22605
22602
22601
22598
22597
22587
22580
22578
22576
22573
22560
22558
22557
22555
22555
22546
22545
22544
22540
22539
22537
22537
22537
22530
22522
22514
22512
22510
22510
22509
22509
22508
22506
22503
22502
22501
22499
22487
22482
22479
22477
22476
22475
22472
22470
22468
22467
22443
22442
22442
22441
22435
22435
22432
22428
22427
22426
22422
22419
22419
22418
22412
22411
22406
22402
22400
22400
22392
22392
22392
22389
22387
22386
22383
22381
22373
22372
22368
22368
22364
22359
22358
22357
22350
22346
22341
22337
22334
22334
22329
22329
22327
22325
22323
22321
22315
22311
22310
22309
22308
22308
22298
22297
22297
22292
22291
22284
22282
22281
22268
22257
22245
22241
22238
22236
22234
22232
22231
22231
22231
22228
22227
22226
22218
22218
22213
22210
22207
22199
22191
22183
22177
22174
22171
22170
22168
22167
22164
22161
22157
22155
22154
22153
22144
22143
22140
22139
22135
22132
22126
22125
22123
22113
22113
22108
22103
22098
22096
22095
22088
22082
22082
22081
22077
22075
22073
22072
22072
22068
22065
22062
22062
22060
22053
22053
22051
22044
22043
22041
22035
22027
22023
22023
22022
22021
22020
22016
22011
22006
22003
22001
22000
21995
21994
21989
21983
21973
21968
21960
21960
21959
21953
21946
21944
21941
21933
21928
21923
21915
21906
21897
21896
21893
21892
21886
21884
21882
21881
21880
21879
21879
21871
21862
21860
21846
21837
21835
21835
21827
21821
21814
21813
21810
21809
21807
21803
21797
21797
21786
21785
21781
21776
21770
21769
21766
21766
21763
21761
21761
21759
21753
21746
21744
21743
21740
21739
21737
21736
21735
21730
21728
21719
21719
21717
21716
21714
21707
21703
21702
21694
21692
21687
21684
21683
21680
21674
21663
21662
21659
21646
21645
21641
21641
21637
21637
21637
21636
21636
21633
21627
21624
21624
21614
21612
21610
21609
21604
21604
21603
21595
21593
21590
21589
21586
21586
21583
21582
21579
21578
21573
21573
21571
21570
21556
21555
21547
21547
21545
21545
21528
21524
21522
21521
21514
21509
21509
21508
21508
21505
21504
21503
21501
21500
21500
21500
21498
21498
21495
21491
21483
21480
21479
21478
21471
21470
21464
21454
21451
21445
21443
21436
21431
21431
21422
21420
21420
21417
21415
21412
21408
21404
21401
21391
21389
21387
21385
21376
21376
21372
21372
21366
21363
21349
21343
21343
21343
21340
21338
21334
21328
21323
21322
21309
21309
21306
21306
21305
21300
21296
21294
21293
21290
21289
21286
21284
21282
21281
21281
21264
21255
21252
21248
21238
21236
21235
21235
21230
21226
21225
21223
21222
21218
21218
21214
21207
21195
21192
21192
21191
21187
21186
21186
21184
21182
21180
21180
21177
21170
21159
21158
21147
21145
21144
21141
21128
21119
21116
21113
21108
21107
21102
21098
21097
21090
21082
21081
21071
21056
21053
21052
21050
21048
21046
21043
21034
21033
21027
21026
21021
21020
21020
21020
21018
21006
21000
20997
20996
20995
20994
20986
20985
20983
20979
20979
20978
20974
20974
20973
20969
20968
20967
20961
20961
20957
20955
20953
20950
20949
20947
20944
20941
20940
20932
20931
20931
20914
20913
20912
20911
20909
20900
20896
20896
20895
20892
20888
20883
20880
20879
20876
20875
20875
20874
20865
20863
20863
20857
20854
20849
20840
20840
20835
20832
20831
20826
20823
20821
20818
20816
20811
20803
20799
20796
20795
20795
20792
20790
20789
20788
20788
20786
20784
20783
20777
20770
20767
20766
20763
20759
20758
20757
20753
20752
20752
20751
20749
20746
20739
20737
20730
20727
20719
20719
20719
20715
20714
20708
20705
20705
20695
20694
20688
20681
20680
20677
20675
20669
20667
20665
20665
20663
20655
20648
20647
20636
20635
20619
20618
20616
20615
20615
20613
20607
20607
20604
20595
20589
20587
20587
20586
20585
20585
20579
20570
20564
20559
20559
20552
20551
20550
20547
20546
20544
20544
20541
20536
20533
20525
20525
20521
20521
20512
20508
20507
20498
20497
20497
20495
20493
20493
20489
20487
20483
20482
20481
20478
20468
20459
20452
20448
20446
20444
20442
20436
20435
20434
20430
20424
20422
20419
20416
20405
20402
20400
20399
20399
20398
20396
20394
20391
20379
20378
20373
20371
20367
20367
20352
20351
20351
20346
20341
20336
20334
20334
20332
20330
20329
20326
20325
20320
20318
20311
20305
20305
20305
20300
20298
20290
20284
20283
20283
20280
20273
20271
20261
20261
20246
20241
20239
20236
20225
20222
20222
20217
20215
20213
20208
20205
20200
20193
20193
20191
20190
20185
20183
20182
20180
20179
20174
20172
20166
20165
20165
20162
20162
20159
20155
20154
20149
20148
20148
20148
20144
20144
20138
20137
20129
20126
20126
20117
20117
20115
20113
20108
20091
20091
20088
20080
20076
20076
20075
20075
20061
20059
20059
20054
20052
20051
20050
20040
20036
20032
20030
20028
20027
20023
20023
20021
20015
20013
20009
20008
20007
20004
20000
20000
19997
19993
19992
19992
19991
19990
19988
19986
19982
19977
19974
19972
19970
19961
19960
19955
19942
19938
19936
19933
19933
19927
19924
19911
19909
19905
19902
19897
19894
19894
19893
19892
19891
19891
19886
19884
19879
19878
19878
19872
19861
19847
19839
19837
19833
19831
19824
19822
19820
19820
19820
19817
19816
19810
19806
19805
19802
19801
19801
19794
19787
19785
19784
19780
19775
19763
19762
19761
19759
19749
19746
19746
19738
19735
19734
19730
19720
19719
19714
19713
19713
19712
19711
19706
19705
19705
19696
19693
19687
19686
19684
19684
19684
19674
19665
19665
19663
19659
19656
19655
19654
19645
19645
19636
19636
19636
19633
19631
19630
19625
19621
19621
19619
19615
19610
19610
19609
19607
19607
19596
19592
19585
19584
19584
19583
19582
19579
19574
19573
19567
19565
19561
19560
19555
19549
19549
19546
19542
19541
19539
19535
19532
19529
19525
19519
19517
19516
19513
19513
19498
19494
19491
19482
19480
19479
19476
19473
19468
19464
19464
19464
19463
19455
19452
19452
19451
19450
19446
19445
19444
19442
19441
19439
19438
19437
19436
19429
19425
19422
19419
19415
19409
19408
19408
19406
19402
19401
19392
19388
19388
19387
19382
19377
19371
19356
19348
19343
19342
19339
19330
19330
19330
19309
19303
19300
19298
19296
19295
19293
19286
19285
19285
19279
19278
19275
19265
19259
19257
19254
19251
19248
19247
19245
19243
19238
19232
19230
19229
19226
19225
19222
19212
19211
19209
19208
19208
19206
19202
19202
19201
19198
19196
19193
19192
19189
19183
19177
19177
19175
19171
19170
19169
19167
19167
19166
19162
19161
19160
19155
19153
19149
19146
19137
19122
19120
19113
19112
19112
19111
19110
19105
19095
19095
19089
19088
19087
19080
19078
19075
19070
19068
19062
19060
19057
19056
19050
19047
19038
19031
19031
19024
19020
19019
19013
19007
19006
19002
19000
18999
18998
18997
18997
18994
18994
18993
18993
18991
18987
18983
18982
18981
18979
18979
18973
18972
18971
18970
18966
18966
18955
18953
18947
18944
18943
18939
18937
18937
18937
18933
18931
18928
18925
18924
18921
18920
18917
18915
18914
18913
18909
18908
18906
18895
18894
18894
18891
18890
18888
18887
18886
18886
18884
18884
18881
18880
18880
18875
18875
18870
18870
18867
18865
18863
18860
18855
18851
18851
18848
18845
18845
18842
18839
18837
18837
18834
18832
18831
18831
18831
18827
18825
18824
18820
18813
18811
18811
18809
18807
18805
18800
18797
18790
18785
18776
18774
18771
18763
18761
18749
18748
18744
18742
18739
18736
18732
18728
18726
18725
18711
18711
18707
18707
18699
18697
18696
18690
18686
18685
18683
18683
18682
18679
18679
18679
18677
18677
18669
18666
18666
18665
18665
18662
18658
18653
18652
18648
18646
18645
18644
18641
18637
18632
18631
18631
18629
18626
18624
18623
18621
18621
18620
18618
18618
18615
18613
18611
18609
18607
18606
18606
18605
18604
18601
18600
18599
18597
18597
18592
18592
18589
18586
18586
18583
18582
18579
18574
18570
18568
18567
18566
18566
18562
18560
18559
18555
18550
18534
18533
18532
18530
18528
18528
18526
18521
18520
18519
18519
18508
18506
18503
18502
18500
18492
18488
18481
18476
18476
18470
18468
18465
18464
18444
18442
18438
18434
18426
18424
18423
18423
18417
18412
18403
18400
18396
18382
18381
18378
18377
18372
18365
18361
18354
18333
18331
18330
18328
18312
18311
18310
18308
18308
18307
18301
18297
18296
18290
18289
18288
18279
18279
18279
18277
18274
18274
18273
18273
18270
18261
18254
18249
18245
18243
18241
18240
18236
18230
18229
18229
18228
18224
18221
18220
18215
18213
18211
18205
18204
18200
18194
18190
18190
18187
18181
18177
18172
18169
18168
18167
18167
18166
18164
18162
18159
18158
18155
18154
18152
18150
18142
18127
18125
18121
18120
18112
18106
18097
18095
18092
18090
18089
18088
18087
18077
18076
18074
18073
18071
18070
18061
18046
18042
18032
18030
18028
18026
18024
18020
18020
18012
18010
18009
18008
17999
17999
17998
17996
17991
17982
17979
17968
17967
17967
17967
17964
17958
17956
17956
17952
17945
17941
17937
17936
17936
17927
17924
17921
17920
17917
17915
17913
17912
17911
17907
17907
17897
17893
17889
17889
17887
17880
17880
17878
17875
17875
17875
17875
17871
17863
17860
17859
17858
17855
17850
17849
17849
17844
17838
17825
17816
17815
17814
17813
17812
17812
17811
17810
17808
17801
17794
17793
17790
17788
17774
17772
17765
17765
17761
17757
17756
17753
17752
17747
17746
17745
17743
17743
17738
17738
17737
17727
17721
17719
17718
17718
17716
17713
17711
17706
17706
17705
17705
17700
17696
17692
17692
17689
17686
17686
17686
17669
17669
17666
17664
17662
17660
17658
17656
17655
17655
17648
17648
17646
17644
17641
17640
17639
17635
17631
17630
17627
17626
17624
17623
17622
17618
17617
17617
17614
17613
17610
17607
17607
17606
17603
17599
17599
17595
17590
17583
17578
17574
17567
17564
17563
17562
17561
17560
17555
17555
17554
17545
17535
17534
17531
17522
17516
17514
17512
17509
17509
17508
17502
17500
17500
17495
17491
17489
17485
17482
17477
17475
17474
17471
17468
17466
17462
17462
17458
17458
17451
17450
17445
17440
17439
17436
17426
17425
17423
17420
17418
17418
17417
17415
17412
17403
17401
17398
17385
17385
17378
17371
17367
17362
17361
17358
17357
17356
17344
17340
17335
17331
17322
17320
17317
17314
17313
17312
17308
17303
17301
17301
17288
17285
17277
17271
17269
17267
17266
17259
17258
17257
17257
17252
17246
17245
17242
17241
17236
17232
17232
17227
17226
17221
17220
17216
17214
17214
17209
17204
17200
17197
17181
17173
17170
17166
17150
17143
17136
17136
17131
17131
17126
17125
17125
17124
17117
17112
17111
17108
17104
17103
17101
17100
17098
17094
17089
17088
17087
17086
17082
17082
17082
17082
17080
17078
17076
17063
17059
17056
17053
17052
17050
17043
17033
17026
17025
17021
17019
17016
17015
17015
17013
17011
17008
17005
17001
16999
16991
16990
16990
16987
16986
16984
16974
16972
16971
16966
16965
16964
16961
16960
16958
16957
16954
16949
16947
16947
16945
16942
16939
16939
16937
16932
16931
16930
16928
16921
16920
16911
16910
16891
16890
16887
16884
16878
16878
16877
16877
16870
16869
16869
16866
16864
16864
16862
16852
16844
16842
16840
16840
16835
16831
16827
16826
16823
16823
16820
16819
16818
16818
16815
16814
16813
16807
16807
16806
16804
16793
16789
16786
16786
16786
16783
16779
16773
16770
16758
16758
16755
16754
16750
16749
16748
16748
16747
16745
16742
16732
16730
16724
16719
16718
16717
16713
16710
16706
16698
16693
16693
16692
16691
16691
16687
16680
16677
16675
16667
16664
16656
16655
16654
16652
16644
16641
16640
16639
16636
16636
16635
16635
16635
16630
16627
16625
16624
16624
16614
16613
16612
16611
16610
16610
16605
16596
16591
16589
16588
16587
16582
16582
16575
16572
16566
16562
16559
16556
16555
16553
16551
16547
16540
16535
16531
16530
16528
16527
16525
16521
16513
16504
16499
16493
16477
16475
16474
16472
16470
16464
16461
16460
16458
16451
16449
16448
16446
16442
16438
16436
16434
16430
16423
16416
16412
16401
16398
16396
16396
16396
16395
16395
16392
16387
16382
16382
16380
16380
16379
16378
16372
16371
16369
16369
16369
16369
16368
16365
16363
16355
16355
16349
16344
16339
16334
16332
16330
16328
16326
16324
16324
16322
16321
16318
16318
16318
16317
16317
16317
16310
16308
16301
16298
16292
16291
16290
16286
16279
16274
16272
16272
16268
16267
16265
16252
16250
16247
16247
16246
16235
16233
16230
16227
16227
16221
16218
16218
16216
16211
16211
16206
16198
16190
16186
16184
16183
16181
16171
16169
16169
16163
16159
16141
16140
16139
16138
16131
16127
16127
16125
16120
16118
16117
16101
16101
16098
16095
16094
16093
16089
16087
16083
16082
16077
16069
16068
16063
16063
16062
16060
16052
16051
16049
16048
16044
16034
16033
16032
16026
16025
16019
16008
16005
16004
16001
15996
15992
15984
15983
15982
15981
15973
15973
15968
15966
15959
15955
15953
15948
15939
15937
15937
15937
15934
15934
15928
15927
15923
15923
15922
15921
15920
15917
15915
15910
15905
15903
15902
15902
15884
15883
15883
15882
15877
15876
15872
15865
15864
15863
15855
15853
15850
15848
15848
15846
15846
15845
15843
15838
15836
15834
15821
15819
15813
15810
15810
15805
15800
15798
15792
15790
15789
15789
15775
15766
15760
15756
15754
15747
15746
15739
15736
15736
15735
15734
15731
15720
15719
15718
15707
15701
15697
15696
15696
15690
15688
15688
15687
15686
15685
15679
15679
15678
15677
15677
15674
15669
15663
15659
15657
15657
15654
15652
15647
15647
15645
15643
15643
15641
15640
15634
15634
15632
15630
15628
15625
15621
15618
15615
15611
15603
15602
15600
15589
15588
15577
15575
15572
15566
15564
15553
15550
15546
15546
15544
15531
15523
15520
15512
15504
15499
15495
15491
15491
15489
15486
15484
15484
15476
15475
15474
15471
15463
15461
15452
15451
15450
15441
15441
15438
15435
15429
15428
15425
15422
15417
15412
15411
15406
15406
15399
15397
15385
15383
15375
15372
15372
15365
15360
15356
15351
15349
15347
15344
15336
15324
15323
15314
15314
15308
15308
15302
15290
15281
15278
15271
15268
15267
15265
15262
15258
15255
15254
15253
15247
15237
15232
15231
15229
15226
15219
15215
15213
15213
15206
15200
15196
15189
15189
15188
15188
15181
15180
15179
15170
15165
15162
15154
15150
15150
15147
15142
15132
15129
15120
15119
15110
15102
15100
15098
15088
15088
15085
15076
15070
15068
15067
15065
15065
15062
15062
15056
15046
15045
15041
15041
15038
15031
15029
15025
15014
15012
15010
15008
15007
15005
15003
14998
14995
14994
14993
14992
14988
14981
14974
14973
14971
14969
14963
14942
14939
14938
14935
14934
14932
14923
14921
14914
14911
14904
14898
14897
14896
14895
14893
14893
14893
14892
14892
14890
14890
14890
14886
14880
14879
14879
14878
14876
14867
14863
14860
14858
14855
14854
14846
14845
14844
14842
14837
14837
14832
14824
14820
14815
14815
14815
14813
14805
14796
14793
14793
14793
14791
14791
14777
14773
14771
14767
14766
14765
14762
14760
14756
14751
14750
14750
14750
14744
14742
14741
14730
14726
14724
14723
14715
14709
14702
14700
14697
14693
14691
14689
14685
14685
14684
14681
14679
14675
14674
14671
14664
14663
14662
14658
14656
14655
14645
14643
14642
14642
14634
14626
14625
14622
14615
14602
14595
14595
14591
14590
14588
14586
14568
14566
14563
14560
14557
14553
14544
14542
14542
14540
14538
14531
14527
14524
14513
14510
14510
14507
14504
14499
14497
14497
14497
14491
14488
14485
14466
14458
14451
14450
14440
14440
14438
14438
14437
14437
14435
14434
14433
14430
14427
14426
14420
14417
14407
14400
14400
14399
14397
14395
14391
14389
14387
14385
14385
14379
14370
14366
14363
14360
14358
14355
14355
14349
14347
14341
14337
14335
14335
14330
14329
14328
14327
14327
14323
14319
14313
14312
14311
14309
14307
14306
14305
14299
14298
14298
14294
14291
14291
14288
14288
14285
14284
14283
14280
14279
14277
14276
14273
14268
14253
14253
14250
14250
14249
14244
14243
14241
14234
14224
14208
14208
14198
14197
14192
14191
14190
14167
14165
14162
14162
14162
14159
14149
14148
14146
14145
14144
14143
14137
14136
14130
14130
14129
14127
14126
14126
14123
14122
14121
14115
14114
14113
14110
14107
14105
14103
14102
14099
14097
14095
14095
14095
14092
14091
14088
14086
14081
14074
14069
14068
14065
14060
14058
14057
14051
14051
14050
14042
14040
14032
14030
14027
14024
14023
14022
14019
14015
14014
14012
14010
14006
14004
13995
13994
13990
13988
13988
13982
13980
13978
13976
13974
13974
13969
13969
13965
13964
13960
13956
13950
13948
13942
13939
13937
13932
13926
13925
13924
13920
13915
13912
13912
13912
13910
13910
13907
13907
13906
13904
13894
13894
13892
13889
13889
13887
13881
13880
13875
13863
13861
13859
13857
13854
13854
13854
13854
13849
13841
13840
13837
13835
13834
13832
13829
13823
13820
13819
13816
13816
13813
13812
13810
13807
13806
13805
13803
13799
13779
13777
13771
13763
13761
13758
13752
13750
13750
13750
13742
13741
13741
13729
13725
13720
13719
13718
13713
13709
13709
13706
13699
13698
13697
13695
13690
13688
13681
13676
13675
13673
13664
13664
13662
13659
13650
13644
13643
13642
13635
13629
13628
13628
13619
13617
13616
13616
13613
13612
13606
13606
13606
13603
13603
13602
13600
13598
13598
13597
13584
13583
13582
13581
13580
13579
13579
13575
13573
13567
13565
13565
13564
13564
13563
13562
13560
13560
13560
13560
13553
13552
13551
13547
13546
13544
13537
13533
13532
13531
13530
13529
13528
13520
13515
13514
13514
13508
13507
13506
13506
13505
13505
13500
13499
13498
13498
13490
13489
13486
13485
13483
13482
13471
13470
13469
13467
13462
13460
13460
13458
13457
13456
13445
13433
13421
13413
13411
13398
13398
13397
13396
13395
13388
13387
13387
13386
13386
13383
13360
13360
13356
13351
13346
13345
13344
13343
13343
13336
13333
13331
13326
13321
13319
13315
13314
13312
13311
13311
13310
13309
13308
13308
13300
13300
13295
13295
13292
13291
13288
13281
13277
13268
13268
13260
13258
13258
13255
13253
13251
13248
13247
13246
13244
13244
13244
13244
13243
13235
13234
13234
13233
13229
13229
13227
13218
13216
13214
13213
13212
13210
13208
13207
13205
13204
13199
13199
13198
13194
13190
13189
13184
13183
13167
13159
13155
13151
13147
13147
13143
13139
13136
13134
13127
13123
13121
13111
13110
13109
13105
13101
13100
13096
13094
13088
13085
13083
13081
13078
13078
13076
13075
13068
13066
13062
13060
13057
13057
13054
13054
13053
13050
13048
13046
13043
13042
13042
13034
13030
13029
13027
13027
13025
13023
13019
13018
13013
13012
13011
13011
13010
13008
13006
12992
12991
12975
12974
12968
12967
12964
12962
12959
12950
12946
12945
12944
12942
12940
12937
12936
12931
12928
12924
12916
12912
12911
12910
12908
12908
12904
12900
12897
12890
12888
12888
12885
12884
12881
12878
12875
12870
12870
12868
12863
12862
12861
12857
12851
12848
12846
12846
12841
12841
12830
12828
12825
12825
12821
12817
12810
12810
12805
12803
12801
12798
12796
12795
12795
12790
12787
12777
12776
12766
12763
12762
12758
12756
12749
12743
12741
12740
12738
12728
12727
12722
12720
12717
12715
12711
12710
12710
12701
12689
12688
12686
12682
12677
12666
12666
12665
12658
12647
12644
12642
12636
12628
12623
12622
12611
12609
12602
12600
12598
12595
12588
12576
12576
12576
12575
12574
12573
12572
12568
12560
12560
12559
12558
12554
12550
12549
12545
12539
12532
12527
12526
12523
12523
12520
12515
12514
12512
12497
12496
12494
12494
12491
12486
12486
12485
12483
12479
12477
12471
12469
12468
12467
12466
12457
12449
12447
12445
12437
12437
12436
12434
12433
12433
12431
12419
12411
12410
12406
12403
12402
12400
12392
12383
12378
12373
12371
12369
12366
12365
12359
12356
12353
12350
12349
12346
12335
12334
12333
12331
12330
12317
12305
12304
12304
12302
12299
12298
12297
12289
12273
12265
12254
12254
12253
12252
12251
12251
12244
12243
12242
12240
12240
12239
12235
12234
12231
12230
12230
12224
12223
12222
12218
12217
12214
12212
12212
12209
12204
12203
12186
12183
12183
12179
12178
12167
12166
12160
12160
12158
12154
12150
12141
12137
12132
12125
12123
12122
12118
12117
12111
12109
12105
12102
12102
12095
12090
12090
12089
12085
12082
12077
12070
12062
12052
12051
12050
12047
12047
12044
12043
12036
12035
12033
12031
12030
12023
12017
12015
12013
12013
12010
12010
12003
12002
12002
12000
11999
11998
11994
11983
11981
11979
11978
11977
11973
11968
11962
11961
11960
11956
11950
11949
11949
11946
11940
11940
11939
11938
11938
11935
11934
11916
11913
11909
11908
11908
11904
11902
11898
11895
11894
11894
11893
11892
11891
11883
11881
11874
11874
11873
11866
11863
11859
11858
11856
11855
11854
11852
11845
11839
11837
11826
11826
11826
11825
11822
11809
11801
11801
11798
11797
11795
11795
11793
11793
11792
11785
11784
11782
11776
11772
11763
11763
11763
11761
11759
11759
11757
11754
11752
11752
11749
11748
11744
11743
11739
11733
11717
11715
11714
11711
11709
11708
11707
11706
11706
11696
11694
11691
11683
11681
11677
11670
11666
11663
11660
11658
11651
11644
11643
11642
11642
11632
11628
11625
11623
11623
11623
11621
11616
11615
11614
11610
11603
11601
11595
11589
11586
11583
11582
11575
11572
11570
11570
11569
11564
11562
11558
11557
11556
11546
11544
11543
11538
11535
11531
11530
11528
11527
11527
11524
11524
11521
11516
11511
11509
11504
11500
11500
11499
11494
11485
11480
11478
11475
11472
11458
11458
11454
11453
11444
11436
11434
11431
11428
11426
11423
11422
11421
11417
11413
11408
11406
11404
11400
11392
11390
11375
11374
11371
11371
11369
11365
11364
11364
11358
11353
11350
11348
11346
11340
11337
11331
11324
11317
11312
11306
11305
11305
11301
11300
11297
11297
11290
11290
11288
11288
11285
11281
11278
11274
11273
11271
11268
11255
11252
11246
11245
11244
11243
11240
11239
11233
11231
11230
11230
11228
11212
11204
11197
11197
11192
11184
11183
11181
11181
11178
11177
11173
11172
11170
11169
11164
11162
11158
11147
11146
11145
11144
11143
11136
11133
11125
11125
11110
11101
11098
11092
11086
11083
11082
11072
11072
11070
11070
11070
11064
11055
11050
11049
11049
11047
11046
11044
11040
11031
11030
11028
11025
11020
11020
11020
11018
11011
11009
11007
11005
11001
10994
10989
10988
10981
10980
10978
10978
10974
10974
10971
10964
10958
10957
10957
10956
10947
10942
10942
10940
10934
10933
10933
10928
10927
10925
10925
10912
10900
10895
10893
10892
10891
10890
10890
10887
10884
10878
10875
10874
10874
10873
10871
10869
10857
10855
10854
10843
10830
10830
10828
10820
10818
10808
10806
10804
10802
10802
10798
10797
10794
10793
10791
10788
10787
10785
10785
10776
10774
10772
10760
10756
10756
10755
10751
10749
10745
10732
10729
10729
10725
10723
10722
10720
10718
10714
10713
10712
10711
10711
10705
10696
10691
10688
10682
10680
10678
10677
10671
10660
10651
10650
10648
10640
10638
10635
10634
10624
10617
10615
10614
10611
10611
10610
10604
10602
10599
10595
10579
10574
10573
10570
10567
10559
10556
10556
10555
10552
10551
10549
10549
10548
10544
10540
10539
10538
10535
10534
10522
10520
10514
10512
10509
10508
10506
10504
10503
10489
10487
10480
10479
10474
10472
10466
10452
10448
10447
10446
10441
10440
10431
10428
10422
10419
10418
10417
10414
10413
10410
10410
10405
10402
10396
10390
10390
10385
10381
10380
10379
10378
10377
10363
10357
10355
10352
10351
10347
10328
10326
10324
10320
10315
10309
10309
10306
10305
10300
10296
10288
10285
10278
10269
10268
10263
10262
10262
10261
10258
10257
10253
10246
10240
10237
10236
10233
10231
10231
10230
10225
10220
10216
10214
10214
10208
10202
10202
10200
10198
10192
10190
10185
10184
10174
10173
10172
10165
10164
10162
10162
10155
10154
10152
10149
10143
10139
10139
10137
10134
10132
10129
10126
10123
10116
10110
10108
10105
10098
10097
10089
10086
10085
10083
10082
10073
10072
10067
10062
10060
10060
10058
10056
10052
10048
10046
10042
10040
10038
10038
10038
10037
10037
10036
10031
10026
10018
10006
10004
10004
10003
10003
9994
9989
9988
9982
9979
9978
9968
9962
9961
9958
9955
9952
9950
9949
9943
9939
9935
9933
9925
9923
9923
9920
9919
9918
9912
9906
9899
9887
9884
9879
9879
9868
9863
9862
9860
9855
9855
9854
9845
9843
9839
9834
9829
9827
9826
9819
9818
9813
9807
9807
9806
9806
9802
9801
9797
9795
9786
9781
9780
9779
9769
9758
9755
9754
9753
9745
9745
9735
9729
9728
9727
9724
9717
9717
9713
9712
9708
9707
9700
9694
9694
9694
9691
9683
9679
9675
9664
9663
9660
9658
9655
9654
9652
9647
9641
9640
9639
9638
9638
9637
9625
9624
9624
9619
9605
9605
9598
9598
9583
9582
9579
9578
9576
9576
9576
9571
9567
9560
9552
9551
9551
9550
9549
9548
9547
9545
9543
9542
9539
9538
9528
9526
9526
9524
9519
9517
9516
9513
9513
9512
9511
9510
9508
9508
9508
9505
9504
9503
9503
9502
9501
9497
9492
9492
9478
9477
9469
9467
9465
9465
9464
9453
9435
9432
9432
9430
9426
9426
9423
9417
9416
9407
9404
9403
9401
9400
9390
9381
9378
9377
9373
9372
9366
9365
9364
9362
9360
9358
9355
9350
9344
9343
9339
9337
9333
9332
9330
9328
9324
9322
9320
9315
9314
9313
9312
9309
9304
9302
9301
9299
9295
9291
9290
9284
9284
9278
9264
9263
9261
9257
9255
9254
9252
9246
9244
9238
9237
9236
9233
9232
9218
9208
9206
9205
9204
9199
9197
9197
9195
9193
9193
9192
9188
9188
9180
9178
9165
9160
9159
9157
9157
9155
9155
9154
9152
9151
9150
9149
9134
9129
9119
9116
9114
9111
9110
9109
9107
9103
9100
9099
9092
9091
9089
9086
9082
9080
9079
9077
9069
9067
9067
9066
9063
9061
9058
9056
9054
9050
9040
9040
9039
9033
9029
9028
9028
9028
9023
9021
9017
9017
9015
9014
9010
9007
9005
9004
8996
8988
8982
8970
8968
8968
8967
8964
8962
8960
8957
8957
8956
8955
8952
8950
8949
8948
8945
8933
8933
8931
8931
8927
8920
8905
8904
8904
8901
8901
8894
8889
8889
8887
8881
8877
8874
8873
8861
8854
8844
8839
8827
8824
8824
8820
8820
8819
8819
8805
8792
8790
8786
8781
8779
8776
8769
8765
8764
8763
8759
8756
8755
8750
8731
8729
8719
8715
8715
8714
8713
8712
8712
8709
8699
8694
8692
8688
8687
8687
8685
8683
8679
8679
8678
8676
8665
8662
8660
8655
8652
8650
8645
8643
8641
8638
8633
8630
8622
8622
8616
8615
8611
8611
8607
8607
8607
8606
8603
8601
8600
8599
8599
8597
8596
8596
8593
8591
8585
8585
8584
8583
8580
8580
8575
8574
8573
8572
8571
8567
8565
8560
8559
8557
8557
8554
8542
8538
8536
8535
8522
8518
8517
8514
8509
8504
8504
8502
8501
8498
8495
8494
8489
8485
8469
8469
8468
8458
8444
8439
8435
8435
8431
8430
8430
8429
8421
8419
8416
8408
8408
8406
8405
8400
8400
8394
8389
8381
8380
8378
8377
8374
8373
8372
8369
8366
8363
8361
8357
8355
8354
8351
8345
8339
8334
8332
8330
8322
8321
8317
8311
8310
8309
8309
8306
8305
8293
8291
8287
8282
8281
8275
8272
8272
8268
8267
8264
8262
8259
8254
8249
8247
8241
8237
8234
8232
8229
8221
8212
8211
8208
8206
8201
8199
8198
8189
8185
8183
8170
8165
8159
8145
8141
8139
8136
8133
8131
8130
8129
8128
8127
8126
8121
8118
8118
8118
8117
8111
8107
8102
8101
8098
8096
8092
8088
8080
8076
8076
8075
8071
8070
8070
8069
8064
8062
8060
8058
8047
8044
8043
8034
8019
8016
8015
8013
8013
8012
7998
7997
7996
7995
7993
7989
7988
7987
7982
7982
7982
7980
7978
7972
7968
7966
7964
7960
7958
7948
7944
7943
7943
7939
7934
7932
7925
7920
7917
7916
7914
7912
7909
7906
7903
7890
7888
7888
7888
7886
7884
7882
7881
7874
7874
7869
7869
7869
7865
7864
7863
7859
7855
7840
7838
7837
7836
7836
7834
7832
7832
7829
7827
7824
7815
7812
7812
7809
7808
7806
7804
7797
7796
7794
7778
7775
7774
7768
7767
7759
7755
7750
7750
7748
7743
7737
7736
7733
7732
7729
7728
7727
7723
7720
7720
7719
7718
7714
7711
7709
7708
7707
7706
7706
7705
7704
7702
7702
7698
7694
7691
7685
7683
7683
7668
7658
7653
7652
7649
7644
7642
7642
7637
7636
7634
7630
7630
7621
7621
7620
7614
7613
7611
7611
7594
7592
7587
7586
7583
7577
7577
7575
7573
7572
7565
7564
7559
7557
7557
7552
7551
7546
7543
7538
7535
7532
7522
7522
7520
7516
7510
7510
7509
7509
7499
7497
7496
7491
7489
7484
7478
7477
7477
7475
7466
7463
7463
7461
7457
7450
7448
7448
7441
7439
7433
7428
7426
7424
7418
7418
7417
7412
7410
7410
7406
7402
7397
7394
7393
7380
7379
7378
7376
7375
7374
7374
7373
7370
7370
7364
7362
7359
7348
7341
7332
7330
7329
7328
7328
7328
7315
7312
7307
7306
7300
7297
7292
7287
7285
7281
7276
7275
7275
7273
7273
7272
7269
7268
7248
7247
7231
7224
7220
7218
7218
7215
7211
7211
7201
7195
7192
7187
7187
7184
7184
7177
7173
7166
7166
7164
7153
7148
7133
7132
7117
7116
7106
7105
7104
7101
7101
7101
7098
7092
7090
7088
7087
7085
7081
7077
7077
7071
7069
7067
7067
7067
7066
7064
7063
7059
7054
7054
7051
7041
7038
7033
7029
7028
7028
7027
7024
7015
7011
7010
7010
7009
7007
7002
6998
6993
6984
6981
6978
6974
6972
6970
6965
6963
6963
6957
6948
6946
6946
6943
6939
6938
6935
6934
6933
6930
6921
6921
6909
6905
6898
6888
6887
6887
6882
6872
6871
6869
6865
6863
6862
6861
6859
6858
6858
6858
6849
6848
6845
6844
6842
6836
6836
6835
6833
6828
6820
6820
6818
6801
6798
6797
6794
6792
6792
6790
6783
6782
6777
6777
6770
6766
6766
6765
6763
6763
6751
6740
6738
6736
6731
6728
6726
6721
6719
6709
6704
6703
6700
6697
6688
6687
6679
6673
6672
6671
6666
6660
6660
6653
6652
6651
6651
6650
6640
6638
6636
6630
6624
6623
6622
6622
6617
6614
6607
6606
6601
6598
6593
6593
6591
6589
6588
6585
6582
6576
6566
6565
6560
6558
6557
6550
6549
6545
6545
6543
6543
6541
6540
6538
6537
6533
6526
6526
6526
6525
6525
6523
6523
6520
6519
6519
6517
6516
6513
6511
6500
6498
6497
6493
6481
6478
6477
6472
6471
6469
6455
6449
6449
6448
6446
6439
6431
6424
6423
6417
6417
6415
6415
6409
6408
6401
6401
6400
6398
6398
6389
6387
6385
6384
6380
6373
6369
6368
6366
6364
6361
6360
6356
6355
6354
6351
6350
6347
6347
6345
6345
6343
6336
6334
6333
6333
6333
6330
6329
6328
6326
6322
6319
6319
6319
6310
6306
6303
6301
6299
6297
6295
6291
6288
6272
6270
6267
6265
6262
6260
6260
6252
6250
6236
6232
6232
6231
6227
6224
6223
6221
6216
6209
6206
6200
6199
6197
6191
6191
6188
6187
6186
6181
6180
6176
6168
6162
6161
6160
6155
6153
6153
6153
6150
6148
6147
6138
6137
6134
6133
6131
6127
6126
6125
6123
6119
6113
6110
6103
6101
6096
6091
6088
6087
6083
6079
6077
6075
6072
6068
6062
6052
6048
6046
6045
6045
6043
6030
6024
6021
6014
6009
6007
6000
5998
5995
5993
5990
5985
5981
5981
5977
5976
5975
5974
5969
5968
5964
5962
5949
5948
5948
5945
5943
5931
5928
5928
5927
5922
5918
5913
5912
5908
5907
5907
5905
5895
5890
5888
5887
5884
5882
5880
5876
5876
5874
5873
5872
5869
5867
5865
5864
5860
5855
5854
5853
5852
5848
5846
5843
5843
5841
5834
5833
5833
5828
5824
5822
5821
5818
5817
5815
5814
5811
5801
5795
5794
5788
5788
5787
5785
5783
5769
5763
5760
5759
5744
5740
5739
5738
5736
5725
5722
5721
5717
5717
5714
5710
5708
5707
5705
5704
5702
5695
5693
5693
5684
5683
5682
5681
5675
5674
5670
5668
5665
5664
5659
5656
5655
5653
5652
5650
5643
5635
5634
5634
5629
5628
5628
5618
5617
5600
5598
5588
5588
5586
5583
5582
5576
5576
5573
5566
5566
5564
5564
5562
5555
5554
5550
5550
5544
5543
5540
5538
5531
5527
5524
5524
5523
5509
5509
5506
5504
5502
5499
5499
5497
5495
5490
5488
5485
5483
5480
5479
5479
5477
5477
5467
5465
5457
5456
5455
5452
5450
5443
5441
5440
5434
5419
5419
5418
5417
5416
5415
5413
5412
5411
5407
5407
5406
5402
5400
5387
5384
5369
5363
5361
5357
5355
5355
5352
5351
5349
5346
5344
5343
5340
5336
5331
5331
5327
5320
5318
5318
5318
5315
5314
5314
5294
5291
5290
5289
5289
5286
5284
5272
5268
5266
5264
5261
5258
5253
5251
5250
5247
5247
5247
5247
5246
5244
5244
5233
5233
5227
5223
5220
5216
5214
5210
5203
5202
5198
5191
5191
5184
5179
5178
5172
5172
5166
5165
5159
5155
5149
5148
5148
5147
5144
5135
5135
5133
5133
5131
5129
5129
5126
5119
5119
5114
5108
5098
5096
5089
5087
5086
5084
5083
5077
5073
5072
5072
5063
5045
5044
5041
5040
5035
5032
5031
5019
5016
5014
5013
5011
5010
5008
5006
5005
5003
4996
4989
4987
4986
4986
4984
4983
4983
4972
4972
4971
4967
4966
4964
4963
4963
4954
4953
4952
4949
4947
4946
4942
4935
4931
4931
4924
4920
4918
4915
4911
4909
4904
4902
4901
4900
4900
4898
4893
4893
4890
4886
4883
4883
4881
4880
4867
4862
4857
4855
4852
4850
4850
4848
4847
4846
4841
4839
4831
4825
4824
4817
4815
4814
4804
4802
4802
4798
4798
4796
4795
4794
4789
4787
4786
4785
4784
4771
4768
4767
4765
4765
4760
4756
4752
4751
4751
4739
4738
4734
4719
4718
4718
4718
4718
4712
4711
4706
4705
4700
4699
4697
4671
4670
4666
4666
4661
4656
4653
4649
4639
4635
4634
4616
4615
4610
4609
4601
4600
4594
4589
4587
4584
4578
4575
4574
4573
4570
4569
4569
4568
4567
4565
4557
4553
4547
4547
4546
4545
4542
4541
4539
4535
4533
4533
4530
4528
4527
4523
4518
4512
4507
4499
4499
4498
4491
4490
4489
4489
4488
4482
4477
4477
4464
4459
4459
4456
4456
4454
4454
4451
4450
4449
4447
4444
4442
4442
4441
4439
4435
4434
4432
4430
4427
4423
4421
4420
4420
4419
4412
4411
4409
4408
4407
4407
4405
4405
4404
4402
4393
4392
4391
4389
4389
4388
4386
4384
4382
4382
4381
4376
4375
4375
4374
4373
4366
4365
4362
4359
4358
4356
4343
4340
4338
4336
4335
4333
4332
4332
4330
4325
4321
4321
4312
4310
4308
4308
4306
4301
4298
4297
4288
4288
4287
4286
4284
4282
4281
4280
4280
4276
4275
4273
4272
4272
4266
4264
4263
4263
4257
4254
4247
4244
4241
4237
4235
4233
4229
4226
4224
4223
4222
4221
4221
4220
4218
4218
4210
4209
4206
4206
4205
4204
4202
4201
4200
4198
4196
4194
4191
4189
4189
4189
4187
4182
4180
4178
4176
4171
4170
4168
4155
4142
4138
4126
4124
4122
4118
4112
4111
4106
4105
4105
4103
4103
4100
4094
4092
4089
4088
4086
4081
4072
4072
4070
4068
4067
4053
4047
4047
4045
4044
4044
4043
4042
4042
4037
4034
4025
4020
4019
4014
4012
4010
4009
4004
4003
4003
3995
3994
3984
3980
3976
3975
3974
3968
3967
3964
3957
3956
3944
3938
3935
3929
3928
3924
3921
3915
3903
3901
3887
3884
3872
3867
3866
3863
3853
3853
3851
3846
3845
3845
3845
3835
3832
3826
3821
3817
3812
3809
3802
3790
3789
3787
3785
3784
3782
3781
3776
3773
3770
3769
3761
3755
3754
3752
3745
3740
3739
3738
3735
3732
3729
3725
3725
3723
3718
3714
3710
3703
3691
3691
3688
3684
3678
3673
3672
3670
3667
3665
3664
3659
3657
3646
3645
3643
3641
3641
3640
3635
3634
3626
3624
3615
3612
3609
3608
3605
3596
3595
3593
3588
3587
3583
3583
3583
3581
3579
3576
3574
3571
3571
3569
3569
3562
3555
3553
3544
3544
3536
3533
3530
3529
3528
3526
3525
3525
3524
3524
3524
3510
3510
3510
3510
3509
3507
3505
3505
3496
3492
3490
3488
3487
3482
3461
3460
3460
3452
3449
3445
3441
3441
3441
3440
3433
3432
3432
3430
3428
3428
3413
3408
3402
3399
3398
3395
3394
3391
3386
3385
3383
3383
3383
3380
3378
3376
3376
3367
3365
3365
3364
3360
3343
3337
3334
3332
3330
3329
3326
3324
3322
3319
3307
3304
3300
3295
3292
3292
3291
3290
3290
3286
3284
3273
3269
3267
3267
3264
3262
3258
3253
3251
3246
3246
3241
3238
3238
3226
3224
3222
3216
3210
3203
3202
3201
3199
3199
3199
3198
3196
3184
3184
3172
3168
3167
3167
3167
3165
3161
3161
3155
3152
3148
3135
3134
3133
3131
3130
3130
3129
3126
3122
3114
3112
3110
3106
3106
3103
3099
3098
3097
3093
3090
3086
3078
3075
3073
3070
3067
3057
3055
3055
3054
3054
3052
3050
3048
3047
3037
3036
3035
3031
3028
3024
3022
3018
3017
3016
3013
3004
3003
3003
3000
2993
2991
2990
2990
2978
2971
2971
2968
2965
2965
2965
2965
2963
2956
2952
2947
2946
2944
2939
2938
2933
2928
2920
2913
2912
2909
2907
2903
2894
2886
2886
2886
2873
2870
2865
2864
2860
2854
2851
2849
2838
2832
2827
2818
2817
2817
2816
2815
2813
2805
2804
2803
2803
2802
2801
2798
2793
2787
2786
2784
2780
2779
2777
2763
2752
2752
2750
2749
2748
2744
2741
2740
2738
2735
2732
2726
2721
2721
2717
2714
2712
2711
2707
2707
2706
2703
2696
2695
2694
2691
2690
2684
2684
2680
2679
2676
2675
2673
2671
2670
2668
2658
2656
2655
2654
2650
2649
2648
2646
2640
2637
2637
2633
2629
2619
2619
2616
2611
2611
2606
2596
2588
2574
2568
2566
2564
2555
2552
2552
2551
2548
2538
2536
2535
2529
2524
2523
2520
2519
2514
2514
2510
2500
2497
2494
2492
2491
2489
2488
2484
2483
2480
2471
2470
2468
2467
2466
2462
2461
2459
2456
2455
2454
2450
2448
2447
2445
2443
2442
2433
2432
2431
2430
2430
2428
2425
2425
2425
2423
2420
2419
2416
2401
2394
2392
2392
2392
2391
2389
2387
2387
2385
2382
2378
2377
2375
2373
2372
2372
2371
2365
2364
2360
2358
2347
2346
2345
2344
2343
2340
2336
2336
2333
2329
2328
2324
2313
2312
2312
2311
2310
2297
2296
2296
2295
2291
2291
2286
2283
2276
2275
2271
2254
2249
2248
2248
2244
2244
2240
2237
2233
2224
2220
2209
2208
2205
2202
2197
2197
2194
2191
2185
2184
2183
2181
2176
2173
2172
2171
2159
2156
2147
2140
2138
2137
2132
2132
2131
2124
2122
2118
2109
2108
2102
2100
2099
2098
2094
2092
2088
2075
2065
2064
2063
2058
2055
2055
2052
2049
2040
2039
2039
2035
2033
2031
2028
2027
2023
2020
2019
2012
2009
2009
2009
2004
1998
1992
1992
1987
1986
1982
1980
1977
1975
1973
1958
1958
1957
1955
1953
1948
1940
1938
1931
1921
1920
1920
1918
1908
1903
1901
1881
1872
1869
1867
1867
1866
1858
1857
1854
1854
1852
1851
1850
1849
1847
1840
1833
1832
1830
1829
1829
1828
1827
1825
1824
1813
1813
1812
1811
1801
1792
1790
1790
1788
1787
1784
1781
1778
1776
1775
1774
1770
1769
1765
1752
1744
1738
1736
1735
1733
1724
1719
1714
1711
1706
1697
1697
1695
1693
1693
1693
1692
1691
1686
1683
1681
1680
1679
1677
1669
1663
1659
1657
1654
1647
1647
1647
1638
1633
1621
1619
1611
1609
1607
1581
1580
1579
1576
1569
1567
1564
1558
1558
1557
1554
1551
1551
1548
1548
1546
1535
1531
1527
1519
1515
1513
1512
1511
1510
1506
1505
1502
1500
1494
1489
1485
1471
1464
1463
1452
1450
1450
1444
1443
1439
1439
1437
1428
1426
1423
1421
1421
1415
1415
1409
1399
1399
1396
1394
1392
1392
1390
1384
1380
1378
1378
1376
1375
1374
1371
1366
1365
1365
1359
1355
1350
1347
1343
1341
1338
1337
1336
1332
1328
1324
1320
1314
1309
1308
1307
1306
1295
1287
1287
1281
1279
1267
1265
1265
1263
1262
1261
1261
1258
1255
1252
1250
1250
1245
1243
1243
1238
1237
1236
1229
1226
1226
1219
1215
1214
1208
1206
1204
1196
1194
1191
1191
1190
1189
1186
1181
1181
1180
1177
1174
1171
1165
1161
1153
1150
1148
1147
1143
1140
1134
1134
1133
1132
1128
1120
1120
1117
1115
1106
1106
1103
1102
1095
1091
1091
1091
1084
1080
1072
1063
1061
1061
1060
1053
1049
1048
1047
1046
1045
1045
1042
1041
1039
1038
1026
1024
1015
1012
1008
1007
1006
1004
1001
996
994
993
993
989
978
972
971
971
971
966
963
958
951
949
948
935
933
930
927
924
922
922
917
916
915
914
907
906
900
899
899
898
896
896
894
892
885
885
884
882
872
864
864
856
855
854
852
848
846
844
844
839
837
837
837
834
834
832
831
826
824
814
814
809
805
805
791
788
786
785
769
769
768
766
762
762
762
756
748
748
746
736
736
729
727
725
718
716
715
713
711
710
708
704
704
702
702
701
700
697
696
695
693
692
690
679
659
650
646
643
643
639
628
627
623
622
621
619
614
612
605
603
603
601
598
583
572
571
567
564
561
559
557
557
554
552
535
530
525
524
515
511
503
499
498
489
479
475
474
473
473
472
471
469
468
465
463
460
454
452
448
448
434
429
427
427
427
426
421
420
412
409
406
405
402
396
394
391
391
389
387
382
377
368
366
365
358
357
354
352
352
345
343
343
343
341
334
328
328
326
322
320
314
309
309
308
306
304
304
296
295
294
293
288
287
286
284
284
282
279
277
276
275
267
266
263
258
255
254
253
252
246
245
244
236
235
234
220
220
219
218
217
215
214
214
214
213
213
212
209
207
201
196
195
193
190
188
185
182
174
173
170
169
167
163
162
156
155
151
147
132
130
129
129
127
125
124
116
113
112
107
106
101
98
98
97
95
93
91
90
89
88
83
81
79
79
74
65
65
61
59
55
53
52
51
41
40
40
36
36
35
32
32
32
30
30
26
20
4
2
2
