32765
32650
32638
32602
32569
32406
32288
32273
32139
32134
32090
32085
32076
32056
31927
31908
31885
31880
31873
31816
31710
31707
31656
31618
31560
31500
31478
31447
31417
31393
31379
31367
31254
31243
31213
31205
31170
31154
31031
31018
30943
30937
30908
30848
30832
30798
30794
30793
30742
30703
30643
30599
30595
30578
30543
30530
30495
30489
30410
30348
30293
30195
30159
30128
29970
29942
29937
29932
29909
29872
29846
29817
29795
29712
29703
29698
29693
29691
29664
29611
29608
29603
29591
29580
29565
29544
29475
29346
29312
29242
29200
29193
29129
29056
28983
28977
28933
28926
28879
28856
28854
28805
28802
28793
28786
28783
28774
28773
28757
28747
28736
28730
28706
28664
28601
28582
28558
28541
28521
28505
28504
28477
28442
28388
28370
28365
28333
28321
28311
28279
28239
28224
28090
28043
28042
28019
27981
27975
27909
27908
27903
27902
27896
27894
27855
27826
27806
27752
27732
27725
27709
27701
27693
27666
27666
27561
27516
27516
27494
27487
27459
27429
27426
27405
27334
27319
27312
27282
27278
27213
27140
27065
27037
26981
26950
26862
26859
26841
26815
26814
26805
26700
26693
26684
26669
26655
26653
26643
26634
26621
26608
26605
26604
26569
26566
26499
26451
26381
26338
26271
26254
26237
26233
26229
26174
26140
26108
26061
26051
26043
25980
25898
25857
25815
25813
25809
25791
25782
25780
25759
25658
25648
25628
25568
25538
25513
25471
25411
25410
25392
25366
25328
25248
25232
25215
25179
25149
25147
25116
25085
25000
24990
24975
24939
24931
24918
24912
24893
24871
24840
24799
24782
24731
24707
24704
24696
24651
24616
24602
24585
24581
24561
24457
24454
24424
24394
24266
24225
24158
24086
24056
24035
24013
23997
23991
23977
23930
23865
23832
23783
23782
23685
23593
23572
23518
23513
23431
23375
23267
23260
23113
23108
23060
23047
23013
22990
22934
22851
22846
22814
22785
22780
22769
22730
22701
22695
22633
22607
22431
22422
22414
22385
22365
22362
22347
22201
22188
22178
22118
22106
22054
22027
22023
21999
21988
21939
21900
21861
21849
21835
21751
21645
21618
21580
21558
21544
21537
21525
21524
21440
21413
21391
21373
21216
21212
21166
21157
21154
21131
21109
21106
21088
21047
20969
20967
20848
20835
20823
20691
20659
20582
20506
20493
20487
20464
20412
20402
20373
20350
20341
20330
20325
20305
20265
20212
20206
20159
20120
20105
20070
20061
20053
20048
20008
19970
19966
19958
19847
19828
19801
19754
19731
19726
19724
19696
19691
19660
19614
19576
19551
19533
19525
19483
19449
19395
19390
19384
19373
19362
19287
19274
19270
19259
19212
19190
19183
19139
19091
19047
19014
18967
18960
18951
18940
18931
18914
18878
18830
18797
18747
18669
18652
18544
18541
18489
18489
18487
18373
18372
18296
18250
18241
18192
18159
18153
18122
18107
18102
18059
18015
17974
17968
17959
17952
17917
17901
17879
17844
17754
17722
17711
17710
17709
17680
17609
17545
17506
17442
17401
17363
17335
17301
17294
17267
17261
17252
17250
17241
17231
17190
17151
17103
17087
17080
17036
16997
16996
16957
16939
16895
16864
16860
16804
16757
16723
16712
16682
16602
16497
16475
16432
16430
16424
16423
16405
16369
16344
16304
16293
16286
16197
16167
16143
16106
16091
16054
16034
15976
15861
15727
15688
15640
15615
15612
15588
15549
15544
15532
15529
15517
15493
15423
15419
15356
15353
15346
15329
15258
15233
15232
15207
15193
15087
15024
15010
14940
14924
14900
14890
14880
14811
14801
14765
14702
14699
14690
14639
14628
14628
14621
14533
14469
14414
14407
14398
14390
14306
14265
14238
14234
14209
14197
14159
14089
14085
13992
13876
13842
13799
13782
13755
13750
13666
13645
13631
13627
13517
13485
13462
13374
13362
13315
13284
13259
13258
13253
13252
13186
13177
13119
13084
13067
13024
12924
12900
12857
12856
12844
12844
12737
12728
12686
12665
12634
12627
12423
12402
12386
12344
12334
12271
12263
12207
12194
12164
12085
12054
12010
11967
11959
11931
11920
11901
11897
11821
11762
11743
11719
11678
11668
11649
11609
11576
11540
11534
11513
11513
11436
11429
11384
11374
11320
11258
11255
11202
11139
11125
11038
11019
10996
10987
10984
10978
10926
10918
10724
10676
10668
10657
10628
10566
10556
10473
10455
10444
10441
10429
10390
10281
10278
10247
10167
10150
10118
10108
10096
10095
10035
10018
10014
9981
9981
9969
9952
9814
9809
9807
9671
9585
9539
9527
9508
9488
9474
9471
9417
9401
9340
9304
9296
9272
9263
9208
9189
9065
9058
8944
8932
8928
8902
8805
8803
8780
8757
8738
8736
8709
8704
8695
8636
8592
8581
8545
8526
8525
8472
8465
8388
8386
8375
8357
8293
8278
8245
8242
8237
8204
8168
8150
8025
7916
7913
7880
7848
7824
7695
7694
7662
7658
7615
7599
7496
7494
7485
7459
7426
7423
7349
7346
7284
7250
7234
7219
7208
7179
7161
7080
7079
7065
7022
7000
6968
6966
6928
6861
6823
6801
6758
6737
6676
6672
6629
6608
6590
6590
6586
6542
6535
6533
6520
6447
6435
6423
6414
6354
6323
6319
6300
6271
6259
6178
6097
6082
6038
6029
6011
5998
5963
5862
5858
5831
5794
5758
5749
5698
5673
5657
5648
5631
5599
5590
5583
5564
5564
5557
5547
5535
5520
5448
5400
5325
5318
5298
5259
5217
5204
5202
5152
5072
5057
5019
5015
5000
4996
4982
4948
4935
4893
4884
4852
4798
4718
4655
4650
4648
4599
4593
4542
4531
4501
4468
4206
4199
4190
4149
4112
4083
4052
4037
4030
4014
3985
3954
3882
3873
3868
3859
3841
3810
3788
3759
3759
3710
3705
3670
3646
3626
3617
3603
3554
3548
3391
3390
3381
3350
3340
3292
3254
3184
3160
3155
3100
3087
3016
3004
2992
2970
2969
2962
2955
2920
2903
2835
2736
2628
2625
2558
2554
2522
2360
2293
2168
2149
2092
2052
2012
1968
1954
1920
1915
1914
1912
1877
1847
1806
1797
1774
1739
1720
1709
1706
1690
1685
1639
1634
1632
1574
1564
1562
1505
1496
1475
1472
1380
1380
1287
1172
1134
1114
1071
959
904
881
831
766
733
708
701
659
636
610
596
592
577
577
544
491
487
484
277
264
246
218
194
142
133
121
33
21
