30785
8260
4771
17181
4630
25254
17838
16739
459
15751
9815
23004
15681
1325
23155
15630
21824
20641
24568
21922
7459
17893
19088
9476
8515
28148
19936
19901
6180
19582
8341
26512
14946
14176
1075
31062
11609
10725
32156
13465
27799
4031
2659
20211
24067
17347
24270
5413
31946
15976
30893
5110
18189
12285
4829
29394
23115
685
17819
23582
27280
53
24458
3932
91
5983
17282
30979
10576
32069
22302
27676
1954
9799
19972
22940
27710
21193
24051
8580
26552
11181
10126
22971
32246
10900
24554
9894
26783
18900
1753
397
5185
14391
13812
2221
17476
3193
21610
13597
2450
13440
15243
4705
30724
7257
6164
21456
18059
18679
5176
25510
17955
25258
5747
18408
23416
27488
8462
30971
26453
7327
7792
1539
18896
10558
9771
8956
27703
24294
1730
31899
32185
25420
8252
28130
20180
2348
23402
29573
30594
30980
18935
30976
13347
10646
15156
23413
9513
25627
20897
15943
23941
20551
25914
3447
27605
17409
16008
18881
19018
21215
30307
31349
24922
22883
1671
24855
2347
32759
22238
19126
13755
29098
21383
6924
14799
17064
22441
27995
19617
17019
30971
26370
15944
13828
15
6113
1767
13623
6497
1139
7318
10394
2851
13732
15376
8827
31686
27255
4129
4084
5448
18265
25549
32160
4416
8002
19264
27674
31147
12945
28538
28729
10868
32676
26807
6926
24517
314
21407
26010
23824
30346
3378
7247
30940
4383
16753
1613
6480
9338
14541
17497
28032
13158
4177
9117
28539
30489
18574
24610
31505
15375
22346
4878
1380
12454
10215
18589
16694
378
13973
31200
15340
24446
12855
26168
16229
19423
20758
2194
1149
17817
17480
9312
607
13525
30174
9818
26254
12297
32208
21753
435
30414
31145
3248
13604
16000
13043
1001
11576
11416
16480
21187
29773
6857
3517
14988
10902
220
30359
26880
28325
8267
24490
13119
17084
19872
31502
1168
31443
29579
8992
31960
32617
11206
30769
31448
28939
2473
11505
3625
30885
29324
11673
3321
20620
8160
3547
18819
21063
9996
27019
9040
5409
8969
9226
28719
26991
23484
12918
30965
15521
1814
23699
1525
12811
32750
8312
14142
31857
3737
9465
9367
17492
8015
26328
315
9983
573
3243
16213
6736
4457
3467
28474
16711
22602
5761
22120
32080
6435
23217
31298
18512
19491
14916
6793
9074
29758
27671
22426
9902
26057
5669
106
32030
23256
181
17473
23040
29016
20547
17465
12938
28395
29231
16502
18545
26246
10279
23842
20792
7117
24149
15152
17977
16425
14409
24780
10612
26031
165
11684
19227
17328
26507
22233
23513
10528
15303
9924
22502
14503
2747
31849
5836
19081
21262
18108
3062
4150
13844
30614
1021
21936
21499
10869
27314
31905
16059
31478
26091
3384
12220
18196
20750
30919
27716
22814
25951
27166
1191
13690
6921
16293
23084
2075
3822
2875
6081
28099
31022
13266
2399
5370
121
5319
32315
29386
30229
14082
8626
1855
18094
32722
30449
28065
11233
29061
25447
13423
27271
22986
29676
14620
10689
2504
18606
905
11976
29690
21472
23877
2418
19409
22305
8326
32131
775
19373
31463
13497
16580
8517
8159
1429
11892
32735
9989
23275
13923
30734
4614
2089
4125
20015
13922
5735
13960
19545
1769
22066
9149
18178
30969
16920
28331
16497
372
32243
9835
22248
25988
32502
1888
27021
23310
10361
26134
8220
13559
27012
27608
16719
5913
10013
271
1032
28164
32594
349
18244
9845
12549
5501
23744
24726
13434
20185
21097
6907
20641
24808
26244
4440
14628
5198
4770
19204
305
20401
22849
5422
28420
21084
16962
25825
31803
31894
12815
23737
3801
16832
1928
29283
14103
8241
11442
28630
32239
15058
1566
19539
4198
28792
27931
6429
21404
3332
8347
32249
11668
28733
22758
356
3780
18024
27136
6295
2140
11949
8411
15163
31575
27433
18237
30444
11330
30418
31343
15983
18383
7438
16555
28852
9241
28435
2371
21386
19124
13053
913
32292
6012
10416
30882
28495
30747
16500
5025
19313
6231
8009
17669
32321
1825
3343
11386
15432
8285
10327
13713
8219
18290
31750
21286
24405
16018
21168
1429
21335
9926
25518
6044
20927
29889
13829
15886
4265
26209
21750
1597
4776
17668
12900
16165
22146
144
21226
18776
18095
28481
8121
31149
9360
15921
31282
31400
27504
24233
27975
22696
26427
31785
6289
9427
31488
18233
12593
23234
21288
8430
13417
29931
32628
29499
10230
23506
12472
16893
1075
7151
5721
16580
9198
3678
6024
31074
22025
24649
25659
20278
27857
9494
6640
27446
26398
24399
30753
23741
3887
11349
24710
31514
11074
32452
7949
21460
7158
5029
13722
12735
1121
3671
10110
2240
22513
26426
185
21087
27139
6432
5360
10001
23365
14708
12844
8259
204
26408
17240
20262
8436
15456
7801
21565
8699
12000
31403
25512
1628
2870
18911
16942
21229
30375
29270
1804
15032
9178
9180
11903
11417
9798
17605
18707
7836
4189
12969
21418
13075
18550
21215
1099
4986
16507
11962
6064
7436
31831
6022
27534
15137
4892
3648
29090
2894
5880
27417
18304
10043
4054
169
32539
12354
29907
14067
25619
30925
20583
23069
18881
26476
31568
6380
11780
28601
6717
28417
15562
15596
19008
30421
94
27197
10225
24438
19059
25853
7521
511
8692
21619
8901
21208
16777
9079
24031
10931
29417
2000
19499
9025
21218
9038
25551
952
18986
6824
22336
30982
18147
15891
26547
5586
752
8102
29258
22071
25338
13169
9211
9023
14912
21847
64
4641
32547
20655
9857
23355
15469
17822
577
17614
19301
2098
21002
32123
8851
21823
12569
8833
17747
30970
4042
28084
8220
17239
18114
18236
23950
26146
12510
14099
61
6367
30687
29244
19775
7779
32722
32708
21367
2095
7488
12666
7072
21391
538
27757
19737
15479
3427
32042
21363
25112
27035
29618
20666
6469
9711
17213
26759
2185
13858
8626
12226
27140
1337
25313
19767
3850
1769
19334
5856
377
29633
6142
14316
24286
7191
12998
11155
18759
32180
22201
6297
2534
2111
6406
22947
16746
15466
5874
15933
16925
4574
17235
20647
28606
20455
4040
11363
16668
17631
28089
12671
16247
2140
25362
8354
8086
13337
11966
27609
20648
16293
14566
18463
7387
27341
19174
19374
14270
25290
19219
9480
22103
3627
30768
14020
11524
11137
24745
9241
