32764
32762
32759
32759
32757
32754
32753
32750
32745
32739
32738
32731
32726
32726
32721
32718
32714
32713
32712
32710
32708
32707
32705
32705
32703
32699
32699
32692
32688
32687
32685
32682
32681
32680
32676
32675
32671
32670
32664
32664
32662
32658
32656
32655
32648
32644
32636
32634
32634
32630
32621
32618
32614
32613
32612
32610
32609
32607
32606
32605
32604
32602
32595
32593
32588
32585
32575
32570
32566
32564
32562
32554
32548
32544
32541
32534
32533
32529
32528
32528
32526
32517
32515
32508
32504
32502
32500
32495
32495
32493
32485
32479
32466
32462
32456
32456
32451
32450
32447
32444
32443
32442
32442
32433
32427
32425
32422
32418
32417
32409
32406
32401
32398
32396
32393
32393
32392
32386
32386
32384
32384
32382
32370
32369
32368
32367
32365
32365
32362
32360
32359
32357
32355
32347
32341
32339
32334
32333
32331
32326
32320
32316
32312
32306
32297
32295
32286
32283
32282
32279
32277
32273
32256
32253
32247
32241
32241
32240
32237
32237
32231
32216
32207
32204
32202
32194
32188
32186
32186
32184
32181
32180
32179
32178
32176
32174
32172
32172
32160
32150
32148
32147
32138
32138
32133
32132
32132
32130
32130
32128
32127
32118
32118
32114
32112
32111
32110
32109
32105
32103
32101
32101
32100
32095
32093
32092
32089
32082
32080
32079
32077
32076
32070
32069
32067
32067
32065
32062
32061
32060
32058
32056
32056
32056
32045
32045
32043
32037
32018
32011
32007
32004
32003
32000
32000
31995
31995
31994
31991
31988
31986
31986
31979
31976
31965
31959
31956
31953
31952
31952
31949
31946
31929
31925
31923
31921
31919
31917
31916
31915
31900
31895
31893
31889
31884
31882
31872
31872
31872
31865
31864
31862
31861
31859
31856
31856
31854
31847
31847
31841
31840
31837
31836
31835
31833
31830
31827
31826
31826
31826
31819
31817
31815
31805
31804
31804
31804
31804
31801
31798
31793
31793
31788
31788
31787
31786
31785
31785
31780
31776
31775
31775
31766
31765
31765
31764
31763
31763
31738
31730
31729
31724
31723
31718
31718
31717
31716
31715
31712
31706
31705
31703
31698
31694
31694
31693
31693
31692
31689
31686
31685
31683
31683
31681
31678
31677
31671
31658
31656
31654
31648
31641
31636
31633
31632
31631
31630
31620
31616
31613
31613
31611
31610
31606
31605
31588
31588
31586
31579
31578
31576
31576
31576
31574
31572
31566
31560
31551
31549
31546
31546
31544
31543
31537
31534
31533
31531
31529
31525
31524
31521
31520
31518
31518
31518
31517
31516
31514
31512
31509
31503
31494
31493
31491
31491
31489
31488
31483
31483
31482
31481
31478
31476
31468
31468
31467
31464
31461
31457
31455
31455
31450
31449
31446
31446
31445
31436
31432
31430
31430
31429
31424
31421
31418
31417
31412
31410
31408
31396
31394
31393
31393
31389
31386
31386
31384
31380
31373
31364
31361
31359
31358
31355
31354
31352
31346
31343
31340
31337
31335
31335
31334
31328
31324
31323
31322
31316
31315
31314
31312
31308
31307
31307
31306
31302
31302
31286
31284
31268
31254
31253
31247
31245
31242
31237
31236
31233
31229
31227
31221
31221
31219
31218
31214
31211
31207
31204
31199
31194
31193
31193
31191
31191
31190
31189
31185
31182
31179
31171
31167
31158
31157
31157
31154
31149
31143
31133
31131
31130
31130
31126
31125
31116
31113
31112
31109
31107
31104
31103
31098
31094
31093
31091
31090
31089
31089
31089
31086
31082
31073
31072
31066
31062
31061
31054
31048
31045
31043
31041
31038
31030
31029
31029
31027
31021
31018
31017
31015
31015
31007
31005
31004
31002
30997
30997
30996
30996
30988
30977
30971
30970
30969
30966
30959
30952
30943
30935
30931
30927
30927
30923
30914
30914
30909
30904
30896
30895
30892
30892
30890
30882
30882
30881
30881
30878
30875
30874
30863
30857
30853
30850
30849
30848
30845
30838
30834
30830
30815
30810
30807
30804
30800
30793
30792
30789
30786
30782
30782
30777
30776
30772
30771
30771
30769
30763
30761
30759
30756
30750
30750
30746
30745
30741
30738
30737
30736
30723
30718
30711
30708
30707
30706
30706
30698
30694
30694
30693
30686
30683
30682
30681
30670
30668
30667
30667
30666
30656
30647
30641
30640
30638
30628
30626
30612
30608
30601
30591
30588
30588
30581
30580
30577
30577
30566
30561
30559
30557
30556
30556
30534
30530
30518
30516
30510
30507
30503
30503
30502
30498
30496
30495
30492
30489
30485
30483
30478
30466
30458
30458
30457
30455
30451
30450
30433
30427
30426
30424
30424
30417
30411
30400
30400
30394
30386
30386
30386
30385
30385
30382
30381
30380
30380
30377
30375
30373
30366
30366
30362
30362
30360
30355
30351
30349
30343
30341
30339
30326
30322
30321
30321
30315
30312
30301
30301
30283
30280
30273
30269
30264
30263
30262
30262
30261
30259
30255
30254
30248
30242
30235
30235
30233
30230
30227
30224
30223
30223
30220
30211
30210
30209
30207
30204
30201
30199
30189
30188
30186
30184
30184
30181
30181
30179
30179
30177
30176
30173
30172
30168
30167
30162
30162
30161
30160
30157
30156
30154
30151
30148
30142
30141
30135
30132
30130
30125
30122
30117
30117
30112
30106
30100
30098
30097
30089
30088
30085
30079
30078
30076
30065
30065
30064
30061
30055
30053
30050
30050
30048
30043
30042
30037
30033
30029
30026
30024
30022
30018
30017
30008
30006
30006
29994
29987
29987
29984
29984
29982
29976
29975
29974
29972
29970
29967
29960
29960
29955
29952
29952
29949
29944
29942
29929
29928
29927
29917
29907
29903
29901
29900
29892
29889
29886
29884
29875
29871
29871
29868
29864
29862
29858
29855
29855
29848
29848
29846
29846
29842
29834
29832
29831
29821
29821
29817
29811
29809
29807
29806
29805
29804
29793
29789
29787
29785
29782
29782
29781
29778
29777
29776
29775
29772
29768
29767
29765
29765
29764
29761
29760
29760
29759
29755
29749
29740
29737
29736
29733
29731
29707
29705
29699
29698
29697
29694
29694
29690
29689
29688
29686
29682
29667
29663
29662
29658
29650
29646
29643
29635
29635
29634
29630
29628
29625
29625
29622
29619
29612
29609
29602
29592
29584
29583
29578
29578
29575
29575
29571
29569
29567
29564
29559
29552
29549
29547
29547
29540
29538
29538
29532
29529
29526
29521
29520
29519
29516
29516
29510
29509
29506
29500
29500
29496
29490
29489
29484
29480
29466
29464
29460
29451
29448
29446
29442
29439
29433
29433
29432
29426
29422
29421
29419
29417
29413
29412
29408
29407
29406
29405
29399
29398
29381
29379
29377
29373
29372
29369
29368
29356
29353
29352
29345
29343
29341
29339
29337
29333
29332
29331
29330
29325
29319
29318
29315
29313
29311
29305
29304
29304
29300
29293
29293
29290
29285
29283
29283
29280
29278
29278
29277
29270
29268
29268
29265
29262
29258
29258
29251
29250
29249
29249
29248
29245
29244
29236
29236
29227
29225
29224
29223
29218
29214
29213
29209
29207
29206
29205
29204
29203
29202
29195
29195
29191
29189
29186
29183
29178
29178
29177
29176
29174
29169
29169
29160
29158
29156
29151
29151
29148
29140
29138
29136
29133
29133
29131
29118
29109
29108
29097
29092
29091
29090
29073
29072
29064
29059
29056
29048
29044
29029
29028
29023
29022
29019
29018
29018
29016
29016
29010
29010
29008
29004
28999
28997
28995
28987
28985
28984
28984
28981
28973
28957
28951
28949
28949
28948
28940
28938
28936
28933
28933
28932
28926
28921
28919
28918
28916
28915
28913
28912
28908
28904
28903
28900
28900
28899
28898
28898
28896
28895
28893
28885
28884
28884
28883
28882
28878
28878
28872
28867
28867
28865
28865
28864
28861
28858
28858
28855
28854
28854
28851
28851
28851
28847
28834
28833
28825
28825
28816
28804
28798
28792
28790
28788
28777
28776
28773
28772
28756
28755
28753
28750
28749
28749
28746
28746
28743
28741
28734
28727
28727
28726
28711
28709
28707
28706
28702
28702
28701
28701
28699
28698
28697
28694
28689
28681
28675
28664
28654
28651
28647
28647
28646
28646
28643
28635
28632
28628
28624
28623
28622
28618
28611
28611
28607
28597
28594
28594
28593
28590
28588
28584
28582
28578
28570
28570
28562
28556
28555
28552
28543
28543
28541
28533
28529
28527
28522
28516
28507
28506
28504
28498
28488
28488
28487
28485
28477
28474
28473
28460
28460
28455
28448
28442
28441
28441
28440
28438
28438
28437
28434
28433
28432
28430
28425
28423
28418
28417
28416
28411
28411
28411
28409
28407
28406
28403
28401
28398
28396
28393
28383
28382
28379
28378
28377
28374
28372
28367
28363
28359
28356
28354
28353
28350
28345
28334
28327
28327
28326
28320
28319
28313
28313
28313
28308
28307
28306
28303
28302
28299
28296
28295
28295
28293
28293
28290
28290
28288
28286
28274
28273
28270
28270
28266
28264
28264
28262
28262
28258
28254
28253
28250
28247
28246
28245
28242
28242
28240
28238
28232
28218
28209
28207
28205
28202
28197
28193
28192
28192
28188
28187
28185
28179
28179
28169
28167
28167
28166
28165
28160
28155
28152
28151
28148
28146
28136
28134
28132
28122
28121
28121
28117
28116
28112
28111
28110
28107
28105
28098
28094
28084
28076
28068
28060
28055
28053
28048
28046
28041
28037
28035
28033
28032
28031
28026
28026
28024
28019
28019
28019
28019
28019
28015
28014
28013
28006
28005
28002
28001
28000
27999
27997
27989
27987
27987
27967
27967
27963
27962
27960
27958
27957
27955
27947
27943
27936
27935
27934
27933
27929
27927
27926
27925
27912
27911
27909
27907
27903
27897
27894
27893
27889
27888
27887
27882
27881
27875
27873
27873
27873
27869
27863
27863
27860
27859
27858
27856
27854
27853
27851
27848
27846
27838
27838
27835
27835
27835
27833
27832
27830
27825
27818
27815
27814
27814
27814
27807
27801
27797
27791
27790
27788
27786
27782
27772
27767
27758
27752
27744
27743
27735
27731
27727
27722
27721
27715
27714
27710
27710
27703
27696
27692
27691
27688
27688
27687
27670
27670
27669
27666
27666
27650
27649
27647
27645
27644
27641
27638
27634
27620
27608
27601
27600
27598
27596
27592
27589
27589
27588
27577
27573
27571
27571
27559
27558
27557
27553
27548
27545
27544
27530
27530
27530
27528
27524
27523
27521
27521
27519
27514
27513
27512
27512
27506
27503
27497
27492
27492
27490
27490
27486
27482
27481
27472
27470
27462
27461
27460
27454
27454
27446
27441
27441
27440
27432
27421
27418
27415
27414
27407
27403
27401
27394
27391
27390
27388
27381
27380
27378
27368
27363
27356
27351
27349
27341
27339
27327
27326
27325
27322
27305
27305
27300
27296
27293
27292
27285
27282
27282
27276
27272
27271
27270
27270
27266
27265
27261
27258
27253
27251
27251
27251
27249
27245
27241
27240
27238
27237
27233
27226
27223
27219
27216
27213
27212
27210
27208
27206
27204
27198
27194
27193
27193
27190
27173
27171
27169
27169
27166
27165
27162
27161
27153
27142
27140
27139
27137
27136
27130
27130
27127
27126
27125
27124
27123
27123
27122
27104
27099
27099
27086
27085
27084
27081
27080
27079
27079
27078
27074
27073
27072
27067
27067
27067
27063
27054
27054
27053
27053
27047
27044
27043
27040
27037
27035
27034
27030
27027
27024
27017
27009
27007
27006
27004
27000
26998
26994
26991
26990
26990
26988
26987
26986
26980
26978
26973
26973
26972
26968
26965
26961
26957
26956
26950
26947
26946
26945
26944
26942
26939
26938
26934
26932
26931
26929
26927
26922
26921
26919
26918
26917
26916
26915
26913
26911
26906
26904
26895
26892
26892
26890
26886
26886
26883
26878
26876
26875
26874
26870
26868
26857
26855
26855
26841
26833
26828
26825
26824
26821
26820
26820
26816
26812
26810
26806
26804
26801
26801
26798
26798
26797
26796
26795
26792
26787
26787
26778
26772
26771
26762
26761
26753
26742
26742
26736
26736
26735
26725
26724
26720
26717
26714
26708
26707
26707
26706
26706
26706
26702
26701
26699
26691
26681
26680
26679
26668
26657
26656
26653
26650
26649
26635
26631
26623
26613
26613
26612
26608
26607
26606
26596
26593
26585
26576
26573
26571
26567
26561
26560
26554
26550
26547
26544
26541
26538
26537
26535
26530
26525
26524
26520
26517
26512
26506
26506
26498
26497
26489
26484
26484
26477
26475
26474
26474
26461
26456
26445
26443
26442
26438
26438
26438
26437
26436
26435
26427
26422
26419
26417
26407
26404
26399
26395
26394
26387
26383
26382
26381
26376
26363
26361
26360
26359
26356
26354
26352
26352
26345
26343
26343
26342
26341
26340
26338
26336
26335
26329
26328
26327
26324
26317
26309
26303
26303
26297
26289
26286
26286
26284
26283
26283
26280
26278
26278
26276
26275
26272
26269
26267
26267
26263
26260
26250
26250
26248
26245
26239
26239
26238
26236
26236
26236
26233
26233
26232
26231
26227
26226
26225
26224
26223
26218
26217
26212
26211
26210
26209
26208
26206
26204
26201
26196
26193
26188
26185
26182
26177
26177
26174
26171
26161
26161
26159
26156
26151
26148
26148
26141
26140
26139
26138
26137
26137
26132
26129
26122
26116
26114
26113
26110
26107
26106
26106
26105
26097
26093
26090
26088
26087
26069
26057
26057
26057
26055
26050
26049
26041
26040
26037
26034
26025
26017
26015
26009
26009
26008
25998
25995
25994
25992
25992
25991
25984
25976
25975
25974
25970
25970
25969
25968
25964
25964
25957
25949
25948
25944
25940
25935
25935
25926
25924
25923
25921
25919
25918
25916
25913
25910
25909
25907
25906
25905
25896
25894
25894
25893
25893
25889
25887
25886
25885
25884
25882
25878
25877
25874
25872
25872
25866
25865
25862
25862
25859
25859
25857
25852
25847
25843
25843
25843
25840
25835
25824
25822
25821
25817
25813
25809
25802
25801
25800
25796
25795
25789
25787
25786
25786
25786
25785
25785
25782
25782
25781
25771
25767
25761
25761
25759
25755
25754
25753
25749
25749
25747
25745
25744
25743
25743
25743
25743
25741
25738
25736
25735
25733
25732
25731
25730
25730
25728
25727
25723
25722
25719
25715
25714
25714
25709
25705
25705
25705
25702
25692
25685
25682
25681
25681
25680
25679
25679
25671
25669
25669
25669
25668
25667
25665
25661
25660
25659
25655
25650
25649
25648
25641
25641
25635
25628
25625
25624
25618
25609
25602
25601
25601
25596
25596
25589
25587
25580
25574
25564
25561
25556
25553
25551
25547
25544
25533
25529
25526
25524
25518
25512
25507
25505
25503
25494
25487
25486
25484
25475
25471
25461
25456
25451
25448
25443
25442
25442
25441
25433
25430
25429
25426
25413
25410
25407
25404
25403
25401
25400
25384
25383
25382
25381
25380
25372
25366
25359
25353
25351
25351
25345
25333
25333
25329
25327
25325
25323
25321
25320
25316
25311
25308
25308
25304
25301
25299
25293
25292
25289
25282
25281
25281
25279
25273
25272
25271
25264
25262
25258
25256
25253
25246
25240
25234
25233
25233
25233
25232
25232
25229
25226
25219
25219
25213
25211
25209
25208
25207
25197
25192
25192
25191
25185
25184
25183
25181
25175
25170
25164
25163
25162
25155
25151
25150
25142
25140
25140
25131
25124
25124
25123
25123
25121
25119
25115
25115
25113
25112
25107
25107
25098
25096
25096
25095
25090
25086
25084
25079
25079
25078
25078
25069
25067
25065
25063
25062
25058
25058
25056
25056
25042
25038
25032
25032
25031
25030
25027
25014
25012
24997
24991
24990
24987
24984
24981
24980
24979
24974
24973
24967
24966
24951
24950
24950
24941
24939
24939
24930
24925
24922
24918
24918
24908
24907
24897
24896
24890
24889
24887
24885
24871
24868
24866
24865
24865
24864
24859
24856
24854
24853
24852
24852
24851
24846
24845
24843
24841
24838
24835
24833
24826
24825
24816
24815
24812
24808
24804
24803
24799
24799
24799
24795
24795
24795
24793
24789
24786
24784
24777
24776
24773
24770
24767
24754
24752
24751
24749
24744
24740
24740
24735
24735
24734
24733
24731
24730
24728
24722
24722
24717
24710
24710
24709
24708
24702
24699
24698
24693
24691
24688
24687
24687
24687
24685
24680
24679
24678
24678
24672
24666
24666
24661
24659
24652
24651
24651
24645
24644
24643
24642
24638
24638
24638
24637
24634
24631
24630
24629
24629
24627
24626
24622
24617
24609
24609
24606
24604
24598
24575
24574
24574
24564
24563
24556
24555
24548
24546
24542
24541
24541
24538
24538
24535
24534
24530
24529
24526
24521
24520
24518
24514
24511
24504
24500
24495
24494
24491
24491
24486
24483
24481
24479
24473
24472
24471
24469
24466
24464
24463
24463
24461
24458
24456
24452
24451
24448
24447
24445
24443
24440
24440
24439
24438
24437
24436
24434
24433
24429
24417
24404
24395
24395
24393
24377
24376
24374
24372
24371
24370
24367
24367
24366
24366
24356
24355
24354
24352
24349
24348
24347
24346
24344
24343
24335
24334
24333
24333
24331
24329
24328
24327
24322
24319
24314
24307
24307
24306
24305
24304
24303
24301
24299
24287
24282
24279
24278
24278
24270
24267
24267
24267
24257
24255
24249
24247
24246
24243
24243
24239
24238
24231
24231
24226
24222
24221
24221
24219
24218
24218
24214
24213
24209
24209
24206
24195
24187
24183
24182
24179
24178
24174
24168
24168
24166
24162
24161
24158
24157
24155
24153
24147
24147
24143
24141
24134
24133
24132
24126
24125
24124
24122
24121
24119
24115
24113
24107
24100
24093
24092
24087
24083
24076
24076
24067
24062
24061
24057
24055
24054
24053
24050
24049
24048
24047
24046
24045
24039
24036
24035
24032
24031
24021
24020
24019
24017
24013
24001
23999
23994
23990
23986
23981
23979
23975
23974
23974
23973
23972
23969
23962
23961
23958
23953
23950
23945
23944
23944
23943
23939
23927
23927
23925
23925
23922
23920
23917
23911
23908
23908
23900
23897
23893
23889
23881
23879
23877
23872
23872
23871
23869
23864
23862
23860
23857
23851
23850
23850
23843
23837
23833
23832
23831
23827
23826
23819
23817
23816
23812
23804
23802
23794
23787
23785
23781
23778
23775
23774
23770
23764
23757
23754
23753
23750
23748
23740
23739
23734
23730
23728
23724
23722
23721
23720
23720
23710
23708
23706
23706
23704
23702
23699
23693
23688
23687
23682
23680
23679
23678
23678
23673
23673
23664
23659
23651
23650
23646
23644
23639
23638
23634
23627
23627
23623
23622
23621
23610
23610
23609
23608
23607
23605
23602
23599
23594
23592
23590
23590
23588
23584
23577
23576
23576
23574
23573
23570
23569
23566
23562
23562
23559
23557
23557
23554
23547
23524
23523
23522
23521
23521
23515
23509
23503
23499
23496
23494
23494
23486
23485
23484
23481
23474
23472
23470
23470
23469
23466
23465
23459
23454
23450
23443
23442
23441
23440
23438
23430
23426
23415
23414
23407
23405
23401
23394
23394
23394
23392
23391
23390
23389
23382
23376
23375
23375
23372
23369
23368
23366
23365
23365
23361
23361
23360
23360
23354
23352
23347
23337
23329
23329
23328
23327
23325
23323
23316
23316
23316
23314
23307
23304
23303
23296
23295
23295
23291
23289
23288
23284
23281
23280
23274
23267
23258
23254
23250
23243
23238
23235
23234
23231
23231
23224
23219
23214
23208
23204
23201
23201
23194
23192
23191
23189
23187
23183
23183
23180
23176
23168
23168
23159
23159
23148
23139
23134
23132
23130
23128
23125
23121
23120
23118
23115
23109
23103
23100
23099
23098
23097
23096
23093
23092
23088
23086
23082
23080
23071
23070
23068
23068
23066
23064
23060
23058
23057
23056
23056
23054
23050
23050
23048
23047
23043
23041
23039
23038
23036
23033
23028
23027
23022
23022
23019
23015
23015
23014
23012
23007
23003
23003
23001
23000
22997
22997
22995
22994
22989
22988
22986
22986
22986
22985
22975
22975
22968
22959
22956
22952
22945
22944
22933
22920
22919
22918
22914
22912
22911
22909
22908
22907
22907
22905
22901
22901
22897
22894
22892
22883
22880
22875
22863
22857
22856
22856
22855
22855
22845
22836
22836
22835
22834
22832
22831
22827
22820
22820
22819
22810
22804
22801
22801
22798
22793
22787
22780
22770
22768
22762
22757
22729
22729
22728
22725
22721
22720
22716
22715
22706
22705
22705
22702
22699
22699
22698
22691
22687
22685
22682
22682
22675
22675
22670
22668
22668
22668
22668
22666
22661
22660
22655
22654
22650
22649
22647
22642
22641
22639
22638
22637
22636
22635
22632
22628
22627
22623
22620
22620
22613
22612
22605
22603
22599
22591
22588
22573
22568
22552
22550
22548
22544
22543
22541
22539
22538
22537
22532
22517
22507
22506
22504
22504
22501
22499
22498
22492
22489
22487
22486
22486
22486
22482
22474
22469
22466
22465
22450
22443
22442
22441
22440
22439
22437
22432
22431
22428
22413
22412
22405
22402
22401
22398
22397
22392
22389
22387
22386
22384
22374
22373
22373
22368
22367
22364
22361
22359
22358
22357
22357
22357
22352
22349
22344
22344
22339
22338
22337
22334
22334
22329
22314
22310
22299
22299
22291
22290
22285
22281
22277
22276
22275
22274
22273
22265
22259
22256
22254
22252
22250
22248
22246
22245
22242
22242
22228
22226
22223
22219
22219
22217
22217
22211
22211
22203
22191
22186
22179
22177
22174
22167
22163
22163
22158
22153
22150
22149
22149
22148
22148
22147
22146
22145
22142
22140
22139
22138
22134
22127
22126
22126
22123
22115
22111
22106
22094
22091
22090
22088
22088
22087
22085
22081
22079
22079
22078
22074
22074
22073
22068
22065
22063
22061
22061
22060
22054
22049
22044
22038
22037
22031
22031
22021
22020
22017
22016
22012
22010
22007
22001
21996
21995
21989
21981
21978
21973
21972
21970
21963
21956
21955
21953
21951
21936
21934
21934
21933
21927
21925
21921
21918
21918
21916
21914
21912
21911
21901
21898
21898
21897
21894
21893
21892
21891
21889
21888
21881
21878
21878
21875
21863
21862
21861
21857
21853
21852
21851
21847
21844
21843
21837
21819
21819
21813
21802
21800
21798
21791
21789
21788
21786
21783
21781
21779
21779
21760
21752
21751
21749
21746
21745
21745
21740
21738
21735
21734
21725
21725
21724
21720
21719
21718
21715
21714
21713
21712
21706
21704
21703
21703
21685
21677
21673
21671
21670
21666
21665
21663
21656
21654
21651
21646
21644
21643
21642
21636
21630
21623
21622
21621
21612
21593
21590
21589
21586
21583
21578
21576
21575
21569
21568
21566
21564
21557
21554
21544
21542
21539
21532
21530
21530
21528
21527
21525
21524
21522
21522
21509
21508
21499
21488
21487
21487
21485
21481
21479
21476
21476
21469
21460
21458
21454
21453
21448
21438
21437
21434
21434
21432
21430
21424
21420
21415
21413
21413
21413
21411
21409
21403
21402
21401
21395
21394
21393
21392
21390
21379
21375
21373
21350
21346
21346
21343
21341
21320
21316
21313
21306
21306
21303
21302
21301
21297
21294
21290
21290
21289
21287
21277
21275
21275
21275
21273
21272
21270
21262
21251
21248
21247
21246
21245
21244
21243
21242
21234
21229
21224
21223
21222
21221
21220
21219
21206
21204
21203
21203
21203
21194
21193
21192
21192
21190
21187
21187
21181
21172
21171
21167
21164
21160
21158
21156
21155
21149
21147
21143
21137
21137
21131
21126
21122
21119
21112
21107
21101
21089
21087
21087
21087
21086
21086
21086
21086
21076
21074
21072
21070
21067
21059
21057
21057
21056
21051
21045
21040
21036
21031
21030
21022
21021
21019
21019
21018
21016
21013
21009
21008
21007
21006
21004
21000
20992
20991
20986
20983
20981
20974
20970
20966
20965
20956
20953
20951
20951
20948
20945
20938
20937
20930
20928
20927
20922
20921
20919
20915
20911
20910
20904
20903
20902
20896
20895
20893
20893
20890
20887
20884
20878
20876
20874
20873
20872
20872
20872
20871
20868
20865
20864
20864
20863
20863
20863
20862
20858
20858
20856
20852
20830
20827
20827
20827
20822
20814
20811
20808
20801
20797
20796
20794
20792
20790
20790
20789
20785
20784
20780
20780
20780
20778
20778
20777
20775
20775
20761
20757
20754
20750
20746
20746
20732
20722
20719
20714
20711
20710
20708
20707
20707
20703
20699
20693
20686
20683
20682
20680
20678
20676
20672
20672
20666
20661
20661
20658
20657
20656
20655
20649
20646
20646
20641
20641
20641
20640
20639
20638
20632
20631
20630
20629
20626
20623
20616
20616
20616
20614
20603
20601
20600
20600
20599
20592
20591
20590
20585
20583
20582
20582
20579
20574
20566
20561
20557
20553
20552
20548
20538
20538
20537
20537
20533
20531
20519
20516
20513
20509
20509
20509
20508
20503
20502
20500
20499
20496
20489
20488
20487
20487
20486
20480
20475
20468
20466
20464
20460
20457
20453
20451
20449
20445
20444
20441
20437
20437
20435
20432
20429
20426
20422
20422
20417
20415
20413
20409
20409
20409
20402
20394
20391
20390
20380
20379
20374
20373
20367
20367
20365
20364
20354
20352
20352
20347
20339
20337
20334
20333
20332
20332
20331
20330
20328
20326
20325
20318
20315
20312
20311
20308
20306
20301
20296
20296
20294
20291
20291
20284
20278
20269
20267
20263
20262
20256
20253
20248
20242
20236
20233
20231
20228
20225
20224
20223
20223
20223
20221
20216
20216
20215
20210
20208
20206
20193
20193
20193
20191
20190
20187
20183
20175
20175
20175
20174
20169
20169
20164
20160
20158
20151
20151
20148
20147
20146
20145
20138
20137
20136
20134
20129
20127
20118
20115
20114
20110
20109
20104
20103
20102
20101
20093
20092
20090
20090
20086
20081
20079
20079
20077
20075
20075
20074
20070
20070
20067
20058
20047
20046
20045
20035
20033
20026
20018
20017
20017
20016
20014
20011
20009
19998
19992
19990
19989
19988
19988
19978
19978
19978
19977
19972
19972
19967
19963
19962
19961
19961
19954
19953
19952
19950
19946
19946
19939
19939
19937
19935
19934
19933
19929
19929
19919
19917
19917
19912
19911
19909
19903
19898
19893
19868
19865
19863
19862
19861
19860
19856
19852
19845
19844
19844
19837
19830
19828
19827
19822
19817
19817
19817
19809
19802
19801
19799
19798
19794
19791
19790
19782
19782
19782
19781
19773
19772
19772
19769
19768
19766
19763
19762
19760
19758
19757
19750
19750
19747
19747
19740
19728
19723
19723
19721
19714
19712
19711
19701
19699
19696
19691
19683
19676
19674
19673
19671
19663
19657
19650
19645
19642
19638
19637
19636
19633
19629
19628
19626
19624
19624
19614
19614
19607
19605
19603
19601
19601
19599
19599
19595
19593
19588
19579
19574
19569
19561
19555
19544
19541
19533
19533
19532
19532
19531
19529
19526
19523
19521
19514
19512
19510
19507
19506
19504
19503
19501
19499
19497
19496
19496
19495
19495
19494
19492
19491
19490
19486
19483
19482
19481
19481
19480
19476
19474
19468
19464
19463
19459
19449
19443
19434
19433
19428
19427
19426
19424
19422
19422
19420
19419
19419
19417
19411
19406
19404
19403
19403
19400
19396
19391
19390
19385
19381
19381
19377
19370
19367
19366
19360
19356
19356
19353
19347
19346
19346
19343
19342
19335
19324
19315
19313
19312
19312
19304
19303
19303
19301
19300
19300
19297
19283
19280
19277
19275
19275
19273
19273
19268
19268
19265
19257
19255
19254
19251
19249
19247
19247
19245
19242
19242
19241
19241
19237
19232
19232
19231
19226
19221
19221
19221
19219
19216
19205
19205
19203
19202
19201
19199
19196
19191
19190
19182
19180
19176
19175
19174
19171
19165
19161
19155
19149
19148
19144
19143
19141
19139
19138
19137
19136
19136
19134
19124
19122
19115
19113
19112
19108
19107
19101
19092
19090
19080
19079
19073
19071
19070
19069
19067
19065
19059
19051
19049
19048
19048
19047
19046
19038
19036
19029
19021
19020
19020
19020
19020
19018
19014
19014
19014
19010
19010
19005
19004
19002
18996
18991
18985
18984
18984
18981
18961
18959
18950
18936
18934
18932
18932
18929
18929
18925
18919
18915
18914
18914
18913
18912
18907
18905
18903
18902
18900
18900
18899
18892
18889
18888
18873
18870
18863
18863
18862
18860
18859
18858
18857
18857
18857
18856
18855
18854
18851
18850
18848
18848
18847
18840
18839
18837
18834
18822
18817
18816
18815
18807
18807
18799
18790
18789
18784
18783
18777
18775
18773
18772
18766
18765
18758
18755
18752
18737
18721
18720
18717
18715
18714
18711
18709
18709
18703
18702
18695
18692
18687
18686
18685
18684
18683
18681
18671
18667
18665
18664
18662
18661
18661
18659
18657
18656
18653
18645
18639
18635
18631
18630
18627
18626
18621
18613
18610
18610
18607
18604
18600
18598
18590
18582
18580
18580
18578
18571
18569
18567
18566
18566
18566
18565
18564
18563
18548
18548
18547
18544
18543
18542
18533
18532
18527
18526
18524
18515
18511
18507
18504
18500
18497
18492
18492
18490
18484
18484
18482
18479
18474
18470
18463
18463
18461
18461
18459
18443
18442
18439
18423
18410
18406
18405
18402
18397
18390
18390
18383
18376
18376
18371
18370
18369
18360
18359
18355
18351
18349
18345
18344
18342
18338
18337
18335
18334
18332
18329
18324
18324
18320
18319
18317
18317
18316
18316
18310
18306
18304
18304
18302
18300
18299
18289
18287
18285
18283
18283
18276
18268
18261
18255
18254
18254
18243
18241
18236
18229
18228
18224
18222
18222
18219
18217
18214
18207
18205
18200
18198
18198
18197
18197
18192
18189
18186
18183
18175
18172
18169
18165
18165
18161
18158
18155
18151
18151
18148
18148
18147
18135
18131
18130
18128
18126
18113
18103
18102
18098
18095
18094
18094
18089
18085
18082
18080
18078
18075
18075
18070
18068
18066
18063
18056
18053
18052
18047
18037
18037
18034
18030
18029
18029
18029
18029
18025
18025
18023
18016
18015
18014
18009
18009
18008
18005
17998
17996
17994
17987
17987
17984
17977
17963
17963
17962
17962
17961
17960
17957
17954
17946
17946
17943
17941
17937
17935
17934
17934
17932
17927
17925
17914
17908
17908
17906
17904
17898
17898
17891
17887
17887
17885
17882
17873
17866
17865
17863
17855
17846
17846
17846
17843
17842
17840
17834
17828
17827
17819
17799
17790
17782
17782
17781
17780
17777
17772
17766
17756
17753
17750
17747
17746
17745
17740
17737
17737
17734
17731
17731
17727
17722
17719
17719
17718
17717
17716
17714
17714
17713
17712
17711
17708
17696
17695
17694
17694
17679
17677
17675
17673
17673
17673
17670
17669
17668
17660
17658
17654
17654
17652
17650
17647
17646
17642
17639
17632
17631
17630
17630
17629
17623
17619
17618
17617
17615
17611
17610
17606
17600
17599
17596
17595
17585
17584
17582
17581
17579
17579
17572
17570
17565
17563
17561
17549
17540
17537
17535
17535
17529
17528
17521
17517
17512
17508
17507
17507
17501
17487
17478
17475
17471
17470
17464
17456
17456
17455
17453
17450
17435
17434
17434
17430
17428
17427
17425
17421
17418
17415
17415
17414
17410
17407
17406
17402
17400
17395
17392
17391
17390
17384
17378
17373
17371
17369
17368
17365
17356
17355
17354
17354
17353
17350
17346
17344
17338
17333
17319
17319
17317
17314
17307
17296
17296
17291
17288
17287
17287
17282
17276
17276
17270
17270
17269
17268
17266
17263
17256
17253
17247
17244
17241
17241
17240
17239
17237
17237
17234
17229
17227
17222
17220
17219
17217
17214
17214
17209
17199
17198
17192
17185
17181
17177
17171
17171
17171
17161
17155
17150
17141
17137
17131
17127
17123
17122
17120
17119
17115
17114
17111
17108
17104
17103
17102
17098
17097
17091
17082
17081
17081
17080
17072
17061
17057
17056
17052
17050
17046
17045
17044
17043
17042
17041
17040
17025
17016
17010
17005
17004
17003
17000
16998
16991
16988
16987
16980
16979
16974
16971
16966
16954
16953
16950
16948
16948
16947
16946
16942
16940
16937
16931
16928
16926
16920
16914
16913
16904
16897
16897
16887
16880
16878
16865
16863
16860
16858
16855
16849
16848
16847
16837
16831
16828
16827
16822
16817
16816
16808
16807
16800
16799
16793
16790
16788
16779
16778
16771
16769
16769
16764
16762
16761
16755
16754
16750
16749
16746
16743
16739
16739
16738
16734
16730
16729
16726
16725
16721
16717
16713
16711
16708
16708
16704
16702
16694
16692
16676
16673
16664
16662
16657
16654
16651
16650
16650
16649
16646
16646
16646
16637
16634
16633
16632
16628
16614
16595
16591
16586
16585
16581
16580
16578
16576
16571
16569
16569
16568
16566
16566
16564
16560
16559
16558
16555
16549
16543
16541
16537
16537
16533
16529
16528
16524
16524
16519
16518
16513
16512
16511
16511
16510
16499
16491
16486
16483
16477
16471
16470
16469
16465
16465
16462
16462
16456
16456
16455
16455
16439
16439
16438
16437
16436
16435
16434
16430
16423
16422
16416
16413
16408
16408
16399
16397
16392
16392
16392
16391
16386
16384
16381
16378
16376
16362
16359
16351
16347
16347
16347
16342
16340
16330
16327
16324
16322
16320
16310
16301
16298
16280
16278
16277
16274
16270
16268
16268
16266
16264
16258
16257
16257
16255
16255
16254
16253
16247
16244
16243
16237
16234
16231
16229
16224
16218
16208
16207
16204
16202
16199
16198
16195
16194
16189
16188
16185
16185
16185
16184
16181
16179
16172
16170
16169
16163
16162
16161
16153
16153
16152
16149
16141
16141
16139
16139
16137
16133
16131
16130
16130
16128
16126
16120
16119
16113
16112
16111
16109
16106
16105
16103
16102
16100
16099
16099
16097
16093
16093
16086
16084
16084
16083
16083
16082
16081
16081
16081
16076
16067
16064
16063
16060
16052
16051
16050
16050
16049
16048
16047
16047
16042
16041
16041
16035
16030
16029
16020
16018
16018
16016
16010
16007
16006
16002
15985
15979
15978
15976
15974
15972
15971
15969
15964
15963
15959
15958
15954
15953
15952
15945
15931
15929
15927
15925
15923
15914
15913
15909
15909
15903
15903
15903
15900
15899
15893
15892
15892
15889
15886
15885
15881
15880
15879
15877
15875
15871
15866
15866
15865
15864
15860
15854
15851
15850
15849
15849
15846
15845
15843
15839
15837
15832
15828
15823
15822
15819
15816
15815
15809
15808
15790
15790
15790
15782
15782
15781
15777
15776
15771
15753
15752
15751
15740
15733
15728
15726
15711
15711
15709
15707
15706
15704
15696
15690
15689
15682
15677
15666
15662
15662
15662
15661
15658
15654
15651
15646
15644
15643
15638
15638
15636
15629
15619
15618
15615
15615
15614
15612
15609
15609
15608
15602
15599
15595
15594
15593
15582
15582
15581
15575
15573
15570
15568
15560
15560
15558
15552
15551
15551
15544
15538
15531
15531
15526
15523
15520
15516
15513
15513
15512
15511
15507
15505
15505
15503
15501
15500
15497
15493
15492
15491
15487
15487
15486
15482
15481
15480
15479
15479
15477
15471
15468
15468
15462
15452
15452
15447
15447
15440
15439
15438
15438
15437
15431
15413
15413
15407
15406
15403
15399
15396
15396
15394
15386
15385
15385
15384
15383
15373
15372
15369
15367
15364
15361
15359
15354
15345
15344
15344
15343
15341
15332
15331
15330
15329
15327
15322
15319
15311
15308
15307
15305
15304
15300
15291
15291
15288
15285
15284
15284
15282
15279
15278
15278
15268
15262
15260
15259
15259
15255
15241
15234
15231
15228
15215
15208
15205
15202
15197
15196
15195
15195
15188
15187
15184
15171
15169
15168
15167
15166
15164
15164
15159
15144
15144
15141
15137
15135
15129
15125
15125
15119
15118
15110
15106
15097
15097
15096
15094
15092
15089
15084
15081
15077
15065
15062
15059
15056
15055
15051
15049
15048
15048
15045
15041
15038
15034
15032
15031
15030
15026
15022
15020
15018
15016
15015
15014
15013
15008
15008
15000
14994
14994
14993
14993
14991
14987
14986
14982
14980
14979
14974
14974
14967
14962
14955
14954
14952
14934
14930
14928
14923
14913
14912
14905
14902
14900
14899
14899
14895
14894
14887
14882
14880
14866
14863
14863
14848
14845
14844
14831
14830
14828
14827
14823
14820
14812
14810
14809
14807
14798
14797
14793
14791
14785
14778
14770
14770
14761
14761
14750
14748
14745
14744
14731
14729
14725
14721
14720
14719
14718
14715
14715
14713
14711
14707
14707
14707
14706
14705
14698
14677
14673
14667
14665
14665
14658
14651
14648
14646
14645
14644
14643
14639
14631
14629
14628
14621
14620
14620
14618
14613
14608
14607
14598
14598
14597
14591
14589
14588
14588
14587
14586
14580
14573
14572
14570
14568
14563
14562
14561
14560
14559
14553
14552
14549
14547
14546
14545
14544
14543
14540
14532
14524
14507
14504
14502
14501
14501
14500
14495
14494
14490
14484
14484
14480
14479
14478
14478
14475
14474
14471
14468
14460
14460
14460
14456
14446
14438
14435
14435
14435
14430
14428
14426
14426
14421
14419
14417
14416
14413
14411
14411
14406
14403
14396
14396
14391
14389
14383
14380
14380
14378
14375
14357
14356
14352
14347
14342
14334
14334
14333
14329
14326
14326
14324
14316
14314
14312
14308
14308
14305
14304
14298
14292
14291
14290
14287
14280
14276
14275
14270
14270
14268
14268
14264
14260
14260
14255
14252
14250
14245
14236
14232
14231
14223
14223
14222
14222
14222
14218
14217
14211
14210
14191
14188
14180
14177
14174
14171
14171
14170
14163
14160
14160
14154
14151
14151
14140
14138
14133
14129
14120
14117
14116
14114
14107
14099
14098
14094
14089
14086
14085
14085
14081
14080
14078
14066
14061
14061
14058
14053
14046
14037
14031
14028
14028
14021
14015
14014
14013
14010
13999
13999
13998
13995
13993
13992
13991
13989
13988
13987
13984
13979
13975
13972
13970
13969
13969
13966
13965
13965
13959
13948
13946
13937
13934
13924
13916
13915
13911
13909
13903
13902
13895
13894
13892
13891
13880
13877
13876
13875
13875
13867
13863
13857
13856
13846
13844
13839
13835
13834
13832
13830
13829
13826
13821
13820
13816
13815
13815
13813
13808
13805
13805
13796
13791
13790
13790
13789
13785
13781
13758
13745
13744
13743
13741
13736
13732
13730
13728
13727
13725
13725
13724
13717
13717
13715
13715
13714
13714
13713
13711
13710
13708
13707
13706
13705
13701
13698
13697
13695
13692
13690
13678
13675
13665
13664
13662
13657
13656
13651
13647
13646
13643
13640
13633
13630
13619
13611
13607
13606
13603
13601
13601
13600
13596
13590
13589
13589
13589
13588
13588
13579
13573
13571
13567
13565
13564
13563
13556
13556
13554
13553
13547
13545
13541
13541
13536
13534
13530
13528
13524
13523
13522
13510
13509
13509
13505
13501
13500
13497
13497
13492
13486
13484
13479
13476
13467
13467
13463
13457
13456
13456
13454
13448
13436
13433
13432
13432
13431
13429
13429
13423
13421
13418
13418
13405
13401
13398
13393
13391
13387
13383
13382
13375
13374
13369
13369
13367
13360
13360
13359
13358
13357
13356
13354
13352
13351
13345
13344
13336
13335
13333
13323
13318
13315
13312
13306
13306
13305
13301
13300
13299
13299
13297
13295
13286
13270
13269
13266
13255
13255
13252
13251
13250
13244
13239
13236
13235
13235
13219
13216
13208
13207
13204
13198
13196
13194
13183
13182
13181
13180
13177
13174
13169
13163
13155
13151
13148
13147
13146
13145
13144
13143
13141
13141
13139
13136
13129
13128
13127
13126
13126
13125
13121
13120
13120
13110
13108
13103
13102
13094
13091
13090
13090
13090
13081
13080
13079
13078
13077
13069
13069
13066
13061
13060
13057
13056
13052
13046
13040
13038
13036
13035
13033
13026
13025
13015
13009
13003
13002
12998
12995
12989
12988
12987
12985
12965
12955
12950
12947
12944
12942
12940
12937
12935
12934
12926
12923
12922
12920
12914
12914
12904
12900
12896
12895
12890
12888
12887
12883
12880
12879
12876
12873
12873
12872
12872
12871
12864
12863
12859
12849
12846
12842
12841
12840
12837
12821
12816
12814
12810
12805
12804
12796
12794
12792
12788
12783
12780
12779
12777
12776
12776
12773
12768
12767
12762
12760
12757
12754
12746
12745
12744
12744
12742
12738
12737
12724
12723
12723
12723
12719
12718
12716
12712
12708
12703
12702
12701
12700
12686
12683
12679
12674
12674
12670
12664
12662
12662
12659
12658
12657
12648
12642
12638
12628
12627
12626
12626
12622
12612
12608
12607
12602
12595
12591
12585
12584
12583
12582
12576
12571
12569
12566
12549
12548
12548
12547
12541
12538
12537
12537
12534
12534
12523
12519
12519
12512
12510
12509
12507
12506
12501
12499
12498
12495
12484
12478
12477
12472
12464
12463
12452
12451
12450
12449
12449
12448
12448
12447
12443
12434
12431
12429
12428
12426
12426
12422
12411
12397
12396
12396
12391
12390
12388
12387
12386
12377
12375
12375
12374
12371
12365
12363
12352
12347
12347
12346
12338
12338
12336
12335
12334
12333
12332
12332
12325
12324
12322
12320
12319
12314
12305
12303
12302
12298
12297
12295
12293
12288
12286
12283
12281
12280
12280
12271
12270
12270
12269
12267
12266
12265
12264
12264
12262
12262
12260
12259
12250
12245
12243
12239
12238
12235
12234
12226
12226
12223
12221
12214
12208
12202
12194
12177
12171
12169
12164
12156
12151
12150
12139
12133
12128
12121
12120
12113
12110
12108
12108
12106
12101
12101
12099
12099
12091
12089
12088
12085
12085
12081
12081
12073
12062
12054
12046
12045
12043
12041
12041
12040
12039
12037
12026
12026
12014
12008
12004
12003
12000
11999
11997
11986
11985
11979
11979
11976
11974
11973
11973
11967
11964
11959
11958
11947
11946
11942
11941
11938
11937
11931
11926
11922
11922
11918
11896
11894
11884
11882
11875
11874
11872
11869
11869
11869
11860
11851
11850
11846
11845
11841
11841
11840
11836
11834
11830
11829
11828
11825
11825
11823
11822
11821
11820
11819
11817
11814
11811
11811
11809
11808
11807
11807
11805
11805
11804
11804
11798
11798
11797
11797
11796
11790
11782
11778
11778
11772
11771
11769
11769
11762
11762
11761
11761
11756
11755
11753
11750
11750
11740
11738
11736
11736
11736
11735
11719
11715
11706
11701
11698
11698
11693
11687
11686
11686
11684
11673
11671
11669
11664
11662
11661
11658
11656
11650
11647
11644
11637
11637
11634
11633
11617
11616
11612
11612
11612
11610
11610
11607
11604
11599
11591
11587
11582
11580
11579
11572
11566
11560
11558
11553
11550
11549
11549
11549
11549
11538
11537
11536
11534
11531
11528
11528
11525
11525
11523
11517
11517
11515
11513
11512
11508
11507
11500
11498
11492
11490
11486
11483
11480
11479
11478
11477
11476
11472
11470
11456
11456
11446
11439
11437
11434
11434
11421
11419
11416
11413
11413
11405
11403
11403
11400
11399
11394
11392
11389
11389
11389
11387
11382
11382
11381
11380
11372
11370
11356
11355
11353
11351
11350
11349
11348
11339
11336
11335
11331
11329
11326
11326
11319
11318
11310
11294
11294
11293
11289
11289
11288
11286
11284
11283
11280
11276
11276
11274
11273
11267
11266
11264
11263
11260
11257
11249
11248
11247
11241
11241
11238
11236
11229
11224
11223
11220
11218
11210
11210
11202
11192
11170
11170
11164
11161
11160
11146
11138
11136
11135
11132
11131
11128
11127
11127
11124
11123
11121
11108
11107
11098
11097
11097
11094
11091
11087
11071
11071
11067
11064
11062
11061
11050
11045
11043
11041
11038
11036
11032
11027
11027
11025
11022
11020
11020
11016
11012
11012
11010
11010
11007
10999
10990
10980
10979
10979
10977
10971
10968
10958
10957
10953
10953
10952
10951
10951
10945
10943
10941
10932
10927
10927
10917
10912
10911
10905
10904
10899
10899
10897
10897
10895
10894
10884
10884
10884
10880
10879
10874
10870
10868
10863
10862
10860
10857
10854
10848
10842
10833
10831
10826
10823
10823
10818
10809
10803
10803
10800
10800
10797
10794
10792
10791
10790
10785
10784
10784
10782
10779
10775
10773
10771
10768
10762
10759
10756
10754
10753
10743
10741
10741
10727
10719
10715
10713
10709
10708
10706
10703
10702
10698
10695
10695
10694
10693
10688
10686
10681
10679
10670
10669
10655
10648
10636
10631
10621
10615
10615
10614
10614
10613
10609
10608
10607
10603
10603
10596
10595
10593
10589
10585
10582
10582
10582
10566
10565
10565
10559
10557
10556
10550
10550
10546
10542
10541
10540
10540
10539
10537
10536
10529
10528
10524
10517
10510
10508
10507
10505
10504
10504
10502
10497
10492
10492
10491
10491
10491
10491
10487
10465
10462
10461
10457
10455
10442
10439
10437
10429
10426
10426
10420
10419
10417
10417
10417
10413
10399
10387
10382
10378
10372
10366
10364
10352
10351
10348
10334
10331
10327
10323
10320
10315
10314
10304
10303
10301
10297
10293
10292
10292
10291
10290
10282
10281
10277
10270
10263
10260
10260
10259
10258
10258
10255
10254
10254
10253
10243
10243
10242
10237
10235
10234
10229
10226
10226
10224
10218
10206
10204
10204
10196
10191
10189
10188
10183
10178
10178
10162
10162
10161
10159
10158
10154
10153
10153
10150
10150
10133
10129
10128
10128
10128
10126
10116
10110
10107
10107
10103
10102
10090
10089
10087
10083
10081
10080
10078
10073
10072
10058
10057
10057
10055
10043
10040
10027
10027
10026
10021
10016
10014
10008
10008
10008
10007
10006
10005
10005
10004
9998
9994
9992
9992
9981
9971
9967
9965
9962
9959
9956
9954
9953
9953
9947
9936
9928
9905
9904
9903
9901
9899
9898
9882
9882
9880
9879
9874
9864
9856
9855
9853
9851
9847
9842
9841
9841
9839
9837
9832
9829
9825
9810
9807
9789
9784
9782
9776
9772
9770
9766
9758
9750
9749
9749
9748
9747
9743
9740
9740
9739
9737
9729
9727
9726
9716
9715
9712
9711
9702
9702
9700
9699
9699
9697
9694
9692
9690
9688
9681
9679
9671
9662
9659
9653
9651
9648
9644
9642
9642
9636
9633
9623
9623
9620
9618
9617
9614
9612
9609
9606
9606
9606
9604
9599
9579
9579
9578
9573
9565
9564
9556
9547
9546
9541
9540
9536
9532
9527
9517
9516
9515
9511
9511
9510
9508
9499
9496
9495
9493
9491
9489
9488
9485
9485
9482
9479
9477
9475
9475
9467
9459
9452
9445
9443
9435
9433
9428
9422
9420
9420
9407
9399
9399
9394
9394
9393
9393
9386
9385
9381
9381
9377
9374
9373
9369
9358
9358
9357
9353
9345
9342
9335
9335
9333
9330
9329
9327
9323
9321
9314
9313
9312
9308
9301
9300
9298
9293
9289
9289
9285
9283
9283
9281
9280
9279
9277
9276
9275
9274
9253
9251
9237
9231
9230
9230
9230
9227
9227
9223
9218
9217
9217
9214
9206
9206
9200
9200
9191
9191
9189
9188
9188
9184
9172
9171
9168
9168
9163
9160
9154
9150
9145
9143
9138
9129
9127
9126
9122
9116
9110
9108
9097
9097
9095
9092
9089
9085
9079
9078
9078
9076
9075
9075
9075
9074
9071
9061
9060
9059
9059
9057
9056
9055
9054
9050
9048
9048
9039
9039
9038
9033
9031
9031
9029
9027
9025
9024
9023
9017
9017
9017
9007
9006
9006
9006
9003
9002
9001
9001
8998
8997
8996
8995
8986
8979
8975
8974
8974
8971
8963
8963
8962
8953
8951
8948
8947
8946
8942
8941
8940
8940
8939
8937
8935
8933
8917
8915
8898
8891
8886
8884
8882
8879
8878
8874
8869
8869
8868
8867
8862
8861
8850
8847
8846
8845
8844
8843
8839
8835
8830
8829
8825
8824
8811
8809
8801
8798
8793
8787
8786
8783
8782
8781
8781
8780
8778
8769
8768
8767
8767
8764
8763
8758
8755
8752
8752
8749
8744
8738
8733
8725
8723
8720
8713
8712
8711
8704
8701
8700
8699
8698
8698
8697
8696
8691
8690
8689
8689
8680
8679
8662
8662
8662
8654
8653
8644
8639
8634
8633
8628
8626
8623
8622
8613
8610
8609
8604
8601
8597
8595
8595
8588
8587
8583
8582
8582
8571
8571
8565
8564
8564
8555
8554
8553
8549
8546
8543
8539
8537
8537
8536
8531
8526
8517
8514
8512
8502
8500
8498
8494
8492
8492
8487
8485
8473
8471
8471
8470
8468
8466
8465
8459
8457
8456
8455
8454
8453
8452
8451
8448
8443
8438
8434
8434
8434
8432
8428
8423
8422
8421
8418
8417
8415
8415
8405
8404
8403
8403
8401
8400
8397
8396
8393
8385
8381
8381
8373
8371
8368
8364
8364
8363
8349
8348
8346
8342
8340
8340
8337
8336
8331
8328
8327
8325
8322
8319
8314
8314
8312
8305
8299
8290
8290
8290
8290
8288
8286
8270
8261
8253
8250
8246
8244
8243
8241
8239
8238
8236
8234
8226
8224
8223
8223
8218
8201
8201
8201
8197
8194
8191
8188
8185
8184
8182
8181
8173
8173
8172
8168
8158
8158
8155
8154
8149
8145
8145
8144
8139
8139
8139
8135
8134
8131
8130
8128
8122
8118
8117
8109
8109
8099
8093
8093
8092
8090
8089
8083
8082
8080
8080
8079
8078
8076
8076
8075
8072
8068
8062
8060
8059
8059
8052
8052
8051
8049
8045
8041
8040
8038
8037
8031
8024
8021
8020
8020
8019
8018
8012
8009
8002
7996
7988
7984
7981
7979
7970
7966
7963
7961
7960
7955
7954
7954
7950
7946
7945
7941
7940
7939
7937
7934
7927
7925
7919
7918
7915
7914
7907
7906
7904
7898
7890
7889
7888
7887
7884
7883
7875
7874
7872
7870
7867
7853
7843
7843
7841
7829
7829
7821
7818
7816
7810
7808
7807
7801
7796
7795
7794
7789
7787
7785
7773
7770
7767
7766
7752
7748
7748
7742
7735
7733
7731
7719
7717
7711
7710
7708
7708
7702
7699
7697
7696
7693
7693
7691
7691
7686
7684
7672
7668
7661
7657
7649
7648
7647
7645
7638
7628
7627
7625
7623
7617
7614
7613
7611
7605
7599
7597
7594
7588
7585
7581
7579
7578
7576
7573
7571
7563
7562
7561
7559
7557
7553
7552
7549
7548
7543
7541
7535
7532
7532
7531
7529
7529
7528
7527
7526
7517
7514
7509
7508
7508
7507
7505
7504
7504
7500
7496
7496
7496
7495
7493
7491
7489
7488
7485
7484
7482
7480
7480
7480
7478
7476
7475
7474
7474
7466
7461
7457
7454
7453
7448
7448
7443
7438
7435
7429
7425
7425
7414
7406
7400
7400
7399
7398
7394
7393
7392
7388
7382
7380
7378
7378
7376
7371
7370
7368
7368
7366
7361
7359
7358
7352
7352
7350
7349
7346
7341
7337
7331
7329
7324
7324
7321
7317
7315
7305
7305
7299
7299
7297
7289
7283
7281
7280
7277
7275
7274
7273
7273
7272
7258
7258
7250
7248
7242
7241
7241
7238
7236
7234
7233
7228
7220
7218
7212
7210
7204
7204
7202
7194
7189
7186
7184
7180
7180
7171
7164
7160
7160
7160
7157
7156
7155
7151
7151
7147
7146
7146
7143
7143
7138
7138
7134
7128
7124
7124
7122
7120
7115
7115
7111
7108
7097
7095
7094
7092
7084
7075
7070
7069
7067
7067
7060
7060
7059
7053
7052
7051
7049
7042
7041
7040
7037
7035
7034
7028
7027
7024
7021
7013
7008
7006
7004
7002
6996
6995
6990
6986
6985
6977
6973
6966
6965
6963
6962
6962
6960
6960
6953
6952
6949
6945
6945
6944
6941
6941
6938
6930
6925
6923
6921
6917
6912
6905
6904
6903
6903
6901
6896
6884
6884
6882
6881
6881
6869
6862
6859
6856
6849
6845
6843
6839
6839
6830
6825
6825
6819
6815
6813
6812
6809
6807
6806
6805
6801
6797
6792
6786
6776
6771
6769
6768
6766
6762
6761
6753
6752
6751
6749
6739
6738
6730
6725
6722
6721
6710
6706
6699
6692
6691
6686
6683
6683
6679
6677
6677
6670
6670
6664
6664
6658
6656
6654
6648
6646
6641
6641
6634
6631
6630
6627
6621
6621
6615
6609
6609
6603
6603
6602
6600
6599
6599
6598
6578
6577
6577
6575
6570
6566
6563
6561
6557
6552
6544
6539
6535
6527
6525
6520
6516
6507
6503
6502
6501
6497
6495
6493
6493
6488
6485
6483
6483
6482
6482
6481
6479
6478
6478
6474
6462
6457
6457
6454
6446
6444
6440
6439
6438
6434
6431
6431
6430
6430
6430
6428
6422
6420
6417
6417
6415
6412
6411
6408
6407
6405
6400
6398
6397
6390
6378
6373
6371
6367
6361
6352
6348
6339
6338
6337
6336
6335
6335
6333
6331
6331
6327
6326
6325
6325
6315
6313
6311
6309
6293
6287
6286
6284
6281
6280
6280
6275
6273
6267
6263
6261
6261
6261
6259
6256
6254
6243
6242
6242
6237
6230
6229
6229
6226
6219
6218
6218
6217
6213
6211
6202
6200
6197
6186
6184
6183
6177
6166
6161
6161
6155
6155
6143
6128
6125
6122
6119
6118
6115
6114
6114
6109
6108
6103
6102
6100
6094
6094
6094
6091
6083
6081
6078
6077
6071
6070
6070
6069
6068
6068
6065
6062
6062
6061
6061
6059
6058
6057
6054
6049
6047
6037
6037
6035
6033
6033
6027
6027
6016
6014
6012
6010
6010
6006
6005
6003
6002
6002
5999
5998
5995
5993
5987
5984
5981
5979
5976
5973
5970
5970
5970
5967
5965
5962
5956
5956
5955
5953
5947
5942
5938
5919
5910
5907
5904
5903
5901
5893
5893
5892
5892
5891
5888
5885
5876
5875
5875
5874
5870
5869
5868
5868
5865
5864
5860
5859
5858
5853
5852
5850
5844
5840
5838
5835
5834
5834
5833
5830
5830
5828
5827
5823
5822
5814
5812
5811
5811
5807
5804
5802
5794
5794
5792
5786
5783
5779
5778
5763
5763
5762
5752
5748
5745
5743
5739
5734
5725
5723
5721
5719
5719
5715
5713
5699
5696
5694
5691
5690
5687
5685
5682
5681
5675
5674
5668
5666
5664
5648
5643
5641
5639
5637
5632
5625
5614
5604
5603
5595
5595
5594
5594
5591
5586
5577
5574
5573
5571
5567
5565
5559
5558
5557
5549
5546
5540
5536
5534
5532
5529
5526
5525
5525
5520
5518
5517
5514
5511
5511
5508
5506
5502
5495
5493
5492
5489
5489
5487
5480
5479
5476
5474
5474
5469
5469
5468
5463
5461
5460
5458
5457
5448
5442
5438
5436
5433
5426
5422
5421
5421
5420
5414
5405
5403
5402
5401
5397
5395
5394
5392
5388
5386
5384
5383
5381
5381
5380
5379
5379
5378
5377
5376
5376
5369
5369
5367
5366
5365
5358
5352
5349
5346
5341
5340
5339
5338
5338
5336
5335
5333
5330
5330
5327
5326
5320
5315
5312
5309
5308
5306
5301
5297
5297
5294
5292
5285
5281
5280
5280
5279
5276
5274
5272
5272
5270
5266
5260
5259
5254
5253
5246
5245
5232
5227
5218
5217
5214
5210
5206
5206
5206
5203
5202
5202
5196
5195
5186
5186
5170
5166
5163
5162
5161
5160
5158
5157
5155
5137
5133
5126
5125
5124
5122
5122
5115
5109
5107
5107
5105
5103
5101
5099
5098
5095
5091
5090
5089
5085
5078
5073
5073
5066
5065
5062
5043
5034
5029
5015
5012
5002
4995
4990
4980
4976
4975
4974
4973
4973
4971
4963
4962
4956
4955
4955
4951
4949
4946
4942
4938
4930
4928
4928
4924
4922
4916
4916
4906
4905
4903
4903
4895
4895
4868
4867
4861
4860
4859
4851
4847
4846
4844
4840
4840
4832
4827
4821
4815
4815
4814
4806
4805
4804
4804
4803
4803
4801
4797
4792
4791
4788
4782
4780
4779
4777
4774
4772
4772
4770
4767
4762
4761
4760
4756
4748
4743
4743
4741
4739
4731
4729
4721
4717
4695
4695
4693
4691
4691
4683
4677
4670
4663
4662
4652
4651
4650
4649
4648
4646
4643
4643
4641
4637
4636
4628
4622
4609
4607
4599
4596
4596
4595
4594
4591
4591
4588
4575
4574
4572
4567
4566
4564
4561
4553
4552
4550
4547
4547
4543
4540
4536
4535
4535
4520
4519
4515
4513
4512
4506
4505
4504
4502
4502
4501
4499
4488
4484
4475
4461
4460
4459
4458
4456
4453
4450
4448
4446
4442
4431
4431
4421
4417
4416
4414
4409
4404
4402
4401
4399
4390
4389
4386
4385
4384
4384
4382
4379
4379
4377
4375
4370
4359
4359
4358
4357
4352
4346
4346
4343
4341
4335
4334
4327
4324
4319
4318
4313
4310
4310
4306
4304
4297
4297
4297
4296
4296
4292
4292
4288
4287
4284
4281
4277
4276
4274
4269
4265
4262
4262
4258
4253
4251
4245
4244
4239
4230
4227
4224
4221
4220
4216
4214
4214
4214
4209
4203
4203
4197
4195
4195
4194
4194
4191
4189
4184
4182
4178
4170
4165
4156
4156
4151
4149
4144
4142
4140
4139
4136
4133
4131
4122
4119
4118
4114
4114
4114
4113
4105
4102
4101
4096
4089
4085
4082
4079
4068
4060
4053
4052
4043
4039
4038
4037
4028
4026
4017
4015
4014
4006
4004
4003
4002
3999
3998
3991
3985
3982
3980
3980
3972
3965
3956
3954
3952
3947
3944
3938
3935
3934
3927
3924
3918
3915
3915
3912
3910
3908
3906
3905
3898
3890
3889
3888
3886
3879
3874
3874
3871
3871
3868
3866
3863
3861
3857
3854
3851
3846
3837
3837
3828
3826
3825
3823
3815
3814
3813
3813
3810
3809
3809
3808
3807
3793
3793
3792
3781
3772
3769
3767
3764
3762
3760
3748
3747
3746
3737
3737
3733
3732
3721
3716
3706
3705
3703
3699
3697
3693
3689
3689
3686
3680
3678
3675
3675
3674
3672
3669
3666
3662
3661
3657
3656
3655
3645
3644
3642
3640
3640
3633
3622
3615
3600
3598
3589
3589
3586
3581
3579
3578
3574
3571
3565
3564
3564
3563
3559
3559
3553
3552
3548
3542
3541
3539
3538
3527
3521
3515
3513
3499
3496
3489
3488
3487
3483
3475
3473
3471
3468
3465
3465
3459
3455
3455
3452
3450
3427
3426
3425
3419
3411
3411
3409
3404
3403
3403
3400
3396
3390
3382
3380
3376
3375
3374
3372
3368
3362
3361
3361
3361
3360
3359
3353
3352
3351
3346
3343
3342
3341
3340
3339
3337
3336
3334
3328
3324
3323
3315
3314
3312
3309
3309
3304
3297
3294
3282
3282
3282
3280
3278
3271
3269
3266
3251
3250
3244
3243
3243
3239
3236
3234
3233
3230
3229
3220
3217
3215
3212
3211
3211
3209
3209
3205
3204
3198
3197
3195
3192
3191
3184
3184
3181
3179
3178
3178
3174
3168
3161
3159
3156
3150
3145
3143
3140
3137
3130
3130
3128
3118
3111
3107
3098
3098
3095
3094
3088
3082
3082
3080
3078
3077
3073
3069
3066
3065
3063
3062
3054
3050
3049
3045
3043
3042
3029
3026
3022
3016
3015
3014
3012
2998
2995
2988
2984
2982
2982
2979
2978
2967
2962
2957
2956
2949
2946
2943
2942
2937
2936
2929
2913
2909
2903
2902
2893
2891
2882
2880
2880
2875
2870
2870
2869
2868
2866
2862
2862
2860
2855
2853
2844
2842
2839
2837
2836
2834
2832
2829
2827
2825
2824
2823
2819
2811
2809
2809
2805
2804
2797
2796
2795
2793
2789
2786
2782
2780
2778
2777
2769
2768
2768
2763
2761
2753
2750
2750
2744
2744
2735
2735
2732
2726
2725
2724
2718
2717
2717
2717
2707
2701
2699
2692
2683
2682
2677
2677
2674
2673
2669
2668
2668
2665
2663
2661
2658
2649
2648
2646
2645
2640
2640
2638
2625
2624
2623
2617
2614
2606
2604
2603
2597
2597
2591
2590
2579
2574
2572
2567
2556
2542
2542
2540
2537
2532
2532
2531
2527
2526
2526
2520
2519
2516
2515
2511
2510
2509
2503
2498
2498
2496
2486
2484
2483
2474
2468
2460
2459
2458
2454
2454
2452
2452
2452
2452
2452
2449
2445
2444
2443
2442
2441
2440
2436
2433
2428
2417
2417
2415
2414
2413
2407
2402
2397
2389
2385
2381
2380
2373
2372
2369
2368
2365
2364
2353
2349
2342
2334
2330
2326
2319
2318
2318
2316
2310
2310
2309
2304
2301
2298
2296
2293
2292
2291
2290
2286
2282
2278
2276
2275
2275
2271
2267
2267
2265
2265
2261
2261
2260
2250
2245
2232
2227
2224
2222
2220
2220
2219
2218
2217
2206
2206
2205
2203
2194
2188
2187
2183
2182
2180
2169
2167
2163
2162
2154
2153
2153
2152
2144
2143
2137
2135
2134
2133
2125
2124
2118
2117
2109
2106
2102
2100
2100
2092
2090
2090
2089
2083
2082
2082
2079
2079
2076
2071
2062
2062
2061
2054
2047
2044
2039
2038
2037
2036
2029
2022
2020
2018
2015
2010
2008
2006
2005
1990
1978
1974
1974
1974
1972
1967
1965
1963
1957
1951
1945
1944
1936
1935
1926
1920
1919
1916
1911
1911
1911
1906
1904
1902
1899
1898
1893
1881
1872
1868
1867
1861
1858
1851
1850
1849
1844
1844
1840
1839
1820
1820
1819
1815
1812
1812
1805
1802
1783
1779
1774
1768
1762
1754
1752
1750
1747
1745
1744
1743
1739
1736
1734
1732
1732
1726
1721
1710
1707
1704
1702
1697
1695
1694
1690
1689
1689
1683
1681
1681
1680
1675
1671
1670
1669
1666
1664
1656
1650
1648
1646
1643
1642
1642
1631
1626
1625
1625
1624
1622
1622
1614
1613
1609
1609
1600
1596
1595
1594
1594
1593
1592
1586
1583
1581
1579
1578
1575
1573
1567
1547
1536
1532
1532
1529
1513
1510
1509
1508
1508
1498
1496
1486
1483
1482
1474
1473
1464
1460
1458
1453
1449
1444
1442
1440
1439
1435
1434
1430
1428
1428
1427
1422
1420
1418
1416
1414
1413
1413
1412
1403
1402
1398
1387
1383
1381
1376
1376
1370
1366
1366
1364
1362
1356
1355
1354
1347
1344
1341
1341
1340
1339
1329
1322
1320
1318
1307
1306
1305
1302
1301
1294
1293
1292
1289
1286
1266
1263
1259
1253
1252
1246
1245
1231
1224
1221
1212
1208
1203
1191
1187
1183
1182
1182
1181
1174
1173
1173
1172
1172
1169
1160
1160
1157
1157
1157
1153
1152
1150
1148
1148
1148
1140
1138
1126
1121
1118
1116
1115
1114
1113
1107
1105
1104
1099
1098
1098
1096
1095
1085
1081
1080
1080
1078
1076
1073
1073
1069
1068
1068
1068
1068
1062
1060
1057
1051
1050
1047
1045
1045
1044
1039
1037
1035
1032
1026
1024
1021
1018
1018
1016
1016
1014
1013
1004
1002
997
995
994
985
984
978
974
969
968
967
959
954
947
940
939
932
928
918
913
912
907
907
906
901
894
888
883
875
872
865
864
861
861
849
847
828
811
807
807
806
806
803
801
800
796
778
775
774
769
767
765
764
761
755
752
750
748
747
747
746
745
744
742
739
734
732
732
731
731
724
723
722
720
719
716
714
712
706
700
696
690
687
680
679
669
658
654
642
634
629
629
626
619
617
615
615
606
602
599
591
590
584
580
580
574
574
573
570
570
568
568
557
551
550
546
544
540
536
536
533
531
527
523
521
520
519
518
507
506
501
500
497
494
493
490
490
489
487
486
485
481
474
473
469
469
465
462
455
454
454
453
452
450
446
444
443
443
442
438
430
427
408
407
406
395
394
389
388
388
385
383
381
357
356
356
356
353
349
348
345
335
330
327
327
326
322
316
315
313
313
312
311
309
307
302
297
291
289
286
281
280
279
279
274
273
267
266
266
266
262
259
259
257
255
254
253
251
251
250
247
247
246
244
244
243
242
238
237
231
229
220
219
213
212
206
203
200
197
197
193
193
185
182
179
177
174
169
169
166
161
153
146
141
139
133
129
129
128
125
122
122
118
116
114
107
107
107
91
90
89
86
75
69
69
65
64
59
55
51
50
45
45
41
40
39
34
32
31
29
29
24
21
16
13
7
1
