14798
8354
13950
8951
17172
19579
2018
1959
4121
27806
3567
28789
3522
5549
17033
30024
14764
12477
28185
9156
21040
12704
28131
31866
2584
26095
1064
5842
15390
10457
3579
6068
23080
1967
15075
26361
5189
9003
8758
20372
29543
22916
21040
30336
25566
1330
13526
21609
27545
23681
26253
7706
2075
15832
23161
18345
28734
29894
26775
3684
13739
17362
8601
13690
533
16127
1157
24937
27704
17185
29196
15915
8341
5602
31147
23584
23018
31379
23683
28602
25971
18356
25081
24554
12003
18754
23053
20302
4129
31683
27003
3095
24771
27666
31635
4796
331
18410
30169
3936
24100
27445
2396
2564
9818
30226
15831
10604
12828
14249
4745
14547
21747
31150
20692
23630
6080
30902
27800
8192
5751
5436
3661
19971
32158
2418
8930
14097
25475
12233
3417
23030
31040
9791
22047
5558
20336
23148
29740
21117
10926
19018
3039
19787
9170
1479
16279
29276
4074
15628
28177
29272
27642
26507
31364
32319
18548
20427
31358
22034
28790
4083
25980
5698
18629
19224
8780
28634
8845
12102
3619
14187
32214
3152
22910
30395
30662
2904
22201
27948
24729
21277
5744
10990
13664
9479
28057
13028
31101
16116
16734
20311
11226
3520
13499
1373
21484
31894
5084
21255
25195
27898
6452
9294
25038
9106
26717
10939
12936
13751
23218
984
20229
17344
31150
23129
21347
3080
17155
28170
17648
8901
4730
11896
21864
23176
19853
21599
7659
10643
11462
9687
3520
6110
16085
20797
2252
488
372
2786
29136
15422
11259
22902
7270
25548
1986
15667
25273
26343
29242
7625
23303
4886
25802
11020
26840
13220
7787
7264
9723
3302
19202
31456
24389
16460
17537
25169
8457
25898
18876
25801
3926
25156
18188
32031
1523
21532
3237
15377
15387
3066
3767
7224
26617
29632
2888
10412
7650
25194
12748
25207
26453
11623
10377
4282
19891
668
2989
26529
21693
22321
16940
12808
8402
30497
17499
27114
17638
389
12366
27534
29762
23963
18418
12144
5118
29849
13545
14064
26686
15412
11817
6076
22831
24047
23379
20991
3008
1828
4564
23879
18976
11731
18365
6199
30716
22062
22627
1776
3702
9440
30390
3136
23524
18977
26978
2440
845
4475
27815
4463
30628
8793
22009
6473
28354
15700
21847
21829
2085
574
28779
11096
9067
2794
4966
26861
8844
26305
21401
10057
5082
17158
16340
2752
32698
19428
23167
18586
22048
4669
6522
8130
14284
561
1972
12340
5958
13936
25741
23844
28058
13376
23788
9711
32467
23629
14880
8643
27194
7220
8824
2573
588
11470
18336
32677
10364
26941
7874
30396
10413
2743
32344
30081
20589
21781
15827
4502
15859
26
13038
22582
8919
27012
10447
3362
30355
23509
11490
27728
21693
30174
19829
23123
770
32528
9747
12169
23266
13442
21922
2566
4909
23233
14908
21059
9537
8283
3789
24199
18945
7466
18033
24849
19092
31329
16779
3338
8418
3928
14501
7725
9167
32535
30986
12084
15157
8868
20261
2818
22436
19469
15000
25746
10713
11828
18459
8609
22015
30045
11547
9246
7847
23673
270
15950
17289
19248
12440
15807
4088
18608
1631
14578
21799
20280
26031
3015
19486
19555
4813
11944
7034
23093
9499
21622
31975
32496
31539
15966
29042
26420
23412
6943
22749
8382
25220
10349
19527
7023
9048
21005
9652
6923
27191
8828
2455
28634
24358
21235
32035
7427
25364
24347
5458
2211
5066
6288
2738
4528
8849
30232
15858
10129
27040
6816
31024
16249
27724
20474
31232
17287
11758
29016
4156
22431
2963
392
23950
4102
1127
26861
446
30144
7390
5953
16316
29865
18600
1292
26477
3925
1874
20707
4149
29865
8124
29793
28745
21302
9790
19687
23730
1625
14745
29715
15904
30995
8863
9217
1652
23209
17058
9028
29451
251
31902
29859
10187
5284
1318
18067
28400
25303
17679
24185
10644
28916
15070
31644
15616
11757
1778
28140
2229
23900
3696
23669
12600
6240
24819
30624
19361
59
19697
4912
13794
32428
20203
25592
10200
12301
18268
23901
18707
21293
9055
27280
22374
23275
25630
32647
10797
32151
12543
15808
7777
24072
24717
10421
14173
10877
9254
9758
109
19764
17002
17897
31516
2764
3167
3578
9786
10844
31076
17826
27055
847
5595
31969
29443
3334
12438
19292
20137
19499
29438
797
18958
14806
20485
21260
27237
98
30161
5425
1073
10765
11813
17575
16271
7507
22927
22367
5449
775
29012
30618
4251
29238
15387
22820
25027
32187
8540
9809
3402
32674
18310
16569
17429
15934
26867
20915
12330
18184
2956
26258
16963
6974
1852
5282
19477
2616
1814
24801
29533
21896
28997
26493
18863
31449
25015
32529
5374
16261
9096
21408
5354
23027
21809
13645
20685
21686
9069
5856
14980
1895
18159
30713
12797
16702
12485
14098
13701
371
4490
1846
19151
22871
10062
1411
27843
21553
32326
10849
2572
217
4148
4735
24672
30998
28308
23442
16526
697
25484
4300
1865
9846
13713
25374
22198
22661
31193
10542
23735
3837
8580
25367
12789
25067
11657
15844
7600
4405
13665
21194
19014
3121
11382
7719
13956
22276
4682
27198
28592
27068
31079
10672
24658
25901
4363
32185
16326
14732
7567
25648
28291
6861
2971
18748
19241
24252
2571
30935
19532
8413
22176
11268
27395
18437
10599
11728
10799
18869
27369
21514
18059
18234
8472
18370
23416
24709
16116
22914
2182
22730
17152
23887
25538
26843
20584
19038
17602
23363
12015
6806
13425
20002
23962
9673
3483
14028
9246
29874
6711
800
20234
18350
14712
29864
693
19771
23186
4469
20709
17457
22604
18104
32068
1474
330
6433
7299
13107
22808
32504
31307
855
24054
16380
29160
27600
24422
30462
9653
8709
12662
4413
16709
12258
18637
26496
12886
6227
2936
19702
1142
18302
25202
12237
19315
19139
22517
10132
18564
3188
20099
3409
13880
3924
7347
31074
26402
26065
6588
17172
9025
24833
26307
24069
28722
13150
228
12602
12308
834
26626
17407
17215
10529
26191
23682
6308
5512
17562
27694
22786
6873
30556
26056
6350
5827
4224
22860
15583
14212
502
29061
32221
22750
31990
12143
13928
13530
31253
32589
26631
25663
13833
904
8919
27345
12091
12622
15344
19274
28690
6886
32406
24346
12794
981
17444
28125
9526
6835
7865
16544
26987
29898
671
11476
743
10100
6783
