3798
11898
31526
14781
10883
21610
18578
16264
20674
20702
7586
23713
6090
20003
6489
27932
20416
17111
2128
24180
5312
18687
938
16898
30125
19175
4795
2876
15289
8637
15223
30127
7859
492
11676
20154
29204
20794
29855
7952
5831
17056
23640
28651
15804
21485
29804
10257
18219
2329
24190
15496
19112
362
21269
12568
5100
16969
2379
9349
8285
21473
27963
25737
26978
2941
20776
17811
1897
8094
1390
14914
31157
25055
809
26272
7912
14985
5543
11039
10836
16886
11918
25428
8706
5030
20685
21621
12670
14115
15939
1939
23913
14997
21554
2968
25532
23331
16994
23296
21724
22288
2325
24919
12643
17810
27054
23670
6312
4210
13856
5501
21524
27493
11031
11663
19236
25900
16617
31313
11325
28269
7995
11808
22067
29263
8051
18452
20120
23769
2529
1977
20676
11016
31148
24712
16809
24754
4990
10535
5204
29
31471
613
27458
24414
12978
12787
616
30579
21378
27875
11776
2336
17866
19938
31253
13194
27159
29494
14029
22676
23614
118
32122
27389
15693
11
31327
566
12338
24681
1858
20484
29997
2318
25270
21466
20471
17207
4133
26612
9392
29285
11423
1075
30601
22675
17510
21179
15158
25140
30005
29262
6673
13806
26964
615
9742
1049
30557
21782
7010
20982
29387
25247
8690
15535
31048
23248
14718
28691
18611
28710
15498
19725
27123
14495
9744
31721
15486
16477
1511
26183
11943
10751
20465
21723
11948
30911
29192
11498
8315
24651
23718
2436
25672
13925
27222
11394
14800
25145
20958
830
3178
25985
3881
15125
29650
23387
28406
8606
30133
2277
10563
19623
21500
23454
13943
17907
29657
29052
19282
14006
10642
1741
10133
20172
29968
26062
9073
25533
31526
13324
10160
882
18338
14718
31909
30387
9238
32095
7124
28520
3940
21709
28770
24204
8714
16164
12859
11760
27443
11287
18437
22965
4729
1938
23496
9607
19067
10067
3674
27033
24611
30274
30091
13157
29364
31125
20757
13857
8342
2981
8770
18176
13537
26765
4699
24877
8619
26759
21460
28040
21266
1031
27193
18974
9992
32149
1238
19819
5601
19819
22569
16719
22430
10962
8713
4560
4599
20285
17555
11157
23338
20258
9176
17950
7558
9372
12871
5572
10166
18370
22492
8564
30158
28869
8197
14379
32535
24523
23129
16945
5275
18063
6648
27157
7279
12213
16320
22892
13763
32750
31540
1352
4522
27856
28205
18042
3242
1394
24382
14728
21763
10442
9960
8813
10688
1480
17283
20499
32383
302
16359
15249
4095
7478
22749
24356
13678
16098
3400
239
31344
27937
1299
28018
19951
26022
31450
24012
20901
9096
5207
1457
5738
13210
21907
1321
20799
29320
6857
14862
21782
4278
17688
11587
23911
30680
1521
6068
30067
28241
30011
15122
2134
5197
24134
2636
26064
5789
28534
24012
18384
13141
14508
12150
9412
27687
9331
6753
23202
638
22511
6739
32438
6490
9606
18175
24106
6382
32331
1789
31575
12283
3631
30349
5070
3818
28390
32268
31524
14508
7578
21554
22145
1362
8018
26641
1256
12907
33
28365
16452
7457
6414
4380
17206
530
18631
29820
32672
24304
2820
7223
12785
20951
6844
24088
23855
4721
2827
26347
31686
24780
734
2742
28946
1526
1892
23736
1966
16990
308
19237
2170
17898
26686
15007
13934
3543
17011
23924
15138
17493
24884
17050
20505
32222
2428
22635
12497
28762
29388
24352
8587
32756
18650
1807
5850
15802
7160
13989
18926
13303
27718
13345
17821
7248
15255
12054
14390
23457
21028
26014
5638
24469
8691
24926
22695
14855
29957
2110
26380
5660
21058
31973
29260
25372
17701
2807
21297
20757
29735
6926
13440
31534
12781
27257
5638
23500
30000
695
29799
26214
25456
11441
8614
25385
23128
23483
6771
26699
9200
19529
25656
3375
16773
21105
16354
13117
31064
5157
15728
127
4873
11052
31804
26620
28353
27365
9228
23509
25378
17851
25304
1313
3568
3687
31577
7560
892
4329
12374
18081
2260
16196
6317
31500
17580
28156
10276
30031
4875
23632
30957
10353
26549
1079
8699
9816
27483
28189
9735
4067
16261
1114
18273
27335
5435
8823
19575
31018
631
23583
294
28417
16970
14311
196
8490
19408
22973
5354
2633
27605
22834
13570
16738
19780
16232
29332
15931
7251
26840
24143
1903
12400
18124
12762
9810
26858
15512
19032
31880
10336
5271
16317
22372
6890
18665
9428
23810
13065
7150
15372
12067
2383
15489
11526
24523
2766
29173
1759
5020
8769
3024
6973
28145
18428
4426
32283
8890
9365
27779
13909
18970
12880
3464
27378
20930
2380
16644
6453
10251
17006
14022
8034
31958
7441
29686
10321
13347
21354
11543
17332
26228
18876
17340
14119
2783
1089
25610
21501
9974
4052
32241
24005
8279
18783
5673
19870
3089
12295
10990
32319
6077
11800
10364
3269
26713
1202
10570
31291
2787
17969
32262
23019
21178
2910
14675
6247
16820
20311
15172
10070
22014
7742
30872
6655
22967
676
31155
32407
4172
23988
19809
75
23953
5663
27466
7692
17060
18891
16947
541
19586
28219
28154
18013
20582
3004
20815
12628
4581
32597
3890
14336
11979
28524
8241
20573
27827
24376
32607
24759
17512
3306
11027
22447
18175
1691
30054
14607
14512
8692
24682
11085
32121
17055
554
20960
13169
7025
11366
71
5869
22100
21515
4562
3156
20213
29812
29239
27586
19507
27235
8917
27231
25667
702
18629
15742
30627
14601
4006
21365
28356
24999
27941
15935
9846
15312
4430
11218
14099
10065
3990
2113
619
31239
3236
9618
13427
12569
31971
1373
8876
31224
16329
8233
13908
20248
9188
18054
19792
9323
8105
30698
15828
24482
19196
19276
26840
6179
25983
17794
1851
23241
30106
14683
7603
27998
19535
3452
17276
19928
31163
1019
10172
26967
32363
24509
440
18138
17764
912
22457
8645
13040
26375
18620
12307
21546
32025
17628
4187
31561
26744
24704
7044
21676
6579
11844
5703
16553
13066
19368
32361
32278
19989
3195
28598
29075
32531
28933
23740
5534
12819
21239
5965
24404
15813
29972
25778
9224
18461
24987
6575
19333
22701
17275
31291
23331
13503
9782
22780
9612
24885
18577
12932
11084
26146
28161
16462
30746
12324
23252
16246
2280
11143
26402
26428
1708
29979
21619
19255
25068
15569
21037
9561
6924
13848
23748
17318
17239
12794
25504
5555
719
16117
25037
5601
11957
27290
21861
2647
15575
231
16829
22977
8092
25957
10322
28618
22224
25090
9330
27994
16688
1964
5546
8335
31413
31921
1267
125
21409
21721
12443
10406
11338
20289
27380
4152
16809
5622
14272
30985
13986
23381
21592
21075
26129
28965
5790
2863
18840
13681
20136
4306
299
28967
5929
29835
18264
1137
16543
30072
24151
31959
17215
27147
16854
28945
25504
17728
10625
16045
30249
13212
10323
1381
27964
3044
29855
31806
7711
4002
9437
31840
26798
14169
27957
23993
11715
1667
10701
336
16481
9039
16851
9577
15779
11804
12105
24414
30567
5299
14227
22328
23993
23879
8386
8464
4865
9518
28574
20520
5869
20317
31349
8136
13340
7846
23718
19930
7312
14256
5869
837
24784
18106
26732
26121
11744
17679
11389
12575
32226
6728
18745
28174
10120
5444
31432
11341
30785
30952
1895
21084
17695
6295
10298
25761
7818
16496
13015
24067
4775
25930
20366
30280
10886
22640
18554
29231
3598
31517
15689
22861
31400
11702
18378
11688
30894
30410
23867
276
31634
7626
30800
1105
22734
13704
22531
27618
16783
21105
24351
18091
11041
26761
24714
8786
21017
3371
25685
6482
17476
6270
12677
9951
7506
25271
10399
23677
25154
6416
15093
21854
10125
26252
2739
896
28178
27751
32680
12931
25284
18015
23766
23627
27925
5798
8888
11098
14369
21922
19030
18154
8859
24938
9481
17613
16760
2305
27918
23813
24925
3920
21197
15139
13001
25061
4839
2400
3330
32622
24834
4476
29633
18931
13140
3930
19357
16599
15088
4440
26936
24204
5331
624
26411
5657
32686
14864
28338
11341
8817
11705
24343
26816
12188
8281
32736
23183
28996
27497
10679
11475
2535
15815
4637
18150
30193
27729
9679
13397
6667
12357
7668
4259
27174
28507
15371
29379
30026
27039
22679
5203
25119
26896
12423
12442
10296
20219
7527
22336
4643
6932
9289
11984
21553
18521
1905
25326
17413
7079
18116
14935
31967
16409
15086
4253
31910
19748
14164
12192
1463
4723
24256
17612
20848
17795
5830
28180
24443
27902
17913
6834
28122
9689
18640
15259
26039
7724
18773
32708
18665
25044
26003
6167
27718
21707
20669
16180
2731
30530
23326
232
31948
20355
3268
32110
8636
5513
16108
9320
17468
31836
24620
9115
2243
13615
20323
1389
12369
2104
31073
15136
15348
8017
9557
3788
15639
24147
7162
14622
24206
25902
5505
5843
29281
6088
6717
14834
4188
18331
16913
21196
4435
23309
32409
11444
29493
3726
23579
14975
29144
11124
25900
28346
24702
20630
5410
23470
4138
10410
1341
22292
20133
10847
16532
7576
19023
15929
27329
12816
26278
26160
9548
29817
19864
17160
24536
11445
18824
4975
32527
1287
13346
2264
1615
12362
1503
3610
12305
14324
21079
23495
8477
11727
15690
30285
8816
15729
13420
29135
3560
22912
31220
6081
22965
167
19427
19013
28288
22103
13333
16713
13401
2878
19721
32093
609
20872
1904
3157
23867
22744
15479
31651
12340
3589
6356
5233
27948
6805
11410
15745
16204
24570
11165
7877
15462
27278
11021
25277
16682
6224
26418
12692
25614
28508
24164
16890
11003
24620
19591
7104
28600
28561
21344
26677
7959
1135
23451
27714
16098
21819
31384
2119
26243
12598
26873
22964
5749
8550
21996
23144
6766
7513
9017
6601
25161
20377
22027
27560
32181
9710
18558
10450
9888
10582
26604
23925
1633
22981
3063
313
8616
2460
12886
5402
5926
29931
11105
17159
7419
4199
858
23356
26851
19498
13441
19296
28448
17965
28118
27486
9255
10373
31404
15363
11530
12128
5874
29532
10920
4799
15425
29389
2966
20465
13221
753
4300
3795
30763
28981
28944
7881
13871
27443
18210
18299
29538
13264
13996
26960
11165
3604
29672
10667
28265
31180
6671
9960
18762
7649
31877
28693
2768
31863
24262
15472
10843
19653
16142
7845
24753
5815
8139
12228
15681
27717
31683
28164
17460
23697
20741
19257
24889
31939
28305
10007
15117
8869
28870
12580
13261
11517
6288
28287
8699
30126
26958
24402
3666
18829
14724
24
586
516
8773
8848
13161
7273
31070
23164
5968
27420
16962
31266
11393
15459
16826
23168
1009
4869
8265
27469
22354
19624
18272
18100
14365
20970
25926
17616
9057
11330
17349
19174
1614
7573
23957
21092
32640
5528
24202
25501
26893
8424
31356
66
30541
11754
18170
14752
30828
17252
942
28315
176
1240
32142
28014
3979
8356
30920
29984
31072
987
19818
21189
8725
28641
8917
5754
21597
19912
30176
7198
16834
23406
21963
25552
30581
3667
1002
30253
21462
18491
25101
20551
18625
14727
23474
4964
30366
3412
13802
29819
27687
15184
29195
10094
5880
7008
12059
16904
12504
5876
13815
21174
13769
5157
7239
9990
11985
30355
10786
32224
23943
20993
28288
8583
5212
10925
11875
9549
18351
24432
6852
17177
9103
6554
31040
5274
12877
24203
11135
9288
24521
7954
16744
4639
25978
24709
519
18458
27450
23461
5945
31346
26839
11567
18461
28564
5210
29761
28218
19427
26901
31347
4464
23858
4974
16817
22176
8703
19822
5082
11547
2160
30729
28698
26315
8463
32043
29191
10019
16710
18055
3710
21704
20889
21790
16956
31228
17317
17809
3643
16335
27612
19752
24018
28676
15102
31646
12940
10692
4950
19890
12739
13573
13754
23663
28677
8376
576
13622
5667
6069
2240
9872
15384
6247
9486
3509
5536
31543
8948
28891
19604
29625
9714
29248
9480
30873
20661
26614
18211
15940
26711
9330
19137
12374
28508
15314
24778
5574
29800
20977
13904
19411
4290
15661
28011
17325
21129
2547
18388
12004
3768
11023
24388
1681
22235
25269
1930
22854
3726
12366
13934
2999
23738
20228
3401
30757
29839
4364
24673
6286
29249
9142
22534
10134
18306
2102
1901
25651
29634
19760
5455
25628
1065
21765
21057
8431
5968
13536
22738
11301
24771
30847
4967
13750
26679
22210
17365
20875
139
8949
26819
10152
12929
1757
7358
31509
5945
20868
19225
13201
24177
26308
22154
22006
31870
7061
3462
5995
15369
2840
2136
30539
12171
12383
19715
3032
16006
20738
21725
28064
19081
1123
20456
28075
10209
25532
16879
618
26143
12013
21861
5983
9294
29192
32765
11147
27889
30616
21768
27292
21951
5045
8594
11475
24349
5064
11836
2487
20319
24350
17112
27003
1471
5168
18374
16688
281
11949
8465
26027
5740
587
8009
8500
4881
5714
8734
30707
18105
11749
18625
18203
12584
2319
19451
10963
20403
10897
24074
22249
18042
11886
11326
20022
24934
32050
24152
9423
10465
26630
12189
14576
1624
31093
32189
3753
13426
1788
26983
14918
30477
20308
25769
1407
22269
12670
19208
15204
23939
18578
24419
18183
2959
30792
19336
4326
2230
13891
32147
18207
17905
7201
32523
31826
4123
3652
8635
18773
20008
861
7760
23963
26406
14525
183
10849
3062
24411
32308
5278
24775
3492
4418
22952
16982
518
30510
4774
8934
570
27506
697
15105
25429
15570
7145
2541
1678
6200
26322
25069
22221
9552
14603
31805
4856
20707
26201
20682
28924
24820
22680
11701
26013
11932
14949
19078
7422
8614
8332
21296
28656
18922
24117
9929
25083
12906
28621
17926
29741
18990
10421
11640
22692
32479
4013
6024
21213
25894
5631
25139
20667
2754
5483
5254
2135
20076
16598
16345
9866
22890
29617
14539
23099
5877
3114
25601
18537
17740
15381
4765
13559
31892
31897
10880
27707
18294
4251
5696
14661
10615
16874
14568
29935
12054
17711
24946
31145
25511
28818
31237
2049
18674
12589
28399
26613
11403
27442
2400
21241
30447
12507
14828
29382
20579
31764
3775
233
14221
22251
20893
21255
26063
7859
2465
24561
7527
19963
23729
2411
15687
31026
3268
14012
14005
27159
3283
3061
16547
1506
27040
18946
25804
27188
554
9074
17043
27839
19435
4614
9114
27061
7895
30971
15909
3314
17685
8215
16685
488
19068
21365
1604
13902
18380
13329
1324
7048
9649
1299
25909
4821
4984
476
18522
28731
11662
2257
11290
16434
4029
9962
31768
15379
20262
20473
12914
6462
6142
20411
8673
7950
27401
16288
17813
12158
14038
3418
13006
11928
18623
24103
2106
29857
20895
23263
30481
14086
31314
12477
16882
5124
17390
21229
19836
11547
12226
18649
7853
31792
27411
5427
25338
20357
31377
450
24114
6233
8603
23534
23059
30814
311
28170
29609
14815
10959
16739
25194
7854
8876
29964
5395
12751
3636
13671
16448
2021
2531
8308
15054
6752
25355
8921
17393
10596
12619
6581
3860
20600
3025
17701
12660
14835
22095
22418
19835
7463
25022
11713
6109
29514
23765
31640
4724
3880
20552
31153
6364
907
8897
24480
6862
1125
24735
14085
8253
11972
17265
21328
29490
25459
13617
31319
2920
8303
19264
2457
6055
1296
29990
9296
16609
27891
23302
13880
781
19882
10210
22306
14279
17187
15252
23351
11940
30425
136
7181
28503
19900
24890
18028
389
2273
6515
14557
22120
17641
24387
16118
12325
1075
8125
13672
8942
12225
19317
25285
3031
15083
28346
4370
6521
21958
4500
13329
16969
23121
7036
10315
17590
24677
14046
22239
3332
9307
28751
18957
7403
11386
3470
32385
20718
22823
22588
32097
8061
19404
22619
2837
11722
20612
14984
30425
22123
13963
24056
22276
32180
17256
17972
15893
20434
11479
27796
13443
17576
17784
11645
833
1385
18490
19802
6931
4090
28294
20827
9363
13317
15659
10224
1282
17884
13324
23812
25552
8980
19595
22010
31977
25822
29364
20840
19397
23588
25898
9878
23342
13159
10194
181
17872
21083
30017
4575
13186
24383
23270
31186
24407
31230
27639
23660
29283
3336
14108
25574
16205
20461
27358
10960
10905
22462
21710
18896
19378
20771
10101
1306
4794
16444
13055
21935
32530
25145
31910
19029
12968
3256
24799
31833
28163
9953
11335
5127
16656
6211
22348
6374
31914
18797
20636
2484
12523
4684
589
30756
17461
12872
32209
9306
28414
11805
31384
21538
10335
12154
4994
25076
20316
16987
28427
16296
7409
3110
15925
26873
10977
22663
15924
443
6974
6157
10460
7132
11447
11393
16331
24860
18340
7946
24150
7308
20435
7170
15924
24520
18192
20630
23276
16372
3190
1568
8192
26231
17529
5956
19927
29050
13743
6860
16747
24607
9825
24644
2743
1666
1749
6741
32222
17776
29785
21218
11035
490
24847
1252
26988
6232
27772
30726
24574
18317
14543
14847
14935
20350
18673
20915
29509
16322
13136
2057
25226
12745
13675
25226
31044
27356
29726
11198
22814
8664
29867
9543
12857
25770
6796
16314
5080
22921
13819
29761
7118
22518
28477
7153
12455
5493
6834
24812
12953
25097
16798
9526
20265
12400
27573
31576
25501
26147
30056
3255
6693
12044
32498
2481
11720
20741
16417
32637
271
15125
19685
12223
29556
19561
5786
17902
8585
3860
13845
1638
31721
25222
19056
21324
24799
20942
30870
8997
9431
4495
22413
17717
13705
25028
21894
3993
17375
20275
24998
21284
8362
4274
26258
12537
14345
31773
25021
11757
22421
20242
9073
8090
11085
18291
926
20290
7493
18329
5990
28266
1037
600
13156
14643
19426
27319
18112
25207
1687
25452
23283
9639
3649
27162
17499
6759
9893
14921
20350
9702
18787
9257
30494
9727
2271
4870
28417
12817
13811
32650
3965
3486
13397
18870
28101
10406
10698
13983
11510
18881
29704
3560
21473
15871
4460
4867
13206
10880
26720
22055
10933
23506
6538
6416
20852
12045
18613
17273
23151
28848
2176
9050
13363
19770
21704
29921
14217
12168
18391
28210
28290
10482
30281
19167
16455
16163
7618
4902
3485
15292
4690
6893
2619
22952
5795
29822
24267
27709
2792
21250
24514
23576
7813
6335
25824
5557
28798
3345
3462
17873
19105
30250
32187
32639
25459
4745
24572
10252
21212
11835
14279
17556
9618
20437
20710
1377
15173
14636
22396
11015
23439
14299
25809
8512
11674
370
3293
27528
32399
6014
14486
16247
706
28477
22777
26850
32158
22814
16090
21426
31826
25594
9069
22399
3896
14357
11664
8436
11786
9683
32734
21730
12995
25658
7028
18720
5974
15147
9089
28458
25106
5472
19856
19573
27856
13861
2709
7315
29410
3798
13497
30987
4539
28700
19941
8950
10334
4838
6928
19033
16776
13609
10313
28486
29852
18008
387
14513
26962
24482
11300
23827
27167
1007
11596
30913
12644
25496
10469
28169
23894
8168
25967
11025
14000
19031
16521
29040
13850
7040
24638
31625
29783
7655
11541
7084
28978
18541
24791
12523
23846
17551
13854
3516
20944
23650
1186
11347
9493
19535
22083
19644
17171
29838
16598
22716
15048
9827
4271
10598
27013
2331
4083
2684
28945
21190
30362
6027
25756
20657
20295
20164
22634
31658
23751
30108
16443
5107
19563
11043
18556
258
16646
17445
5680
28927
708
19715
6557
29690
24497
19790
24502
3823
2309
10537
3660
636
31025
15451
30451
16732
11946
2871
27829
21163
18296
9516
18553
7128
18813
5418
18481
20073
9094
31676
13511
30066
13075
11998
31429
24275
23271
31651
8646
23604
30286
25992
20128
6082
13617
32661
15438
30886
11482
15161
22432
21322
10632
18659
27041
24907
3250
26208
31948
15676
17435
14071
26862
24097
9627
326
12761
20134
15271
28379
9421
7202
20133
10642
24743
14672
14066
29361
13511
20679
17327
4036
706
17215
16975
10553
3789
19842
29409
30396
27364
4659
29982
21841
26813
834
31282
9010
15984
26411
18251
32110
18915
30193
21730
15166
7927
18910
5836
17190
19572
8183
14591
5584
949
9281
23845
10920
3859
17847
9442
31286
17170
19974
5350
21055
22094
14606
7345
20379
19491
2073
20265
6613
24095
3289
6109
15492
4136
26660
30999
14956
23405
14446
7844
13908
7183
13322
20834
19877
11659
11040
6030
199
25070
11629
3531
17723
16311
20413
17649
7544
12938
19754
12443
21127
6810
18
29295
11101
26324
28377
3627
15868
9676
26724
21109
13896
14696
27728
607
11946
6478
23286
3004
30310
20495
10528
22053
25021
7952
5000
30409
32706
30012
3604
21752
20989
9324
27348
2927
25025
401
29879
4705
20301
23463
31248
32330
13989
30041
717
24435
1582
28020
11889
3651
8972
16910
30166
28748
30524
23155
19621
529
17776
17362
24209
12697
24238
3244
25686
21941
5543
27384
19573
19984
3032
6423
13228
6139
13410
5498
26935
25589
10410
12565
31433
30717
10928
6274
1097
27288
28976
17398
16205
673
6523
31204
3671
18388
23314
20595
32722
4121
22791
22944
1226
5520
11540
26163
22383
24928
2168
2915
19784
5952
1685
22344
4406
28097
3403
24581
304
24418
22290
6577
11192
24658
729
7946
10527
9475
17826
22745
19582
17779
6618
12323
26736
18745
2169
14100
9104
26706
26590
29868
6326
3241
11368
16166
16112
24680
9940
20781
21826
29953
19545
1470
19998
20219
25733
26331
30370
25213
14549
31477
21908
19611
8727
32023
32285
21860
3968
27602
21064
1704
25485
6892
28986
25481
17050
13255
19759
3272
12099
20627
9529
24013
4222
7731
24247
20083
32117
12528
31382
9626
27428
30688
8778
18538
6071
31508
2187
12903
20385
20612
6608
25145
26748
29627
14476
18233
3491
27715
299
31675
14993
28366
20939
22558
32504
25897
4539
10900
26785
2273
29876
8114
12038
31922
13785
10167
31921
4275
1648
25756
29267
7492
11358
27872
16291
8371
3172
28432
28156
2993
7196
536
14517
26743
30641
11852
3904
18615
5985
31542
7426
9797
24756
3613
29428
8834
3962
9562
12029
20620
12933
31834
15630
30247
14379
25714
3579
28522
18042
7782
24605
8489
23354
16567
30120
9766
28580
14000
21709
8951
7139
9263
28047
27829
30286
14900
16741
28265
10851
18475
26772
31031
899
5625
4427
27464
26479
21192
21627
22905
31878
9363
31869
10181
30652
9328
6497
15474
20058
21409
32535
14846
18296
21849
2368
27593
10554
31054
16594
20863
32205
25346
16238
30027
11296
22994
27777
30909
24675
3515
28700
1143
64
23791
30612
1691
9948
26140
10201
27637
25740
29559
22935
16359
15959
2699
31502
24344
10544
11459
13234
10460
31984
5304
9602
23393
6933
31803
26664
1695
17725
14114
6613
16893
24416
11987
8667
4292
6608
2706
263
8516
16114
4234
19396
21192
8378
2972
10737
11835
25064
16875
30845
15767
5892
18468
26824
28177
31514
15758
14777
26886
13366
15573
26271
4003
25502
3478
26569
1367
32210
25258
24804
29946
9796
12594
22807
31930
2775
27751
22752
27850
31513
12830
2476
17609
14145
13342
13113
7154
13031
27170
12972
24585
18310
22700
18289
5889
4786
30864
20950
3950
31768
2876
24423
11181
7994
26568
8455
13269
5352
3265
9939
23132
22653
693
32182
24457
17631
23422
2764
32669
25908
23119
16504
6081
5476
4224
2372
11694
11859
31513
1147
17950
14811
27936
28808
13814
27276
21154
24333
23088
21283
6276
3779
25226
6603
17671
1812
6896
8982
3356
20858
24490
28857
29293
27797
10310
12298
13863
21775
21827
13371
11401
16432
11394
22612
15662
25664
12397
1266
7194
27296
15844
21953
1926
26535
7404
6842
5740
29757
28694
12573
25553
17722
11953
28718
8917
23676
5551
9647
26491
12234
15192
24096
12345
24940
12720
29881
31807
26246
25513
10019
31367
14136
6409
10490
7585
25719
19737
29444
8252
12202
17427
18990
18035
4
2889
14922
26589
20900
20501
139
3667
31342
14724
8636
13696
24743
12481
10307
30506
32595
17475
17881
12354
21582
4534
21767
27308
5164
25259
30303
6095
16338
26622
17792
26588
30673
16395
25031
18911
10630
13200
18133
24711
29170
21856
12485
30645
21082
28877
2090
18119
4766
29395
4555
2977
27994
14852
24094
19072
25022
31031
13445
15998
18221
6384
30282
18147
32408
17294
13660
23858
23961
2103
31431
24560
12111
16516
30965
15923
26364
9451
9638
20462
24671
15344
30640
26366
18898
4107
17528
25843
5156
22616
31020
24991
1076
1
11206
11873
16978
14443
16320
16943
853
547
6807
23140
10108
22663
9218
23631
27398
27700
3567
17271
1167
6195
8258
10416
19761
32227
1101
11743
20054
29604
19469
23180
20831
12872
12586
13612
19702
27962
18349
9516
19507
16748
8319
27069
11122
9986
6053
12642
18159
20928
19005
7739
30502
11316
28727
17167
30444
22947
5588
25883
3917
27316
28896
3740
9508
12510
19887
15902
1149
23699
20441
16003
1451
21033
693
29650
26664
24973
30102
10437
32559
19622
24520
10512
3099
18570
2121
13427
25213
25955
27975
5759
12800
2336
26462
28455
4606
26843
17550
30734
10974
11533
5885
21130
6452
11380
13170
10875
26262
27071
7053
14799
13375
16383
20424
30928
29542
27086
17710
1844
18268
20285
31453
6627
28008
18047
27453
31110
18018
13143
21757
24020
24082
12609
6098
12699
3142
13411
8430
2960
2997
19761
9026
26584
8854
31459
6004
28243
14592
14488
16287
20907
30976
12615
10958
4895
21628
18026
29750
14096
3274
21865
14901
13896
6160
26567
2318
14349
90
14862
13666
24810
6268
17787
25197
16952
8877
14442
12294
13935
17632
2432
19541
13871
26337
4506
25937
29196
22069
22649
13825
15644
19374
41
11118
5186
11984
31542
23914
20025
13031
31118
22276
16480
10724
14389
27334
25671
10492
8107
3765
18941
23295
23837
31750
25367
7288
25166
3744
29313
15754
30787
8277
11524
1413
20657
23520
22171
21579
16935
17310
26741
32101
6907
26637
3018
14564
14070
2565
30046
17913
17343
9400
28118
6996
24584
7019
4798
16701
378
1777
7254
12659
19809
24300
13343
22727
20503
31427
10282
5752
16178
9826
1819
21837
12909
18101
28928
6773
32599
18914
10452
9758
9149
24393
13009
471
27352
13116
2937
6310
14647
10878
17251
13545
11115
22909
3014
32749
29556
13135
32711
24400
8430
11374
13954
19479
16379
19764
27098
32654
31471
28693
15873
4579
10942
10142
30150
26241
551
2097
8097
558
16284
20861
1920
9955
4600
13248
31055
20847
7136
11452
8266
29898
16884
14458
3842
3898
12222
20930
15408
29992
16216
32341
61
28095
12250
25328
24461
32074
22154
6914
11663
31050
14019
20520
21638
16986
11425
19820
19988
16323
5746
2626
6283
30943
10460
26942
13555
26670
22990
9878
31195
25657
3624
12892
18144
14890
30249
29304
25855
22056
17564
10343
8090
5492
11458
30389
25163
7749
21246
16955
26476
22883
7235
27417
17251
27014
2109
6514
22702
15468
578
6634
178
4540
21751
1504
30019
5021
11458
13164
18162
23830
21747
10519
27674
2596
7090
4445
13481
11677
2214
27107
11951
18631
21098
27256
18344
8375
16049
24526
13962
3435
22835
30197
31373
7847
11614
11931
31420
12944
28350
32517
4672
23049
15400
20940
5479
9937
27050
26712
7031
16217
32051
22558
6454
21606
18945
8089
6196
21611
22221
3849
5854
30884
31417
238
23876
2034
23797
7747
21157
27513
17205
10875
8128
28923
23251
4925
10714
22259
26819
16350
12942
32369
3130
23714
10327
24249
30
7603
29662
5785
1836
13789
19972
14222
28395
32015
27311
9878
21844
658
1109
11987
7486
1798
5194
8676
15755
6689
17353
8707
22293
22567
25028
29150
15702
809
26988
26167
24025
29693
25983
21818
12900
7936
15444
8097
10722
10382
12455
12170
13331
17726
8997
2323
23538
25054
24759
18619
7401
20274
2446
11128
24247
28011
23795
31896
17437
4969
30156
1368
14412
11696
17389
23109
26382
20780
20004
8790
2998
15781
2307
13254
17097
3072
20075
8883
19049
1083
16861
7544
23941
22310
11648
13003
5570
14306
9202
23957
40
4379
29391
29333
20621
20997
12802
19379
24514
3863
31694
19749
24703
29322
6555
8259
30478
14480
12673
16427
8122
13141
16534
13332
4087
4791
28151
4979
32334
27588
665
12240
32015
15351
4557
101
21429
25650
7829
11131
791
22395
18857
18821
24660
31094
21575
15865
29308
26790
958
16882
32510
12388
12729
31879
28886
7835
5452
17641
1651
14665
4288
27198
29289
4021
4126
7489
23259
25456
17534
22422
25510
25870
18445
23790
12110
162
30431
12767
681
30202
2170
9344
30541
14495
13854
17095
26810
21387
31189
23204
2120
19624
12863
24537
17359
17421
14107
21408
27416
19192
10901
2555
16391
11913
4946
26841
23940
12868
2876
31981
8494
30276
3853
78
959
1344
15005
11983
3133
17983
32236
1052
18918
19995
5871
16281
217
19639
23579
18938
30084
4608
9138
22690
721
26276
21456
27325
26383
13461
26420
31772
29602
15164
29391
2515
2923
19326
30735
17556
7157
18288
4072
3274
32100
25049
15015
5237
25886
22891
24694
17096
22326
11201
20142
13700
17053
31768
15840
31762
13319
10701
11425
26723
19358
21146
6937
4488
24938
15504
29514
25616
1147
25556
10785
23589
16604
10265
25919
17765
22583
21985
12676
7298
22856
1907
5727
28312
16899
6555
4568
21073
6276
12324
18778
22203
9914
1558
31554
996
17619
1456
32040
18747
24167
25636
21232
30118
7780
15637
10895
5474
28092
27089
18589
20895
12495
4174
12703
11735
28570
9702
7186
16114
21661
25042
30519
14363
11918
23400
4770
26976
24767
20500
12928
3084
28240
19736
7339
30916
3092
14595
27247
9060
25924
30962
11034
30871
32486
11658
9030
31032
26107
17329
13541
12140
5227
21775
15377
22907
14513
5191
27793
26227
19526
16629
31786
8315
9423
24424
9644
8440
27653
12316
20664
27233
10856
8958
27218
17379
20643
16990
14890
12980
27582
20915
16554
11575
28678
7187
27071
25556
18108
11885
8295
15253
2688
31116
3839
22145
7803
6091
6218
17849
3151
12953
21824
16723
21696
17323
9117
506
7967
11780
4388
6210
29562
27302
12215
24012
27525
17685
7704
23582
1607
25488
20861
17727
2692
5903
27606
23061
9198
12027
10973
23167
9994
19632
15329
23346
10211
29363
83
7508
20338
19379
3853
17370
7112
25921
32358
674
30465
23119
17142
9040
20713
10602
12073
31720
10091
12983
24454
13104
10686
6575
8125
28355
25166
1690
5234
18165
4971
972
13772
7274
12979
29346
26300
11125
12096
21564
13582
31026
28306
25080
3633
30306
11323
12721
29893
29705
10317
25020
745
17865
20611
2206
17731
11773
20530
25743
15052
28565
13037
1712
1377
8628
1531
30219
5897
8459
9338
1614
26631
15091
6735
24135
415
28237
18901
27167
27048
24089
16449
13654
15063
20953
25815
26754
30149
24483
28366
26311
22213
7177
19972
18197
15464
27561
29282
9508
27340
21138
7693
1585
14249
23901
11858
19830
27418
8
1870
31850
24875
1681
3680
15037
14374
29527
24400
25106
6045
26416
10300
2426
23607
28489
22598
19636
13371
21697
3327
19239
30942
18949
27282
6811
20556
4585
19120
10683
25720
31883
28223
20043
15012
21992
7618
31529
30639
8763
25734
23045
7458
17433
21138
17632
2809
26702
29004
23366
21041
21365
22251
12106
9238
27993
1184
17990
27209
9743
31620
26959
21395
4303
13376
378
24941
20631
25982
31698
16971
12926
17683
28948
1196
4568
12265
3377
28387
25103
25774
29313
1954
31292
15678
5319
6987
32392
4817
18408
18935
838
14564
32363
27202
17868
15080
29615
19677
5909
18605
15856
11473
21527
32141
1016
22676
2021
28248
21156
24525
4997
10755
19998
20967
30607
6415
15060
22871
7050
26555
6714
16302
12038
26345
22341
9822
121
4048
16035
76
26074
5735
16058
6169
4863
13965
11111
12080
31159
10232
371
399
4007
25828
26069
14934
5605
12151
23722
9490
15958
502
29685
10182
19144
21930
24086
20925
462
27792
14347
2834
5471
2500
30570
12540
22317
17578
15386
10970
22214
25313
469
17410
17773
25833
27998
22089
15286
12686
12673
4434
15588
3100
18383
27287
5123
16705
30998
569
26308
14016
29090
2183
6683
18907
23863
28752
25754
10365
18121
31209
10891
4395
14337
25341
32720
9641
21617
18199
27515
15468
27793
31985
18733
23747
17537
31866
25647
20931
2685
6569
10322
32759
14623
8196
1159
27077
24920
6895
23357
3742
6188
22197
7294
4333
1073
26200
26056
20157
18117
14872
17324
22824
15634
4805
28968
30339
21699
24006
12485
6987
28803
17893
7025
1486
6202
1248
282
26777
28935
16816
14094
20389
14587
1942
28693
11328
17051
8683
31308
13245
11284
26789
32448
31963
20028
18856
7886
2038
8013
6866
2877
7663
1376
197
28952
12764
21675
30323
22604
12656
30074
16747
20486
28713
28142
24293
1227
6460
19321
13710
7252
21568
10261
6164
29487
2204
18247
25713
6166
27570
1751
19449
8462
17864
8012
4130
13887
6587
28713
16405
28310
7010
21482
17144
23069
8387
14269
15097
22037
31224
29441
3354
1753
23519
6783
6591
4978
18821
19307
29177
32505
10320
10777
5520
15280
27374
4223
1490
21471
32513
10350
14622
17520
27015
28048
15151
25930
15883
21280
1577
31597
23693
2412
24678
20690
8754
7948
19197
28160
30892
31200
19734
20846
28775
25547
10224
16540
20856
10032
16303
3824
20294
30513
17639
30289
19190
8098
27369
23941
20632
14543
14032
10315
15123
23282
13129
27959
10960
3443
5414
11602
15145
28125
7330
26989
8848
19108
16242
12617
10623
11673
26512
2152
9252
4649
21190
15537
23240
17241
24317
2759
3331
7554
20291
11302
31649
12236
21918
11010
9555
31083
28050
6111
8725
16028
21364
31983
18787
12638
9325
11056
3867
27121
29517
15682
17201
27407
24085
27657
8213
11757
28739
4359
21476
29168
24027
29302
28752
19504
25402
13608
27984
12973
21914
4127
10888
32595
12388
7660
7032
9904
11065
26568
2660
7791
9407
1651
7685
12188
28203
29904
3572
12438
17299
28733
12754
25299
31985
692
22328
28759
17398
4771
2658
17650
23189
5259
15770
16188
15946
14938
31590
30033
13358
15497
3953
2381
2492
6390
21050
18822
5729
25471
894
6284
18885
1122
24422
22753
21212
87
23152
22649
11179
9834
12319
30704
5595
16282
12387
2445
21503
7220
30662
9211
11173
6892
32346
25793
31774
1472
10598
24198
30221
24717
19403
12039
16306
1390
16696
30932
4596
10968
4114
15565
6704
12150
15904
20320
11460
18373
17402
25984
5209
26991
19247
30052
2548
4201
9017
26373
8636
14795
6433
20564
14473
12402
7666
14655
11824
1880
26591
9058
30865
23982
31283
20877
23389
18622
16381
2810
20648
32643
9591
22091
28210
9221
23610
26693
21365
18039
13860
16975
27758
32271
17157
15529
5420
13223
7436
30828
27161
31256
4084
30021
20747
4178
1774
18160
1802
26939
27981
9846
16095
21837
28148
23335
7265
10734
15743
14167
6271
654
23348
9432
6668
30595
29864
32059
20302
26276
22577
10693
5189
10663
8719
18227
29115
22075
4185
18734
271
25572
10665
22924
16578
21402
8839
28492
9662
13601
11670
22864
30058
9767
8832
14552
13423
10015
10147
10179
13895
25056
19064
1668
6538
15868
13000
11749
15608
24289
23693
126
31045
26546
1193
6132
11176
8419
13385
2547
23842
23446
5910
233
4750
11961
2082
9351
4461
27100
397
3576
9583
22995
23291
17375
12993
15119
694
31251
8474
30141
7586
4378
27523
32668
14820
4454
24809
32671
81
7762
24931
3910
4248
7386
9284
13756
29744
2589
21216
30897
21503
15764
1055
7925
23759
4880
25795
218
32370
14453
6265
582
29103
6968
8097
4762
12531
12698
19933
20038
20408
7074
7515
7720
23732
22491
27363
28841
15042
2002
26271
26775
7313
78
17838
7616
3855
8525
103
19282
16019
12739
10605
2037
25293
15122
10615
25509
32110
8264
27612
1873
22422
27931
18401
12853
27138
6308
12995
12536
7154
14302
1667
10885
1243
23518
26996
24233
7377
6096
8837
12913
1970
27317
26191
9793
26387
2270
26845
4532
24300
16679
16447
16695
14595
31220
25549
20836
21273
493
21564
25632
17366
12409
14434
2931
25204
4603
31433
1578
7470
7119
13301
10798
19047
9219
28021
6307
24731
6358
2476
6080
16646
13297
23645
11889
278
9575
16376
23982
24209
29294
13222
5017
19078
987
19990
13402
14069
8287
4357
21691
4926
20099
27024
642
9034
23141
26937
13970
7547
31536
955
19648
15188
21597
23949
7542
10472
20139
30520
5386
32516
1247
16730
25820
13340
16444
25974
10801
12278
16577
20353
9939
28184
19749
17452
26468
23282
18067
4082
29574
22475
15397
6882
25517
4461
14882
27946
30911
5521
20728
28775
4464
21256
4088
31150
6496
28846
28627
26714
19953
9998
26840
26003
29930
2261
12523
4259
24781
26104
23876
9208
24312
13733
25581
24313
27518
13035
14586
16521
18115
6184
901
24156
18649
9526
9840
25852
3742
23636
6362
3226
23698
8662
19037
3733
21369
10893
3854
26572
21172
25844
20274
29604
9312
18719
30400
11224
20267
15203
24731
6403
10746
28102
14732
16367
3389
27685
5889
6043
15885
16168
15751
21518
28426
20966
21257
4574
29431
1623
30918
11903
32018
9341
2324
22861
2868
4178
29910
10583
21933
29296
31934
17393
24797
16259
16963
24568
3219
19055
27745
12771
15653
19776
23572
3215
31315
5333
11410
17095
8156
15180
31563
5525
31710
7468
13217
15178
30447
30037
23143
19279
8700
19368
5403
6826
17892
8822
26852
21840
20691
3753
27978
24621
15711
9909
28343
20467
20325
29756
15537
166
17058
21636
8149
6628
18192
29593
13203
3061
26374
20033
8107
20887
13070
26276
28011
646
20357
6072
29861
717
16373
13166
7282
23247
3123
22430
27562
1044
6967
9651
9502
14037
24510
18710
27548
1094
12961
30811
10656
18854
30451
23854
14554
18439
25566
3836
1380
27869
4155
3169
10431
5961
7155
24404
14483
26147
4888
22548
17699
23242
26306
2769
17298
23723
6058
31771
24535
27026
28297
10252
29313
32435
24110
20532
5676
1655
27489
15431
6335
22280
13947
22920
17515
3483
706
25844
15459
21120
22406
3119
26971
20971
5884
12592
12739
30080
9949
15531
31168
10912
1726
11073
9967
16758
28718
16746
9176
12480
23698
4638
7988
19037
3263
17478
735
11419
28252
17126
24219
31806
31478
17415
17034
13136
27872
21093
17770
4268
26064
17885
12942
29768
25402
22165
7072
13381
7275
14057
18968
14008
9830
24601
19579
23606
31103
32179
6996
1826
13496
9153
4595
19382
15071
15283
14056
5330
1380
21515
4158
18823
18683
16074
32632
16227
18421
10910
24909
1402
28254
8904
27939
21561
5079
8655
4172
11754
32562
8935
16642
31750
1999
24094
1316
13630
28857
6988
10414
22600
22912
18360
24569
18282
24788
14986
20920
20679
21734
21493
17582
28524
3455
25377
27952
4378
19420
32473
5726
27857
15440
15609
8993
13857
30105
29845
8932
14640
4605
30441
30226
11146
15916
27397
15954
15788
22997
14389
5764
14670
1542
11057
20091
14452
15684
16905
9849
16691
20846
19151
18027
21060
27474
16642
27881
11338
26636
5565
4588
25571
12323
20132
31052
2160
25697
10121
28929
27557
31862
8930
14102
21967
13132
13548
17260
13032
23848
30107
28980
1116
901
1352
17450
9113
25264
4121
17810
8537
9506
7215
13555
19887
30882
3731
2198
13523
22807
4830
31166
7341
11566
20906
6308
20259
4272
8636
9273
15650
26784
8173
8602
18030
7447
23005
28499
12842
5344
30551
20564
9254
20179
3715
10931
6892
13554
3790
30247
17033
1349
28314
5696
10268
27765
1957
7271
6688
11819
20025
11674
16761
30502
20248
2020
16192
13599
8230
25501
23374
4188
12244
11366
3978
25366
8017
19939
31731
19084
4975
4151
3948
11747
10325
16449
29003
22212
29674
8088
30624
30644
17148
22599
13893
15410
32052
28744
29354
16018
23482
30914
2141
32668
24232
29954
2652
15332
11568
13627
11546
15079
19596
8445
17747
29674
22953
11639
26512
9363
12690
31597
29817
13636
13469
22775
7646
1851
4184
8959
12420
2154
15411
17016
11951
10519
5354
16735
1908
3892
17081
13171
30395
9084
22077
28339
23062
21585
18476
20380
1605
10840
18356
1311
27013
2770
948
8292
1693
17337
23198
25665
5286
15775
7462
4216
20381
28486
20403
9396
17834
28414
5763
22338
11565
15810
14492
15248
3982
10257
25974
21606
21697
22670
10602
3558
31644
30806
15576
23364
2776
31013
6683
29766
1768
25896
1582
28283
30846
20639
30747
11835
20438
18747
2855
27490
12489
24369
26559
17867
29585
9249
20257
9614
26205
15274
13770
25338
7060
22985
6307
29265
20713
19190
30954
3910
15139
25085
10977
9271
17065
26525
25401
26922
31952
26594
12093
30345
28133
31042
17343
18334
24569
22906
20163
26828
23151
31782
14316
19859
1606
26403
31658
2625
2855
30885
3361
28025
12590
29463
27352
13669
21369
27318
21030
23739
28529
28908
15709
15217
23771
6509
6323
30527
31389
13587
23028
32729
23633
24186
26346
4841
17547
13403
30344
974
30698
23977
22745
17175
13537
13165
20907
25021
23619
11362
29178
3108
5776
26192
7198
14544
513
26921
7860
1767
13653
32740
4686
2155
9050
17181
26074
29747
11066
12649
17875
31662
24971
29050
18985
16471
24084
6648
5873
9463
6752
6938
23501
30366
11525
9734
24089
10591
28081
11758
31194
9422
19961
24294
17767
23611
29410
9863
17365
11947
23339
10822
21028
19098
7776
18321
15146
4467
4256
31151
7747
14027
22313
16725
5302
5985
14760
27143
16870
983
15427
18741
14909
31533
20066
21265
27864
4353
6721
8497
31730
31624
16695
18153
12306
1355
4291
3942
29172
24226
31835
394
30521
2801
26613
17803
3533
26021
3921
18507
12828
31470
5645
14453
23540
12346
3175
14683
11832
30837
29903
26514
30026
4097
5684
2891
8246
31863
9995
5232
8351
19483
7455
15490
23914
20769
11804
27189
9260
21666
19673
13000
17748
32093
12136
5414
18200
26158
10719
19135
23329
8270
27109
18979
757
7504
24316
22371
3880
15575
23440
15911
25922
31256
15043
4495
14447
29971
5878
3531
8425
21392
23831
30585
15910
13788
18605
5313
20417
15169
5285
7218
28968
21062
27866
13659
25611
20651
27750
26409
5504
3875
13482
4100
18934
1231
26911
17320
7136
7807
7131
10947
14621
19879
30435
16467
2857
2851
11827
2238
13830
18859
1678
7854
6632
5140
32006
12723
17315
21324
23370
21142
30677
30739
17586
10622
17619
1146
2060
29125
18260
12572
16932
22424
3552
10783
7445
4945
18166
8170
14418
24212
9728
10147
1395
7979
10999
10096
9665
25506
14550
19049
5248
3490
9920
14431
10751
17934
14320
3407
17248
5855
9828
19620
6951
18111
11337
19504
7813
21096
14373
21225
19298
8123
14278
26467
25389
18080
9710
2577
32355
2976
18107
22331
19680
26691
16088
19647
3817
15659
29030
12167
4853
2541
20648
19662
17470
18099
3441
4882
5644
15250
20813
16087
22460
29100
28530
5922
15763
6661
14437
30129
10821
1574
23660
5883
1347
3700
2231
28138
10696
589
11085
30554
15010
32232
2487
18769
26305
16873
5743
23037
27265
26823
12552
14958
22967
5598
15642
16664
32381
31315
15347
24582
22717
19371
21759
8927
2688
2090
30963
4250
15604
9453
3004
27905
19007
455
16683
5607
14342
16091
6237
30760
20155
20478
8683
22629
22954
27082
31959
27516
23491
9345
13873
31434
17701
28840
30604
4128
30063
14688
12324
25990
5829
20611
9420
5298
7588
130
4761
16966
31078
24577
20561
16589
16788
17199
6801
26483
27632
26343
30400
6280
22333
12680
22711
13235
14036
9620
30509
28662
10984
25099
31460
22885
4500
19589
29845
28326
23722
16658
17820
6695
30778
25554
26467
802
3556
28755
15760
29266
12510
8877
24302
18034
16068
5727
284
13434
291
14056
29432
20377
23491
7717
20937
5361
5048
31854
25902
30485
31527
26222
19914
9539
3545
9414
29357
2657
19073
24929
22913
16313
21709
20117
21881
28532
11311
9215
14585
25303
872
3355
30213
14401
1241
26022
22892
31968
3977
24499
19633
9783
14581
28559
19132
10064
8091
6486
29509
7616
23109
31826
26876
21087
4118
14359
26232
2500
1366
1887
13798
24707
10493
11430
30574
12070
28417
3204
25188
12780
863
4558
27955
28739
8683
14188
2058
8199
7896
21497
22084
120
27655
797
4760
26877
10000
18602
2565
1947
31761
18807
22906
2868
26937
13824
23113
13695
12050
17082
26954
4299
31122
18999
29903
17779
3553
29950
32075
19232
2281
808
29889
29122
31391
5050
10478
32332
27155
1478
9269
22322
3640
20288
12623
31907
18292
26017
28079
18566
9703
5181
5814
12854
2171
23653
32155
4606
8368
15164
19992
8275
26404
29018
5077
11476
19685
10274
10901
18690
13687
4324
1315
25279
1444
22961
30458
2696
21254
5122
27831
24946
85
26888
16191
27365
21105
14288
3504
15899
18990
31007
18953
21336
20195
1287
25752
26855
30129
5709
16935
15320
29076
10107
26853
4219
30763
1475
4118
18075
10055
13722
32378
30074
14133
1296
25471
19345
1484
26609
5926
11780
17973
31134
27829
21479
24957
16552
1057
22835
21468
4146
17978
1414
4803
8963
30612
17054
18343
19565
3641
32403
27536
23266
13840
30168
3936
2127
12299
8432
23780
5184
30740
16880
7324
25521
23989
19896
19530
17077
31626
11504
4669
9161
14694
4292
6490
30965
17736
22368
8687
680
12028
15402
21304
12369
4753
20418
6573
28349
32126
29627
7697
51
31379
22038
8507
14929
28833
10370
18595
17829
16360
3926
10156
15115
19013
1098
4531
15049
21016
10489
219
22891
23543
17687
7575
32351
32532
27762
13044
4177
20590
2218
7084
2885
21690
17071
29675
23669
9488
2047
7134
8176
12886
10141
22273
7151
21357
17104
5157
5622
2589
3489
10820
23983
10945
6930
5637
10629
21170
12574
1037
8451
22900
24693
13323
12523
10403
23540
130
1302
9883
19430
5973
17423
8170
6397
12052
26733
23415
27406
17673
21492
17775
22415
12288
30827
23795
31698
5082
12859
20610
32511
465
12492
29992
14291
20872
2207
1124
29211
32474
19243
19674
4078
6239
16505
16829
685
2750
7806
5370
22460
21685
23100
18469
21757
28649
28311
24612
24849
31343
13560
10142
13133
27926
11171
11297
1918
27258
17881
25109
20829
29386
8621
7013
11217
2132
16295
15591
32743
4309
6170
24207
8081
32643
10821
16984
20514
5078
24876
19950
133
14618
27188
29468
10049
21174
22913
13048
1069
314
14352
10192
16882
11306
22419
16851
13125
23692
2064
8831
10210
13363
2872
17102
5447
3530
24968
20512
3893
4511
19745
27623
19432
19253
9832
14868
12305
2952
24157
27205
7831
9246
19132
10155
2066
18130
6101
7101
30212
5728
31788
28574
3541
13231
2512
30799
18325
21474
14716
31124
21616
11037
2927
11175
28912
14359
23051
28576
7926
15460
14896
24223
886
28032
1366
8127
25589
10907
26988
12474
32708
17190
6772
3420
16634
6690
475
25001
306
12835
1945
13005
24073
28198
20749
10952
22870
4889
4502
29398
16680
22051
18673
18591
7041
951
2901
14883
4563
2907
12112
13411
6206
31800
32095
20688
19591
15970
15696
3445
18648
5349
15704
23523
26170
13460
12020
13024
10962
31633
30080
3790
24543
5531
17048
3293
2927
6427
7218
3312
18916
26860
10360
1616
17194
26349
23398
31507
14261
17225
25128
13898
24893
29825
26673
16622
9017
9278
4635
14728
18205
7385
19009
31394
16466
934
15134
15344
13305
27652
4964
6718
16480
3877
28636
12825
16448
13470
1792
14653
1469
6062
29274
17090
18715
21838
12699
6661
18240
12028
17274
24663
19437
11847
28754
22888
9147
29979
8826
4721
12760
18122
26723
20517
9599
5598
31861
28501
2873
8865
28326
9317
13781
30313
19422
17779
15144
18340
24334
2881
133
4775
26634
29926
4859
29494
25643
14905
18257
2770
17573
30968
24002
32710
11944
2236
9592
24816
8506
8605
23499
31312
7375
16804
17206
26194
10413
31989
11805
26587
20995
9401
31041
22805
194
28877
12799
15099
15938
6188
25676
12707
18838
1053
19568
31054
5547
2588
26757
8241
3363
22665
9646
4354
14324
530
9496
14913
7871
21473
21682
24139
2033
25222
22444
22560
27291
31139
31409
24815
13074
23130
12259
8807
13638
29815
20122
8636
26851
1628
4829
20347
19241
20400
6300
18447
652
17095
20147
4367
8203
24784
7583
24397
6736
11456
15870
12703
24204
24834
31433
19563
4880
21467
23376
25076
26540
13983
28920
29544
4040
7061
17591
13989
16964
28331
8268
3279
23311
19674
12095
21907
31369
26199
13212
11064
16025
22399
19055
21354
29070
9343
31742
28870
19127
17351
5065
16676
7361
25388
31810
29864
3539
21471
6733
27015
13674
18706
25718
22682
15350
21860
12788
16036
22578
21265
32097
3684
17988
8922
5943
30553
5272
28085
1034
19799
25212
21813
648
23758
27771
16055
30000
14293
635
9554
11221
18426
17302
7804
18642
12489
15288
32124
15882
20253
16125
16788
7590
24873
7880
15082
14990
9028
5283
4666
21668
28025
32473
7998
19651
7627
19157
14808
7290
23368
10553
29189
3464
32212
26558
23170
27927
9906
3278
21052
14009
21971
4322
30840
29475
2015
20893
14279
18092
10500
6822
5031
27523
26753
24646
9465
5043
14577
1989
28967
28376
2392
22916
2065
20383
751
30938
5308
11519
22447
32175
19642
31545
28063
3034
27223
6288
29406
1084
7560
18888
9840
11161
8084
609
25033
25402
21888
29840
12058
20291
11579
9474
30813
1748
8590
32336
6946
10722
4290
8256
27927
30932
21006
26305
32090
18909
13767
25765
7807
30748
23622
19996
1376
10357
3992
3828
2215
45
3048
2195
19740
10568
25261
13232
27311
16546
25747
8660
22085
2511
15915
6804
7235
1204
13137
20619
14299
16610
9569
27161
4889
2742
20505
23007
31660
20017
26956
17142
6261
19352
3916
25842
11217
31179
12821
19353
11943
12902
25402
15971
4144
921
14480
11185
9865
17351
11675
3022
7162
17121
12220
30630
25860
13697
16664
28488
2860
13766
24136
3101
22666
30194
4802
6886
12305
196
26634
22903
7835
9110
7064
21557
28860
24119
18312
8016
22851
29830
27140
26561
29839
32211
30578
6147
13464
3573
25436
3217
441
21547
19491
5154
7230
19379
13667
14247
2738
23084
32037
1536
8421
30637
30664
24450
27583
15521
24236
32042
3528
29033
32164
12189
22643
31663
19224
4583
11822
17803
22269
11248
31018
31320
15478
16574
17130
13653
583
17517
14477
32251
5630
13806
10204
11808
19936
22658
16659
7632
7572
2293
10608
12518
27026
10907
10877
8814
9545
26636
2588
10683
10259
17310
22359
21831
25817
13223
14309
14157
28806
18031
635
16424
812
2551
12760
25193
24569
13165
31887
23739
20440
17002
7571
17784
6886
7153
6532
13319
11419
22824
3260
9212
20149
17876
19992
28141
9955
19094
29318
29205
25399
16103
32083
20651
16713
24277
18738
19456
23594
24698
30219
12379
27919
25921
26506
23956
27322
17112
8290
20083
13223
24564
1637
14790
12028
8392
23365
10564
4142
8003
30247
8740
10610
11020
2541
15229
30954
19774
1088
15964
23692
19427
20832
11175
6354
26930
4267
17332
7716
23177
1519
27561
14597
13096
21359
3218
6399
16051
18615
18499
23119
1894
21024
8179
32337
1046
21794
26773
32426
10731
1372
10485
26423
24031
32357
15768
8889
501
11856
24144
26173
6714
23809
24993
26444
17789
23603
22999
18647
1485
11332
26595
27361
5303
8647
24569
2282
16188
22472
7148
21279
1428
31453
5956
28227
31397
14577
12581
1627
8002
25040
12255
24604
13604
1138
25172
5397
17833
5383
31501
26268
22606
26566
283
21370
5358
3190
29359
23638
19896
22201
30073
8930
11505
7963
12481
20423
623
2270
11590
27473
27857
22659
22233
5338
23167
10008
31673
17656
7781
32325
26029
1638
5230
10516
26852
20915
4546
17795
1164
30636
7360
25292
28980
18058
10426
14447
14562
21980
20851
16899
13556
9523
21081
19394
3511
31119
13699
15309
6089
9612
30313
9284
11055
10316
5221
27143
20533
20260
20717
3144
24073
17926
5518
22745
26390
17073
15783
6447
3874
13978
16363
1081
10022
13208
29588
227
10992
28499
28008
1384
31867
4458
12397
8028
30986
14439
11883
28789
17414
24932
21542
11293
25501
7802
7512
25016
2838
18413
27760
8117
12022
5144
8717
15190
16085
16921
12345
18752
8445
17213
9573
4802
19400
3882
27433
5093
6326
3791
13496
20024
11600
18956
22820
31832
5568
17440
5463
29249
27949
13014
29133
13912
12248
31855
18450
7988
4856
10318
9215
560
32341
11878
31924
16049
935
20836
340
12856
28588
28571
30084
24870
20747
30387
22945
24658
4331
26129
23235
19277
31059
3078
18038
21360
17728
27063
32306
13226
5768
27087
9888
5387
28017
21990
3724
12303
32272
13999
2472
13995
32611
2788
15110
21273
20526
243
2899
18276
3478
8037
18133
31155
30590
2067
7970
31061
16037
16903
3238
18576
6268
13875
19410
30505
13512
19156
29220
22963
28924
18852
22236
27032
25940
31938
19320
6633
10161
11874
24564
11493
24631
30516
11971
22091
2984
1941
27787
13919
1919
22392
14244
31166
17356
26899
25423
10723
14035
2633
15030
31349
28258
16602
30631
8022
23286
19788
26896
30572
12429
28824
1338
6189
31049
24725
25542
1517
13769
5926
23400
9447
10055
26658
16229
12045
8049
2566
30925
14991
29192
32093
30584
7469
25659
32490
14019
14397
13761
28828
21000
31100
8121
25903
25822
7316
25921
15009
13078
31089
20952
28508
21616
27460
16756
7708
24609
7251
3683
19621
21509
17031
226
31015
13220
6324
7294
4716
6886
8358
26414
18119
16534
31215
1581
21949
9369
22899
19609
20592
26090
28080
6093
29903
31837
15310
5503
3968
21008
16746
20376
4232
30895
26402
6615
16064
30320
4064
15652
13816
26314
20711
31925
7144
27380
7839
20706
14299
9761
31265
29641
22809
16764
27521
7073
14361
13285
21725
32479
15971
18793
27177
32267
24903
9860
22969
3935
31552
17174
29067
18468
20517
6437
19802
8141
10261
856
22883
18640
11552
1839
13813
15176
30646
1795
18363
19788
30160
6081
202
29964
6368
30310
11881
4273
30329
22842
22434
20467
18366
6348
30860
7031
29580
27825
9814
5614
3943
14331
26644
4846
805
8571
20553
8078
15196
29623
9017
30916
5773
170
5611
2943
30989
1342
29184
23172
13239
18570
10807
26122
10579
29387
11195
28948
24261
22564
30771
16529
25077
13077
21640
12340
13186
2749
6261
14612
7974
16591
27344
17924
12007
854
30362
29104
9475
7720
25800
2684
10393
26668
9934
30748
4375
18507
24049
24307
31847
3639
27466
7469
7129
6878
29849
32155
25550
5293
27087
15441
2602
9093
22361
14593
32631
28798
4398
29462
20185
25950
663
11152
4278
26583
11969
18594
23586
3204
11780
22285
25355
32162
13297
17722
9513
4494
27166
13338
26019
19715
11185
31166
20353
19728
28077
12725
29909
21722
24575
30505
5289
31511
4935
9400
21415
13125
12136
13844
21387
11950
1742
10073
21833
20765
4738
28209
20989
13661
8943
26794
13975
32118
20849
24018
11842
27303
32419
27672
10137
31010
26981
354
137
31626
10928
14573
1284
29229
8729
15080
11371
6657
7974
31184
16824
28512
21332
27018
25198
8323
22756
3138
66
11200
23145
28934
20871
9603
10003
33
23642
25102
16313
12600
2193
32496
10408
1831
25700
2119
3118
28057
2009
13749
31204
21609
17137
31523
20159
9404
660
26936
4566
27610
6205
6552
20977
22481
20581
8925
20437
25032
945
20566
338
16932
3803
6530
14600
2652
23904
5450
32509
156
29422
25858
26081
6429
8076
21278
26907
10559
19079
8628
8091
12395
32
17589
20319
21163
11767
1003
11714
24838
14902
16562
22663
2973
24957
23414
21417
6534
1936
29936
6112
17004
26306
1824
32243
1507
18976
4617
4801
7308
15966
22575
8205
24301
25987
26321
30220
15885
22867
26086
16816
10706
18560
27610
31666
283
14991
20741
15458
26525
9868
16111
46
7550
18541
30534
10484
13491
24903
3739
18439
16410
20018
5856
32003
22615
8701
30114
30033
4718
11666
25094
22649
17445
9000
18053
11563
12823
16427
615
779
920
10731
18177
27968
6220
26886
3246
6587
7046
12182
23438
4423
29026
22043
25601
27733
22945
15143
8930
2181
25671
29132
3460
2804
5110
27333
365
15176
18953
1127
29652
892
22640
11590
7388
8300
21838
1446
6798
20256
3155
11176
18329
728
10715
7729
16841
28636
31683
25241
23623
30464
25615
22808
31126
15865
22846
27633
2376
99
4199
1372
9604
25998
11548
30772
3130
26380
4859
18277
28704
5115
13587
30739
23923
15635
32509
23179
11887
21870
13239
30186
19338
5146
24127
655
13173
8801
12276
8002
1744
25299
26796
11553
5039
7448
9364
32334
7377
6775
11211
17242
22682
32549
8125
25456
25558
27726
8769
11073
9260
14053
21106
32435
22116
16172
15182
31049
17496
13570
4112
10577
24251
21744
21069
20943
13965
27121
15825
24364
4698
8197
5687
31390
6966
29556
12874
26711
23928
18659
24863
7277
6457
31256
1262
12940
7819
25485
32693
13405
12665
16054
19851
23221
12739
21778
26820
13694
598
22515
21450
26214
27789
26894
25782
23113
31530
8130
11953
11615
2323
5928
9485
9765
32716
20703
21539
29453
440
30868
19434
5860
31759
21588
6236
12295
23710
28049
25481
1605
26434
16118
7544
2963
26402
29418
17857
15219
14255
32486
13035
1313
24925
10103
29574
11394
17950
14610
9480
19917
6563
411
23656
28662
8530
22196
31868
20959
30725
13510
5651
24126
20873
17104
11730
29260
31185
18162
975
25395
3069
22456
14575
28212
7439
22056
28159
32668
22119
31882
14485
31844
15364
3578
2469
31403
6777
29358
25058
5332
22705
19720
28634
17279
10594
21339
29648
27177
22610
31357
1368
673
12109
15633
5813
4914
12001
2961
20979
23434
5856
12574
11203
25708
31379
14599
18457
24090
23742
8475
3207
31104
3928
25775
31831
10272
21255
11373
14955
28353
29277
12003
19669
14039
21717
3527
32310
19121
17803
15371
30935
26725
27071
14501
30601
6011
8968
10780
10301
11612
22872
9937
7266
11384
26803
13843
25346
27194
11950
21984
10395
10157
29610
4476
30910
2283
11214
29876
32105
5962
19397
26607
22565
14916
11581
16633
28896
21290
16154
5263
22152
26504
32126
5290
3435
1623
28026
1932
26449
21477
6289
9100
16727
26757
17393
23456
17290
28150
24432
26799
32327
10132
26695
7060
341
20801
15250
17394
18623
273
5251
14266
7026
30647
12905
18301
14235
2995
25189
11123
26815
6969
26854
13639
25495
12512
1769
21160
945
18192
5874
11408
18119
22056
32201
28498
8670
6514
27381
1894
3102
14023
9466
24309
23412
13569
23890
26659
20202
27941
18476
30
25281
25165
29670
30442
19028
11351
7244
18411
11180
24912
30094
20271
30946
10654
11011
1922
824
27375
3488
7471
9206
13797
11830
24982
5894
25214
24431
27506
25423
1861
23431
28647
27857
14138
2506
8270
3205
12930
8144
6337
18930
30159
6779
11109
4751
21645
19117
5242
2780
2514
29130
25380
21823
27650
10737
8950
27295
12101
5625
4676
24770
25258
5421
28965
14951
5144
30408
13642
7458
18169
26927
11906
2299
10660
8433
26633
28102
13710
29567
21140
14913
9777
25003
797
16623
29368
19937
4718
3767
13935
23080
26991
3899
13293
10712
1584
6906
24318
793
1462
19236
6483
3103
32390
12097
3561
8231
30707
16512
22329
30768
2599
12000
23588
9082
29426
25601
3997
3008
11093
22471
32532
308
18893
4788
23462
2623
15713
31234
27141
29429
11627
16771
1321
22618
2598
7993
8116
11095
6651
7349
28710
26490
3979
8752
13253
31089
29819
5994
13385
4420
29955
13894
31819
23637
22582
27426
26220
25369
12559
24312
29509
1684
5183
1846
4626
22934
24248
22365
18461
20919
22777
28763
25324
3092
17176
27049
8490
8646
5521
4133
32342
18470
720
13997
3373
14531
1408
29823
3288
7456
1937
27987
9430
31278
28172
32565
29607
22412
5526
29220
23614
7809
3013
1389
15908
27829
4390
30404
1132
22195
12299
24359
14170
22047
29717
371
31954
24502
3716
26307
13186
23818
29505
25740
5327
1531
15016
26745
2432
22005
21527
9735
7469
6379
21816
480
15461
19478
29198
22265
10658
20078
27072
29034
21742
7397
29736
23312
593
5734
31771
21989
27393
913
12919
8218
17737
24115
17902
24057
24373
5255
19348
17789
14338
17454
9257
26542
17481
10480
27175
13246
18661
15152
13451
4070
30889
14897
14947
9213
16579
7691
8988
12765
28654
11627
3977
6005
9307
13069
10163
22190
11357
3835
14691
16127
17879
8067
13168
5327
26726
15865
2505
21134
1613
19249
20033
24465
28708
1979
2589
22706
18240
13277
9311
18084
10977
13137
24785
24086
3102
12483
17360
9615
21649
32009
26334
7428
19394
9760
2533
17210
26452
490
27980
5342
29170
10410
16571
24934
13559
6971
12975
4517
4320
4371
27837
15409
12402
10747
2213
9077
17066
32652
18974
31125
26473
21097
10587
1541
15068
20286
31329
2279
11181
10108
15624
30761
2027
31185
25042
29275
27833
18025
3951
849
1210
27367
13580
5756
16696
25122
30047
13065
31255
17311
13940
23991
8316
16083
25140
15481
28732
3605
9146
22479
19463
7525
11606
5604
12369
24799
21341
19304
26884
5885
1975
32299
30183
29327
550
13694
18892
26748
8534
29770
20604
7478
20650
14573
26467
11774
32449
7896
13564
20957
28874
32233
2810
3678
32396
9097
16187
31756
820
389
10094
22191
3805
28334
9086
21829
9442
21807
25285
1474
4835
27313
20466
10375
11416
20016
20406
18340
30808
10139
15921
1486
6248
9518
22304
24863
32004
29328
29891
26000
11055
1452
20879
2870
9275
23887
14488
15423
14872
3462
20669
16044
23644
13749
28305
32204
10774
15479
6412
28540
21587
27961
11510
4384
7532
21397
19215
14432
277
28784
31999
13219
20775
9426
15616
30284
21288
28296
19533
19639
10912
21115
1097
21490
7195
4303
3696
12603
29949
32443
12030
17725
9224
8747
3681
22283
20142
27415
11616
29400
28440
9889
28679
30844
18162
2033
27481
5543
13053
25297
25013
10211
11090
29703
6660
16971
31863
21366
32168
21261
1315
27635
10532
9377
1233
5352
23435
14022
18183
10667
28842
11073
14179
15004
20981
16981
10858
13312
2610
8961
26384
5792
26599
27388
15623
7713
23172
17009
13256
28962
30289
28539
7778
14104
19222
9567
8197
12265
31116
2955
27982
10569
13190
14418
22096
28120
4831
7013
25958
2552
29474
5136
7867
624
14844
12090
11414
22722
14946
18715
1126
31052
7810
3771
20625
28449
1131
6958
11005
31141
14715
11409
29786
24554
16524
11459
21558
7630
3805
2531
11710
18129
11202
6798
5461
15031
7948
2517
4823
2017
23094
1793
15530
5996
2132
13574
30601
32518
28860
5575
26383
5268
22641
27919
23302
8070
3667
22347
17773
17397
3593
4105
1355
897
26026
9265
4662
28653
18990
3077
21666
27511
1687
26842
14058
4856
12767
25236
15136
11712
22432
24803
8597
16175
32646
7231
27687
5651
16245
17060
19021
30149
17529
11277
14819
13570
32369
23219
26806
28298
23163
17154
8911
8059
14366
5984
22912
20331
1338
5021
3888
7751
11440
1080
13286
21486
17361
