32725
32658
32646
32624
32622
32560
32504
32503
32500
32482
32383
32381
32349
32334
32259
32233
32230
32204
32179
32175
32131
32115
32101
32101
32096
32085
31960
31944
31886
31793
31715
31597
31575
31573
31546
31543
31519
31511
31496
31480
31457
31423
31420
31388
31342
31338
31318
31286
31223
31116
31104
31081
31068
31002
30992
30930
30846
30820
30808
30802
30774
30767
30756
30725
30697
30689
30675
30671
30627
30595
30497
30460
30456
30446
30406
30401
30375
30326
30318
30251
30215
30182
30126
30114
30015
29919
29837
29807
29705
29656
29645
29643
29587
29583
29517
29503
29499
29495
29476
29440
29409
29388
29378
29371
29287
29248
29246
29238
29236
29235
29203
29184
29172
29167
29121
29038
28889
28784
28767
28593
28574
28572
28558
28508
28492
28488
28454
28383
28332
28305
28213
28161
27974
27960
27954
27896
27836
27820
27711
27679
27630
27619
27606
27544
27542
27518
27503
27463
27304
27278
27272
27267
27258
27196
27120
27064
27023
26982
26941
26887
26821
26810
26733
26731
26696
26650
26649
26644
26636
26587
26582
26574
26538
26516
26462
26443
26394
26359
26358
26336
26317
26231
26218
26216
26214
26175
26156
26116
26080
26021
25977
25966
25855
25830
25802
25788
25782
25762
25735
25717
25705
25686
25633
25631
25470
25467
25389
25382
25369
25365
25326
25301
25289
25198
25181
25159
25140
25138
25049
25034
24944
24928
24926
24796
24781
24761
24754
24687
24608
24604
24602
24586
24576
24530
24513
24494
24477
24454
24432
24426
24426
24425
24411
24403
24385
24351
24314
24279
24247
24246
24142
24063
24055
24003
24000
23999
23985
23977
23945
23910
23888
23856
23811
23790
23730
23711
23686
23649
23607
23447
23399
23368
23368
23353
23352
23340
23338
23311
23258
23250
23245
23227
23225
23210
23166
23127
23081
22987
22973
22965
22954
22920
22871
22870
22857
22800
22778
22739
22694
22691
22653
22646
22604
22241
22236
22208
22205
22182
22177
22177
22135
22072
22033
22019
21959
21886
21883
21874
21870
21867
21797
21777
21775
21769
21751
21739
21646
21631
21595
21539
21444
21436
21416
21360
21356
21353
21341
21322
21307
21283
21251
21213
21106
21066
21059
21040
20943
20901
20818
20812
20769
20768
20680
20646
20567
20566
20558
20557
20553
20526
20496
20424
20419
20385
20313
20303
20292
20186
20131
20124
20122
19976
19921
19914
19891
19847
19838
19831
19766
19649
19537
19534
19522
19486
19391
19333
19320
19314
19311
19307
19303
19288
19288
19217
19157
19150
19144
19105
19084
19022
19010
18965
18930
18890
18842
18840
18837
18826
18814
18774
18741
18737
18717
18703
18677
18674
18656
18639
18638
18612
18599
18555
18470
18378
18325
18311
18262
18260
18246
18221
18175
18162
18130
18111
18094
18066
18026
18005
17993
17955
17911
17838
17823
17791
17737
17719
17689
17573
17569
17509
17489
17467
17425
17411
17388
17366
17361
17308
17294
17263
17242
17238
17229
17206
17180
17164
17156
17145
17140
17138
17066
16946
16925
16909
16896
16847
16790
16788
16761
16722
16657
16654
16601
16552
16549
16486
16460
16457
16380
16341
16340
16303
16262
16258
16174
16174
16168
16167
16158
16150
16105
16076
16031
15967
15966
15862
15805
15764
15705
15670
15669
15653
15589
15508
15508
15465
15452
15441
15436
15380
15363
15319
15315
15281
15270
15216
15184
15169
15041
14985
14968
14956
14912
14843
14757
14741
14707
14669
14608
14588
14563
14554
14469
14468
14465
14460
14418
14354
14314
14308
14308
14283
14217
14206
14202
14199
14186
14160
14117
14058
13950
13916
13840
13786
13659
13612
13609
13598
13579
13579
13561
13548
13473
13447
13440
13440
13380
13370
13343
13283
13273
13239
13201
13188
13171
13134
13126
13093
13006
12968
12909
12860
12788
12751
12708
12705
12702
12694
12665
12640
12624
12600
12594
12592
12581
12565
12449
12423
12410
12398
12349
12327
12314
12298
12272
12238
12226
12194
12093
12027
12027
11954
11947
11928
11899
11850
11814
11799
11731
11679
11617
11582
11556
11540
11513
11412
11396
11326
11294
11268
11249
11232
11205
11205
11178
11177
11176
11175
11145
11125
11105
11071
11059
11056
10993
10992
10979
10951
10935
10872
10869
10832
10809
10785
10760
10751
10734
10729
10725
10707
10654
10629
10616
10602
10590
10479
10423
10345
10238
10207
10201
10198
10160
10100
10090
10065
10044
10037
10008
9976
9975
9943
9941
9896
9868
9867
9863
9861
9835
9823
9810
9808
9775
9705
9645
9619
9582
9578
9539
9505
9415
9401
9374
9373
9329
9291
9202
9168
9134
9117
9095
9084
9037
9021
8950
8908
8900
8844
8763
8714
8707
8693
8609
8604
8562
8494
8475
8444
8435
8409
8382
8345
8342
8320
8307
8291
8278
8225
8155
8064
8030
7977
7909
7909
7825
7816
7812
7766
7725
7722
7722
7686
7654
7649
7632
7599
7591
7555
7554
7534
7524
7507
7497
7497
7485
7451
7442
7394
7354
7264
7260
7245
7217
7195
7180
7156
7120
7043
7021
7010
7004
6984
6942
6937
6910
6885
6831
6804
6795
6786
6762
6754
6737
6696
6691
6660
6648
6643
6564
6476
6473
6471
6456
6436
6400
6369
6348
6338
6318
6284
6244
6237
6229
6229
6166
6107
6039
5977
5893
5785
5781
5758
5718
5717
5700
5661
5594
5579
5571
5566
5493
5449
5412
5382
5309
5285
5174
5172
5074
4969
4950
4947
4920
4882
4848
4819
4815
4807
4804
4781
4775
4721
4636
4608
4560
4475
4373
4352
4328
4301
4295
4288
4266
4258
4157
4154
4139
4128
4118
4083
4075
4063
4054
4037
4011
3960
3947
3931
3922
3913
3885
3864
3855
3815
3744
3739
3700
3688
3684
3654
3647
3643
3637
3605
3594
3587
3567
3560
3553
3492
3377
3321
3309
3213
3183
3176
3060
2973
2872
2863
2849
2759
2748
2724
2687
2612
2600
2592
2572
2544
2529
2503
2467
2466
2445
2436
2429
2390
2301
2282
2272
2257
2245
2145
2144
2142
2110
2010
2001
1979
1885
1822
1812
1812
1810
1781
1772
1765
1739
1651
1606
1605
1577
1571
1570
1529
1485
1452
1440
1432
1389
1389
1355
1319
1187
1172
1139
1133
1132
1028
997
846
820
764
733
657
526
522
447
429
318
316
278
261
237
164
128
42
37
