11
34
144
228
266
283
323
329
334
336
394
430
459
511
523
538
558
575
583
606
689
697
701
723
762
786
801
833
867
892
926
980
994
1017
1070
1109
1138
1143
1154
1166
1206
1229
1250
1294
1305
1335
1347
1365
1371
1571
1580
1597
1615
1626
1662
1699
1716
1768
1787
1840
1861
1869
1891
1903
1915
1950
1955
1977
1988
2018
2067
2088
2142
2185
2234
2235
2262
2305
2318
2387
2401
2424
2449
2539
2540
2597
2606
2624
2628
2641
2706
2751
2796
2907
2907
2933
2934
2966
3021
3031
3059
3086
3095
3118
3140
3181
3294
3379
3399
3478
3514
3547
3560
3581
3611
3666
3697
3722
3761
3798
3841
3912
3915
3946
3953
3991
4049
4058
4107
4162
4175
4243
4350
4369
4394
4395
4475
4497
4615
4681
4687
4711
4733
4738
4764
4773
4806
4847
4881
4931
4952
4974
5003
5019
5052
5066
5079
5167
5201
5209
5293
5400
5408
5422
5425
5427
5432
5437
5442
5454
5460
5514
5521
5545
5549
5555
5583
5685
5747
5851
5906
5956
5995
6040
6106
6169
6194
6223
6281
6295
6324
6329
6392
6411
6435
6440
6484
6598
6600
6625
6655
6656
6844
6850
6971
7069
7090
7137
7227
7259
7279
7287
7304
7343
7365
7377
7389
7399
7402
7460
7475
7529
7539
7643
7643
7707
7714
7741
7793
7797
7857
7862
7892
7917
7925
7929
7951
8007
8052
8111
8116
8279
8302
8391
8427
8465
8471
8493
8495
8527
8565
8580
8583
8595
8606
8626
8636
8662
8668
8672
8696
8733
8743
8746
8818
8826
8858
8875
8906
8909
8920
8937
9060
9102
9127
9159
9163
9184
9189
9210
9234
9271
9288
9399
9413
9451
9486
9496
9509
9652
9657
9731
9761
9795
9799
9810
9810
9845
9871
9879
9922
9968
10040
10046
10060
10064
10146
10160
10189
10194
10212
10214
10227
10272
10381
10471
10509
10599
10669
10743
10763
10788
10825
10892
10934
10961
11022
11028
11039
11098
11123
11184
11243
11262
11344
11354
11366
11393
11417
11440
11458
11473
11501
11534
11550
11566
11567
11611
11651
11669
11674
11703
11708
11740
11817
11876
11915
11926
11951
11967
11979
12016
12030
12040
12063
12153
12196
12208
12225
12232
12235
12274
12310
12311
12324
12423
12459
12460
12537
12609
12622
12631
12632
12636
12638
12715
12717
12746
12797
12798
12882
12912
12923
12948
12991
13006
13008
13038
13042
13084
13090
13149
13258
13273
13274
13330
13368
13538
13603
13622
13635
13693
13749
13781
13846
13853
13855
13865
13919
13923
13945
13952
13963
14000
14019
14028
14050
14055
14065
14099
14120
14127
14162
14163
14235
14238
14242
14280
14287
14433
14449
14487
14577
14580
14676
14789
14836
14840
14883
14893
14907
14992
14998
15014
15021
15072
15101
15153
15192
15227
15233
15242
15298
15331
15353
15434
15501
15503
15515
15535
15557
15636
15685
15699
15714
15719
15741
15745
15789
15790
15791
15797
15832
15861
15882
15896
15899
15911
15920
15927
15959
16063
16075
16084
16114
16187
16198
16210
16222
16239
16274
16335
16453
16460
16494
16511
16562
16563
16588
16598
16615
16616
16621
16635
16638
16709
16714
16715
16723
16729
16828
16846
16861
16921
16923
16954
16954
17060
17078
17078
17082
17130
17211
17226
17263
17272
17277
17337
17390
17416
17426
17453
17469
17479
17485
17581
17598
17611
17633
17643
17673
17716
17865
17901
17915
17925
17926
17928
17947
17954
18039
18051
18089
18092
18153
18158
18178
18233
18259
18267
18316
18318
18342
18352
18439
18458
18468
18505
18545
18565
18595
18631
18634
18677
18829
18837
18880
18887
19146
19262
19268
19289
19323
19357
19383
19423
19474
19530
19531
19636
19639
19732
19787
19795
19829
19886
19931
19957
20007
20085
20090
20137
20167
20180
20274
20282
20325
20365
20381
20393
20415
20456
20461
20476
20504
20576
20592
20598
20621
20651
20656
20660
20680
20703
20719
20749
20750
20816
20880
20885
20937
20957
20958
20968
20975
21006
21025
21074
21097
21142
21179
21187
21210
21254
21330
21384
21392
21416
21485
21494
21509
21513
21517
21519
21533
21544
21738
21772
21806
21846
21866
21887
21958
22003
22003
22015
22062
22111
22218
22242
22295
22359
22381
22381
22466
22477
22494
22509
22533
22557
22568
22587
22593
22620
22623
22639
22640
22644
22673
22681
22689
22772
22788
22796
22816
22838
22844
22878
22966
23114
23166
23212
23214
23292
23308
23385
23389
23457
23477
23550
23583
23586
23735
23915
23939
23993
24007
24022
24076
24089
24171
24271
24284
24341
24362
24379
24454
24498
24549
24585
24615
24617
24618
24639
24646
24758
24762
24826
24829
24894
24947
24989
25032
25187
25273
25276
25293
25358
25373
25387
25390
25487
25492
25579
25624
25692
25697
25731
25836
25909
25932
25984
25996
25999
26124
26166
26179
26191
26192
26240
26244
26299
26382
26385
26392
26432
26535
26546
26563
26565
26582
26592
26654
26665
26725
26755
26796
26811
26811
26860
26864
26887
26900
26942
26964
26967
26994
27187
27195
27298
27315
27318
27364
27380
27397
27414
27527
27532
27544
27548
27562
27613
27623
27640
27668
27739
27805
27826
27843
27847
27886
27888
27914
27944
27961
27984
28042
28059
28119
28131
28173
28183
28199
28201
28210
28243
28250
28298
28321
28348
28369
28374
28392
28438
28443
28502
28535
28556
28562
28598
28630
28647
28687
28705
28722
28766
28780
28824
28909
28979
29019
29028
29102
29139
29171
29231
29287
29297
29338
29392
29394
29451
29521
29555
29618
29649
29651
29670
29710
29721
29733
29738
29777
29864
29875
29890
29922
29996
30053
30080
30120
30134
30137
30147
30231
30301
30374
30418
30420
30425
30446
30457
30465
30545
30562
30598
30648
30649
30670
30685
30693
30708
30751
30808
30828
30830
30896
30921
30960
30976
30986
31042
31064
31073
31082
31095
31118
31121
31162
31209
31216
31217
31305
31325
31338
31339
31341
31392
31425
31441
31474
31512
31518
31536
31564
31587
31614
31708
31709
31714
31758
31773
31907
31943
32089
32118
32154
32158
32158
32185
32191
32205
32227
32232
32247
32276
32297
32300
32314
32343
32348
32378
32392
32416
32431
32459
32459
32479
32483
32491
32518
32526
32570
32595
32601
32677
32685
32714
32761
