32160
30645
30362
30301
30235
29702
29231
29188
28274
28154
28113
28084
28010
27892
27800
27724
27302
27231
26399
26328
26212
26190
26156
25865
25686
25597
24873
24138
23330
23290
23278
23182
22191
21842
21174
20607
19798
19017
18150
18098
17046
15338
15285
15267
14841
14763
14424
13921
13813
12989
12969
12786
12783
12620
12484
12286
12278
11956
11618
11290
10893
10840
10797
10723
10116
9384
9042
9012
9006
8917
8852
8419
8062
7637
7067
6557
5848
5778
5532
4823
4485
4434
4137
4035
3862
3699
3602
3579
3405
3380
3375
3065
2975
2317
2159
1129
1041
960
342
