32514
32453
32012
31832
31547
31281
30835
30760
30748
30204
30112
30093
29833
29712
29462
29066
29048
28381
27636
27324
26889
26678
26625
26406
25647
25402
25243
24457
23736
23506
23483
23462
23440
23405
23214
23096
23043
21092
20457
20156
20136
19902
19553
19370
19054
18889
18208
17512
17420
17173
17064
16279
16076
15656
15294
15215
15012
14107
14022
13766
13243
13207
13017
12725
12402
12300
12076
11738
10676
10230
10158
10104
9727
9191
9130
8619
8539
8212
7904
7784
6869
6760
6353
6032
5778
5659
5214
4138
3955
3870
3844
3431
2795
2779
1909
1501
1131
694
681
