32320
32273
32018
31980
31464
31061
30989
30334
30112
30049
29842
29407
28993
28955
28390
28194
27963
27825
27599
27582
27530
27186
26677
26513
25670
25626
25412
25201
24082
23873
23812
23136
22481
22085
21311
21067
21060
20685
20567
20552
20346
20060
19877
19801
19562
19521
19444
19254
19226
18910
18796
17882
17091
16950
16671
16603
16120
16070
16070
15767
14970
14485
13922
13771
13639
13532
12964
12557
11960
11687
11674
9771
9675
9321
9276
8168
8034
7610
7528
7526
7350
6655
6170
5452
5130
5102
4924
4707
3465
3306
2924
2873
2639
2439
2117
1811
754
586
259
