31429
30720
30603
30465
30181
29996
29416
29394
29045
28882
28789
28735
28528
28500
28343
27985
27960
27510
27288
27184
26688
26470
26339
26319
26316
26119
25935
25688
25018
24671
24506
24112
23947
23531
22601
22596
22374
22220
21668
21224
21087
20688
20299
19998
19951
19699
19592
19291
19057
18708
18638
18592
18287
18242
18193
17505
17498
17441
17133
17001
16471
16417
16117
15720
15567
14575
13898
12896
12306
12210
11687
11231
10050
9818
9639
9632
9367
7329
7227
6757
6623
6130
5752
5460
5126
4566
3984
3144
1981
1874
1844
1757
1233
1135
743
662
513
250
0
