23208
1820
27546
19716
1561
12851
13566
24626
2646
2440
24431
10718
13126
24655
3480
31162
893
4258
28499
24070
20586
25149
18351
24237
30019
8447
18371
19998
18609
7968
18998
19436
16699
7987
15241
21796
29810
25051
15147
32370
23777
21325
16699
13298
4787
5257
21787
6871
25378
23640
8377
28862
29348
27652
27804
1232
21972
5082
20656
9882
19745
864
9682
9900
3896
24918
1051
17651
20018
26479
23021
10454
25469
32204
26559
16147
20108
4669
11432
6488
29246
10038
4013
11169
15631
22163
20938
852
10241
17420
5314
21534
14408
15222
678
30347
28600
30399
25127
13416
22511
18343
9117
32473
5186
8511
13011
27193
9832
15651
6553
2996
20969
22646
16135
5286
19012
17570
20369
18354
6115
18381
6607
9122
24512
2330
27658
24578
31187
1188
16006
6011
578
17211
13969
15344
20807
20956
20048
12378
1505
13554
11588
9316
3898
21327
32159
3526
24795
5353
19017
23394
15762
12628
12721
15903
17694
27139
31060
9097
12449
11326
19982
15909
27075
22243
15651
14229
26789
8156
12813
26737
1164
21860
1283
12767
9034
30457
26190
21752
29548
25120
12875
25562
7461
3803
31295
10381
5629
6123
19933
7575
825
2758
4505
21597
22281
15190
28074
25920
5236
6008
8674
17779
26116
13871
18989
7838
29489
7852
24554
1076
8334
766
1005
8853
9909
27289
23889
17379
11251
2184
6398
18084
19636
14706
22013
25116
16045
25934
2687
21608
31435
16614
11687
22106
6623
11021
12827
28952
20486
8607
7501
4467
13018
2621
18313
29960
13914
19141
4287
19737
3225
28052
5646
13097
21546
19835
13332
19289
16711
1410
25080
12421
11716
8287
12596
1566
15286
17332
32291
19397
30434
21260
7502
20141
8423
18068
4470
21677
5163
12697
5729
23848
27015
13509
3173
5021
19634
22553
4278
20493
11118
2217
20079
16656
11124
13851
21601
7094
4896
19421
31647
27934
4317
553
10950
27096
3406
17082
525
22268
29761
7499
15376
26887
8276
2004
20315
13433
21861
26244
7353
3119
30139
6013
13883
27008
24054
32338
2823
14874
5047
19265
998
12187
13070
31280
23691
27887
18087
17769
17828
11628
30388
2069
7074
16814
15002
19577
15945
32308
31067
500
21751
30647
17606
5812
2996
10574
7008
28988
5373
24643
23824
1430
31824
2482
24206
599
5495
15847
18314
20823
5269
9589
10140
26669
6897
5142
28142
9325
17542
30022
12203
12193
582
26270
26918
9992
19762
7153
9675
784
32283
26920
15046
31381
22069
3550
117
24023
1121
7866
13966
9533
13110
10384
32528
12236
27604
26935
7147
28006
22889
14888
23406
28866
14720
2267
24436
9519
1293
30946
11086
9224
7737
3010
9327
26102
3821
27284
29146
19433
9249
11616
26188
15316
29153
15412
24873
19755
3108
9736
21031
16669
76
2385
19388
17041
23420
27239
20552
10722
18846
5016
17922
16475
6448
23304
15780
16241
12241
27214
30678
1987
15247
25552
21852
19410
11502
474
7678
10880
17847
2945
19003
30026
18567
15162
15276
7749
5395
29497
4154
2521
15676
23435
31743
16448
24278
17906
22013
15038
20024
29572
17281
18590
23939
6146
11861
18416
19635
14073
29096
11780
11879
13979
27070
7077
19824
17499
21080
30997
24347
26442
8161
21965
3647
23604
16221
2033
11013
6009
26897
18325
2938
2221
29171
16818
26838
31727
18384
24294
17801
13578
1087
14831
10251
8269
16969
486
13921
13610
8917
17467
32366
26257
11222
23156
30463
15626
28211
30629
1428
30357
7801
4526
5359
18497
3139
8759
2142
7566
9317
31596
6089
29060
27099
11385
24699
7568
4468
12740
14000
14881
11326
27885
995
27910
3248
8327
15828
16774
21146
27539
16987
26173
18893
192
9199
27833
1930
5477
13045
26328
29355
17466
20426
32223
8851
24538
20879
24411
16599
28921
3511
7096
22953
23653
19538
21154
18184
27838
13591
18719
8874
15348
306
17769
27300
14469
32211
19597
17631
17012
11123
7620
3387
7176
1508
1940
6784
10826
16672
29350
26121
16700
1741
15974
559
30681
147
19293
2934
16337
15134
20302
122
15617
11762
20242
11416
6324
29682
23091
4444
19612
174
25675
31405
8590
24176
22555
10682
24064
16644
16490
17059
24644
31051
8867
26856
8322
5502
26414
13970
22135
14915
27530
31267
16112
114
6703
26430
15620
25508
9253
9750
21268
3455
14436
28056
12164
2500
21738
5208
18742
12053
3487
17469
18379
18567
25832
15595
13209
19436
4621
20723
10602
10461
20811
2493
3578
31882
6585
7729
32047
13889
21723
10280
28950
30911
29703
17558
23714
17466
32636
2675
13859
13610
31547
1134
11655
25563
15789
6481
2644
12468
5107
3890
28001
2372
20490
5471
29271
29202
7335
263
27883
24865
13004
10408
15833
13637
19757
2620
31647
22057
30022
10275
27391
18715
1593
18639
818
18078
360
1330
31212
7342
4311
20967
4884
27089
21311
28450
12351
31970
19953
27481
23538
26013
8305
9391
19604
489
21966
29989
6965
5097
28610
30079
10753
11457
1934
760
30338
30760
8340
29605
21401
13490
2225
9641
18234
25819
25184
21790
2026
1234
13456
25790
22010
20747
7233
1365
11393
27011
31712
26599
1562
24018
17512
26273
12643
28146
13365
20608
28976
3025
10150
17347
25747
27032
22394
17169
29325
8377
8424
29034
13712
15803
13179
8400
8892
15557
16564
8113
26838
17132
2398
28955
17160
8252
25775
23454
15195
26248
7459
31488
6389
8434
16152
16548
30226
30777
13610
3767
14787
20421
20044
23072
29033
10100
2475
32548
17904
20002
17475
13532
2252
12539
9277
19289
5301
21376
24079
8337
32290
15450
12114
30736
20359
25313
11106
8543
19790
26988
13752
6451
32149
12375
17926
4437
28589
3541
21015
2901
32591
13946
31077
29166
3996
8839
20087
23864
31195
31733
23041
28048
11249
24896
13242
26951
12959
2296
19707
2317
11134
4617
18716
7964
23228
3269
32654
1316
24724
2230
952
31993
19087
13094
20115
28671
31868
21098
26116
14673
11568
10739
7676
26292
29438
4882
20306
7230
7157
22158
8283
1734
19932
4840
15183
2314
10734
15209
3675
4003
28758
31728
29061
14249
24425
3453
20036
13350
19109
18300
9435
7739
9581
31186
2937
7188
32130
23465
786
2701
8513
6908
15867
5537
28063
22753
13384
27543
32740
7833
8677
30443
18218
5977
19063
19197
12693
6870
7920
12156
29007
21651
8436
30352
5450
5098
8175
2506
29109
4316
11251
22988
5179
12696
23122
7351
16382
7372
14336
1881
11606
9391
1445
27924
2378
22219
6533
29324
28874
15499
784
16152
25522
6281
19528
22758
27519
11412
29911
6124
29135
21634
748
23442
667
444
17881
28448
30259
25474
9838
18665
16125
18434
8467
4149
22252
541
17831
5615
2242
24564
22812
11283
4358
32308
29903
2006
21189
1062
16296
6802
7176
5238
7414
3448
13848
32446
27911
19444
15732
32218
15242
18655
32143
3819
30629
27239
19530
11559
4566
18622
8500
32359
7051
11141
25731
15470
17535
29175
12754
26362
20954
20949
2712
2701
27400
6421
13420
10232
22613
24138
16123
2220
3917
19410
28101
3008
10454
29121
410
14274
7433
19089
7640
7485
24789
24198
17761
22030
16722
12770
11102
11623
6374
27085
21431
15520
14874
21507
16206
2241
11322
15675
8190
27856
5550
16987
20566
23771
28699
2141
2837
19908
25145
1791
7781
19919
23411
21037
5848
6637
19776
3631
7715
15302
7748
31378
2461
31880
13093
16344
21621
14450
10542
27615
438
24351
7846
18705
8700
11411
9454
31825
30964
26375
14429
5536
32405
11636
23004
32659
14368
8929
9792
31093
9432
621
1898
2107
14977
26652
23329
2604
11675
23137
11178
22861
347
24687
22060
10382
7022
12608
15047
1973
22381
18274
21102
14862
22046
25988
18056
19407
1136
22468
26187
4685
5685
32182
5587
737
28829
26932
4868
3224
16502
7656
11301
24734
14374
15770
17465
21864
12644
11578
16669
20643
11961
32429
16227
25567
30906
11096
10224
2043
21250
27501
855
9039
1266
13816
9972
18076
12840
13736
6089
19636
16064
15966
16152
18665
15181
3959
19652
28727
5269
28378
25448
26929
784
26816
27188
11948
30239
16454
8332
28973
30477
23732
20319
8979
16326
16267
13383
7044
345
20304
613
31768
5679
795
5370
17736
7177
15070
12230
17813
12731
20598
26913
20344
21674
11636
6618
25100
6662
29096
28371
12413
16328
30321
30809
13360
20843
15047
21316
13744
23658
1029
18386
30812
28796
16247
31300
29905
26514
28840
2358
19992
12684
14440
13759
28047
8127
16543
29005
29081
27688
6357
27965
23301
30829
20349
2109
9535
151
21508
13666
13625
15761
28062
14600
19223
13152
21195
22381
25245
10016
11691
20748
11864
30914
6407
18619
6543
23687
25115
28548
31977
12347
6949
4675
29147
26674
19118
25859
28887
20484
17307
10265
9782
6919
29171
766
10721
145
10349
12526
1475
24554
15041
23361
14063
10259
28843
15756
5520
32570
7615
28535
20372
26104
27120
28764
25112
21072
5854
20645
15762
32360
19939
5346
192
26373
17116
11949
30292
13768
14263
10046
16732
4906
11457
22477
25715
7225
18861
19371
4009
30736
19299
10270
24883
18711
654
13825
1235
30207
12004
26904
24070
1660
17204
308
10479
4033
24113
8459
15878
27837
1024
30421
25728
15895
25731
21158
24445
28138
14947
18063
8692
13120
3808
11379
21854
20816
28248
11689
7973
3704
22936
10326
20683
7929
32742
3720
28379
32628
3530
6931
14992
31528
7329
30764
10822
23017
3807
13254
31908
29151
25895
7600
21127
6404
22540
27499
31661
12891
17061
15820
25126
21233
10707
25686
16507
14997
27729
31317
3739
7254
26496
14779
20873
29377
7408
8122
14791
23511
9390
16165
15489
14544
30800
23687
4986
3474
25281
12288
20407
23536
8397
26851
27373
30371
32363
20241
940
2057
31950
7700
12360
18591
19754
30203
5258
8512
11335
32248
9755
13595
27335
5306
19372
3957
11830
10891
17126
28964
14038
8490
30997
31175
13864
19814
17044
10438
570
30335
7414
29197
12724
28476
26617
25223
27808
9419
16683
4188
32252
16221
28250
21227
29185
12414
701
32390
19761
19253
10979
8176
10275
16863
19295
29592
15374
9676
24113
5266
11287
17558
15091
8025
5979
32581
13768
17478
16314
30500
16644
1487
20841
11361
32155
7809
5942
27240
26187
19131
10138
7676
393
29232
22145
28954
17965
27930
30680
18573
7900
24895
16090
32593
14393
29349
17947
31656
1483
17428
3153
31230
10668
848
29157
10621
10999
32019
830
30320
9967
29900
7112
7769
26863
15386
11718
27088
5398
17927
15069
10274
20910
12804
18780
18597
7009
2729
25164
11741
12314
13353
25659
5712
15548
18070
14025
14121
14725
20442
10991
25743
8513
14705
5139
25539
28462
19943
26060
17148
4018
6677
25205
21250
12223
9755
9843
7820
5890
16924
7238
31578
30927
25277
9554
4370
26572
18779
875
29148
22623
29710
20259
8380
24024
4450
1747
8626
3678
29648
618
28563
14747
16638
22520
29606
24103
22715
31993
23294
2485
12216
12386
26010
4096
6663
31085
2877
17523
16725
18213
4622
8859
17128
31921
29424
4429
12631
30304
10143
11414
30219
21368
16015
16999
20088
4286
20613
28157
24859
16325
13298
32274
9780
26359
2578
4549
8257
22116
456
6218
8254
32078
27704
8017
4510
3184
32546
7224
2567
28946
24834
7151
6353
29902
23272
1455
4669
3616
19479
23642
21109
11695
15200
10928
13383
5213
8764
1592
14241
32272
19884
21737
5068
11582
28881
16795
12649
9019
17738
2864
18476
4418
21841
6785
7258
20037
19349
2826
6147
23924
25813
4694
15360
20879
24385
29225
9387
6380
912
24943
7777
32327
9184
6119
1464
27213
11346
26767
28545
12775
8546
5838
21628
32071
10247
21092
15582
5043
29582
1554
10115
6164
13622
25864
10483
574
27020
25363
32278
24829
8069
899
3767
12515
5469
10973
7099
21460
18226
24389
5406
30030
19295
9130
21425
26489
6297
22959
12949
17650
4556
22109
17525
25431
29619
5513
8327
25234
58
14342
834
25830
915
14475
16093
15291
3866
867
14219
5417
1513
23767
26487
30278
22331
16987
9857
3632
641
12923
12726
11737
16710
1923
11922
28821
29379
20721
9717
24933
9538
22427
13029
10497
22835
14496
24841
4263
23055
17168
30433
26022
18672
1115
10182
2473
13549
12154
27045
15300
23863
19167
27259
26176
30965
20765
24976
32039
8415
12375
14451
14734
13980
21610
18361
15781
26076
10202
9076
28032
6965
14205
13173
2210
3263
25834
4930
20558
12398
21407
30166
18062
15410
31988
2331
20992
3024
5827
5416
21091
2174
14549
21306
29157
28225
27915
14452
16170
2823
5713
12374
23580
21380
23106
767
19829
27085
31131
25379
14094
29109
17249
24522
4325
20202
3794
13774
8431
10447
26637
15634
17827
20505
23424
28034
23875
25129
3093
14287
21993
17963
28
11751
12885
24562
20727
14135
3960
5266
10631
19616
30399
31931
16218
30778
2337
24792
12945
5323
20199
23275
146
2310
14398
14887
30067
31363
6782
1098
18465
13442
13880
12481
19796
15967
4610
31098
27955
24021
13825
23943
18374
243
5179
12663
13344
19422
10650
22900
1608
17996
9151
2332
18411
25787
6028
9504
20420
26997
5232
8863
25543
22853
8305
64
21008
32758
26875
13585
11407
16528
13418
12579
4976
11602
24665
19425
14923
9070
30888
15412
5136
26247
13135
30297
20912
30699
23782
2941
8076
9616
496
26397
19870
3280
24811
1568
20074
3300
28952
945
14498
25890
2570
6110
14236
31479
30705
25586
5748
930
2212
10387
20993
3509
23920
16794
23929
9805
3490
949
1506
5644
26070
22463
8256
29147
20478
12250
28280
31585
12337
12882
26374
3394
16953
13873
19299
3864
17371
28066
14643
11570
30692
23046
8754
20495
19960
26072
22237
3992
15130
16449
4064
7713
3834
22138
8770
26398
20994
1766
19026
23973
30751
27115
14673
13991
29776
19604
20956
2798
30959
14567
16160
7382
28866
10247
21180
15819
31937
14858
21876
3974
677
3992
13980
7431
6197
8520
17983
1873
22352
12474
26130
16872
26297
12148
23835
6923
17317
14206
14881
2993
6150
29116
28882
2886
10645
1550
7607
25378
11682
28969
7384
15821
3483
23603
24366
28149
26718
21025
10957
10539
23614
28369
12750
12897
26071
25574
11262
12324
24466
28519
24392
10905
28151
8214
17122
27961
25782
914
10554
18508
28787
6700
7327
28199
4437
11401
23216
26661
12877
24316
6789
24422
26918
7840
2463
13642
11089
17464
11152
10156
878
2248
2153
31967
5018
10224
21992
29545
28795
19467
1886
29057
8460
8203
28770
12362
20265
8978
26168
24269
29914
6609
3070
30905
4703
14753
13724
19674
14591
26979
3433
28505
30353
13336
26782
5049
28103
18751
30331
2701
10046
9970
13883
24313
26438
18879
24504
20464
5233
32327
10974
8487
31453
12441
8657
32731
30785
21836
27102
30536
23738
18526
12067
12516
3155
15824
7933
31840
11606
8189
7476
23388
28501
30654
8168
3308
14071
14911
24123
21711
14980
6304
15804
31337
23342
11595
10902
15238
18213
8984
18045
11981
12377
12834
6740
20998
9229
3687
13982
16395
20256
9250
28331
19088
15130
15848
6782
29586
20473
28804
2945
672
9914
26771
8168
12749
30886
30176
8421
11888
14177
28797
22416
27042
6580
21414
1172
29813
10517
10837
9883
25588
7164
10660
15223
30943
2277
5351
26645
1827
15907
18309
13090
22811
19051
155
15994
2697
540
19535
11093
5971
3407
9972
5424
6653
19107
13794
20349
30186
4805
12819
21002
26962
10434
24702
49
17154
25356
13364
14021
14295
22861
30267
19639
5112
8943
3885
29324
17366
29288
20112
7295
28901
6470
19444
25461
11799
16638
15823
2213
28701
25716
25112
2052
19805
22090
21670
25969
16818
24553
28486
8357
29158
17744
3997
31704
10991
14751
24259
308
6381
4194
30364
29435
29151
14238
246
4727
4137
18078
11365
27045
14534
11642
4829
928
2380
20844
28180
16335
18853
8658
13717
11214
7559
29186
676
4125
20920
9170
21973
7051
16644
28386
6763
22880
3321
20656
881
24141
9833
29017
7834
22548
24989
2352
14554
27639
4697
4864
28864
4066
27540
22305
4762
19031
7924
6973
6727
1309
30731
736
30426
24232
28500
27841
27636
9799
28907
22738
11486
28432
21264
8969
3432
25995
14426
7916
25733
21537
22971
24543
31907
579
29751
14894
11724
23130
22115
18648
32126
625
18848
1057
24650
21412
21269
13526
31023
23624
2157
20574
29364
22744
29782
2437
19911
20386
18101
8712
16984
15158
19625
18656
3509
28553
27718
4431
19108
9709
8206
20139
12098
23473
11823
24813
19614
28567
6015
15865
11285
10746
31287
17323
26219
7100
25715
7846
4270
32753
21093
20955
6859
3149
21596
10971
31725
23630
6265
11997
18585
25384
21547
19599
3722
4213
18799
24221
4686
5017
25545
19202
19101
27126
10497
19217
13692
9173
31134
10306
25366
3087
23844
31165
21077
7807
22029
11944
31555
31015
31112
28977
8996
13349
18163
11866
22095
19540
31514
20104
9168
3265
23341
27337
30399
8916
13187
2792
10591
18747
1553
14387
11766
13717
9385
28935
26990
13539
13042
18720
7088
8879
19499
17058
29116
9978
18591
11238
7560
26342
24295
3590
3998
5160
7394
30759
11892
1836
29813
13193
10122
20485
22531
11343
13894
27163
8875
6927
31887
32403
18500
15129
18731
24956
2329
6536
26585
13759
9573
18698
22318
25541
19597
1647
48
20198
17440
6643
19380
30101
655
331
12664
26700
14764
11888
7423
17208
3300
26415
17456
5796
28475
4461
19373
27175
25868
30779
21748
18062
9598
21918
21048
29319
22469
11547
15357
19986
26654
17156
1142
30888
12424
15493
25758
11816
28995
13422
24344
1669
21770
20670
5319
1073
32016
9459
18221
7496
20667
27924
9349
11133
3362
28026
14751
28357
20552
866
9598
3781
7190
12852
27314
18172
3354
14737
31350
10672
16642
31
21898
9626
10454
24340
24271
14928
17145
6787
15268
1910
30941
4713
24066
8869
7305
30839
5209
24598
16844
5789
15146
31255
28478
29275
27745
17194
25340
22727
18552
20221
26399
8029
13644
15886
29185
9609
11965
6170
3631
25334
1289
24906
17964
3732
9446
22045
4075
10859
17761
31252
29706
35
6009
25887
27856
23119
21370
31690
14565
1661
16411
32295
7636
27646
3927
6522
22081
17270
11531
26791
10217
15138
23380
3932
23902
5100
14502
23550
8064
816
2989
7253
27323
25932
28900
4342
7170
3306
17910
11124
20879
15117
28375
837
6999
3036
20642
11638
14159
25649
7729
25359
21857
11233
21118
8772
7981
24777
29884
13920
32640
20125
565
21105
26005
30576
6626
10932
14
30979
17868
14527
11184
31437
32293
5745
4577
28878
16933
7065
13027
16148
25254
10857
22478
2570
23166
22169
10319
16260
20640
21338
24611
9355
8178
21505
24657
29672
236
19312
6186
22898
12532
13892
513
22039
13180
23488
12203
22701
2265
12668
8885
6006
30434
19917
27752
30325
16205
5364
20861
1651
24521
3334
28064
26832
14299
1181
4775
9226
12409
30787
24463
13583
16743
25243
19258
26947
28757
25421
7915
19791
9653
26807
7293
15535
29534
18517
19558
24058
10466
29164
12144
6128
20911
10618
20529
19270
30952
29661
28751
23856
20225
8773
19829
24242
3357
10331
14868
23719
12839
10542
1498
9358
30130
26338
29171
2584
3217
279
11522
31090
6966
11802
4830
25170
29131
23246
11276
18371
28178
23896
10497
177
7933
9870
21780
30004
1549
7709
15685
25757
4715
5500
1712
65
12743
32148
12495
26375
4852
19244
16243
19892
30272
13846
2176
24561
10133
16155
8555
9761
32337
10407
10356
31717
32485
20021
26020
25452
31279
1657
32646
16763
18072
31823
16293
20032
28397
10854
8905
18134
29438
26027
12528
11159
30201
8824
22798
5926
30339
24697
19588
31287
27803
26978
5730
18469
26927
20051
27229
24626
4988
20486
26511
16283
8230
7614
19185
18531
7707
5871
19864
10460
13608
31662
10930
12277
12887
14295
2368
6727
32272
13568
17809
9182
22507
24353
22146
27335
29782
18431
19063
28254
22507
5469
6168
14164
3214
9698
16076
29827
3146
6345
29430
6257
32233
9291
20978
17318
8021
26316
22990
1966
31153
7879
8392
20204
15159
30075
2188
29989
21200
18515
26922
23752
10612
7446
28633
3327
5448
11475
11629
9334
25201
12682
4250
11502
3513
25242
18406
7040
3305
19438
18287
2482
16608
27623
28258
29499
28023
17416
2103
1174
21269
18532
9645
17993
17937
22984
2441
12530
24522
13992
9486
30230
9608
3786
24635
2473
16657
9652
10695
14429
9995
12247
2781
22187
18197
22136
15000
21666
8611
3682
27965
17010
24477
11597
23354
4535
18359
27148
15330
8071
11663
13178
12262
21306
13960
2595
22419
24060
4200
18609
4301
26388
30132
1821
6351
12529
7111
1169
3488
761
26292
17439
2900
25617
32481
18468
24840
29164
9312
6266
6555
24853
23564
32609
21548
29114
21096
10539
10328
25918
4151
4777
4656
16509
23771
29272
8701
26332
27246
2123
27571
23064
10146
216
29237
10956
21337
22018
2638
26047
11779
23466
29035
2548
25787
25204
5146
21359
4641
7546
16451
26311
28917
14003
16168
10608
7288
15906
4894
21189
31363
24510
21769
472
11108
3108
28057
25594
7036
32767
9798
14345
4761
22067
19980
14972
23828
4300
28134
17967
27306
17578
18701
13807
32539
21480
9453
21189
20612
25361
5356
23299
12157
29954
17882
28176
5362
22941
1334
26866
12738
23346
38
32672
23577
22190
30260
7941
30350
10881
23498
25556
11516
10321
10348
12815
8992
30048
19639
14677
28919
1469
3101
29166
2261
7726
13918
24215
25413
2265
31941
7951
3236
26804
24360
8030
28796
22450
27805
28648
32417
15275
21500
4661
1550
32263
25
18045
24957
4658
15294
9718
20936
30400
6507
5598
8706
7515
6860
24391
29012
25968
21502
30630
16025
5533
1666
17946
4537
32729
28669
29052
24262
15457
18613
810
32472
10086
11724
27283
23209
3448
29498
11650
8943
12976
6540
20780
12925
8352
25438
18424
30232
26363
18073
28688
30234
15109
13677
28332
24009
8633
31501
29721
7284
4284
10286
13451
31827
12804
19261
8616
19228
13895
28771
12496
28773
25126
9529
14894
3517
16918
31819
15488
1160
12562
19534
4518
32158
7683
10017
24556
20131
15338
17542
21527
22820
2259
23709
28721
16246
22394
11812
31508
2895
18362
11376
23737
8737
22969
4394
29502
9018
2005
19915
11449
2973
4941
6357
29119
15261
28592
4823
11442
14911
30982
16158
31182
21069
24767
19515
19443
25914
32095
26681
4656
4025
26855
7323
10771
31772
6658
28183
10931
32365
25589
15381
21625
22094
2371
7142
12723
12944
19747
11205
13271
21142
12195
6542
22935
24936
16536
22848
10664
26262
13645
18228
3666
26835
11495
12826
23992
7757
20377
2233
6885
18125
13453
10083
15258
2963
14989
313
32474
239
16245
8484
8242
9631
25177
16014
29640
31724
15478
25060
14122
6275
15577
21709
8916
17172
4817
23079
2175
1196
21270
27078
2604
16339
17334
27627
13812
11877
31427
12422
4748
24881
15294
7723
26778
7507
16322
21718
21691
13137
21616
16479
28241
11256
32158
22203
3853
26356
1471
32248
1856
1842
10512
22007
19169
18678
18312
25062
25437
7611
18813
19844
12834
10702
8982
18964
20458
32681
8820
16158
5319
13584
29855
19177
5363
11757
3378
20152
7765
14572
23750
711
723
22998
544
19971
15194
23983
25114
23949
12206
5262
21074
14317
12019
19775
17044
18454
25847
28314
4360
7198
22597
19105
29979
21434
15594
1883
11566
31355
10245
14708
23297
18890
28688
3217
15070
3748
17905
5493
8581
12054
21184
10709
27867
2936
26198
23035
21329
14185
666
26653
15893
18062
20363
22906
6651
10505
17421
32058
19242
21435
3955
1283
12166
12346
4048
2907
23521
4241
24829
9152
32737
8890
20586
20617
7343
8156
16806
31355
31332
13125
20396
17962
2100
21797
14067
25366
4952
5392
21556
12417
189
4146
17401
21521
30062
3919
28394
7722
6594
2178
3799
22537
25413
177
30852
22433
4455
2259
13880
30006
18663
21217
16132
16058
31229
6813
22228
1258
32074
24070
25399
7720
4992
8598
16622
31511
13265
15425
26166
26872
21785
26414
24021
7624
7626
3379
26342
27157
9883
5651
17765
11428
15344
10615
3962
25540
18952
9645
902
30832
24552
17954
13038
7976
29963
13728
3498
27276
24006
2120
6796
27581
6781
22863
26705
31859
28040
2168
873
3806
25571
21333
31878
7998
15511
17981
19430
9025
23276
16652
7521
4896
12107
2974
20786
26744
17141
13833
15749
12009
21094
16540
31940
624
8839
18331
21666
6021
31894
11960
484
10484
31958
2130
29938
26491
8182
13421
19233
18216
15170
29556
4285
18033
19339
26800
6106
2832
18135
18567
28632
28837
23753
11893
18871
25865
20943
22220
21792
11891
24845
14379
25134
30541
20749
14528
21505
15316
10019
31549
12290
30066
9633
32667
22003
8155
192
5009
11453
29673
30281
20179
20473
29752
13318
5899
2620
10113
14572
26520
10275
7351
7429
22793
28706
5348
27679
9304
19211
28352
32567
7654
26976
12310
163
25658
29018
18647
1793
15994
438
27643
29410
26277
5442
6683
31542
15254
4907
14800
5239
5817
6147
22985
7830
16778
17301
30894
1446
18130
5993
28344
16713
7073
12821
21773
24285
23562
29514
1756
615
6049
21658
6205
2620
27061
778
24262
16753
22862
1372
26604
19720
15589
31513
31008
16343
7654
16480
30117
311
22502
625
17971
29298
28580
4345
7758
32490
24001
30747
15203
777
18751
12098
31143
13804
28091
26793
23216
463
10602
19879
22992
30519
28373
13244
10804
18145
5716
5724
15041
28269
19276
24957
7082
970
4392
22754
8657
19296
7192
10277
25571
1281
31116
26503
27954
7053
17519
8568
16977
9063
24868
9445
4977
21403
32065
12356
14462
26059
20238
16736
21241
2270
20668
5604
12692
21096
29541
10410
20879
23256
1479
14273
6613
28772
19136
8000
11221
3253
31625
5325
26145
31058
12722
4076
29897
20173
29921
27401
2934
15023
26698
2372
9541
14372
21486
3326
26217
10086
1427
27431
31615
28650
17798
26438
4784
6477
23315
17477
19081
1789
23745
13826
12954
17063
18510
24470
14800
356
7789
27235
9874
20387
32322
480
29854
4052
31897
16420
13474
14298
13034
22323
18842
31022
16909
780
8172
16338
17597
4206
14917
13308
28110
1134
12337
10879
20014
12474
31357
12281
32413
16554
10573
6847
10540
2828
24572
20361
11895
13484
12982
9436
25250
28581
16855
4411
7700
25451
12034
4108
7670
2452
18433
26956
28778
2921
864
18418
26764
27696
10952
19236
22057
3127
20252
32285
32065
20641
25173
25305
2367
31728
4894
31621
30707
854
17967
32425
14419
27835
18794
8723
30966
397
7350
10371
25164
27807
7704
14494
18129
6826
28541
8649
30561
28537
18387
2746
19061
21155
24925
26792
13127
9297
13549
21012
11548
5273
13330
11138
3924
5274
31230
25588
5683
15708
7993
32043
11373
18533
7176
23453
16755
30234
26011
6709
14464
32220
12793
24013
15458
25566
3756
25708
1033
20680
13868
19519
21457
18189
20492
20057
18319
21005
2022
26922
12637
2794
9992
14017
6438
3882
7387
27329
10480
17681
8727
13349
4588
2492
25257
32435
13887
9469
23135
20545
9102
7930
20569
15787
10828
21380
7472
13199
7619
24376
10211
3791
2275
16984
17798
16580
25550
21863
26537
31554
5663
27526
17801
8272
20990
16017
27641
29092
5093
249
24590
15329
21295
12639
16525
31119
12133
3061
4629
10718
9800
13717
8717
22298
7838
31903
11339
2285
21437
19347
12169
7768
28120
10610
7304
19312
21261
25556
19457
14040
32042
16073
26449
29442
24643
18032
12256
20261
11764
7769
20821
15357
374
27292
10875
16453
16484
11958
14577
14581
15435
15910
5012
24891
24820
6860
8109
24123
31600
23804
27867
19079
26088
357
25535
32093
9249
14501
13161
2467
15570
5288
10629
12451
23462
12228
24901
17542
2063
10645
29966
13970
31953
5530
7906
19747
27721
14220
29584
15723
15745
10626
9373
9449
3574
18374
29937
7850
1059
32372
19521
28739
16085
21720
5440
2697
27950
21125
23063
23414
6709
5690
9085
165
22116
18570
26440
22705
21419
26824
2486
6040
25821
13664
14902
300
27875
26238
22177
29089
10840
26496
17979
25303
8419
15132
2152
31336
15448
30289
29486
27761
2446
32271
23918
16161
8446
29605
12514
15107
7968
31727
8149
5131
18053
19771
31398
5986
10165
12288
24826
27121
27334
24125
19140
9135
5825
28082
9462
21419
29364
12482
32260
14553
23703
14883
32285
15260
12767
28491
10025
29719
9700
21914
6273
18740
8691
1608
21104
29808
2867
29965
13677
30317
2616
30098
14614
18485
12393
11162
5868
21839
5906
20975
25809
2692
21576
1039
23362
1390
24960
30356
17236
12485
20462
19044
18544
22889
26271
26268
10702
2095
1621
1341
1970
11372
28454
24212
18537
25410
17363
8043
20739
26541
26345
5618
3533
30540
3482
16746
1685
14320
9305
12439
31389
27110
24887
23267
16475
29444
8192
24658
25847
3702
25620
23594
18305
11590
7175
13918
11253
21420
760
8126
497
32539
15282
9441
23344
24840
388
974
19918
31352
2784
12397
15930
25681
31158
13232
19706
20572
30094
20864
25634
3869
19304
8554
8338
9811
12115
1542
4850
17485
31695
12075
5231
7155
2788
4820
11058
30096
1279
2256
15013
96
16783
29997
31589
12509
5475
11618
30469
14282
10946
1087
904
24060
16200
10389
31389
20715
25475
17061
10392
11260
6225
31817
12085
19084
26103
24548
22539
11964
18690
14859
4817
2303
4318
27120
6996
11364
3127
19603
820
31652
7955
11943
7010
6891
7852
28997
31066
29287
3855
19794
5151
19857
7797
25009
13563
9022
31332
30761
14323
21092
23173
11541
22540
24493
23876
26062
833
32702
4650
16857
29247
31300
19962
29391
32742
12739
9357
10000
31872
23581
9325
29479
30911
14309
12340
26107
17528
19041
4515
13243
7458
29281
8833
9095
18445
23491
10041
11231
5218
8129
14131
27084
222
7681
20206
24272
333
23130
26594
8591
8137
27495
12823
27962
30128
17870
19333
15295
14438
28750
4394
22193
21968
27786
26094
2809
23691
24727
2870
27450
11248
19783
26442
19717
10185
23859
21863
27842
27600
6282
23459
25689
15083
2461
25221
24739
9769
7718
19040
16788
10108
20827
31348
4389
11316
27319
17858
32002
19264
23939
16819
16120
8995
5415
27239
8220
7095
14898
12510
700
1957
15402
20169
7943
24992
11285
31790
24188
8548
13252
25278
531
25714
13794
27382
32556
26248
25280
16120
16187
1506
19934
7974
11825
20275
20537
25732
17321
19810
17239
19659
29399
6405
24851
27724
11569
25502
21544
24971
25563
31384
17792
9879
13267
32255
29242
7210
10465
18178
5757
10885
17212
14890
14592
5130
11260
344
9045
21910
17476
27009
4856
12452
31531
24616
28443
15139
5743
19614
3887
4370
23000
16636
24114
993
14701
16093
26299
25480
602
3036
5063
15716
9884
20945
12865
11476
6002
1738
32595
6551
23172
22731
20335
32740
17872
6470
6684
7750
3672
25689
30337
9534
5517
32714
21683
17559
8569
11714
32702
12935
27568
28492
13429
2186
13044
29325
22778
4606
15275
10433
8460
26751
27393
16378
11027
31232
26845
31895
25069
21678
29829
11909
12150
21637
22544
15928
19417
3758
9871
3432
13722
5791
12538
10124
7775
30961
24028
32279
22657
2048
20414
11381
4438
22085
1621
32708
25660
31346
26219
15955
4710
31058
21645
27355
27494
29023
20089
32639
12926
25632
12102
23685
3238
14665
2641
26322
17245
22417
18667
4647
26672
28497
30404
21278
9483
21217
26902
13538
17731
30898
11409
3761
17247
811
26122
5395
26538
27205
4578
17111
17273
8933
20023
21970
5436
24572
7117
23383
24903
18785
16827
2165
19294
17513
16341
23027
32002
10828
31709
14349
9342
2103
5480
6635
22704
17712
3218
25829
28056
18862
10081
889
1442
1268
16890
28680
27571
27697
30086
12115
502
20313
16865
30393
20835
8129
9737
31278
1556
1149
21313
7675
25671
22649
26376
2104
562
28250
22461
19977
21130
13842
15
14491
19410
8261
29990
24029
14436
23391
5011
2303
31552
18034
28408
11947
21912
13776
4215
26886
30999
25964
12251
14181
29429
13553
21385
32207
15292
2464
805
55
30679
29162
30979
21878
13535
26321
32340
3594
12197
18175
24077
2705
28415
26531
6806
15875
16211
22287
21048
22450
23269
11539
32323
4355
19168
1303
30978
6890
19750
32250
30304
26407
19159
23470
23382
18754
11171
9871
8220
11079
4560
25736
10507
21058
19210
18404
16980
28281
494
28661
10851
29548
31829
5991
22289
29581
29280
19553
24972
31679
19016
3681
17670
10896
17635
28116
23584
32567
26357
2424
18709
7244
11068
1394
13479
31305
18745
22575
4042
17861
7360
2299
17425
25962
31295
15458
32476
25531
31694
10826
831
14472
4858
22988
11953
11820
27473
16087
7289
24205
27053
5507
5080
977
21569
5942
11511
6368
28517
25977
22671
1438
6945
18072
13914
21221
15739
4091
26173
8773
1409
23111
16434
25979
21269
23348
7927
4530
20347
300
10616
19067
675
11433
18173
16526
28983
9036
10771
16446
3941
6332
7740
11198
5225
26948
1110
23830
31457
25131
10699
11235
14800
13266
26238
4817
623
27024
11633
12505
3768
846
31798
8763
19632
3297
21787
27963
29303
20266
12309
32411
18192
30447
3688
29147
11249
19832
7452
8499
13130
24297
4640
14668
20246
10851
12347
19650
25826
14297
7606
9051
21088
12210
31179
16644
11947
20515
23756
24719
21592
23627
12051
24111
64
24843
685
19887
4368
27563
23493
14453
13197
3630
5074
16186
1960
19825
17280
7046
2629
21766
24415
15598
20427
3282
29518
32270
23404
27752
10405
11588
7985
10276
805
25905
28877
5128
161
28912
32542
22614
1897
14356
5250
21489
20345
28260
12767
18548
12902
854
20081
11279
3588
3404
18514
15654
9688
11408
20939
13224
12097
8721
26460
11311
29797
5595
6797
10460
14812
18776
15731
17392
21279
12616
15105
28715
4527
13185
10260
25317
31493
1128
22844
1005
28989
24619
2379
32549
14977
7108
23712
21466
4918
18861
19761
32228
14057
28259
19290
5249
3064
157
8039
31474
24064
12617
22498
32467
21258
14155
20638
59
1908
6900
7808
32664
31905
15684
27664
11591
18016
5856
4803
22262
8989
27346
32006
20154
27338
26883
7434
10223
139
31864
1106
26067
13092
16719
26622
30689
14371
24184
7637
8175
11724
16180
24084
7686
20425
26703
22008
15877
19086
25885
22285
8948
22926
2102
12085
27689
7199
31729
30071
4125
19758
24225
22413
2316
18850
26258
13356
12110
4497
18882
3601
23928
12325
25951
9168
14898
13900
24837
14428
17366
13347
18868
22613
31182
23840
24722
10261
16298
17153
6502
1656
22019
21368
1232
4207
1300
1171
8778
20804
21777
23533
21983
11178
28750
15511
32173
18316
2833
10180
25372
4242
27955
23606
987
4467
31097
108
28319
14333
20148
17288
12186
19942
24218
8450
2237
12880
5731
13071
29102
8222
29987
16335
7048
3321
11242
27961
29782
27936
9117
18375
26189
26612
1171
2016
20171
18751
7151
16905
26899
15176
15040
28108
10438
5527
27354
28516
16416
19592
5490
4141
19960
19858
30587
4558
28534
21589
32708
18468
12689
1125
29390
26093
7760
21465
28782
26681
25020
4753
14119
19601
17063
6731
16709
32228
27424
29541
6073
9269
15537
31344
30392
17159
11359
21113
8210
21124
25183
12310
30547
16239
6552
18738
17307
32208
31452
30105
13117
6745
28646
19522
32026
30362
10771
18784
15292
7145
22753
18727
24114
20751
19496
25438
19118
24242
32282
29609
3807
11910
16636
23188
14863
12596
3233
17247
15612
14086
10155
31372
27512
10071
10369
8489
31680
17084
2575
18653
8092
23538
20545
17589
4922
13191
30781
15020
15819
25161
12387
16892
16347
32367
5125
6695
2929
26505
26342
18116
25066
25895
3188
7178
21398
1100
14021
2078
7439
24465
2387
9500
32349
15897
11128
24551
26571
13624
1704
16305
6279
14562
11376
6729
2813
18133
8242
16680
19184
6278
157
29497
4445
1997
19695
8044
16911
4687
16874
17401
9985
10159
2711
30324
1400
11892
16574
24726
26845
27576
31008
15813
16219
14742
22394
9576
9277
14417
26171
11757
29701
26180
11776
13463
1611
19086
18643
22024
10588
7801
27944
25490
15246
8623
11411
24894
32357
1307
25162
22680
32615
6304
3423
3136
12991
10109
4794
22578
7060
12155
8919
19152
7719
24284
16197
17077
22447
1283
7130
7480
6132
25058
22455
16834
22701
40
18943
5584
20122
1576
24150
9671
28769
10632
15643
3707
3882
12718
15206
29565
23801
13546
20160
3624
31950
31843
165
8554
30846
15043
7610
24147
14416
418
7374
1376
22615
8627
31123
20612
30610
25009
32537
29178
23748
14343
15886
13261
3348
29506
10935
1059
12389
32055
7853
31310
24435
9460
14936
8337
14258
7015
25133
3762
20711
3792
21415
8515
28802
4328
3590
22961
5826
13263
2762
13065
16775
2486
494
30606
246
29521
13797
25339
14799
26874
854
7576
12686
10917
12438
23551
16451
647
14569
12203
17457
1669
3960
21573
13097
1119
5650
1455
26020
1177
17315
10957
30627
4141
13941
24854
23367
9458
11816
13533
31023
1226
10610
4704
31381
19342
9111
15245
6440
30651
11687
20120
4263
20953
24443
10558
3650
24239
23661
13526
14768
18472
26586
26396
13327
26883
17753
957
10368
26430
24760
27298
19070
2368
31163
32508
24067
12745
20371
29460
9561
11930
2080
1232
20672
17891
20198
30468
19397
11889
26577
21374
1117
24212
12713
16848
1988
24017
21587
32475
4376
1357
5837
16672
26036
23284
6375
5574
6989
29548
27842
619
9167
1725
19466
30635
15093
9148
25843
24689
4523
11836
31476
23040
21283
5108
22342
24768
24505
25647
17691
32201
22919
13878
5535
16689
24264
2685
26544
5398
3565
4752
12124
13674
12161
3003
14622
22657
8637
6268
9432
21596
25067
17578
5264
19635
20347
8289
2794
13764
1254
7605
13673
14302
25158
7442
7782
16300
9650
21620
716
18242
11611
32076
18329
9193
16232
29998
19220
25771
29585
15675
3534
3485
6781
1105
28507
15343
16092
10227
31438
32436
7236
22522
32501
28786
10189
18681
28249
23913
1643
8561
17140
676
3342
3514
25008
12736
9851
9900
14756
25983
15080
5904
6926
4876
30042
11209
526
17420
703
15042
20776
17769
9931
3222
14199
30429
17042
13570
16050
1856
10474
1548
15584
10642
23678
2543
9691
3784
5042
12237
30854
12375
7739
5908
17358
14209
2170
9644
32609
3426
6299
21733
13361
24505
369
24867
12455
9848
26384
18502
17576
30218
4392
17116
16712
10854
26404
9222
14417
14040
4614
19499
14194
9866
24577
6750
31559
6613
17875
2192
22029
19530
6633
24181
17953
28542
25905
10039
30781
26265
26044
21981
12658
11934
7964
17530
23781
32631
5240
31253
14665
29128
2159
25436
25120
13680
24242
27143
12465
9439
31584
5901
12488
16667
15392
11146
9520
25231
26368
23659
22513
10906
11025
7391
12874
467
3774
9085
22637
12062
26608
5685
17661
21360
14820
2296
8264
22114
5319
15143
20292
3959
21270
16317
30283
14380
20664
31803
27542
29381
30680
10839
21883
29138
16260
18531
28774
3203
30727
9342
14489
19377
263
28286
29603
15272
17757
31897
21921
3766
6327
11990
15928
23669
21232
7478
18766
2520
17706
31905
12171
9718
25777
26258
12946
18329
18319
28546
4351
14214
20207
14357
15904
29578
6962
25863
22900
22089
9683
10709
8677
28614
7419
21035
24772
23217
23779
30225
2184
6772
8942
17620
838
19964
22146
4789
27888
17223
938
5460
13646
14258
25452
31450
26044
20736
3563
18409
1704
6954
12861
10309
24778
5865
28682
7743
5666
9476
12009
15589
20147
23129
3962
22763
29953
2222
21059
23639
15947
2101
20556
10480
31369
3553
24953
13668
26660
6763
19626
20796
1912
20003
7572
15232
10762
11639
31837
30761
14729
8772
25338
4171
29318
17888
19529
10495
3827
16356
14573
7442
7261
17850
9709
1391
31209
1770
20747
23628
14864
4643
26342
10007
25626
32524
30415
21279
20827
26824
18539
12547
8752
1355
28429
15067
1721
25952
14032
4392
22355
10614
18295
23164
14556
14126
6406
29160
18598
15269
5660
4138
3127
1665
2071
23443
8391
2493
10470
2746
26231
2613
30380
1507
9041
19696
9498
13100
23043
19761
18569
22909
20571
18236
5850
17965
386
9193
23054
8565
30712
4330
28836
7573
19283
20955
30646
27848
15799
5646
31442
10729
13588
24340
17817
8161
3106
17420
13082
7128
30494
7595
5868
13847
30786
26383
7181
15807
8197
24387
13693
13100
5399
14225
31898
32038
8218
23179
6458
17614
14114
6104
3978
9283
17643
16575
4010
5143
10205
373
8964
17269
9408
807
21360
18190
18751
8901
10249
19144
31262
18580
5069
12837
10555
11379
12791
21365
28486
4840
27676
14780
1344
20210
26119
6497
22964
5261
19285
25499
15800
26629
23249
9371
26019
13819
19341
6265
14731
24632
26565
8929
12677
19253
31091
5498
14748
14438
25777
28954
22925
31050
3027
3498
7241
18228
22848
21722
29480
19415
2837
31622
4333
9875
7288
26083
30845
31361
26812
8818
15199
20800
25657
10145
9202
24189
1769
16449
18290
28740
17603
21164
15273
6154
12247
28338
27764
22646
8238
20040
19709
25587
32095
13551
24754
14327
1521
23013
22535
8464
12404
18702
15601
29619
606
26273
27421
1476
30886
403
20468
13540
24098
8387
11856
1406
11169
30442
25083
9873
19912
10561
24300
26171
27821
21743
26688
25353
4405
32569
15098
1536
17454
23656
10362
4458
811
6521
23742
20578
10019
5255
19548
13087
6345
12281
1595
25600
28329
11371
25877
8539
20743
13661
23725
26629
16247
3230
24271
15009
5180
118
5132
4521
24929
6294
25650
16446
921
9664
2701
22960
1751
8246
12768
25547
14509
228
21538
25063
1126
333
23033
1198
29922
28214
13816
2731
30772
30995
30615
7576
16637
13365
4598
14436
24966
9649
21073
25094
31903
7440
16962
18692
10299
14264
29114
3010
24008
16413
25789
14731
5200
21415
8417
22625
24657
31586
5764
31621
13660
9064
25040
14021
9584
7438
8048
31368
14868
6097
20751
9370
17206
15615
3477
20920
14278
23077
31008
15323
1042
17980
16580
12613
25056
28050
5635
28748
5709
12409
26123
29673
12648
178
18610
31999
11150
27032
25394
25709
31875
28429
15012
466
2133
28453
12862
13091
32241
29332
12620
20718
898
6104
11503
7019
19597
1317
4505
27719
30157
3349
18500
14641
17103
29196
21365
13089
6478
29805
16372
3691
22092
6014
25928
16263
22773
18715
12788
14493
24371
22558
32628
29651
4112
25994
10742
22103
20432
15482
26585
14379
14794
15564
7398
7347
23562
17548
9553
26624
4264
17442
21614
7386
4326
26940
9011
28559
7693
3193
19057
14718
23556
19930
17618
6498
14773
3049
29841
19552
800
8615
26876
3023
31035
5943
32683
31689
2960
12619
23933
30325
3989
2898
31575
16403
4554
10334
17052
28612
7317
9943
30059
6431
4317
738
24220
628
27752
5007
1400
29662
6645
11973
24890
27403
10009
8173
18505
16330
31706
23905
5939
1369
28685
10387
19305
13420
23151
1277
3517
27133
30086
12748
26780
18135
13878
4684
9739
15328
28706
12562
4451
20265
25544
18923
6347
9655
4699
1671
2682
24079
29535
23013
27050
1923
26631
9854
5979
16959
2126
6961
19149
21522
9687
29425
5562
15870
8325
816
28759
7806
26842
17674
2313
27801
19473
17714
21480
22443
26105
9885
5620
22510
21656
9200
26649
15307
2427
15274
28132
15843
21726
29457
15363
28636
1665
23518
10879
1516
16453
18600
3768
20262
22153
23569
6436
26247
23110
24242
21191
26815
10476
1991
30321
15041
7675
9370
8634
11529
16994
19120
6590
1968
5528
182
8089
19249
19579
2602
4257
12793
8683
16842
20070
16048
5414
11965
10858
25418
12770
16514
20897
3276
15916
23964
29607
8159
27139
12538
8643
12822
23731
25128
8608
3071
15347
9272
12229
16363
2238
18286
28121
24957
28145
14766
30873
10741
23721
8614
24981
5434
4698
187
2221
17321
25776
1973
4431
11424
28454
2601
28526
28105
32359
15530
18497
17190
21863
10671
8896
29665
10305
2370
9183
16337
26831
26478
21129
6604
16651
17766
8027
15023
22312
8565
11301
22830
14192
4521
3873
4700
32732
23871
3569
20217
10613
16589
3162
12671
2925
18738
10947
22763
29692
28990
20587
1100
29436
28192
7533
25357
12867
22163
117
7681
30660
4296
27712
25907
11620
13074
26837
3691
2718
17235
31877
4224
15317
298
10404
26465
9084
9946
30212
11489
4328
19705
19765
29254
2288
23773
5759
9872
31818
15814
23964
5513
1957
10443
30006
19345
6534
20358
22051
27174
6627
16767
13922
14646
28544
15449
5077
292
32525
21182
11964
31132
32764
5643
12277
22807
17188
11964
30454
20781
18199
3990
19334
926
13891
12183
28478
15390
10955
30365
19139
31460
21539
18648
12993
7153
23150
23793
166
10017
7063
18679
31523
5363
7729
29198
19043
5143
22031
19158
29705
7101
5795
3228
6892
22168
20247
22339
32402
12980
27693
25585
30317
8701
31703
13945
25816
22411
28310
31115
24015
3502
4755
29085
32113
8382
9342
12952
10807
2719
4650
1091
16114
2838
19173
8560
22662
2255
14745
15849
17256
30506
17572
32536
17625
19657
28535
21368
15328
22234
31216
21695
22024
29989
6520
8392
21470
2773
10204
21826
6441
12294
25580
6683
1255
28690
8149
26282
19724
8347
31039
28062
23034
7512
30502
23466
23999
29856
10617
21742
8976
20664
9845
23844
20489
10717
446
5775
6306
3344
6466
932
7409
932
21454
14197
28450
26504
11628
8417
32054
12373
11652
23677
23166
1303
8878
14657
9430
7899
16472
23538
418
18428
31260
11603
28298
1070
14558
32523
25077
11591
17833
4949
30534
4305
1607
29546
8921
23120
26530
16558
10684
22099
4573
27804
22830
23101
16945
883
14808
23761
26249
30110
15053
2943
22237
3044
4163
26736
18511
29268
16911
15699
22024
1518
9698
28389
15311
20753
16709
32067
7790
25257
20310
15599
32196
27668
26176
5284
11434
20953
30844
19418
27271
6920
11721
13847
31409
27503
20460
18172
21898
29825
18216
23307
20311
2310
25212
16697
20703
16260
26527
20791
32200
20329
9916
6784
25777
5373
3565
30755
5390
26634
30841
5454
14023
12616
13774
11934
32656
27275
1085
7208
8710
30123
31607
28743
4751
30263
8907
14116
15854
6617
12061
8966
3497
31623
9381
12639
22043
3439
22637
5266
2647
13727
3464
28293
20931
2424
10771
10219
23409
21456
16365
28750
2876
20970
25910
13023
23719
21271
6280
3069
6005
10024
11512
2951
12808
1947
31179
20450
32122
26497
18936
17865
30589
22064
18274
6360
24051
24750
24018
8406
24652
7640
20918
22469
2723
20821
1691
9387
18072
20798
12652
1823
3563
6795
29288
28562
10973
16444
4837
20579
8775
8523
25286
13217
9079
4437
29117
24989
6606
24578
8257
25655
15386
27449
17486
29414
13748
10246
24032
4996
17753
20038
5933
31711
28105
4888
3237
0
5153
7683
6314
6457
10233
9447
7951
20976
12605
23205
5202
8750
24524
7310
15514
2279
30930
2700
24175
28167
15846
30226
25915
6465
10722
21445
12164
18838
8070
7143
1255
14759
26060
17800
28628
7356
3593
18539
30475
24720
8136
20921
29402
16354
9830
5992
31251
29116
31853
30313
8911
386
28849
18324
4838
7098
8492
5972
7209
23453
10139
11282
24678
25953
29653
1890
14617
22852
28654
19952
24306
27480
18959
16936
3339
11281
19
15784
7141
19856
2274
21863
20520
29101
14222
5282
22807
19655
13359
31370
15061
10571
9854
9903
8281
6149
28212
24618
20786
22825
1312
25485
18172
18976
26379
9100
7838
25620
6988
26728
24905
5946
15402
31263
24880
3810
6132
16725
9735
10816
18402
2816
9534
13816
22698
23255
16890
12907
24802
30840
20696
12996
8472
9051
7008
8385
2483
6523
8011
28994
17032
23742
1397
5522
4155
25385
3232
13689
13148
7620
25582
32254
7485
590
12573
4348
5781
929
16000
24939
13270
9443
3265
2156
13134
4978
17496
24337
8448
29581
17098
26866
23615
19395
16290
23409
23312
15132
17712
19912
18237
26121
30980
24023
20793
17932
28713
21935
21687
18470
2850
7646
11017
26117
5542
2168
18233
9706
9755
16618
30697
11612
30931
27774
27370
21134
17160
18349
20127
22673
14744
19496
11536
16953
18305
11173
23757
26577
12316
11114
9097
15230
6426
11419
26226
26740
14399
27971
1105
14554
8416
20003
13670
28286
27933
10558
3329
31288
16095
1312
30944
15904
21649
12530
23116
18031
11677
5439
5362
9526
31405
17796
12162
23745
21918
7801
25097
1224
32068
32034
11791
5723
4321
23188
23664
2699
1890
22664
31995
14297
24159
2721
17356
6752
15568
2173
24681
29377
1424
5245
10911
26578
5524
25429
16666
5894
10728
20562
30151
16282
10605
2670
9194
29829
20052
1558
19454
285
27481
16309
4432
27785
18624
6920
30042
18410
21776
27425
27872
13128
9618
28472
10956
17726
648
20533
15562
16742
31534
27390
21923
18818
15730
29568
24923
30063
11634
15487
16137
32202
30906
12318
15481
25951
8506
17710
12163
19798
15368
32054
18728
24604
24539
14150
32370
32530
32579
25468
8970
7928
10921
25427
4502
32536
30219
8879
32217
10034
32372
13737
19592
22571
19260
1818
3309
23412
1796
25577
28734
23867
19568
28437
23226
15700
675
19073
27273
742
1404
131
4177
24277
5522
31275
5528
26867
19439
3667
11484
998
3472
30059
26484
5079
15001
11777
11556
29664
5464
7699
4483
22066
7424
32021
8973
31497
22561
21184
4104
27217
19178
5793
15639
7189
5407
15453
10655
15276
29656
14532
15837
29090
8959
19357
24260
24679
23175
6700
25496
16314
25453
26243
18763
17107
111
28557
16282
13651
9871
17884
27623
31468
16710
8493
32213
24016
32393
705
29093
22491
24189
12379
7251
17023
761
21527
23920
6515
31423
19697
4798
15387
1146
31761
10637
22966
1399
6872
27096
29770
12324
26027
22303
9807
5705
10114
17154
5917
8968
29231
28066
18967
14485
3950
20407
13461
28086
30386
27249
18067
9978
21418
14608
21019
1977
27029
8258
32114
30415
24395
30528
11269
13079
16390
1703
2577
13225
15605
6423
10005
20436
31615
31117
19193
27354
31831
31617
29179
8046
26436
26814
7006
9966
18350
28933
22225
30816
1512
30561
15520
23342
10559
22857
15516
27041
11974
2935
28619
16159
223
10379
22736
20005
23434
19806
16153
6658
10605
24359
4299
20569
9639
5968
30573
32340
20053
28950
2902
23977
29664
21731
20951
30030
28941
7531
29225
2555
22466
21128
19733
6755
7833
13782
25446
25395
6950
32014
14094
9927
21769
22051
4890
13487
32178
4383
26199
27876
6391
3002
7362
15050
8791
15039
9137
17381
15116
27935
1218
18011
11474
9426
17287
25390
19834
8561
27118
20533
3885
30869
28529
11743
18817
22509
26371
31911
1853
19745
8118
28246
25836
12138
9260
3836
19492
1774
17604
428
6036
3548
6272
19706
27599
10060
8376
29494
20698
26580
31616
21093
22646
3049
20698
2051
23854
30716
26268
21627
9761
7760
1824
14946
31629
26269
9901
21879
30751
29543
29608
9563
8957
24859
15738
18449
7823
23278
24129
24628
30737
8565
4918
8954
25562
24325
28641
18924
29289
26056
22526
25698
2612
13220
11309
17600
12849
22476
5469
1395
31009
5666
6903
25003
1439
25683
28618
24022
6892
7345
8633
31711
7799
719
6182
30507
27183
30174
3357
17488
30601
27850
27969
20627
12112
6164
19063
15656
27184
17774
19796
4648
28160
24856
20807
9554
29651
12541
6022
12418
701
9612
15545
21489
11109
23639
23913
50
28751
12398
5415
1000
26342
29818
17532
14664
23884
12952
18836
3922
4322
3579
6057
27342
16790
8768
22832
6921
11759
31888
2246
24141
17370
2680
11481
12833
4658
6792
8726
27461
18193
19117
8342
20844
18137
78
26568
15031
10240
17961
15644
25334
8095
11244
10613
31389
10938
915
8524
10632
77
6276
932
367
6171
15468
7089
7207
21046
17879
4423
24990
2893
23698
29700
12692
10680
12224
19772
27930
28485
29118
25769
7115
7104
13752
9167
10445
11332
2824
17457
29575
17220
29266
13365
12319
1368
2144
24280
21435
30409
702
16914
2163
9691
23061
6
25880
11741
15944
22258
25767
24305
12368
11217
22923
5788
24024
5072
22678
5388
6808
2168
22462
23341
4977
12948
31895
23914
5965
30695
22164
5955
4533
14223
253
19347
4911
24887
26799
32159
861
21248
12695
28382
22742
10797
30701
11659
29379
29328
26928
32747
28730
24760
28900
14430
8538
728
29966
15912
28203
5237
24172
22269
20274
24791
26741
32078
13271
24621
29971
20310
29304
31614
24610
25315
7753
9044
3752
2533
24306
9511
13778
21432
9702
27530
5555
22321
23940
5400
9148
4458
28144
3612
24825
25933
13232
6402
22545
2019
17414
29057
32507
25946
6928
30342
30849
19160
4000
1759
29046
24834
10460
31916
5558
17227
12693
29574
22754
16381
9576
17772
3800
3336
21399
27250
4085
32141
21413
10024
25866
1066
10163
13771
14111
3588
10397
22062
32490
661
6100
28774
12301
29755
29433
13880
23571
19836
25918
28484
2344
1818
29309
23534
14492
13018
14357
23311
22806
26388
24457
15968
8344
22267
7895
31138
2614
9130
25240
6287
29590
12787
32219
10113
5670
4326
31682
31459
22560
15651
28378
347
12607
19680
23100
3252
7998
20665
4197
15757
26133
30011
9172
32195
6131
12590
17769
13727
8442
3238
11384
10176
21181
19656
25776
8135
11130
4189
7599
24516
21783
10520
22624
30820
6109
15783
3612
30679
15608
124
11644
7042
7338
1880
2303
28777
21587
3996
4961
3674
24609
15183
1462
23002
5270
4846
19273
30929
13247
22519
20278
26100
6702
29748
1993
20214
16316
4552
23445
10606
2048
10235
15444
10887
7822
2245
4994
3433
23279
15132
23736
21611
26725
11773
2505
28917
11611
4156
3230
32310
11950
22796
8914
31371
27294
19790
16140
11178
26514
3482
11296
6546
29327
30990
17893
19507
18807
28889
25556
14301
11521
18566
20837
1129
5756
28425
28713
6953
3395
7307
24488
10128
22527
4341
18168
30369
1439
12094
7202
24856
2585
373
1332
11355
27358
29069
12070
3615
14110
17132
13933
16090
18368
6322
32097
18157
799
5321
3151
29325
8326
23473
22366
6261
10090
2312
1570
8013
9834
24796
6402
28120
24071
18865
2122
12769
23331
23377
14607
10723
15675
3670
25542
23931
9316
22648
18595
28814
774
16791
19891
32058
20315
15752
25272
8317
20647
22175
18120
9640
1077
29953
2980
31873
22037
20134
29401
26171
10647
19504
153
1303
28038
28271
24662
15062
14372
177
30500
485
9962
9162
16332
11591
32252
32230
19631
15170
17262
6929
2913
9929
21049
19075
9729
25516
8443
1197
7770
29058
14450
9732
32443
12626
5558
2704
15510
27140
29754
22067
10459
10122
15233
30138
2578
24781
3231
9381
15419
4186
11127
950
29285
11209
16302
3132
30224
9713
10609
27677
68
26573
26092
5796
2158
27693
16261
5648
9469
27164
17884
27096
22976
14869
18820
32191
28670
25060
22398
1436
13395
29533
28793
18919
13901
10688
30668
12547
26058
29160
5679
4429
10767
18742
3133
6121
20137
7999
12458
20551
25092
9784
5700
6263
25036
15901
5547
3634
20743
26276
14031
16548
5103
25573
13870
13050
11664
454
8651
31664
15142
8744
18925
3224
18740
467
413
28585
24164
24609
27357
1165
22562
30061
19112
2792
29943
25659
8365
1386
10406
4388
32460
16787
5640
3464
23629
4169
19111
242
24802
31515
6173
15689
25443
595
10026
27068
6211
12222
8344
28779
11221
2618
1999
6870
17473
13828
9015
2310
10052
19902
3666
28541
32683
16451
20885
18399
32397
16171
7177
24669
21579
2589
31398
30181
15689
8919
10602
17675
7785
13822
23101
15797
27980
17575
3460
17801
24647
23201
22663
13592
8743
23945
13699
31687
1445
16523
14734
5761
29864
10488
19503
17694
5949
20365
15545
10898
28246
10877
20843
17366
24134
11331
11337
24982
25848
9002
8633
4255
30707
1433
23772
7431
17934
14112
28082
7193
22770
4675
7404
10503
21076
17161
8592
16463
16624
15938
5199
26089
18756
24988
15526
565
7697
2149
5047
8615
1171
8477
6372
816
24699
4035
21553
8555
944
26844
8790
8845
15818
20803
9895
23305
26443
3764
32420
20230
25755
5399
4960
24193
23754
7308
9362
2114
8196
3130
27004
28544
31187
17879
25472
4179
27416
7671
15995
20190
1991
3350
23272
19768
29797
25956
23990
13343
16195
6483
25060
23131
4472
24289
10210
30452
29599
15269
24232
18963
8789
17820
25234
26808
11889
9393
3586
5921
25858
8462
30644
24054
15114
18981
15072
17973
14587
636
9489
26592
8693
31805
26056
14184
21181
29305
7120
15831
5245
11072
23647
10177
24382
3681
4081
22248
18469
23809
16612
25266
6001
21982
14292
13131
16944
21089
436
9114
17348
10341
15281
21989
4889
23754
16583
10051
12195
29368
5407
28101
538
25523
11055
28003
3317
3171
24208
12200
10408
6689
16542
10781
18332
17729
4817
24439
32242
25634
2782
26496
18680
8950
15501
2501
21095
27730
17753
22277
11107
20085
5577
27988
15152
26968
29841
21266
23987
12665
5992
5264
28080
4968
28071
4219
14013
17422
30886
7952
2825
18880
19926
32766
30927
2568
7838
15130
23447
26669
25078
24517
17715
16520
31686
20253
31349
19590
32252
31974
32689
15228
24431
21303
28918
3118
17527
9444
8715
29469
13641
23215
16939
22932
24083
18221
32640
16753
13531
19834
26209
6580
8472
18076
30796
20425
269
20920
13986
10645
10473
31479
7461
13378
14240
25910
18482
21451
23943
25200
17086
16198
28850
9963
14353
30197
27405
805
1349
30987
11837
20605
26237
22078
10548
31906
15334
20240
15254
24508
8815
10461
29391
18780
23624
29093
31985
28708
17692
17815
27982
12342
19981
24930
11993
17501
15731
3387
16445
26110
11861
11436
5563
32701
2979
32547
15556
24302
825
23862
7514
4034
11412
32439
29991
20526
24402
5500
26714
17818
30059
18667
17477
24911
30002
24136
20407
8093
24329
6590
17691
3535
6887
9262
21069
17104
16779
443
14912
13978
15741
25874
29776
9314
32713
27514
25960
25477
17531
3487
3795
25392
8921
20766
20195
13522
25955
1743
3908
20803
25995
8662
32029
1201
26421
29545
9964
11598
12269
22366
7198
14523
21994
7548
27249
3123
710
15230
5386
17272
9723
5094
24917
29310
21277
23944
5537
21976
18394
30673
1399
7654
21937
14300
1981
16572
11125
31283
12943
32465
14977
1381
30937
1644
13240
2380
1460
25038
22595
18203
29062
7200
6666
11818
11480
18715
18415
31105
15606
23417
16845
6694
9800
30239
28723
31270
8307
9223
31712
25701
28719
8943
254
7463
742
11459
14879
30554
10258
27595
24312
29353
1107
1428
13024
11841
6739
26784
32518
15457
1370
18637
29813
8868
16816
30342
12745
4878
7862
31915
26799
10712
14019
12609
24350
15356
2240
9433
18519
639
3970
7362
12701
11905
29418
1006
32436
12805
11966
32421
12828
18817
19270
3307
32010
4645
934
26546
21291
14571
30207
1216
32280
3683
14660
27998
27799
2876
29916
21446
14743
4497
22012
4938
9962
30457
32450
1860
1984
9037
19218
25793
22247
20535
1841
748
29893
13696
29731
15932
18705
11798
13765
25181
17492
8670
1705
18143
32035
16447
19892
2721
25881
22378
29049
6652
20886
21611
1364
27567
21563
14321
11334
8333
7969
3037
19860
29160
28892
9613
30494
6844
17458
16613
2432
10139
16283
16417
2538
22876
8312
7261
13760
1667
7700
21217
13297
10095
91
23342
23
31046
26204
29130
27475
25505
30848
17354
20198
3318
648
18212
19600
18889
12616
19378
14505
21138
28709
4357
2560
27757
8783
27887
27511
28804
13247
20175
19290
24124
15856
11162
1156
25634
15453
7854
32048
2964
3261
19287
22432
29487
14081
19229
4208
17404
14601
13523
9911
19801
21034
2145
10723
29609
2657
2892
18769
23995
29011
25098
16815
3323
20748
29192
17426
19547
20596
22647
13014
8703
16784
474
20537
12203
6014
11857
15030
11757
16431
28322
21283
28170
24034
26124
26761
3753
7268
23756
17863
20289
7689
28524
31973
11844
15464
26318
3129
15880
6362
1276
14652
23674
14514
21165
15657
14721
10553
14742
8027
22579
26480
30583
22884
30394
1925
13792
8429
2308
22545
21191
29520
12846
32023
9676
16118
26798
16061
20038
18034
12611
1992
22037
6490
7324
20441
13607
16105
29642
28009
454
28246
16231
2950
22952
28914
5508
16202
20405
2564
23124
31008
27286
101
24473
19894
2
9690
3794
21185
30919
30772
2593
2932
18842
14377
28670
8382
11424
4593
11678
24902
26552
13216
3105
17703
11151
27974
25726
29035
22369
14024
9775
30537
11663
14205
7324
19231
17638
11144
8008
12077
17065
17144
6333
3607
10596
22177
4152
281
18544
3768
8725
32263
6213
22320
4857
26892
3970
15832
27073
1567
15550
5681
15405
1604
12556
32528
6732
11400
1872
9720
17575
18106
5189
25653
6445
30185
2890
4536
25314
674
9199
10678
30790
14566
3139
7423
21638
2029
13275
28191
5989
24989
15266
29494
6120
5577
5732
22935
30148
9514
9753
18211
21896
18462
25073
13668
13194
9506
20771
25193
31123
29457
26230
29540
17226
794
2188
9476
32097
28290
21233
9619
19329
25631
23527
29903
24822
20880
2799
25994
14362
25661
19480
7425
21635
7698
11271
11260
31724
31226
10442
7593
4580
23581
17244
6201
568
18906
7671
27448
26145
9603
13085
10157
20526
27099
29029
7669
27375
8528
18438
23904
22119
5369
28708
4488
28719
28494
32478
22901
29290
20137
3092
29810
5484
896
31225
24749
8233
30303
10588
18322
4959
29096
9909
21476
23427
19211
7154
19872
13677
10435
4863
6033
12738
24214
21784
27314
805
7818
29390
27464
797
31079
16602
29628
6596
27377
21925
12601
29749
28130
21395
28170
13747
21417
3091
9649
3994
23525
18279
16070
27654
18336
15668
1686
5957
25675
2505
19063
5117
19069
11311
10988
1565
19564
22773
1150
24708
20519
11704
2645
16756
4505
4468
28313
10677
2110
19854
13451
31369
27810
11165
2145
26195
6558
9212
14566
16390
17746
26896
11982
21838
19937
23386
32218
16257
5615
12860
27568
22340
11484
25995
2168
14077
16061
9176
13622
30716
2079
24958
13290
5736
18810
19563
7529
10219
30327
12463
22777
20765
7394
6598
29104
9650
16237
15525
25993
24418
8234
30343
19019
6043
14022
27764
25626
28649
20102
6038
2522
21793
2051
19003
29511
18769
15014
31145
19669
24679
29153
22693
11592
23460
562
3778
18707
4030
29145
6250
32626
472
12628
7086
7494
26402
24479
15821
29108
29520
5677
17798
4220
8636
30884
5662
24089
25946
1116
20272
16798
27487
23446
7479
6219
23729
