32766
32764
32756
32755
32754
32754
32753
32752
32751
32750
32744
32742
32742
32741
32737
32737
32736
32735
32730
32729
32724
32723
32717
32714
32712
32708
32700
32697
32692
32689
32687
32687
32685
32683
32680
32671
32668
32667
32661
32660
32658
32657
32656
32656
32656
32652
32651
32644
32639
32637
32627
32623
32623
32615
32613
32609
32608
32607
32604
32603
32598
32597
32596
32593
32589
32586
32585
32582
32570
32570
32569
32567
32566
32565
32560
32555
32554
32543
32534
32534
32534
32531
32530
32510
32503
32502
32499
32495
32491
32488
32486
32482
32482
32481
32477
32469
32468
32460
32459
32458
32450
32448
32445
32437
32436
32434
32430
32426
32421
32418
32416
32415
32415
32412
32410
32408
32406
32405
32399
32398
32396
32395
32386
32376
32373
32369
32363
32362
32357
32339
32326
32317
32316
32309
32309
32306
32306
32305
32300
32299
32298
32296
32296
32294
32293
32288
32284
32283
32281
32279
32266
32264
32256
32250
32249
32248
32248
32230
32226
32220
32216
32213
32207
32206
32202
32200
32199
32197
32191
32191
32190
32189
32189
32188
32186
32180
32180
32179
32178
32173
32173
32172
32171
32165
32157
32147
32143
32142
32135
32134
32133
32132
32125
32123
32123
32118
32115
32113
32111
32111
32107
32103
32102
32101
32100
32098
32090
32090
32088
32082
32082
32078
32078
32078
32075
32074
32068
32063
32063
32061
32056
32047
32042
32040
32040
32038
32036
32032
32022
32012
32009
32004
31999
31998
31997
31997
31992
31989
31988
31987
31986
31984
31984
31984
31976
31966
31958
31952
31951
31950
31947
31942
31940
31935
31929
31926
31926
31926
31924
31922
31919
31917
31916
31913
31912
31910
31910
31907
31895
31894
31893
31893
31892
31890
31889
31889
31886
31882
31878
31876
31875
31870
31869
31858
31856
31856
31854
31849
31847
31846
31841
31837
31833
31829
31826
31821
31819
31819
31817
31815
31812
31803
31802
31800
31790
31786
31778
31776
31775
31763
31753
31751
31748
31748
31744
31743
31740
31733
31718
31716
31713
31709
31708
31705
31702
31701
31700
31692
31686
31684
31678
31670
31665
31664
31660
31660
31659
31658
31658
31654
31645
31645
31645
31638
31631
31626
31626
31619
31619
31619
31615
31614
31609
31607
31604
31604
31601
31598
31596
31588
31587
31580
31575
31571
31568
31563
31562
31562
31561
31556
31554
31553
31551
31549
31546
31545
31543
31542
31537
31536
31534
31523
31519
31518
31515
31514
31513
31511
31508
31506
31505
31493
31490
31486
31479
31467
31465
31465
31460
31443
31439
31438
31435
31431
31429
31429
31428
31423
31422
31422
31418
31402
31402
31396
31393
31387
31385
31385
31384
31378
31376
31374
31369
31368
31366
31366
31361
31361
31357
31354
31351
31349
31348
31346
31346
31343
31341
31338
31337
31336
31334
31331
31331
31331
31327
31321
31313
31311
31311
31309
31306
31305
31303
31301
31295
31295
31292
31290
31284
31283
31281
31281
31278
31277
31277
31269
31267
31259
31259
31257
31256
31249
31246
31244
31243
31243
31234
31220
31207
31206
31201
31198
31194
31183
31181
31179
31175
31175
31168
31164
31164
31164
31163
31162
31161
31158
31158
31152
31148
31145
31145
31145
31141
31140
31134
31125
31123
31118
31118
31114
31112
31107
31100
31095
31089
31088
31087
31085
31085
31085
31082
31079
31078
31072
31069
31064
31063
31063
31058
31058
31057
31053
31050
31049
31036
31036
31033
31027
31022
31020
31019
31017
31016
31013
31008
31006
31001
30994
30989
30989
30989
30988
30985
30984
30981
30980
30979
30977
30972
30971
30971
30969
30968
30967
30967
30966
30963
30957
30957
30955
30949
30947
30940
30939
30939
30928
30927
30926
30923
30922
30911
30910
30905
30893
30891
30888
30887
30886
30883
30879
30872
30868
30868
30866
30866
30865
30862
30858
30856
30853
30853
30852
30844
30844
30840
30838
30836
30832
30831
30829
30827
30824
30824
30824
30821
30819
30812
30812
30809
30808
30808
30805
30794
30787
30780
30779
30776
30771
30769
30763
30762
30759
30754
30753
30752
30749
30746
30740
30732
30730
30717
30715
30707
30703
30689
30682
30682
30678
30670
30667
30662
30662
30661
30646
30645
30641
30634
30631
30631
30630
30624
30618
30617
30612
30611
30609
30607
30603
30598
30595
30593
30592
30588
30587
30586
30586
30581
30581
30580
30578
30577
30576
30572
30567
30561
30560
30558
30558
30554
30552
30551
30550
30550
30546
30540
30540
30539
30539
30532
30529
30529
30523
30521
30520
30518
30516
30514
30512
30509
30506
30505
30505
30502
30500
30500
30496
30493
30491
30484
30481
30481
30479
30466
30463
30462
30454
30451
30449
30440
30440
30438
30431
30427
30424
30423
30420
30418
30418
30413
30413
30408
30407
30405
30404
30403
30403
30385
30383
30379
30374
30374
30370
30366
30365
30364
30362
30355
30353
30351
30351
30351
30343
30342
30341
30336
30336
30333
30333
30333
30332
30331
30331
30329
30328
30323
30312
30306
30304
30303
30293
30289
30288
30262
30261
30259
30259
30257
30254
30254
30245
30240
30235
30218
30218
30216
30215
30212
30209
30209
30208
30203
30202
30198
30192
30191
30191
30190
30188
30185
30178
30176
30171
30171
30165
30163
30161
30154
30140
30135
30134
30133
30130
30122
30116
30110
30108
30107
30105
30105
30099
30093
30085
30085
30079
30077
30075
30073
30070
30066
30064
30063
30063
30049
30043
30041
30034
30027
30022
30020
30016
30015
30015
30011
30010
30008
30000
30000
29995
29992
29985
29985
29985
29973
29971
29969
29962
29958
29950
29943
29942
29940
29935
29934
29934
29931
29923
29922
29922
29920
29915
29915
29911
29911
29909
29903
29895
29890
29887
29884
29882
29882
29880
29877
29872
29867
29863
29861
29860
29852
29847
29846
29846
29842
29839
29837
29836
29835
29833
29832
29827
29825
29821
29816
29799
29787
29787
29779
29776
29775
29774
29768
29766
29766
29765
29761
29761
29755
29752
29748
29745
29741
29740
29734
29723
29719
29717
29714
29714
29713
29707
29706
29706
29703
29690
29687
29683
29680
29678
29677
29676
29668
29662
29662
29661
29660
29656
29655
29653
29652
29635
29634
29633
29632
29631
29630
29626
29623
29621
29618
29616
29612
29607
29604
29600
29598
29598
29596
29592
29592
29585
29581
29579
29575
29575
29563
29560
29560
29554
29550
29544
29539
29534
29532
29531
29526
29523
29515
29512
29510
29503
29502
29499
29492
29491
29486
29468
29460
29459
29455
29454
29448
29446
29444
29442
29440
29440
29436
29433
29430
29429
29429
29426
29419
29417
29412
29409
29404
29404
29402
29393
29383
29370
29362
29360
29355
29353
29351
29329
29324
29321
29320
29319
29313
29312
29306
29306
29305
29295
29295
29294
29293
29291
29291
29290
29288
29280
29279
29279
29275
29271
29266
29265
29265
29262
29259
29255
29254
29253
29252
29251
29247
29245
29243
29241
29241
29240
29238
29236
29234
29234
29234
29233
29226
29222
29222
29219
29217
29215
29208
29207
29204
29201
29197
29192
29189
29187
29182
29179
29178
29177
29176
29174
29173
29173
29171
29168
29166
29162
29162
29156
29154
29153
29149
29147
29138
29131
29129
29121
29106
29105
29103
29103
29095
29084
29081
29080
29077
29071
29052
29026
29026
29025
29025
29025
29023
29018
29009
29007
29005
28998
28995
28992
28991
28982
28969
28963
28956
28955
28953
28952
28950
28942
28941
28937
28932
28932
28922
28921
28917
28906
28904
28904
28903
28902
28896
28888
28884
28882
28879
28878
28877
28876
28873
28872
28871
28871
28869
28861
28859
28858
28854
28853
28851
28851
28850
28844
28840
28832
28831
28829
28822
28818
28813
28809
28805
28800
28800
28793
28792
28789
28779
28775
28770
28767
28765
28758
28758
28753
28752
28751
28751
28751
28747
28746
28744
28741
28739
28738
28738
28735
28734
28733
28726
28725
28722
28720
28720
28704
28702
28693
28686
28681
28679
28669
28665
28660
28659
28656
28653
28652
28650
28648
28647
28646
28638
28635
28635
28633
28630
28630
28613
28608
28604
28592
28590
28587
28584
28582
28574
28566
28565
28559
28552
28551
28549
28539
28538
28533
28532
28529
28527
28525
28523
28522
28508
28488
28484
28483
28481
28480
28466
28465
28459
28458
28457
28449
28445
28445
28438
28437
28437
28435
28433
28426
28425
28423
28420
28420
28419
28412
28411
28409
28405
28405
28403
28402
28401
28399
28394
28390
28384
28383
28381
28381
28379
28377
28371
28371
28368
28368
28366
28364
28363
28362
28354
28350
28349
28344
28341
28341
28335
28332
28324
28321
28319
28316
28316
28308
28308
28304
28295
28294
28293
28291
28291
28289
28285
28282
28280
28278
28277
28276
28275
28274
28273
28265
28264
28263
28262
28260
28259
28252
28247
28244
28241
28238
28235
28220
28220
28218
28217
28215
28214
28212
28212
28211
28208
28202
28201
28195
28195
28194
28192
28192
28179
28168
28162
28159
28157
28154
28153
28152
28152
28149
28143
28131
28130
28128
28127
28126
28126
28126
28124
28123
28121
28118
28118
28117
28116
28113
28112
28107
28105
28105
28098
28096
28092
28091
28087
28086
28086
28084
28082
28080
28078
28078
28062
28059
28057
28053
28048
28047
28036
28034
28034
28034
28030
28028
28020
28020
28017
28012
28011
28007
28003
27997
27994
27993
27990
27987
27985
27982
27980
27980
27979
27978
27974
27969
27968
27965
27965
27963
27961
27959
27937
27931
27930
27924
27917
27916
27914
27911
27909
27902
27901
27898
27896
27894
27884
27881
27876
27875
27871
27871
27863
27858
27858
27857
27856
27851
27849
27847
27845
27842
27842
27841
27838
27834
27830
27829
27825
27825
27819
27807
27803
27802
27801
27799
27798
27792
27791
27786
27781
27781
27780
27780
27777
27773
27771
27770
27757
27756
27740
27735
27734
27732
27731
27726
27721
27718
27716
27714
27713
27709
27708
27702
27700
27699
27697
27691
27691
27689
27684
27680
27679
27673
27671
27667
27661
27661
27645
27639
27637
27636
27623
27621
27619
27617
27615
27613
27611
27608
27608
27608
27607
27604
27603
27595
27593
27591
27583
27581
27580
27578
27575
27573
27572
27571
27561
27557
27553
27550
27549
27544
27544
27539
27538
27537
27535
27532
27532
27524
27521
27519
27517
27516
27514
27512
27510
27506
27500
27499
27497
27496
27488
27482
27481
27481
27481
27477
27476
27469
27464
27458
27455
27455
27451
27450
27445
27443
27440
27439
27427
27420
27419
27412
27411
27409
27403
27394
27393
27385
27385
27377
27376
27369
27368
27364
27363
27359
27353
27351
27347
27343
27332
27329
27327
27323
27315
27309
27308
27308
27303
27301
27296
27291
27291
27280
27278
27276
27276
27273
27273
27271
27266
27261
27260
27258
27257
27252
27252
27241
27239
27238
27235
27227
27226
27226
27221
27221
27213
27206
27203
27203
27200
27191
27181
27180
27180
27179
27178
27171
27170
27168
27164
27159
27155
27155
27153
27153
27151
27143
27136
27132
27131
27130
27127
27125
27124
27120
27119
27113
27100
27098
27097
27094
27092
27092
27089
27086
27072
27071
27062
27062
27059
27059
27058
27054
27053
27052
27050
27042
27041
27039
27033
27031
27028
27027
27026
27024
27012
27005
27000
26999
26997
26997
26996
26996
26987
26987
26986
26986
26984
26982
26974
26974
26974
26972
26969
26968
26959
26958
26958
26957
26955
26952
26949
26949
26947
26945
26944
26941
26933
26933
26932
26930
26929
26922
26921
26920
26919
26918
26917
26906
26904
26902
26902
26902
26899
26897
26895
26890
26881
26880
26875
26874
26874
26863
26858
26857
26857
26855
26853
26853
26851
26847
26846
26841
26839
26837
26837
26835
26830
26824
26820
26820
26816
26815
26814
26814
26814
26814
26810
26808
26806
26801
26799
26796
26795
26795
26791
26790
26783
26779
26776
26773
26772
26769
26765
26763
26763
26759
26758
26757
26756
26751
26748
26746
26743
26741
26739
26738
26728
26726
26725
26723
26723
26720
26719
26714
26713
26711
26710
26709
26709
26707
26700
26696
26692
26686
26674
26673
26672
26663
26661
26661
26653
26648
26647
26643
26642
26636
26636
26632
26630
26630
26630
26628
26615
26615
26614
26613
26613
26604
26596
26595
26591
26587
26586
26584
26584
26584
26583
26581
26561
26559
26556
26555
26555
26549
26541
26540
26537
26526
26523
26518
26518
26515
26512
26509
26509
26505
26504
26501
26499
26496
26493
26486
26479
26477
26473
26471
26466
26461
26453
26453
26444
26441
26441
26441
26436
26430
26426
26421
26420
26411
26407
26406
26405
26400
26398
26395
26394
26392
26390
26389
26389
26384
26380
26375
26370
26369
26360
26358
26356
26354
26351
26350
26347
26344
26342
26340
26339
26337
26332
26332
26330
26328
26327
26319
26300
26299
26286
26285
26283
26274
26272
26269
26265
26263
26251
26240
26238
26235
26231
26229
26229
26228
26226
26219
26218
26218
26217
26215
26214
26214
26214
26214
26213
26212
26205
26194
26191
26186
26186
26179
26171
26166
26166
26164
26163
26160
26157
26157
26152
26145
26143
26143
26137
26136
26133
26130
26128
26118
26116
26114
26114
26109
26106
26100
26099
26099
26096
26085
26084
26082
26071
26071
26067
26063
26056
26054
26052
26052
26051
26050
26049
26047
26043
26040
26036
26032
26021
26019
26018
26017
26016
26011
26011
26006
26005
25999
25997
25996
25992
25991
25991
25989
25989
25983
25980
25978
25977
25974
25974
25973
25972
25971
25971
25970
25969
25966
25962
25960
25960
25956
25946
25938
25937
25934
25930
25928
25921
25918
25912
25909
25908
25907
25901
25900
25895
25893
25892
25889
25881
25871
25871
25860
25859
25855
25851
25848
25847
25842
25841
25840
25840
25834
25819
25816
25813
25812
25812
25805
25802
25798
25794
25791
25790
25778
25773
25770
25766
25763
25762
25761
25761
25759
25757
25757
25757
25757
25755
25754
25750
25746
25744
25744
25735
25734
25731
25729
25729
25726
25724
25722
25717
25715
25715
25714
25700
25698
25694
25692
25682
25677
25676
25670
25666
25660
25657
25654
25650
25649
25646
25640
25636
25635
25634
25633
25631
25628
25625
25618
25617
25615
25615
25614
25612
25610
25609
25605
25601
25593
25589
25573
25571
25569
25567
25566
25566
25565
25565
25563
25557
25554
25553
25552
25552
25552
25550
25547
25544
25543
25542
25536
25532
25527
25527
25519
25516
25508
25508
25504
25501
25498
25492
25484
25482
25480
25475
25472
25468
25465
25463
25460
25457
25453
25453
25450
25449
25443
25433
25432
25429
25424
25423
25420
25414
25410
25409
25403
25403
25403
25402
25393
25393
25387
25384
25382
25377
25373
25373
25370
25370
25369
25362
25360
25354
25350
25350
25341
25333
25332
25332
25326
25325
25319
25319
25318
25317
25316
25311
25310
25309
25308
25302
25301
25297
25295
25291
25288
25284
25280
25278
25277
25272
25272
25271
25270
25269
25265
25265
25265
25260
25260
25245
25241
25234
25233
25230
25223
25222
25221
25221
25215
25207
25205
25203
25203
25202
25195
25194
25192
25183
25181
25179
25179
25168
25167
25166
25163
25163
25162
25162
25160
25157
25155
25153
25139
25136
25135
25134
25129
25124
25116
25114
25114
25110
25093
25088
25078
25072
25070
25069
25063
25058
25057
25057
25056
25055
25053
25052
25046
25038
25038
25033
25027
25026
25019
25019
25016
25015
25010
25007
25007
25007
25004
24999
24988
24984
24975
24971
24969
24969
24968
24967
24966
24959
24954
24953
24952
24951
24948
24948
24945
24940
24940
24931
24930
24914
24913
24907
24907
24899
24899
24897
24895
24888
24886
24884
24878
24874
24867
24863
24862
24855
24849
24843
24840
24839
24838
24836
24836
24832
24830
24827
24826
24821
24820
24820
24817
24817
24814
24813
24811
24808
24806
24804
24803
24794
24794
24793
24792
24791
24786
24777
24776
24771
24771
24768
24763
24754
24747
24745
24738
24736
24733
24732
24730
24729
24721
24710
24704
24700
24698
24693
24691
24691
24691
24689
24687
24687
24684
24675
24672
24672
24670
24668
24666
24662
24662
24662
24660
24655
24652
24648
24647
24645
24642
24639
24639
24637
24631
24620
24615
24602
24597
24596
24594
24590
24589
24589
24589
24588
24588
24585
24584
24579
24579
24576
24576
24576
24573
24562
24560
24553
24546
24544
24542
24539
24535
24535
24532
24530
24530
24529
24526
24524
24521
24514
24505
24501
24499
24496
24492
24489
24487
24484
24484
24483
24479
24478
24477
24475
24469
24465
24463
24459
24458
24453
24452
24450
24447
24446
24441
24440
24438
24438
24437
24437
24437
24426
24418
24408
24406
24405
24403
24401
24399
24399
24398
24395
24395
24394
24394
24389
24389
24384
24382
24381
24378
24374
24363
24358
24357
24352
24352
24347
24346
24346
24345
24342
24340
24338
24338
24337
24332
24331
24330
24328
24327
24325
24324
24320
24319
24316
24316
24308
24301
24298
24297
24286
24285
24276
24276
24273
24272
24266
24266
24254
24243
24243
24243
24239
24232
24229
24228
24226
24225
24218
24214
24212
24209
24208
24206
24203
24200
24200
24199
24199
24192
24189
24188
24184
24181
24179
24177
24175
24174
24171
24170
24169
24167
24163
24160
24158
24145
24138
24137
24131
24131
24121
24111
24111
24107
24104
24097
24094
24093
24092
24092
24090
24090
24087
24080
24067
24066
24063
24063
24058
24057
24054
24043
24041
24039
24037
24035
24034
24006
24005
24003
24001
23997
23996
23995
23993
23990
23988
23985
23978
23977
23968
23967
23965
23963
23958
23949
23947
23943
23939
23934
23931
23929
23923
23923
23918
23910
23902
23896
23886
23884
23883
23876
23875
23872
23871
23864
23861
23836
23836
23836
23829
23828
23823
23821
23819
23816
23814
23812
23809
23808
23808
23804
23797
23796
23793
23791
23789
23782
23778
23776
23776
23775
23771
23770
23769
23766
23759
23758
23756
23754
23749
23748
23748
23745
23744
23737
23735
23729
23729
23728
23720
23718
23717
23712
23704
23701
23701
23700
23697
23696
23694
23692
23690
23686
23686
23684
23684
23681
23679
23678
23676
23675
23669
23669
23660
23656
23654
23650
23646
23643
23643
23639
23636
23636
23635
23634
23633
23631
23629
23622
23622
23613
23608
23607
23607
23605
23601
23599
23593
23592
23583
23582
23578
23578
23577
23573
23567
23562
23561
23559
23555
23552
23550
23550
23546
23546
23544
23540
23537
23537
23537
23532
23531
23531
23530
23523
23521
23509
23509
23504
23503
23491
23489
23486
23484
23482
23477
23475
23471
23470
23469
23468
23467
23466
23466
23463
23450
23448
23438
23437
23437
23418
23417
23417
23414
23406
23393
23393
23369
23353
23346
23344
23339
23335
23329
23318
23315
23313
23303
23301
23298
23297
23297
23295
23295
23294
23287
23286
23283
23281
23280
23280
23269
23267
23267
23261
23253
23250
23239
23236
23235
23231
23228
23227
23224
23221
23217
23206
23206
23204
23199
23198
23196
23196
23193
23180
23178
23178
23175
23175
23174
23174
23174
23172
23168
23165
23164
23163
23156
23149
23141
23137
23133
23132
23129
23124
23120
23116
23113
23111
23110
23109
23103
23101
23097
23096
23096
23090
23090
23088
23085
23080
23079
23067
23063
23062
23062
23045
23045
23042
23038
23031
23026
23025
23017
23016
23013
23006
23004
23002
23001
22996
22991
22985
22978
22975
22971
22965
22964
22964
22961
22957
22952
22951
22947
22942
22940
22938
22928
22926
22911
22908
22905
22905
22902
22891
22888
22884
22883
22882
22880
22874
22871
22867
22867
22865
22863
22861
22855
22854
22852
22851
22849
22844
22843
22832
22831
22830
22830
22825
22817
22816
22816
22810
22805
22804
22790
22790
22789
22788
22787
22785
22781
22781
22778
22778
22776
22776
22770
22765
22765
22765
22763
22762
22761
22760
22757
22757
22757
22755
22751
22746
22739
22731
22724
22721
22715
22715
22714
22713
22712
22712
22707
22705
22703
22700
22700
22699
22690
22689
22687
22687
22687
22685
22684
22681
22678
22673
22672
22662
22661
22658
22653
22652
22652
22646
22640
22637
22635
22634
22632
22629
22627
22624
22623
22619
22614
22612
22605
22601
22599
22599
22594
22588
22584
22577
22572
22571
22569
22561
22560
22559
22558
22557
22553
22551
22549
22549
22548
22545
22539
22537
22534
22531
22531
22526
22523
22522
22520
22515
22511
22511
22509
22508
22507
22507
22499
22498
22498
22496
22491
22490
22489
22487
22477
22474
22471
22467
22463
22463
22462
22462
22459
22452
22448
22447
22446
22437
22430
22428
22428
22424
22424
22416
22413
22408
22408
22403
22401
22394
22390
22388
22376
22373
22372
22371
22363
22361
22361
22354
22354
22344
22339
22339
22338
22333
22332
22324
22317
22316
22312
22312
22308
22306
22302
22297
22297
22292
22291
22289
22281
22280
22276
22276
22273
22271
22268
22263
22261
22257
22254
22238
22233
22227
22223
22222
22221
22219
22206
22205
22205
22203
22199
22198
22197
22192
22190
22189
22174
22171
22171
22170
22167
22165
22164
22163
22163
22162
22162
22160
22159
22158
22157
22157
22151
22150
22142
22139
22134
22134
22132
22129
22127
22121
22121
22112
22110
22107
22098
22093
22090
22088
22079
22068
22066
22061
22060
22058
22057
22056
22050
22045
22040
22029
22016
22014
22011
22008
22005
22000
21992
21991
21990
21989
21989
21985
21983
21980
21969
21964
21964
21958
21951
21946
21935
21932
21932
21928
21927
21922
21918
21918
21916
21915
21914
21912
21910
21910
21910
21908
21905
21903
21902
21901
21897
21890
21890
21889
21885
21879
21876
21868
21867
21863
21860
21860
21857
21855
21853
21850
21845
21838
21837
21837
21834
21834
21832
21829
21825
21822
21820
21819
21819
21818
21815
21814
21810
21801
21795
21790
21788
21784
21780
21778
21769
21761
21759
21757
21755
21751
21749
21749
21731
21730
21729
21729
21721
21715
21711
21711
21709
21708
21707
21706
21703
21698
21696
21693
21689
21688
21683
21681
21676
21673
21672
21670
21663
21662
21650
21648
21645
21642
21641
21640
21639
21629
21624
21621
21620
21618
21616
21610
21608
21608
21606
21606
21605
21603
21597
21591
21591
21588
21584
21583
21580
21576
21576
21572
21572
21570
21570
21567
21566
21554
21554
21553
21548
21545
21541
21538
21527
21527
21526
21526
21526
21525
21519
21510
21508
21505
21503
21500
21499
21491
21489
21487
21479
21479
21476
21474
21470
21465
21459
21450
21448
21447
21446
21444
21427
21427
21415
21414
21413
21412
21411
21411
21408
21407
21407
21404
21402
21401
21400
21386
21383
21382
21379
21378
21377
21374
21369
21365
21365
21363
21363
21350
21346
21344
21337
21337
21335
21326
21324
21322
21320
21320
21320
21311
21310
21304
21303
21303
21303
21289
21287
21282
21278
21276
21273
21266
21264
21261
21261
21243
21240
21232
21225
21221
21217
21217
21216
21213
21207
21205
21199
21198
21192
21189
21189
21171
21169
21164
21163
21163
21161
21161
21157
21156
21149
21144
21144
21140
21140
21138
21138
21138
21138
21136
21132
21131
21128
21124
21120
21117
21116
21114
21110
21109
21102
21102
21099
21092
21087
21086
21085
21084
21084
21080
21079
21071
21066
21060
21060
21056
21051
21051
21041
21041
21040
21033
21032
21031
21030
21025
21022
21011
21010
21009
21007
21007
21006
21005
21002
21002
21001
20998
20997
20995
20993
20990
20988
20988
20985
20983
20981
20976
20976
20974
20974
20971
20970
20961
20957
20957
20956
20954
20953
20944
20940
20938
20937
20937
20935
20929
20928
20926
20919
20904
20903
20903
20899
20899
20898
20894
20891
20891
20888
20887
20885
20880
20879
20878
20878
20876
20875
20875
20875
20874
20871
20870
20869
20858
20853
20853
20845
20834
20827
20824
20820
20819
20817
20806
20804
20803
20801
20800
20793
20792
20788
20782
20781
20781
20778
20771
20767
20766
20765
20765
20763
20761
20759
20758
20754
20754
20749
20747
20742
20739
20739
20736
20735
20727
20725
20721
20719
20717
20711
20709
20701
20698
20697
20697
20695
20689
20688
20678
20676
20674
20671
20663
20657
20646
20637
20631
20628
20619
20618
20616
20615
20614
20606
20605
20598
20596
20592
20590
20589
20580
20578
20578
20577
20576
20568
20568
20567
20561
20560
20560
20558
20555
20548
20543
20539
20539
20536
20532
20518
20513
20512
20510
20509
20502
20480
20478
20475
20473
20469
20469
20466
20465
20464
20460
20454
20452
20451
20449
20439
20437
20435
20425
20424
20423
20419
20411
20410
20405
20398
20389
20388
20388
20387
20383
20381
20379
20379
20378
20376
20372
20371
20368
20366
20363
20359
20357
20353
20350
20348
20346
20343
20342
20339
20338
20333
20330
20326
20317
20311
20305
20303
20301
20291
20290
20282
20271
20257
20257
20255
20254
20253
20251
20247
20246
20246
20245
20244
20242
20242
20241
20237
20230
20224
20224
20221
20217
20213
20212
20209
20207
20200
20200
20195
20191
20190
20190
20175
20173
20172
20169
20166
20165
20158
20150
20148
20146
20139
20137
20125
20124
20124
20121
20113
20113
20103
20099
20097
20096
20094
20093
20080
20074
20074
20074
20073
20070
20069
20068
20065
20063
20063
20062
20058
20057
20054
20053
20043
20042
20035
20034
20033
20031
20016
20013
20011
20010
20010
20004
19989
19988
19985
19985
19984
19984
19982
19976
19975
19975
19971
19967
19967
19966
19963
19957
19955
19951
19946
19945
19945
19937
19937
19934
19933
19926
19926
19926
19922
19918
19916
19915
19914
19913
19912
19900
19889
19888
19886
19885
19885
19884
19872
19871
19866
19866
19862
19860
19855
19854
19854
19848
19847
19846
19841
19840
19840
19838
19838
19833
19831
19831
19822
19814
19811
19807
19804
19803
19798
19798
19798
19794
19784
19783
19781
19780
19780
19776
19774
19772
19772
19766
19766
19760
19759
19757
19757
19757
19754
19743
19741
19738
19737
19732
19726
19712
19711
19711
19707
19707
19706
19702
19700
19698
19695
19694
19692
19678
19670
19669
19664
19652
19648
19648
19645
19643
19642
19642
19641
19632
19631
19627
19625
19622
19619
19614
19613
19609
19607
19606
19606
19604
19603
19600
19595
19594
19592
19585
19585
19585
19584
19580
19579
19579
19575
19573
19572
19563
19553
19551
19544
19544
19541
19541
19535
19534
19533
19532
19529
19526
19525
19520
19520
19517
19506
19502
19498
19496
19495
19490
19485
19482
19477
19476
19476
19469
19469
19468
19468
19464
19463
19462
19456
19446
19444
19443
19443
19442
19434
19431
19428
19420
19415
19408
19403
19395
19395
19388
19387
19386
19384
19382
19374
19367
19363
19358
19357
19356
19353
19352
19350
19350
19349
19347
19341
19338
19332
19328
19325
19325
19324
19322
19320
19309
19306
19297
19295
19289
19287
19281
19273
19273
19271
19268
19253
19253
19244
19239
19238
19236
19234
19233
19229
19228
19228
19227
19227
19221
19218
19217
19213
19210
19208
19199
19196
19195
19187
19183
19183
19181
19178
19170
19161
19160
19150
19143
19142
19142
19140
19139
19136
19136
19134
19131
19131
19130
19127
19124
19123
19122
19119
19109
19108
19097
19085
19083
19082
19081
19079
19060
19058
19051
19034
19033
19032
19030
19028
19016
19009
19008
19007
19005
19003
19002
18993
18992
18991
18976
18975
18963
18962
18959
18954
18951
18950
18947
18942
18939
18934
18926
18924
18921
18920
18920
18914
18908
18902
18901
18898
18896
18895
18891
18890
18877
18871
18871
18870
18870
18870
18865
18865
18862
18859
18857
18855
18853
18849
18840
18835
18830
18830
18821
18818
18817
18816
18811
18787
18784
18783
18783
18776
18776
18774
18773
18771
18771
18769
18767
18764
18756
18755
18751
18747
18746
18740
18730
18727
18721
18712
18712
18711
18707
18705
18703
18698
18697
18693
18692
18692
18689
18686
18685
18678
18676
18670
18659
18655
18650
18647
18646
18645
18644
18640
18638
18637
18636
18636
18634
18631
18628
18626
18618
18610
18607
18600
18596
18595
18590
18588
18578
18577
18577
18576
18574
18572
18570
18558
18557
18552
18544
18529
18528
18527
18520
18515
18510
18508
18503
18493
18493
18488
18483
18481
18464
18463
18462
18462
18459
18457
18457
18452
18451
18450
18449
18446
18446
18444
18442
18441
18438
18435
18428
18426
18421
18418
18414
18413
18406
18401
18393
18392
18378
18375
18372
18370
18365
18363
18361
18359
18355
18354
18351
18341
18339
18338
18333
18330
18329
18326
18320
18317
18314
18313
18312
18310
18307
18305
18300
18296
18293
18292
18281
18274
18268
18266
18262
18257
18256
18254
18253
18252
18250
18248
18240
18240
18235
18231
18230
18225
18224
18222
18216
18216
18215
18211
18209
18204
18202
18198
18195
18195
18193
18184
18181
18177
18176
18176
18174
18169
18166
18163
18160
18156
18154
18151
18149
18146
18142
18141
18141
18130
18124
18121
18118
18118
18109
18103
18093
18089
18088
18085
18084
18083
18075
18074
18070
18070
18069
18065
18061
18060
18057
18057
18055
18054
18047
18046
18045
18034
18028
18027
18002
18001
18001
17996
17992
17977
17971
17968
17967
17951
17942
17935
17934
17933
17929
17929
17927
17924
17919
17912
17909
17909
17908
17894
17892
17888
17878
17878
17872
17872
17869
17869
17868
17858
17853
17852
17851
17842
17840
17840
17839
17831
17825
17824
17823
17822
17822
17819
17816
17815
17814
17809
17808
17803
17801
17799
17797
17796
17796
17796
17795
17791
17789
17789
17782
17781
17780
17778
17778
17764
17761
17758
17753
17749
17745
17743
17742
17732
17731
17731
17730
17728
17724
17723
17722
17720
17720
17714
17711
17705
17699
17695
17693
17690
17683
17681
17678
17677
17677
17671
17670
17669
17655
17655
17652
17652
17652
17651
17649
17635
17632
17627
17624
17624
17620
17620
17609
17607
17605
17602
17594
17591
17583
17578
17569
17569
17566
17565
17554
17554
17549
17549
17548
17547
17542
17541
17539
17538
17536
17535
17534
17529
17524
17521
17521
17515
17515
17514
17513
17513
17512
17506
17502
17499
17497
17492
17492
17489
17485
17473
17469
17462
17461
17459
17458
17457
17456
17455
17450
17439
17435
17428
17425
17424
17422
17418
17416
17414
17408
17404
17402
17401
17399
17398
17397
17393
17391
17376
17364
17358
17349
17349
17347
17347
17346
17344
17343
17341
17336
17331
17326
17319
17319
17318
17316
17311
17307
17305
17304
17303
17302
17301
17299
17298
17294
17293
17288
17284
17281
17276
17275
17271
17270
17265
17262
17254
17253
17250
17239
17239
17238
17236
17236
17235
17234
17232
17224
17223
17221
17221
17219
17219
17215
17213
17208
17207
17205
17204
17201
17195
17191
17187
17178
17175
17175
17174
17169
17165
17164
17161
17150
17145
17142
17141
17141
17134
17133
17131
17129
17129
17127
17125
17119
17118
17104
17101
17082
17082
17082
17072
17071
17066
17065
17062
17059
17058
17050
17048
17046
17039
17021
17018
17017
17012
17008
17005
17005
17004
17003
16997
16996
16995
16989
16989
16988
16979
16979
16979
16972
16971
16969
16956
16955
16954
16948
16946
16944
16942
16941
16940
16940
16940
16940
16938
16938
16931
16919
16916
16915
16911
16908
16907
16906
16906
16906
16903
16903
16900
16899
16898
16897
16895
16893
16891
16889
16888
16887
16886
16886
16880
16878
16871
16871
16858
16858
16855
16853
16853
16850
16849
16845
16842
16841
16841
16840
16835
16835
16834
16833
16833
16832
16821
16814
16813
16812
16806
16806
16802
16801
16800
16799
16795
16792
16792
16790
16790
16788
16782
16777
16776
16775
16773
16772
16770
16769
16761
16757
16756
16755
16755
16749
16746
16744
16744
16741
16739
16733
16733
16722
16716
16713
16707
16700
16700
16699
16697
16695
16688
16687
16684
16682
16680
16680
16677
16676
16674
16667
16661
16659
16659
16659
16658
16658
16656
16656
16650
16643
16643
16643
16640
16634
16632
16625
16622
16617
16610
16606
16604
16604
16600
16598
16596
16595
16594
16594
16593
16588
16585
16581
16578
16576
16572
16570
16558
16553
16553
16553
16551
16548
16544
16539
16537
16535
16534
16527
16523
16523
16522
16518
16509
16508
16507
16503
16503
16500
16499
16489
16486
16484
16482
16482
16482
16468
16468
16464
16462
16450
16440
16439
16437
16434
16428
16426
16424
16423
16414
16408
16404
16400
16394
16387
16385
16379
16373
16372
16372
16369
16359
16357
16347
16346
16345
16345
16343
16337
16334
16331
16330
16326
16323
16320
16317
16304
16301
16293
16292
16292
16288
16283
16282
16282
16281
16280
16279
16274
16271
16261
16257
16255
16252
16249
16243
16239
16230
16225
16222
16220
16219
16217
16217
16213
16210
16207
16199
16199
16197
16194
16191
16188
16167
16159
16159
16146
16138
16131
16131
16120
16118
16114
16113
16109
16106
16104
16098
16094
16091
16087
16080
16078
16075
16070
16066
16063
16062
16055
16055
16055
16054
16050
16050
16048
16047
16046
16045
16034
16034
16019
16012
16007
16006
16005
15999
15998
15997
15985
15981
15980
15979
15977
15970
15950
15948
15948
15946
15942
15941
15939
15933
15928
15928
15927
15925
15921
15920
15919
15918
15917
15916
15911
15908
15906
15905
15898
15896
15893
15893
15892
15885
15876
15875
15873
15869
15863
15859
15858
15856
15855
15848
15839
15830
15830
15825
15825
15823
15819
15818
15814
15812
15811
15807
15797
15796
15793
15790
15789
15786
15781
15775
15768
15761
15758
15758
15756
15751
15750
15749
15745
15744
15742
15741
15740
15739
15739
15739
15737
15726
15725
15719
15715
15715
15708
15702
15702
15698
15697
15692
15689
15684
15683
15676
15676
15675
15670
15668
15665
15664
15662
15655
15654
15653
15651
15650
15650
15649
15645
15638
15636
15634
15633
15632
15631
15622
15621
15611
15609
15608
15601
15599
15598
15593
15591
15576
15571
15568
15567
15566
15559
15556
15555
15554
15553
15548
15544
15537
15536
15529
15521
15514
15510
15509
15508
15503
15493
15489
15488
15483
15483
15479
15475
15472
15468
15468
15462
15461
15450
15447
15445
15435
15435
15435
15435
15430
15417
15411
15404
15398
15395
15388
15387
15381
15379
15378
15363
15363
15361
15358
15356
15347
15344
15336
15333
15329
15328
15328
15323
15322
15311
15310
15309
15307
15306
15304
15302
15301
15298
15296
15287
15284
15283
15279
15278
15276
15272
15271
15261
15258
15258
15258
15257
15255
15254
15245
15245
15242
15236
15236
15226
15223
15212
15209
15194
15181
15181
15180
15178
15174
15172
15170
15169
15167
15156
15152
15151
15143
15142
15141
15141
15141
15141
15140
15137
15137
15136
15129
15123
15122
15120
15110
15110
15109
15107
15097
15095
15089
15080
15075
15075
15074
15072
15069
15059
15055
15055
15054
15052
15051
15049
15049
15046
15043
15034
15028
15024
15022
15021
15021
15017
15016
15016
15008
15007
15007
15003
15003
15002
14999
14991
14988
14985
14984
14980
14980
14978
14976
14972
14968
14966
14964
14963
14961
14959
14956
14955
14954
14952
14948
14943
14939
14938
14938
14937
14935
14935
14934
14932
14931
14931
14923
14916
14916
14911
14909
14903
14899
14899
14895
14889
14886
14884
14879
14878
14878
14876
14874
14873
14868
14865
14865
14856
14853
14836
14833
14833
14832
14831
14828
14826
14822
14821
14820
14819
14818
14815
14810
14808
14805
14802
14801
14783
14781
14771
14771
14765
14764
14752
14743
14738
14737
14731
14728
14728
14709
14704
14704
14702
14691
14689
14688
14687
14684
14682
14680
14674
14666
14662
14661
14656
14653
14645
14634
14633
14625
14623
14606
14601
14594
14594
14593
14583
14580
14578
14576
14574
14572
14570
14567
14565
14564
14564
14557
14556
14554
14550
14547
14545
14544
14542
14542
14540
14537
14531
14525
14519
14517
14514
14508
14499
14497
14489
14486
14484
14481
14480
14478
14467
14467
14457
14453
14449
14449
14446
14445
14444
14441
14439
14437
14435
14429
14429
14425
14424
14417
14409
14408
14404
14397
14388
14378
14376
14376
14376
14370
14367
14363
14350
14347
14346
14342
14337
14335
14331
14330
14328
14327
14326
14324
14322
14322
14319
14312
14309
14306
14304
14298
14297
14296
14292
14291
14290
14290
14286
14278
14278
14276
14273
14272
14263
14262
14262
14260
14255
14247
14245
14243
14236
14234
14233
14227
14225
14225
14213
14213
14213
14212
14211
14209
14207
14207
14205
14203
14201
14201
14198
14177
14172
14169
14163
14163
14161
14160
14149
14136
14131
14127
14124
14123
14113
14113
14109
14109
14107
14106
14104
14104
14104
14092
14087
14084
14082
14077
14064
14063
14063
14060
14060
14054
14053
14044
14044
14039
14036
14036
14029
14024
14023
14014
14010
14010
14008
14006
14006
14006
14003
14003
14002
14000
13999
13999
13992
13991
13975
13975
13974
13971
13970
13970
13961
13956
13954
13954
13953
13952
13948
13945
13936
13936
13928
13927
13925
13921
13914
13913
13910
13908
13908
13906
13901
13899
13893
13892
13892
13892
13889
13888
13885
13884
13881
13880
13880
13878
13878
13871
13864
13857
13855
13854
13850
13850
13842
13841
13841
13836
13831
13825
13824
13809
13802
13798
13796
13787
13787
13782
13781
13781
13767
13766
13766
13766
13752
13749
13748
13747
13746
13743
13740
13736
13730
13729
13728
13727
13724
13723
13693
13692
13691
13689
13687
13685
13683
13682
13681
13678
13676
13676
13676
13672
13671
13668
13667
13664
13660
13655
13654
13650
13635
13634
13634
13634
13625
13614
13611
13610
13605
13602
13599
13596
13591
13591
13586
13586
13585
13585
13581
13580
13579
13577
13577
13576
13574
13573
13566
13561
13561
13561
13560
13553
13553
13547
13546
13540
13536
13536
13528
13526
13526
13522
13522
13522
13518
13516
13508
13507
13504
13498
13498
13497
13495
13494
13492
13492
13490
13489
13489
13488
13488
13486
13483
13483
13480
13478
13478
13476
13472
13462
13460
13458
13457
13452
13449
13448
13446
13445
13443
13443
13441
13441
13440
13436
13435
13430
13430
13430
13429
13428
13427
13423
13422
13418
13404
13402
13402
13402
13400
13398
13395
13392
13383
13380
13369
13368
13360
13360
13359
13358
13357
13348
13347
13343
13342
13340
13339
13339
13337
13332
13329
13329
13329
13327
13325
13323
13321
13321
13317
13306
13306
13304
13300
13298
13297
13296
13294
13288
13287
13287
13285
13284
13276
13270
13261
13260
13258
13256
13251
13248
13248
13247
13246
13237
13235
13232
13232
13225
13223
13219
13219
13218
13216
13208
13205
13202
13202
13200
13197
13196
13189
13185
13183
13179
13177
13177
13175
13173
13168
13166
13161
13160
13159
13154
13150
13148
13142
13138
13134
13126
13126
13124
13120
13120
13113
13111
13110
13109
13106
13100
13092
13092
13088
13087
13086
13086
13086
13083
13080
13075
13074
13068
13067
13061
13059
13046
13043
13041
13034
13033
13030
13025
13023
13019
13008
13008
13006
13006
13003
13002
12998
12998
12995
12992
12991
12986
12976
12975
12970
12958
12955
12954
12952
12950
12949
12947
12943
12941
12939
12934
12933
12932
12931
12930
12928
12926
12919
12915
12905
12904
12902
12902
12890
12885
12883
12882
12881
12878
12878
12876
12875
12870
12868
12863
12863
12858
12855
12851
12850
12847
12847
12847
12846
12844
12840
12838
12835
12825
12823
12823
12813
12812
12808
12807
12806
12805
12805
12805
12804
12800
12799
12790
12789
12789
12785
12784
12779
12779
12776
12775
12771
12770
12770
12766
12763
12757
12756
12752
12750
12749
12743
12738
12738
12732
12729
12727
12725
12724
12714
12706
12704
12704
12703
12699
12697
12695
12694
12694
12694
12692
12690
12680
12679
12676
12674
12673
12672
12672
12671
12663
12656
12650
12644
12638
12638
12638
12638
12633
12629
12628
12627
12625
12617
12617
12608
12608
12601
12601
12594
12592
12592
12585
12579
12572
12570
12570
12569
12563
12558
12558
12557
12557
12557
12555
12551
12545
12541
12539
12533
12525
12524
12523
12521
12515
12515
12512
12512
12510
12510
12508
12508
12507
12506
12503
12501
12501
12497
12487
12487
12484
12483
12482
12482
12481
12475
12469
12469
12465
12464
12463
12457
12453
12451
12448
12431
12430
12429
12425
12421
12421
12417
12405
12402
12402
12399
12390
12389
12385
12382
12378
12375
12375
12371
12368
12362
12357
12355
12353
12349
12345
12343
12339
12331
12327
12325
12321
12317
12316
12316
12306
12303
12300
12300
12281
12280
12277
12276
12261
12257
12252
12252
12251
12246
12245
12241
12232
12228
12227
12224
12221
12213
12207
12198
12197
12193
12190
12185
12176
12172
12169
12166
12163
12159
12158
12157
12156
12152
12150
12148
12148
12147
12146
12145
12141
12140
12140
12139
12138
12138
12137
12133
12132
12130
12125
12119
12115
12113
12110
12109
12107
12105
12101
12099
12099
12096
12085
12072
12061
12060
12059
12058
12056
12052
12050
12045
12041
12037
12025
12020
12018
12016
12016
12013
12011
12006
12003
12001
11999
11997
11989
11989
11978
11971
11966
11953
11948
11947
11946
11945
11941
11940
11938
11933
11930
11929
11927
11926
11920
11916
11910
11906
11905
11905
11905
11901
11899
11893
11890
11887
11886
11879
11874
11867
11866
11864
11864
11862
11860
11858
11847
11840
11838
11835
11833
11821
11821
11809
11807
11804
11802
11797
11792
11789
11788
11786
11785
11784
11783
11777
11776
11771
11768
11766
11765
11763
11763
11761
11757
11756
11750
11747
11738
11733
11727
11727
11726
11725
11722
11721
11720
11717
11716
11709
11707
11706
11701
11700
11697
11678
11677
11676
11667
11666
11663
11660
11658
11655
11649
11649
11641
11631
11629
11627
11625
11625
11622
11617
11607
11593
11592
11592
11590
11589
11580
11578
11578
11577
11575
11571
11570
11564
11559
11557
11553
11544
11539
11538
11538
11537
11535
11530
11525
11524
11514
11513
11509
11509
11506
11505
11503
11503
11501
11501
11500
11499
11493
11491
11490
11490
11489
11487
11487
11478
11477
11473
11472
11470
11470
11469
11468
11462
11460
11448
11447
11445
11439
11439
11432
11431
11428
11427
11419
11417
11412
11411
11411
11408
11406
11401
11398
11397
11393
11391
11380
11377
11376
11375
11371
11369
11369
11368
11367
11366
11365
11358
11356
11354
11346
11344
11342
11341
11340
11339
11336
11335
11332
11331
11325
11321
11313
11310
11310
11303
11303
11301
11298
11294
11294
11292
11291
11290
11288
11286
11272
11272
11267
11259
11259
11256
11256
11255
11255
11255
11254
11247
11246
11242
11242
11239
11237
11231
11228
11227
11225
11220
11220
11217
11217
11217
11216
11213
11208
11208
11207
11207
11206
11205
11204
11203
11201
11193
11192
11191
11190
11188
11182
11178
11176
11174
11168
11168
11162
11156
11151
11151
11149
11145
11143
11142
11142
11140
11137
11136
11136
11133
11122
11121
11120
11115
11114
11104
11103
11098
11088
11087
11084
11079
11073
11065
11065
11050
11049
11048
11044
11042
11040
11038
11033
11027
11025
11023
11023
11021
11017
11015
11008
10998
10988
10985
10973
10970
10970
10969
10966
10963
10963
10963
10962
10958
10957
10952
10949
10948
10947
10946
10942
10939
10938
10934
10934
10933
10933
10929
10929
10929
10926
10925
10923
10922
10918
10911
10909
10908
10907
10905
10904
10903
10900
10900
10896
10889
10883
10878
10878
10877
10871
10863
10861
10860
10860
10858
10857
10854
10853
10847
10847
10845
10845
10844
10841
10838
10836
10835
10829
10829
10823
10823
10812
10810
10809
10808
10806
10806
10805
10799
10798
10795
10783
10779
10777
10762
10761
10759
10759
10757
10756
10755
10749
10746
10745
10743
10738
10735
10735
10733
10733
10730
10725
10716
10712
10702
10701
10697
10692
10675
10675
10668
10668
10661
10657
10657
10656
10651
10649
10644
10643
10641
10635
10628
10625
10622
10617
10617
10615
10613
10611
10610
10602
10596
10589
10587
10585
10582
10580
10577
10576
10571
10557
10553
10553
10547
10540
10537
10526
10525
10524
10522
10522
10521
10514
10511
10510
10509
10504
10496
10486
10484
10478
10476
10473
10471
10469
10465
10465
10462
10459
10459
10458
10457
10456
10453
10448
10444
10434
10430
10426
10424
10421
10421
10420
10419
10419
10417
10415
10414
10408
10403
10402
10402
10401
10399
10397
10395
10392
10392
10388
10387
10385
10379
10378
10376
10374
10370
10369
10367
10365
10362
10361
10359
10356
10355
10353
10351
10341
10332
10326
10317
10315
10315
10314
10314
10311
10310
10307
10306
10306
10301
10292
10291
10291
10291
10285
10283
10283
10279
10277
10268
10251
10250
10250
10241
10238
10237
10234
10228
10210
10206
10196
10193
10192
10184
10183
10177
10170
10168
10166
10165
10165
10162
10162
10161
10159
10154
10149
10141
10136
10135
10132
10132
10131
10126
10125
10124
10119
10118
10112
10098
10097
10096
10085
10079
10077
10068
10067
10062
10061
10060
10060
10056
10055
10051
10050
10046
10041
10035
10033
10026
10022
10015
10014
10004
10001
10000
9996
9993
9975
9972
9971
9964
9960
9957
9954
9945
9944
9941
9940
9939
9937
9934
9932
9928
9923
9918
9915
9911
9905
9904
9902
9901
9901
9886
9873
9872
9869
9868
9864
9863
9854
9852
9851
9846
9845
9843
9842
9841
9837
9836
9830
9830
9829
9825
9823
9822
9817
9812
9812
9803
9803
9803
9799
9790
9789
9779
9771
9765
9760
9747
9745
9741
9740
9738
9737
9730
9725
9719
9718
9717
9716
9711
9710
9708
9708
9701
9701
9696
9695
9694
9694
9690
9687
9686
9683
9679
9678
9671
9670
9664
9657
9657
9651
9651
9649
9645
9642
9639
9630
9628
9625
9623
9623
9614
9599
9594
9591
9590
9588
9588
9583
9580
9574
9572
9564
9563
9562
9562
9559
9554
9554
9552
9550
9550
9550
9544
9540
9520
9518
9517
9516
9514
9509
9506
9501
9499
9498
9497
9496
9488
9485
9477
9468
9464
9462
9455
9454
9448
9447
9441
9441
9440
9440
9435
9433
9422
9417
9409
9401
9395
9391
9387
9385
9379
9375
9373
9372
9366
9364
9360
9359
9353
9350
9349
9346
9344
9339
9338
9337
9335
9333
9327
9325
9323
9322
9321
9320
9319
9311
9311
9303
9303
9301
9292
9291
9289
9285
9285
9277
9276
9276
9274
9271
9269
9265
9258
9256
9251
9251
9250
9247
9237
9232
9225
9222
9210
9208
9203
9202
9198
9197
9196
9195
9193
9191
9190
9189
9188
9183
9175
9169
9168
9165
9159
9159
9155
9146
9140
9138
9138
9135
9135
9133
9130
9129
9123
9117
9113
9107
9105
9099
9095
9091
9089
9087
9087
9085
9081
9079
9079
9075
9073
9066
9065
9061
9061
9061
9058
9056
9056
9054
9050
9050
9048
9047
9040
9039
9039
9023
9017
9009
9008
9006
9000
8997
8988
8988
8972
8971
8968
8967
8962
8959
8954
8944
8940
8937
8935
8925
8925
8919
8917
8916
8913
8912
8909
8907
8906
8902
8899
8898
8897
8896
8890
8886
8883
8880
8877
8871
8863
8862
8862
8861
8859
8856
8856
8855
8836
8834
8828
8826
8825
8825
8825
8824
8818
8818
8816
8810
8801
8792
8785
8782
8768
8758
8756
8756
8756
8740
8734
8733
8731
8729
8729
8725
8723
8721
8721
8718
8716
8714
8713
8706
8703
8702
8698
8697
8692
8688
8685
8684
8683
8682
8680
8677
8674
8673
8673
8670
8664
8663
8662
8657
8654
8653
8647
8644
8644
8643
8641
8640
8638
8631
8631
8625
8621
8620
8617
8616
8616
8612
8611
8609
8608
8608
8607
8601
8599
8595
8591
8589
8586
8583
8580
8578
8577
8572
8570
8565
8565
8564
8563
8562
8561
8559
8555
8551
8549
8543
8539
8538
8538
8534
8517
8501
8497
8497
8490
8488
8487
8486
8485
8484
8482
8476
8472
8472
8472
8469
8466
8464
8462
8459
8459
8459
8447
8446
8446
8442
8439
8438
8433
8432
8429
8427
8424
8421
8421
8420
8415
8408
8402
8397
8393
8390
8389
8388
8385
8383
8381
8378
8378
8376
8374
8371
8370
8365
8364
8363
8357
8348
8348
8344
8338
8321
8316
8313
8311
8310
8306
8302
8301
8300
8300
8300
8299
8296
8292
8292
8291
8290
8287
8287
8276
8274
8273
8271
8261
8261
8259
8259
8257
8254
8251
8251
8241
8240
8238
8227
8225
8219
8217
8216
8215
8209
8209
8208
8206
8205
8204
8200
8195
8194
8191
8189
8187
8180
8170
8168
8157
8156
8156
8146
8145
8139
8139
8125
8124
8123
8121
8113
8112
8111
8109
8108
8105
8104
8103
8101
8089
8083
8081
8080
8075
8073
8072
8071
8062
8060
8056
8055
8053
8053
8045
8044
8043
8041
8040
8034
8034
8030
8030
8025
8023
8014
8012
8006
8002
8000
7997
7994
7993
7988
7988
7987
7985
7983
7978
7969
7967
7963
7962
7962
7959
7949
7949
7940
7940
7940
7940
7939
7936
7934
7929
7917
7910
7908
7908
7903
7901
7900
7900
7899
7895
7892
7888
7881
7877
7875
7874
7873
7870
7868
7865
7855
7843
7841
7839
7834
7831
7830
7821
7815
7814
7814
7813
7808
7806
7806
7799
7799
7799
7797
7793
7793
7791
7791
7778
7774
7769
7767
7766
7765
7764
7763
7763
7762
7758
7757
7755
7753
7751
7749
7749
7748
7744
7731
7725
7723
7720
7718
7715
7715
7712
7711
7699
7698
7693
7691
7688
7686
7682
7681
7680
7678
7677
7674
7674
7671
7665
7665
7665
7664
7662
7656
7656
7653
7652
7646
7644
7643
7624
7619
7616
7613
7606
7605
7595
7591
7579
7564
7551
7548
7547
7545
7542
7542
7540
7538
7538
7531
7523
7520
7519
7518
7518
7517
7515
7514
7508
7507
7501
7497
7486
7480
7477
7477
7472
7469
7468
7462
7458
7457
7457
7454
7451
7451
7448
7448
7445
7443
7435
7429
7427
7425
7424
7419
7412
7396
7384
7379
7367
7367
7359
7358
7357
7354
7353
7353
7351
7349
7344
7343
7337
7336
7333
7330
7326
7318
7317
7314
7312
7304
7299
7297
7296
7295
7294
7294
7293
7285
7278
7276
7270
7267
7267
7265
7264
7263
7262
7258
7258
7253
7250
7250
7248
7244
7238
7230
7228
7218
7212
7211
7208
7204
7199
7195
7193
7193
7184
7184
7180
7178
7177
7175
7174
7173
7173
7172
7170
7162
7162
7157
7153
7149
7145
7145
7144
7143
7141
7137
7134
7133
7127
7126
7126
7122
7117
7117
7116
7110
7106
7105
7105
7103
7103
7100
7100
7100
7098
7098
7097
7097
7097
7087
7078
7075
7072
7069
7068
7068
7065
7061
7061
7055
7054
7053
7053
7052
7043
7043
7042
7035
7025
7024
7023
7018
7010
7000
6999
6988
6986
6983
6983
6979
6977
6973
6972
6971
6964
6961
6954
6947
6946
6945
6945
6943
6938
6937
6937
6934
6933
6933
6922
6916
6901
6900
6898
6892
6891
6890
6886
6885
6884
6883
6882
6882
6880
6879
6879
6875
6863
6858
6857
6855
6855
6849
6848
6847
6839
6835
6831
6829
6826
6826
6825
6825
6825
6824
6822
6821
6805
6805
6799
6794
6793
6784
6775
6775
6767
6765
6759
6757
6755
6754
6754
6748
6742
6737
6735
6734
6733
6731
6728
6725
6722
6721
6715
6715
6711
6710
6706
6701
6700
6700
6698
6697
6696
6694
6693
6688
6684
6684
6674
6673
6671
6669
6663
6660
6660
6651
6651
6648
6645
6636
6635
6632
6631
6625
6622
6620
6619
6616
6608
6607
6604
6602
6599
6598
6589
6586
6579
6577
6571
6571
6568
6563
6563
6562
6558
6555
6541
6541
6539
6537
6537
6531
6530
6529
6528
6525
6524
6520
6520
6519
6515
6511
6510
6506
6502
6501
6497
6490
6488
6480
6479
6476
6474
6468
6468
6467
6463
6463
6459
6453
6450
6450
6444
6443
6429
6424
6422
6420
6400
6400
6397
6396
6387
6380
6379
6367
6366
6365
6360
6359
6359
6357
6355
6355
6350
6344
6341
6341
6337
6335
6331
6330
6327
6326
6319
6319
6318
6316
6307
6307
6301
6296
6294
6291
6289
6289
6281
6278
6277
6270
6269
6266
6263
6257
6254
6247
6235
6226
6226
6218
6217
6213
6209
6208
6207
6206
6193
6190
6189
6188
6186
6182
6181
6181
6178
6178
6177
6173
6172
6170
6164
6164
6156
6153
6152
6145
6144
6142
6138
6135
6134
6134
6131
6130
6115
6110
6109
6105
6102
6102
6100
6094
6093
6093
6090
6087
6087
6085
6085
6081
6080
6080
6079
6074
6068
6067
6067
6064
6060
6056
6050
6046
6042
6042
6042
6041
6041
6022
6018
6017
6017
6016
6012
6009
6008
6006
6004
6001
5999
5996
5995
5989
5988
5985
5983
5981
5975
5975
5973
5971
5967
5967
5958
5952
5952
5950
5947
5944
5928
5923
5922
5920
5919
5915
5912
5908
5905
5901
5897
5897
5892
5884
5881
5881
5877
5873
5868
5866
5865
5858
5855
5854
5849
5843
5834
5832
5831
5830
5829
5823
5821
5820
5815
5815
5814
5807
5804
5796
5796
5792
5788
5786
5786
5785
5781
5777
5776
5767
5766
5766
5761
5761
5757
5744
5744
5739
5736
5734
5733
5725
5724
5722
5721
5718
5718
5717
5715
5712
5711
5704
5702
5697
5695
5695
5695
5689
5684
5683
5676
5656
5655
5655
5649
5648
5648
5645
5643
5635
5633
5632
5632
5622
5622
5621
5621
5621
5620
5618
5617
5615
5615
5614
5611
5608
5601
5597
5597
5592
5584
5584
5582
5579
5576
5575
5572
5566
5565
5562
5560
5558
5557
5556
5547
5534
5532
5532
5531
5530
5519
5514
5513
5510
5499
5496
5496
5492
5492
5489
5489
5487
5483
5481
5481
5481
5479
5472
5469
5469
5468
5467
5463
5461
5460
5458
5456
5452
5452
5442
5440
5437
5433
5425
5424
5424
5418
5407
5403
5400
5398
5397
5387
5385
5372
5372
5369
5362
5358
5358
5352
5351
5349
5347
5341
5339
5339
5339
5335
5334
5334
5331
5325
5322
5321
5319
5317
5317
5316
5315
5308
5306
5305
5304
5293
5281
5280
5276
5275
5269
5263
5262
5262
5261
5251
5250
5249
5247
5246
5237
5234
5231
5223
5223
5217
5214
5214
5213
5201
5200
5200
5197
5196
5194
5192
5191
5190
5188
5187
5185
5184
5182
5179
5175
5165
5164
5162
5157
5152
5150
5147
5144
5143
5134
5128
5126
5126
5124
5124
5119
5116
5112
5112
5112
5112
5108
5107
5107
5104
5101
5098
5093
5081
5079
5076
5069
5067
5064
5056
5044
5013
5011
5008
5003
5000
4991
4983
4983
4981
4975
4970
4969
4968
4966
4964
4957
4957
4955
4952
4952
4950
4945
4944
4944
4942
4937
4936
4928
4926
4925
4924
4921
4920
4916
4912
4910
4905
4905
4901
4901
4899
4898
4892
4890
4887
4884
4880
4871
4870
4868
4862
4857
4853
4852
4835
4831
4826
4824
4820
4819
4817
4811
4810
4809
4808
4808
4806
4805
4793
4783
4781
4780
4778
4778
4775
4772
4766
4765
4763
4762
4755
4750
4746
4745
4744
4742
4725
4722
4721
4721
4717
4710
4710
4708
4703
4701
4693
4691
4684
4680
4678
4677
4673
4669
4661
4656
4634
4626
4625
4619
4609
4608
4604
4604
4604
4602
4602
4596
4595
4591
4589
4584
4582
4581
4581
4579
4571
4571
4565
4565
4560
4556
4555
4554
4553
4553
4551
4551
4550
4550
4546
4546
4541
4538
4536
4535
4535
4535
4531
4527
4522
4520
4514
4509
4502
4502
4496
4494
4493
4487
4487
4482
4468
4466
4464
4464
4464
4463
4461
4455
4452
4450
4449
4446
4444
4444
4443
4433
4427
4420
4418
4413
4407
4405
4403
4402
4401
4401
4400
4398
4393
4383
4379
4375
4369
4368
4366
4365
4364
4362
4355
4353
4353
4350
4347
4344
4340
4339
4339
4336
4336
4319
4314
4313
4313
4310
4309
4306
4299
4298
4294
4288
4276
4272
4270
4269
4264
4264
4264
4262
4255
4249
4239
4238
4235
4234
4233
4228
4227
4222
4208
4206
4206
4200
4195
4194
4181
4180
4176
4171
4164
4163
4160
4159
4158
4148
4147
4146
4145
4139
4138
4130
4130
4128
4124
4123
4119
4116
4115
4114
4113
4111
4111
4105
4103
4101
4099
4091
4089
4089
4088
4086
4085
4078
4074
4068
4066
4047
4044
4042
4040
4038
4037
4033
4030
4025
4024
4016
4011
4009
4001
3994
3983
3982
3980
3977
3974
3970
3968
3966
3959
3951
3939
3937
3933
3931
3926
3922
3922
3915
3911
3909
3898
3896
3894
3893
3892
3879
3877
3875
3873
3870
3864
3856
3853
3850
3848
3848
3845
3844
3835
3833
3831
3830
3828
3828
3821
3815
3813
3808
3804
3803
3797
3796
3795
3795
3791
3784
3782
3781
3773
3768
3761
3758
3758
3755
3751
3746
3738
3734
3731
3727
3725
3717
3716
3716
3714
3714
3711
3711
3711
3711
3711
3703
3702
3697
3697
3692
3685
3682
3676
3670
3669
3669
3662
3659
3659
3657
3652
3645
3644
3643
3640
3635
3634
3629
3629
3629
3626
3626
3622
3621
3620
3619
3614
3608
3604
3603
3602
3600
3591
3590
3589
3582
3577
3567
3560
3559
3556
3541
3541
3539
3539
3522
3521
3518
3517
3517
3507
3503
3500
3499
3498
3492
3491
3486
3476
3472
3472
3471
3462
3461
3459
3455
3451
3448
3444
3434
3434
3431
3429
3428
3428
3427
3425
3421
3420
3418
3415
3408
3408
3404
3404
3401
3399
3398
3395
3388
3387
3378
3376
3375
3360
3357
3355
3348
3343
3341
3337
3334
3333
3329
3326
3318
3315
3313
3312
3311
3311
3310
3308
3307
3305
3303
3302
3295
3290
3290
3286
3273
3251
3245
3243
3241
3234
3232
3232
3229
3224
3217
3217
3209
3209
3207
3197
3191
3189
3185
3180
3170
3168
3165
3157
3153
3152
3152
3151
3150
3146
3144
3142
3141
3141
3128
3128
3127
3122
3120
3118
3118
3117
3116
3111
3107
3106
3105
3104
3104
3104
3102
3102
3094
3091
3090
3088
3087
3087
3086
3086
3085
3085
3085
3082
3080
3079
3078
3078
3078
3076
3076
3061
3061
3050
3047
3045
3042
3040
3038
3038
3035
3026
3022
3015
3015
3015
3005
3002
3002
2998
2992
2989
2989
2984
2981
2973
2964
2964
2960
2956
2951
2948
2946
2936
2935
2932
2930
2929
2928
2925
2920
2918
2909
2906
2905
2902
2899
2898
2897
2895
2893
2879
2878
2878
2878
2877
2874
2868
2861
2858
2853
2843
2841
2836
2831
2830
2826
2820
2799
2797
2796
2793
2791
2780
2780
2778
2771
2769
2768
2765
2754
2753
2750
2745
2740
2738
2738
2726
2725
2723
2719
2715
2715
2715
2712
2710
2709
2706
2700
2698
2691
2690
2687
2686
2683
2682
2681
2678
2676
2668
2665
2663
2660
2657
2657
2655
2653
2646
2642
2640
2638
2629
2625
2616
2610
2609
2606
2605
2604
2601
2595
2593
2588
2587
2584
2578
2572
2568
2568
2564
2556
2555
2553
2553
2550
2548
2547
2542
2539
2533
2532
2522
2521
2521
2521
2520
2518
2516
2514
2503
2499
2495
2489
2489
2487
2485
2483
2480
2476
2475
2473
2466
2466
2462
2459
2458
2458
2457
2457
2457
2456
2453
2452
2451
2444
2439
2437
2435
2431
2425
2424
2420
2419
2414
2410
2406
2394
2390
2388
2387
2384
2378
2377
2377
2373
2370
2366
2361
2360
2359
2354
2348
2345
2344
2340
2338
2338
2336
2333
2328
2328
2327
2324
2323
2323
2320
2320
2318
2318
2312
2307
2306
2301
2301
2298
2294
2287
2285
2284
2264
2259
2259
2257
2255
2247
2246
2244
2243
2238
2238
2238
2235
2230
2228
2225
2224
2222
2220
2219
2209
2209
2208
2205
2202
2195
2195
2194
2193
2191
2187
2186
2184
2183
2180
2177
2176
2174
2173
2172
2170
2170
2163
2156
2152
2148
2148
2140
2139
2138
2132
2132
2130
2126
2119
2115
2104
2098
2096
2091
2089
2083
2081
2081
2079
2078
2069
2064
2063
2054
2044
2043
2033
2033
2031
2029
2029
2027
2020
2019
2018
2015
2009
2008
2004
1999
1999
1998
1987
1980
1979
1978
1977
1976
1975
1973
1973
1966
1965
1965
1957
1957
1955
1953
1945
1944
1929
1927
1919
1917
1914
1907
1907
1905
1905
1903
1901
1898
1894
1891
1888
1885
1885
1879
1878
1874
1866
1865
1853
1852
1850
1846
1845
1841
1840
1836
1818
1815
1815
1807
1802
1799
1799
1792
1787
1786
1783
1778
1767
1764
1764
1751
1741
1740
1739
1736
1736
1734
1734
1734
1728
1728
1726
1720
1713
1710
1707
1701
1701
1699
1694
1693
1691
1691
1683
1679
1675
1674
1666
1660
1653
1651
1649
1648
1643
1638
1636
1631
1629
1628
1625
1625
1621
1621
1613
1611
1610
1598
1587
1585
1578
1572
1572
1558
1557
1552
1546
1543
1541
1539
1531
1520
1519
1516
1515
1514
1512
1500
1494
1487
1483
1477
1469
1468
1463
1461
1458
1456
1452
1449
1447
1446
1435
1433
1433
1431
1426
1423
1418
1417
1417
1414
1413
1412
1411
1408
1403
1401
1389
1386
1384
1380
1373
1367
1364
1358
1357
1357
1353
1342
1342
1339
1338
1332
1328
1325
1322
1319
1317
1316
1315
1314
1302
1300
1297
1297
1295
1292
1285
1284
1281
1280
1261
1258
1253
1251
1244
1244
1242
1238
1233
1230
1229
1228
1223
1211
1205
1203
1202
1202
1200
1196
1192
1181
1177
1177
1174
1174
1174
1166
1161
1159
1156
1155
1147
1144
1142
1141
1138
1129
1128
1127
1126
1125
1119
1112
1110
1108
1105
1103
1103
1102
1102
1099
1098
1096
1091
1089
1086
1082
1081
1077
1072
1071
1070
1064
1061
1061
1060
1059
1055
1055
1049
1043
1027
1024
1012
1009
1002
1002
1002
1002
1000
996
995
993
992
987
986
979
977
975
971
968
967
965
965
964
962
958
956
954
949
948
941
940
937
933
932
932
931
925
924
921
918
916
913
913
909
906
895
893
893
883
880
878
876
869
868
866
864
864
863
862
860
851
841
832
819
816
807
804
802
801
799
798
791
787
783
783
774
774
772
765
763
760
755
750
744
743
740
734
734
734
733
731
720
711
702
702
700
697
696
695
691
686
686
675
675
673
671
669
669
665
663
659
658
655
648
646
642
641
637
637
636
624
616
613
612
611
609
605
597
596
594
591
586
577
566
565
564
562
559
548
542
538
531
527
526
526
524
522
516
516
501
501
498
496
493
491
491
490
486
483
479
478
476
470
463
461
460
456
453
453
452
452
443
440
435
434
428
425
423
421
421
421
418
417
412
408
407
397
397
395
395
390
385
380
378
365
364
362
360
354
353
348
343
343
341
339
336
335
334
331
327
325
323
322
317
316
313
309
307
307
301
296
295
294
292
289
286
286
282
281
280
279
274
273
271
266
260
257
248
246
246
236
232
231
228
228
227
225
216
214
213
212
211
208
204
202
200
195
189
188
182
180
174
174
169
166
163
158
156
148
146
143
142
138
138
138
132
132
126
124
123
122
121
118
113
112
111
101
97
88
87
86
85
85
77
74
73
71
71
70
68
67
65
63
60
58
47
44
40
38
33
32
30
29
28
25
25
23
22
18
12
12
4
0
