0
9
11
11
14
22
24
29
29
29
34
39
66
66
66
69
72
73
74
79
82
84
85
86
91
92
102
102
103
104
105
105
106
107
115
116
122
123
123
130
131
138
139
141
145
151
153
156
156
162
165
169
170
172
178
180
185
187
187
194
197
201
201
202
207
220
227
231
232
232
239
248
250
253
254
256
260
261
275
281
284
288
288
291
293
295
299
301
308
310
311
313
314
316
321
324
324
330
332
335
338
340
346
353
355
356
366
367
367
367
368
373
375
375
380
380
385
394
406
407
409
410
413
417
419
437
439
439
444
452
459
459
460
461
464
466
471
480
482
482
485
499
501
503
504
516
516
518
520
521
524
524
526
534
537
541
543
545
547
550
554
555
559
560
565
567
568
572
572
584
591
596
598
599
600
604
612
614
622
623
624
627
627
631
633
639
640
649
650
654
658
658
659
659
660
664
670
675
679
679
695
695
695
698
698
701
702
703
705
705
706
711
712
722
734
738
738
738
739
753
760
760
761
766
767
769
772
774
775
781
781
781
782
787
787
787
789
791
792
795
796
797
806
809
814
815
816
821
824
827
842
848
849
852
852
852
852
865
865
870
875
885
885
886
891
894
900
901
902
910
912
913
920
921
923
927
927
931
936
946
948
950
952
962
965
965
966
967
970
982
984
986
987
988
1000
1006
1014
1019
1021
1029
1034
1039
1045
1047
1048
1051
1056
1059
1065
1066
1068
1073
1074
1079
1092
1111
1119
1119
1120
1121
1128
1129
1137
1140
1141
1142
1144
1145
1149
1150
1151
1153
1156
1161
1166
1166
1171
1175
1175
1178
1178
1180
1184
1189
1190
1191
1208
1211
1216
1216
1218
1223
1226
1226
1233
1234
1236
1238
1240
1243
1245
1249
1256
1256
1259
1261
1264
1269
1269
1271
1271
1272
1274
1277
1284
1290
1294
1299
1301
1309
1313
1325
1339
1340
1340
1342
1347
1348
1362
1362
1363
1363
1374
1375
1379
1386
1388
1395
1399
1400
1407
1408
1408
1417
1418
1424
1426
1428
1430
1431
1441
1445
1445
1458
1461
1465
1473
1474
1479
1480
1484
1486
1489
1495
1498
1503
1510
1514
1519
1520
1529
1531
1549
1550
1551
1560
1561
1561
1566
1569
1574
1577
1581
1582
1586
1588
1588
1589
1591
1594
1598
1598
1602
1605
1606
1610
1611
1629
1632
1632
1633
1635
1637
1638
1642
1643
1645
1649
1652
1654
1656
1659
1660
1662
1662
1667
1672
1673
1691
1691
1692
1703
1704
1705
1710
1711
1712
1714
1719
1727
1728
1735
1738
1742
1749
1749
1750
1753
1754
1756
1767
1768
1774
1775
1777
1778
1779
1780
1781
1787
1788
1792
1802
1804
1805
1810
1811
1812
1814
1817
1817
1819
1820
1821
1824
1827
1830
1836
1841
1841
1844
1844
1846
1852
1856
1857
1865
1870
1870
1873
1873
1877
1886
1893
1897
1898
1898
1901
1902
1904
1905
1909
1910
1918
1919
1923
1925
1931
1934
1934
1937
1941
1942
1948
1950
1952
1953
1954
1958
1963
1965
1973
1976
1978
1980
1980
1981
1985
1992
1993
1993
1993
1994
1999
2010
2012
2023
2027
2029
2030
2032
2034
2038
2039
2048
2051
2055
2055
2061
2064
2072
2075
2088
2106
2107
2112
2115
2122
2126
2130
2131
2131
2132
2132
2133
2134
2138
2142
2145
2151
2152
2153
2154
2157
2158
2165
2170
2172
2184
2184
2185
2186
2193
2197
2200
2201
2202
2207
2208
2210
2211
2223
2224
2225
2225
2227
2238
2239
2240
2240
2243
2246
2247
2253
2254
2257
2262
2262
2267
2269
2272
2272
2272
2276
2284
2286
2288
2300
2304
2305
2308
2308
2312
2312
2313
2314
2316
2327
2329
2330
2336
2342
2343
2349
2353
2360
2364
2366
2367
2375
2377
2382
2382
2386
2391
2399
2402
2406
2407
2408
2410
2414
2416
2416
2417
2419
2419
2428
2438
2439
2440
2441
2441
2441
2444
2447
2451
2455
2457
2458
2459
2462
2470
2476
2482
2482
2482
2486
2486
2495
2499
2500
2506
2509
2510
2514
2515
2519
2538
2548
2554
2557
2561
2563
2563
2581
2581
2582
2587
2599
2612
2624
2628
2633
2634
2636
2639
2642
2644
2647
2648
2651
2654
2658
2658
2662
2670
2674
2674
2686
2686
2687
2693
2703
2705
2705
2706
2707
2716
2716
2720
2727
2730
2731
2732
2733
2737
2738
2743
2746
2748
2748
2749
2751
2756
2758
2765
2770
2771
2781
2781
2784
2785
2796
2797
2805
2811
2817
2821
2824
2826
2827
2829
2837
2848
2849
2853
2856
2860
2861
2863
2866
2867
2874
2877
2877
2878
2879
2879
2891
2896
2900
2903
2911
2912
2917
2917
2921
2925
2930
2935
2936
2947
2948
2952
2954
2958
2961
2968
2971
2971
2972
2972
2975
2976
2987
2987
2991
2992
2995
2997
3003
3005
3006
3008
3008
3008
3010
3016
3021
3023
3024
3035
3035
3035
3037
3040
3041
3044
3048
3056
3087
3088
3091
3093
3094
3094
3096
3098
3100
3103
3107
3112
3120
3129
3133
3134
3138
3143
3146
3147
3156
3161
3162
3162
3162
3162
3164
3169
3179
3179
3182
3182
3206
3208
3208
3211
3211
3212
3218
3228
3228
3229
3231
3238
3242
3245
3246
3246
3247
3247
3259
3261
3263
3264
3264
3264
3265
3266
3267
3273
3275
3279
3290
3293
3295
3295
3296
3297
3300
3310
3311
3311
3314
3315
3316
3318
3323
3331
3331
3331
3333
3334
3337
3342
3345
3351
3354
3357
3359
3359
3367
3370
3370
3371
3388
3391
3393
3394
3398
3400
3401
3405
3408
3408
3419
3420
3422
3423
3425
3428
3428
3429
3441
3444
3444
3447
3451
3455
3458
3463
3465
3469
3472
3476
3482
3483
3483
3484
3505
3506
3517
3520
3526
3531
3537
3539
3541
3542
3548
3551
3551
3556
3562
3566
3567
3569
3572
3572
3574
3580
3582
3591
3591
3599
3599
3600
3600
3603
3603
3606
3609
3623
3624
3629
3633
3640
3643
3644
3647
3663
3671
3674
3682
3685
3685
3687
3689
3701
3709
3711
3712
3712
3717
3724
3731
3736
3737
3742
3743
3745
3747
3756
3764
3771
3771
3771
3774
3776
3778
3785
3792
3792
3792
3793
3797
3798
3802
3804
3804
3807
3807
3811
3815
3821
3821
3828
3828
3833
3836
3845
3850
3852
3852
3854
3858
3861
3863
3866
3868
3871
3874
3874
3877
3880
3882
3882
3902
3905
3906
3917
3920
3921
3939
3939
3940
3942
3943
3944
3948
3952
3959
3965
3967
3967
3970
3970
3977
3991
3997
4001
4002
4004
4008
4010
4011
4012
4012
4015
4016
4016
4020
4025
4028
4029
4029
4032
4036
4038
4039
4042
4044
4046
4048
4052
4055
4056
4060
4063
4063
4079
4081
4087
4091
4092
4093
4098
4102
4108
4109
4111
4114
4116
4118
4121
4124
4126
4130
4138
4139
4140
4149
4150
4154
4164
4172
4180
4181
4187
4189
4196
4214
4215
4217
4221
4224
4225
4231
4233
4234
4234
4241
4248
4250
4263
4273
4278
4278
4279
4281
4283
4284
4287
4288
4292
4293
4294
4296
4297
4300
4305
4309
4311
4312
4312
4318
4320
4322
4322
4325
4328
4331
4337
4337
4338
4343
4351
4352
4354
4359
4363
4363
4371
4371
4375
4377
4380
4381
4383
4388
4391
4394
4400
4406
4408
4409
4412
4412
4414
4421
4422
4427
4432
4435
4438
4439
4442
4444
4447
4448
4448
4452
4460
4469
4470
4470
4471
4478
4484
4485
4488
4488
4488
4489
4489
4491
4493
4494
4494
4501
4503
4514
4519
4519
4521
4522
4526
4526
4533
4545
4547
4554
4555
4557
4558
4559
4564
4571
4571
4573
4581
4583
4584
4584
4586
4590
4592
4593
4594
4598
4605
4613
4615
4618
4622
4625
4628
4632
4638
4639
4639
4646
4652
4659
4661
4666
4667
4674
4678
4681
4688
4689
4690
4690
4697
4700
4703
4704
4704
4711
4723
4726
4726
4727
4729
4730
4733
4741
4753
4754
4754
4760
4765
4771
4774
4776
4777
4778
4781
4784
4785
4785
4787
4787
4788
4791
4793
4796
4797
4810
4812
4821
4823
4823
4823
4825
4829
4831
4832
4832
4832
4833
4840
4840
4853
4854
4855
4858
4858
4860
4863
4863
4866
4874
4876
4877
4879
4885
4885
4887
4890
4900
4902
4903
4908
4908
4913
4915
4918
4919
4922
4923
4923
4924
4927
4929
4929
4936
4937
4943
4948
4962
4968
4972
4973
4973
4979
4981
4981
4981
4983
4986
4987
4992
4996
5002
5013
5024
5024
5025
5029
5034
5036
5037
5038
5040
5047
5048
5048
5051
5058
5059
5068
5072
5072
5073
5074
5077
5077
5078
5089
5093
5095
5096
5102
5104
5104
5108
5109
5112
5112
5119
5124
5128
5129
5135
5137
5138
5138
5139
5145
5148
5148
5154
5159
5163
5171
5174
5177
5185
5186
5192
5193
5205
5206
5208
5209
5219
5220
5224
5225
5227
5229
5229
5231
5237
5238
5240
5241
5242
5257
5259
5265
5265
5267
5268
5271
5272
5276
5284
5289
5290
5293
5294
5297
5300
5303
5304
5311
5318
5320
5322
5329
5338
5338
5339
5345
5349
5350
5352
5360
5367
5385
5387
5390
5392
5393
5395
5396
5398
5403
5405
5416
5417
5426
5444
5450
5453
5453
5468
5471
5472
5473
5477
5479
5479
5481
5483
5483
5484
5484
5485
5489
5497
5502
5516
5516
5520
5521
5528
5534
5536
5545
5554
5560
5567
5568
5572
5573
5589
5590
5590
5592
5592
5602
5604
5609
5614
5618
5618
5621
5623
5628
5634
5643
5645
5649
5650
5651
5652
5653
5656
5657
5658
5660
5661
5662
5662
5677
5682
5682
5682
5685
5687
5687
5691
5693
5701
5703
5704
5704
5707
5711
5712
5714
5717
5722
5723
5724
5725
5725
5727
5730
5731
5731
5732
5733
5733
5734
5734
5736
5739
5743
5746
5747
5750
5750
5758
5762
5763
5765
5765
5768
5774
5777
5777
5785
5787
5787
5799
5803
5804
5806
5807
5807
5814
5815
5820
5822
5825
5827
5827
5840
5842
5844
5844
5845
5849
5854
5861
5865
5868
5869
5872
5875
5879
5884
5884
5885
5885
5889
5896
5897
5899
5900
5901
5902
5903
5909
5911
5917
5926
5933
5933
5937
5939
5941
5941
5945
5946
5949
5953
5953
5955
5959
5960
5965
5969
5972
5973
5973
5977
5977
5985
5985
5992
5996
6011
6011
6017
6028
6051
6058
6059
6061
6065
6066
6069
6072
6077
6078
6082
6087
6089
6093
6097
6100
6102
6102
6105
6106
6109
6116
6116
6127
6131
6132
6134
6135
6137
6140
6150
6151
6152
6154
6162
6164
6165
6166
6175
6177
6178
6179
6183
6193
6198
6198
6201
6208
6211
6220
6220
6221
6231
6232
6235
6245
6245
6248
6251
6255
6256
6258
6269
6269
6280
6282
6285
6285
6285
6289
6299
6299
6309
6310
6311
6315
6320
6325
6337
6338
6339
6339
6339
6341
6346
6353
6354
6359
6360
6367
6371
6385
6386
6388
6401
6402
6405
6407
6412
6415
6415
6417
6418
6420
6427
6430
6435
6439
6452
6452
6452
6453
6459
6464
6466
6473
6473
6474
6477
6479
6481
6481
6481
6484
6487
6495
6503
6510
6511
6513
6517
6518
6519
6520
6527
6531
6533
6538
6545
6545
6550
6553
6553
6555
6559
6565
6565
6581
6587
6588
6590
6590
6591
6593
6601
6604
6604
6604
6618
6619
6620
6621
6624
6630
6630
6632
6633
6634
6642
6644
6647
6652
6655
6658
6660
6666
6669
6669
6679
6682
6687
6688
6688
6690
6690
6692
6702
6706
6712
6722
6725
6727
6728
6733
6733
6735
6736
6739
6751
6764
6767
6773
6775
6776
6777
6778
6783
6784
6792
6794
6803
6805
6805
6808
6810
6812
6822
6831
6834
6835
6836
6844
6845
6849
6854
6865
6873
6884
6886
6889
6890
6890
6893
6895
6896
6897
6901
6903
6910
6911
6914
6918
6919
6921
6925
6931
6936
6937
6939
6940
6942
6944
6953
6955
6955
6956
6959
6960
6970
6975
6983
6985
6985
6986
6989
6993
6994
6996
6998
6999
7013
7014
7014
7019
7024
7025
7032
7033
7036
7038
7043
7064
7065
7070
7070
7080
7080
7082
7082
7085
7088
7088
7093
7093
7094
7095
7097
7098
7100
7102
7102
7106
7106
7107
7108
7111
7112
7112
7114
7119
7119
7122
7123
7126
7130
7131
7131
7134
7135
7138
7141
7143
7146
7147
7150
7153
7162
7166
7170
7173
7177
7177
7178
7179
7179
7186
7189
7191
7193
7198
7198
7199
7207
7215
7216
7221
7232
7237
7240
7246
7249
7251
7254
7258
7260
7267
7271
7278
7278
7278
7283
7285
7287
7292
7294
7294
7299
7301
7302
7311
7319
7331
7334
7334
7340
7340
7344
7347
7354
7354
7358
7360
7360
7369
7373
7375
7384
7386
7388
7390
7390
7391
7397
7397
7398
7400
7400
7402
7402
7409
7413
7419
7440
7440
7442
7442
7442
7444
7447
7450
7451
7454
7458
7462
7466
7466
7466
7467
7468
7471
7479
7484
7488
7492
7497
7498
7499
7504
7507
7512
7514
7514
7514
7515
7517
7518
7518
7533
7540
7545
7546
7546
7547
7557
7558
7566
7570
7572
7580
7581
7582
7595
7601
7608
7615
7616
7620
7622
7633
7633
7635
7635
7636
7649
7654
7656
7659
7663
7663
7664
7666
7670
7676
7679
7680
7681
7686
7686
7702
7703
7705
7705
7710
7710
7715
7717
7718
7720
7722
7723
7729
7729
7729
7735
7750
7751
7751
7761
7761
7763
7765
7765
7768
7772
7772
7778
7781
7781
7784
7784
7792
7792
7809
7813
7818
7822
7826
7827
7832
7833
7836
7838
7838
7846
7854
7858
7858
7862
7864
7868
7868
7873
7875
7878
7879
7887
7899
7905
7910
7910
7910
7912
7913
7914
7922
7925
7934
7935
7938
7947
7951
7956
7964
7972
7975
7979
7984
7985
7990
7990
7991
7992
7996
7998
8000
8002
8003
8005
8007
8012
8012
8013
8015
8017
8020
8022
8026
8029
8035
8042
8066
8066
8067
8068
8069
8070
8073
8074
8079
8083
8084
8085
8095
8113
8119
8119
8121
8122
8128
8132
8135
8143
8145
8148
8160
8161
8162
8162
8163
8166
8168
8175
8175
8175
8177
8178
8178
8180
8181
8183
8187
8188
8192
8193
8196
8207
8208
8213
8214
8220
8221
8224
8224
8224
8228
8229
8232
8233
8236
8236
8240
8250
8251
8252
8254
8256
8257
8261
8273
8274
8275
8277
8277
8288
8294
8298
8305
8307
8312
8316
8322
8322
8323
8337
8338
8341
8345
8349
8351
8355
8355
8356
8357
8359
8370
8377
8378
8382
8386
8386
8390
8392
8393
8399
8400
8402
8412
8413
8417
8418
8420
8421
8425
8426
8427
8428
8430
8433
8439
8440
8442
8450
8451
8453
8460
8465
8465
8468
8470
8473
8477
8477
8479
8480
8484
8485
8489
8493
8496
8501
8505
8515
8516
8519
8524
8532
8532
8533
8534
8535
8537
8538
8541
8542
8545
8550
8553
8558
8561
8561
8563
8565
8565
8571
8572
8574
8575
8581
8586
8590
8594
8594
8600
8610
8614
8627
8628
8631
8634
8636
8644
8647
8650
8651
8652
8653
8656
8660
8661
8668
8669
8670
8670
8679
8680
8682
8684
8684
8687
8688
8696
8696
8698
8698
8702
8705
8708
8710
8715
8722
8725
8726
8727
8731
8731
8735
8737
8737
8741
8742
8754
8755
8759
8769
8776
8784
8784
8799
8799
8804
8810
8813
8817
8817
8825
8826
8829
8837
8839
8849
8851
8852
8852
8856
8860
8860
8865
8866
8866
8872
8876
8879
8880
8882
8885
8888
8888
8890
8890
8891
8893
8893
8894
8899
8902
8909
8909
8910
8916
8921
8925
8926
8929
8935
8941
8943
8947
8952
8957
8961
8961
8965
8969
8975
8975
8976
8977
8978
8982
8982
8983
8985
8988
8989
8991
8999
9002
9006
9014
9017
9019
9020
9023
9027
9029
9029
9032
9032
9035
9036
9050
9052
9064
9073
9081
9082
9090
9097
9100
9104
9110
9110
9115
9118
9119
9122
9131
9136
9136
9136
9138
9142
9145
9148
9149
9152
9156
9158
9160
9161
9162
9167
9172
9177
9178
9195
9197
9199
9200
9201
9210
9211
9221
9225
9227
9231
9234
9235
9237
9237
9238
9239
9248
9250
9253
9258
9265
9265
9267
9271
9276
9277
9278
9282
9282
9295
9301
9302
9303
9306
9310
9311
9313
9321
9340
9343
9347
9348
9352
9353
9360
9363
9364
9373
9374
9379
9380
9380
9384
9386
9389
9396
9399
9405
9414
9416
9418
9420
9421
9426
9427
9435
9435
9437
9445
9447
9455
9458
9459
9465
9466
9468
9469
9469
9478
9484
9492
9494
9497
9499
9499
9500
9503
9508
9511
9515
9517
9519
9522
9529
9549
9554
9564
9564
9566
9570
9572
9573
9576
9584
9587
9593
9596
9596
9597
9600
9610
9616
9618
9622
9622
9622
9624
9632
9640
9643
9643
9644
9648
9648
9650
9651
9653
9661
9663
9666
9669
9674
9676
9680
9683
9688
9688
9703
9721
9724
9724
9729
9731
9734
9734
9737
9738
9741
9742
9743
9747
9747
9750
9755
9756
9757
9762
9764
9766
9767
9769
9771
9773
9775
9779
9781
9781
9782
9789
9792
9792
9798
9799
9800
9802
9805
9808
9809
9811
9822
9823
9823
9825
9830
9834
9838
9844
9847
9849
9858
9863
9875
9875
9876
9877
9879
9880
9880
9885
9885
9892
9901
9905
9905
9906
9907
9908
9910
9910
9913
9915
9919
9926
9933
9943
9943
9944
9947
9950
9951
9952
9952
9954
9968
9969
9970
9979
9986
9991
9995
9995
9997
10001
10003
10003
10006
10007
10013
10015
10018
10018
10022
10025
10026
10027
10028
10033
10036
10039
10041
10044
10054
10056
10061
10067
10068
10069
10073
10074
10077
10078
10079
10087
10088
10091
10094
10094
10097
10100
10108
10109
10112
10120
10121
10124
10125
10127
10128
10132
10132
10139
10143
10152
10158
10163
10166
10173
10174
10187
10188
10194
10201
10202
10202
10205
10207
10209
10211
10216
10217
10217
10218
10221
10226
10227
10228
10228
10235
10237
10249
10249
10250
10250
10250
10256
10260
10264
10266
10268
10268
10270
10270
10272
10273
10275
10278
10283
10287
10293
10302
10303
10306
10311
10313
10314
10327
10335
10338
10338
10338
10339
10351
10352
10357
10357
10357
10359
10362
10365
10366
10366
10368
10372
10372
10374
10377
10382
10387
10390
10394
10396
10400
10400
10403
10404
10412
10412
10412
10413
10414
10414
10416
10417
10418
10425
10432
10439
10441
10442
10443
10447
10450
10452
10460
10462
10468
10468
10471
10472
10476
10488
10490
10494
10495
10500
10502
10506
10511
10512
10513
10521
10523
10527
10529
10538
10540
10542
10543
10545
10545
10546
10554
10554
10557
10558
10564
10567
10570
10577
10578
10583
10584
10586
10587
10588
10589
10603
10603
10607
10609
10612
10612
10614
10616
10616
10622
10624
10625
10627
10632
10636
10637
10639
10643
10651
10651
10657
10661
10662
10669
10673
10678
10680
10681
10681
10690
10690
10691
10696
10697
10702
10703
10706
10710
10714
10719
10724
10725
10725
10739
10740
10744
10747
10748
10751
10752
10755
10757
10758
10760
10760
10763
10764
10764
10764
10766
10766
10770
10771
10775
10776
10777
10783
10787
10788
10790
10793
10795
10795
10795
10796
10796
10798
10802
10804
10805
10805
10805
10809
10810
10810
10811
10813
10814
10827
10836
10841
10843
10845
10853
10863
10867
10870
10878
10883
10884
10885
10888
10891
10893
10898
10899
10901
10905
10905
10910
10917
10919
10921
10926
10927
10928
10933
10934
10939
10940
10943
10945
10949
10949
10956
10965
10967
10969
10971
10974
10985
10987
10992
10993
10993
11001
11003
11005
11006
11006
11008
11014
11017
11019
11036
11039
11050
11055
11059
11061
11061
11062
11063
11066
11068
11076
11076
11081
11082
11084
11089
11096
11104
11109
11116
11117
11126
11128
11132
11135
11138
11142
11147
11150
11155
11155
11155
11158
11165
11168
11169
11186
11191
11192
11206
11207
11209
11211
11214
11214
11221
11221
11223
11224
11234
11236
11237
11237
11238
11246
11247
11250
11251
11261
11262
11267
11272
11273
11277
11280
11283
11283
11285
11287
11288
11301
11302
11314
11317
11317
11319
11328
11330
11348
11348
11349
11353
11355
11360
11362
11364
11364
11364
11368
11377
11377
11380
11381
11383
11386
11387
11387
11389
11390
11393
11403
11405
11406
11410
11411
11413
11418
11422
11428
11432
11432
11438
11439
11440
11448
11449
11461
11468
11469
11470
11471
11471
11476
11476
11478
11483
11492
11493
11494
11501
11501
11506
11507
11510
11512
11513
11516
11517
11519
11520
11523
11523
11525
11527
11529
11535
11536
11541
11542
11548
11551
11553
11562
11563
11572
11578
11582
11583
11584
11585
11586
11586
11588
11590
11598
11599
11600
11610
11611
11611
11614
11617
11620
11640
11642
11642
11643
11644
11644
11644
11649
11649
11652
11654
11655
11655
11665
11668
11669
11674
11677
11683
11686
11689
11696
11699
11708
11713
11714
11717
11720
11721
11737
11738
11738
11741
11741
11744
11749
11752
11762
11768
11770
11774
11781
11782
11782
11784
11788
11789
11794
11800
11804
11808
11812
11816
11816
11820
11823
11823
11839
11847
11856
11857
11857
11862
11864
11867
11872
11873
11874
11879
11879
11882
11882
11886
11887
11889
11895
11899
11900
11901
11906
11907
11911
11913
11914
11927
11927
11930
11932
11934
11935
11939
11944
11945
11952
11955
11958
11969
11969
11970
11973
11974
11976
11980
11986
11991
11993
11993
12007
12008
12014
12015
12018
12018
12022
12025
12026
12028
12030
12033
12037
12041
12043
12044
12048
12053
12055
12059
12072
12093
12093
12095
12096
12099
12103
12103
12110
12115
12122
12122
12125
12126
12128
12129
12130
12136
12142
12143
12143
12146
12151
12156
12156
12160
12160
12167
12171
12172
12172
12173
12173
12174
12176
12177
12179
12183
12183
12187
12188
12193
12193
12195
12196
12202
12202
12202
12204
12206
12207
12209
12209
12221
12224
12226
12226
12230
12238
12240
12242
12244
12244
12245
12254
12260
12263
12265
12268
12269
12272
12281
12283
12283
12283
12287
12288
12288
12290
12294
12296
12297
12299
12307
12308
12310
12311
12313
12316
12318
12320
12322
12324
12325
12326
12337
12342
12357
12360
12364
12364
12371
12376
12377
12377
12377
12378
12380
12380
12384
12387
12389
12391
12391
12400
12405
12417
12427
12428
12429
12429
12429
12430
12431
12436
12440
12445
12451
12454
12456
12456
12457
12465
12466
12467
12469
12469
12475
12477
12485
12486
12496
12497
12497
12498
12504
12507
12507
12519
12524
12526
12530
12539
12546
12548
12548
12549
12557
12558
12559
12560
12573
12577
12579
12581
12590
12594
12599
12600
12605
12606
12620
12621
12622
12623
12634
12637
12640
12645
12651
12651
12659
12661
12665
12671
12676
12681
12682
12685
12686
12688
12688
12692
12697
12699
12701
12707
12708
12710
12713
12719
12724
12727
12728
12731
12740
12741
12742
12743
12756
12756
12761
12763
12763
12764
12767
12772
12773
12773
12777
12780
12782
12784
12789
12793
12799
12800
12801
12805
12810
12811
12811
12812
12820
12827
12831
12836
12839
12849
12849
12852
12858
12859
12871
12872
12874
12874
12879
12881
12885
12887
12887
12888
12889
12890
12891
12893
12894
12895
12897
12899
12899
12904
12907
12909
12910
12916
12923
12923
12924
12925
12925
12925
12926
12927
12929
12931
12933
12937
12948
12959
12960
12968
12969
12969
12972
12981
12990
12992
13000
13006
13012
13017
13022
13025
13025
13027
13038
13045
13046
13049
13052
13054
13062
13062
13064
13067
13073
13076
13078
13081
13090
13092
13095
13103
13107
13109
13112
13114
13116
13121
13131
13137
13139
13140
13153
13159
13159
13160
13162
13163
13169
13174
13174
13185
13188
13191
13195
13195
13196
13200
13203
13208
13210
13212
13218
13219
13223
13224
13231
13241
13247
13255
13260
13266
13268
13270
13273
13276
13278
13278
13291
13295
13297
13303
13304
13305
13306
13307
13308
13308
13312
13315
13318
13319
13320
13324
13325
13326
13326
13330
13331
13340
13344
13346
13347
13349
13360
13362
13362
13363
13365
13369
13372
13376
13380
13381
13382
13386
13386
13387
13387
13387
13388
13391
13394
13395
13398
13402
13403
13411
13412
13415
13419
13424
13427
13431
13439
13440
13441
13444
13448
13461
13469
13469
13472
13482
13483
13494
13494
13502
13508
13520
13521
13534
13538
13539
13542
13549
13549
13550
13554
13558
13560
13573
13584
13585
13585
13589
13590
13594
13596
13606
13608
13609
13616
13624
13624
13625
13632
13639
13642
13645
13647
13649
13652
13652
13657
13657
13659
13665
13667
13668
13668
13670
13672
13675
13681
13681
13684
13686
13690
13692
13693
13700
13704
13709
13710
13722
13723
13725
13726
13728
13730
13731
13734
13742
13747
13749
13751
13755
13757
13758
13763
13765
13771
13776
13782
13787
13790
13800
13802
13802
13807
13809
13810
13813
13815
13816
13817
13817
13820
13827
13829
13834
13837
13837
13840
13841
13841
13842
13843
13843
13845
13846
13854
13856
13860
13861
13863
13871
13871
13875
13879
13880
13881
13882
13890
13898
13899
13901
13904
13904
13904
13905
13907
13910
13912
13920
13927
13930
13930
13931
13932
13934
13936
13937
13948
13950
13955
13961
13967
13973
13974
13979
13984
13988
13993
13995
13996
13997
13998
14000
14009
14010
14013
14015
14019
14021
14024
14034
14037
14048
14053
14059
14066
14068
14073
14078
14079
14081
14082
14082
14086
14089
14099
14100
14100
14102
14102
14103
14103
14106
14107
14108
14115
14117
14119
14121
14127
14134
14136
14141
14142
14147
14150
14152
14156
14157
14161
14167
14169
14173
14176
14181
14181
14183
14185
14186
14186
14189
14193
14193
14193
14208
14210
14212
14212
14218
14219
14220
14224
14224
14231
14234
14234
14236
14238
14239
14241
14242
14246
14247
14248
14248
14249
14251
14251
14256
14265
14268
14270
14270
14284
14285
14293
14297
14298
14299
14301
14302
14310
14311
14313
14314
14315
14317
14320
14323
14325
14328
14328
14329
14338
14345
14346
14347
14355
14362
14377
14383
14385
14392
14395
14395
14398
14398
14399
14403
14405
14408
14421
14423
14426
14426
14429
14438
14441
14448
14448
14448
14450
14454
14457
14459
14459
14463
14465
14479
14480
14485
14487
14508
14511
14512
14514
14518
14522
14524
14524
14534
14534
14535
14543
14551
14551
14551
14555
14558
14561
14562
14563
14567
14572
14573
14576
14580
14581
14582
14585
14588
14588
14590
14597
14600
14600
14601
14603
14615
14620
14626
14627
14630
14631
14632
14633
14636
14640
14648
14652
14655
14664
14666
14668
14668
14668
14675
14697
14700
14703
14707
14720
14721
14723
14725
14726
14726
14740
14743
14744
14751
14751
14755
14760
14760
14764
14768
14773
14774
14775
14777
14783
14786
14786
14787
14790
14794
14797
14798
14799
14803
14805
14806
14811
14811
14815
14822
14827
14828
14829
14830
14837
14839
14840
14854
14856
14857
14860
14861
14873
14873
14875
14875
14878
14879
14880
14882
14884
14886
14889
14889
14899
14905
14905
14911
14915
14916
14921
14921
14923
14926
14927
14928
14929
14932
14933
14941
14943
14945
14950
14952
14955
14957
14957
14958
14958
14962
14966
14968
14974
14983
14985
14987
14993
15001
15002
15003
15007
15011
15015
15017
15020
15021
15022
15023
15026
15030
15030
15035
15042
15045
15047
15049
15055
15058
15059
15066
15067
15069
15070
15074
15074
15081
15081
15085
15085
15086
15090
15091
15091
15094
15096
15102
15103
15104
15106
15107
15107
15107
15108
15110
15130
15133
15133
15158
15159
15161
15163
15163
15169
15170
15170
15178
15181
15183
15183
15189
15192
15194
15205
15207
15216
15217
15220
15220
15221
15223
15223
15224
15227
15233
15234
15236
15239
15240
15241
15249
15265
15266
15268
15268
15271
15272
15272
15273
15275
15276
15276
15284
15284
15285
15286
15289
15293
15297
15299
15303
15303
15306
15310
15313
15313
15314
15319
15320
15320
15327
15327
15330
15332
15348
15353
15356
15358
15358
15361
15364
15364
15369
15370
15370
15373
15376
15379
15380
15382
15387
15389
15390
15392
15392
15394
15394
15397
15398
15402
15403
15411
15413
15413
15415
15418
15419
15420
15421
15423
15428
15439
15440
15447
15448
15449
15452
15452
15455
15456
15462
15463
15466
15466
15467
15471
15473
15474
15476
15477
15484
15488
15500
15505
15508
15512
15513
15515
15518
15520
15520
15526
15527
15528
15532
15548
15552
15556
15557
15558
15560
15561
15563
15566
15572
15579
15588
15590
15600
15600
15601
15604
15609
15611
15614
15619
15619
15622
15625
15629
15633
15634
15634
15636
15637
15637
15637
15646
15650
15654
15662
15663
15665
15666
15676
15680
15680
15682
15684
15686
15693
15694
15695
15698
15699
15715
15719
15720
15725
15726
15729
15735
15742
15750
15750
15759
15760
15761
15761
15765
15767
15772
15778
15780
15787
15794
15802
15802
15805
15807
15808
15811
15812
15814
15815
15816
15819
15825
15826
15827
15830
15839
15839
15840
15841
15841
15845
15847
15849
15859
15861
15872
15876
15882
15883
15889
15892
15904
15906
15908
15909
15910
15912
15917
15918
15920
15929
15930
15930
15932
15933
15937
15941
15948
15951
15956
15957
15958
15958
15967
15968
15970
15971
15976
15978
15979
15980
15987
15988
15989
15993
15997
15998
16000
16006
16006
16011
16011
16016
16018
16019
16025
16025
16029
16031
16034
16037
16040
16040
16042
16042
16044
16046
16055
16058
16060
16072
16075
16075
16081
16082
16082
16092
16095
16096
16101
16105
16106
16108
16112
16121
16126
16128
16132
16138
16142
16144
16144
16150
16150
16153
16155
16158
16160
16165
16165
16166
16171
16171
16172
16182
16187
16195
16202
16203
16204
16206
16208
16217
16219
16230
16237
16238
16238
16245
16250
16253
16254
16254
16257
16258
16258
16259
16262
16262
16262
16264
16267
16267
16268
16278
16278
16283
16284
16286
16291
16303
16304
16308
16309
16311
16329
16329
16331
16338
16341
16342
16343
16347
16354
16358
16358
16361
16361
16366
16366
16370
16375
16380
16386
16387
16390
16397
16397
16398
16398
16404
16407
16408
16411
16412
16413
16417
16418
16421
16421
16424
16426
16427
16436
16436
16443
16445
16446
16450
16455
16455
16461
16462
16463
16465
16466
16469
16469
16472
16474
16479
16481
16481
16482
16486
16488
16498
16501
16501
16501
16501
16504
16505
16511
16515
16529
16531
16536
16538
16539
16542
16542
16561
16567
16572
16574
16583
16591
16591
16592
16594
16600
16604
16609
16611
16615
16616
16617
16618
16622
16628
16633
16637
16638
16643
16644
16645
16651
16658
16660
16661
16664
16669
16680
16681
16687
16688
16689
16692
16693
16699
16702
16702
16703
16705
16711
16718
16722
16726
16727
16728
16728
16732
16733
16735
16738
16743
16745
16750
16752
16752
16753
16754
16755
16756
16757
16761
16763
16765
16766
16766
16767
16770
16771
16774
16778
16779
16781
16782
16788
16789
16797
16801
16801
16803
16804
16805
16806
16806
16809
16811
16813
16821
16824
16825
16829
16832
16832
16837
16844
16845
16852
16859
16866
16868
16869
16871
16875
16877
16880
16889
16902
16902
16903
16905
16910
16913
16930
16932
16935
16939
16942
16946
16951
16953
16953
16954
16955
16963
16967
16972
16974
16981
16987
16990
16995
16999
16999
17008
17010
17010
17014
17016
17020
17029
17037
17041
17042
17044
17045
17046
17049
17051
17051
17052
17056
17064
17065
17069
17075
17078
17082
17084
17087
17090
17092
17105
17109
17109
17112
17116
17122
17124
17125
17128
17130
17132
17133
17133
17136
17144
17147
17150
17153
17161
17167
17177
17188
17190
17191
17202
17206
17209
17209
17212
17215
17222
17224
17226
17233
17238
17240
17242
17245
17254
17259
17259
17260
17260
17262
17265
17266
17272
17280
17285
17289
17290
17291
17293
17295
17298
17298
17299
17300
17304
17304
17310
17311
17314
17314
17319
17324
17325
17328
17333
17335
17337
17342
17344
17345
17351
17354
17355
17361
17362
17363
17364
17367
17369
17374
17374
17379
17381
17384
17392
17398
17403
17405
17408
17410
17412
17413
17417
17420
17420
17423
17426
17431
17432
17433
17435
17435
17436
17447
17454
17461
17464
17465
17466
17467
17470
17471
17471
17485
17485
17487
17490
17491
17500
17502
17511
17513
17517
17520
17522
17523
17525
17528
17533
17535
17535
17538
17539
17540
17541
17544
17546
17547
17547
17554
17555
17557
17557
17563
17566
17577
17580
17582
17585
17589
17590
17590
17597
17597
17599
17599
17600
17609
17616
17625
17629
17629
17631
17632
17633
17635
17635
17641
17642
17651
17652
17652
17653
17656
17670
17670
17671
17676
17676
17677
17686
17694
17697
17708
17708
17709
17710
17712
17736
17738
17752
17755
17761
17763
17765
17766
17767
17768
17770
17778
17782
17787
17789
17791
17796
17797
17797
17806
17815
17819
17821
17821
17825
17827
17831
17832
17832
17835
17845
17846
17848
17849
17856
17860
17866
17867
17869
17870
17871
17875
17880
17890
17890
17893
17894
17898
17910
17916
17918
17920
17920
17921
17921
17925
17928
17932
17947
17948
17948
17950
17952
17953
17956
17959
17959
17968
17970
17973
17983
17984
17993
17996
17999
18002
18004
18011
18011
18012
18015
18016
18018
18020
18020
18024
18024
18025
18035
18037
18045
18046
18047
18049
18056
18056
18068
18070
18076
18078
18081
18088
18089
18094
18095
18097
18101
18102
18104
18110
18113
18118
18119
18119
18119
18124
18125
18134
18138
18141
18146
18165
18171
18173
18175
18182
18184
18186
18191
18196
18197
18200
18204
18204
18205
18208
18215
18217
18222
18224
18225
18226
18227
18235
18239
18239
18239
18243
18252
18252
18253
18255
18256
18259
18262
18263
18266
18267
18271
18276
18278
18278
18278
18284
18285
18295
18300
18304
18306
18308
18309
18309
18313
18315
18316
18316
18318
18319
18320
18323
18324
18325
18326
18334
18339
18347
18353
18353
18360
18366
18366
18369
18369
18376
18376
18377
18377
18377
18385
18390
18391
18392
18393
18400
18405
18405
18406
18410
18411
18411
18416
18420
18426
18433
18438
18438
18441
18442
18443
18444
18467
18468
18470
18470
18474
18476
18480
18483
18489
18490
18490
18493
18497
18502
18504
18505
18513
18513
18516
18516
18523
18524
18531
18533
18535
18537
18543
18544
18546
18547
18547
18550
18555
18559
18562
18562
18564
18566
18566
18568
18573
18583
18584
18585
18592
18602
18606
18618
18622
18622
18624
18627
18629
18630
18630
18637
18639
18640
18641
18645
18646
18649
18657
18657
18658
18666
18666
18666
18670
18677
18678
18682
18684
18686
18686
18687
18695
18699
18701
18709
18711
18711
18713
18713
18714
18719
18719
18725
18725
18738
18744
18751
18757
18760
18762
18766
18772
18775
18775
18781
18782
18782
18786
18788
18788
18800
18801
18801
18803
18804
18810
18814
18817
18819
18823
18827
18828
18828
18830
18832
18833
18833
18834
18841
18844
18845
18851
18852
18852
18856
18863
18866
18867
18867
18868
18868
18868
18870
18875
18875
18877
18891
18893
18896
18915
18920
18921
18931
18936
18945
18947
18947
18949
18951
18955
18957
18960
18962
18963
18963
18965
18967
18975
18978
18979
18981
18981
18982
18985
18987
18988
18989
18991
18991
18992
18994
18995
18998
18999
19000
19000
19002
19006
19008
19016
19018
19025
19025
19028
19029
19030
19032
19032
19041
19045
19049
19050
19051
19054
19055
19056
19058
19059
19065
19070
19070
19076
19079
19080
19084
19097
19099
19100
19100
19101
19101
19102
19106
19118
19118
19125
19129
19130
19136
19136
19139
19150
19155
19164
19165
19168
19173
19174
19175
19188
19190
19195
19197
19200
19205
19206
19208
19208
19214
19219
19223
19224
19224
19228
19231
19235
19237
19241
19241
19242
19244
19250
19256
19257
19258
19259
19261
19267
19268
19269
19280
19285
19288
19298
19300
19308
19314
19324
19325
19329
19334
19335
19343
19343
19344
19351
19361
19363
19364
19366
19367
19368
19371
19376
19377
19382
19382
19385
19385
19388
19395
19396
19397
19398
19401
19401
19404
19412
19416
19417
19422
19424
19428
19429
19435
19444
19446
19454
19455
19461
19463
19466
19470
19474
19474
19474
19475
19481
19483
19486
19487
19487
19488
19489
19498
19499
19505
19507
19509
19513
19516
19516
19521
19530
19534
19534
19541
19543
19546
19546
19548
19552
19553
19556
19561
19561
19563
19567
19570
19572
19578
19579
19580
19586
19591
19592
19597
19600
19603
19604
19630
19634
19634
19638
19641
19644
19647
19651
19652
19655
19656
19660
19667
19672
19674
19678
19679
19680
19682
19686
19686
19687
19690
19695
19699
19700
19704
19705
19706
19708
19712
19719
19724
19726
19727
19729
19729
19732
19736
19736
19743
19743
19745
19753
19756
19757
19757
19761
19763
19765
19766
19766
19768
19774
19783
19796
19798
19800
19805
19810
19812
19815
19817
19817
19819
19820
19823
19826
19830
19840
19840
19841
19842
19848
19851
19853
19859
19873
19879
19883
19887
19891
19895
19895
19897
19905
19908
19914
19914
19917
19924
19927
19932
19934
19937
19938
19939
19941
19949
19950
19953
19958
19964
19968
19969
19976
19977
19980
19985
19987
19987
19989
19996
19997
19998
20003
20004
20005
20007
20011
20019
20020
20021
20022
20025
20030
20030
20032
20036
20038
20040
20043
20046
20054
20055
20059
20060
20063
20065
20072
20072
20074
20079
20081
20084
20086
20094
20099
20109
20112
20114
20116
20117
20120
20120
20120
20127
20130
20137
20140
20142
20143
20145
20157
20159
20160
20166
20168
20171
20172
20177
20182
20186
20186
20195
20203
20214
20217
20221
20223
20235
20237
20239
20243
20247
20254
20254
20255
20256
20256
20259
20264
20267
20273
20273
20287
20288
20296
20298
20302
20308
20314
20315
20320
20323
20326
20334
20339
20346
20348
20350
20351
20361
20367
20371
20373
20388
20390
20397
20397
20403
20404
20408
20409
20413
20413
20415
20418
20418
20426
20428
20432
20438
20447
20449
20454
20460
20460
20465
20465
20470
20471
20473
20474
20475
20475
20481
20487
20492
20495
20495
20499
20514
20515
20516
20517
20523
20524
20525
20527
20528
20530
20531
20535
20542
20543
20543
20543
20547
20548
20548
20558
20560
20562
20563
20563
20566
20566
20571
20578
20582
20589
20589
20589
20592
20597
20597
20601
20601
20606
20606
20607
20608
20610
20613
20615
20616
20616
20619
20621
20624
20628
20630
20634
20647
20654
20656
20669
20670
20672
20673
20683
20687
20689
20694
20711
20713
20716
20719
20721
20723
20724
20724
20728
20730
20735
20740
20742
20743
20747
20750
20751
20753
20764
20766
20772
20775
20779
20785
20785
20788
20791
20794
20797
20819
20825
20827
20827
20829
20829
20832
20834
20835
20840
20840
20842
20854
20856
20859
20860
20862
20867
20873
20877
20877
20879
20881
20882
20882
20890
20892
20895
20896
20904
20910
20911
20912
20913
20923
20928
20935
20936
20937
20948
20949
20951
20958
20960
20961
20963
20964
20968
20971
20972
20972
20972
20973
20977
20978
20978
20980
20980
20985
20999
21003
21003
21007
21014
21019
21027
21028
21035
21037
21039
21040
21040
21041
21043
21045
21051
21054
21056
21057
21059
21061
21066
21068
21069
21073
21073
21075
21077
21080
21081
21083
21083
21085
21085
21089
21090
21091
21093
21094
21095
21097
21112
21113
21122
21125
21125
21127
21130
21131
21139
21140
21149
21159
21162
21163
21163
21164
21166
21168
21171
21175
21182
21182
21194
21199
21199
21206
21206
21209
21211
21215
21221
21224
21227
21230
21233
21236
21237
21243
21248
21251
21251
21253
21257
21258
21262
21263
21265
21266
21266
21266
21270
21270
21283
21294
21295
21305
21312
21313
21313
21315
21315
21316
21323
21332
21334
21337
21341
21351
21354
21354
21355
21356
21358
21358
21365
21370
21371
21377
21381
21384
21387
21389
21390
21390
21397
21397
21408
21419
21421
21424
21427
21430
21434
21440
21440
21444
21444
21448
21449
21450
21450
21452
21463
21465
21465
21472
21474
21484
21486
21487
21493
21497
21498
21499
21500
21501
21512
21517
21522
21524
21524
21525
21526
21528
21528
21529
21532
21542
21544
21548
21555
21556
21558
21563
21564
21566
21570
21571
21573
21575
21576
21581
21582
21585
21589
21592
21596
21598
21607
21610
21615
21617
21617
21620
21621
21627
21629
21630
21634
21639
21644
21650
21652
21658
21662
21662
21662
21667
21675
21676
21680
21685
21702
21704
21707
21710
21712
21714
21720
21722
21722
21725
21734
21742
21744
21748
21753
21754
21759
21759
21768
21774
21780
21780
21781
21786
21786
21791
21796
21802
21802
21806
21807
21809
21810
21812
21813
21817
21820
21823
21824
21825
21827
21828
21834
21836
21843
21844
21849
21850
21852
21853
21861
21862
21863
21869
21876
21876
21878
21883
21883
21884
21884
21887
21888
21888
21893
21896
21902
21905
21907
21907
21909
21910
21913
21916
21919
21919
21920
21922
21923
21923
21926
21926
21928
21931
21934
21942
21942
21943
21946
21948
21949
21953
21954
21957
21960
21963
21968
21971
21972
21974
21980
21980
21986
21990
21998
22000
22006
22010
22017
22018
22019
22022
22026
22028
22042
22044
22046
22049
22052
22054
22056
22063
22064
22066
22069
22075
22079
22092
22098
22101
22102
22106
22106
22107
22108
22110
22112
22115
22115
22117
22129
22130
22137
22137
22141
22142
22147
22151
22151
22161
22163
22167
22180
22181
22185
22187
22188
22190
22191
22193
22196
22197
22211
22215
22216
22218
22220
22224
22224
22227
22232
22236
22240
22241
22245
22247
22250
22259
22259
22260
22261
22274
22281
22285
22288
22290
22290
22292
22294
22304
22306
22310
22312
22313
22321
22323
22324
22330
22346
22347
22347
22348
22348
22348
22349
22350
22352
22353
22354
22355
22358
22364
22366
22373
22375
22382
22384
22390
22393
22393
22403
22404
22405
22408
22412
22414
22415
22420
22420
22420
22423
22424
22427
22436
22438
22440
22443
22443
22443
22444
22447
22455
22460
22460
22464
22468
22468
22470
22471
22472
22472
22475
22476
22480
22484
22484
22486
22486
22495
22497
22504
22509
22511
22512
22522
22524
22524
22525
22528
22533
22546
22549
22555
22556
22559
22570
22570
22575
22577
22581
22582
22585
22590
22590
22596
22597
22598
22603
22604
22608
22612
22612
22614
22614
22618
22618
22622
22627
22627
22627
22628
22630
22634
22638
22641
22642
22642
22654
22657
22662
22665
22672
22676
22676
22682
22685
22688
22689
22693
22695
22715
22718
22729
22734
22736
22737
22738
22746
22747
22747
22756
22757
22759
22773
22775
22776
22782
22784
22786
22786
22795
22795
22796
22796
22799
22800
22802
22803
22805
22808
22808
22809
22815
22822
22827
22835
22836
22837
22837
22845
22847
22848
22850
22853
22855
22857
22858
22860
22860
22861
22864
22865
22865
22867
22872
22873
22876
22877
22877
22878
22879
22882
22884
22885
22885
22886
22890
22890
22895
22900
22900
22901
22905
22905
22906
22909
22913
22914
22918
22918
22930
22932
22933
22935
22948
22953
22953
22955
22957
22961
22961
22964
22964
22985
22986
22990
22995
22998
23001
23002
23003
23005
23006
23006
23010
23010
23015
23015
23016
23018
23026
23026
23028
23033
23045
23046
23052
23055
23055
23057
23058
23066
23067
23072
23072
23074
23077
23081
23085
23086
23088
23093
23095
23097
23102
23104
23105
23112
23114
23120
23124
23125
23127
23128
23130
23132
23141
23147
23149
23150
23151
23152
23153
23160
23164
23165
23175
23181
23182
23183
23185
23193
23194
23195
23200
23201
23202
23202
23204
23204
23207
23209
23210
23210
23211
23213
23214
23216
23220
23223
23226
23231
23235
23235
23235
23236
23236
23237
23241
23247
23247
23249
23254
23258
23264
23265
23268
23268
23269
23269
23280
23283
23288
23290
23294
23294
23295
23295
23296
23303
23304
23305
23311
23312
23313
23326
23329
23331
23333
23335
23345
23351
23352
23354
23355
23357
23359
23363
23363
23367
23369
23369
23373
23374
23376
23380
23387
23389
23392
23393
23394
23395
23397
23400
23401
23402
23403
23406
23411
23411
23416
23417
23417
23418
23420
23423
23426
23426
23431
23432
23432
23438
23440
23443
23444
23449
23454
23455
23457
23459
23459
23467
23468
23469
23470
23470
23473
23475
23477
23478
23479
23480
23485
23491
23494
23496
23498
23500
23504
23506
23508
23509
23512
23512
23519
23521
23522
23523
23526
23532
23534
23534
23536
23537
23537
23538
23538
23538
23546
23549
23558
23562
23575
23575
23576
23581
23583
23588
23590
23592
23593
23593
23597
23601
23601
23603
23605
23628
23631
23634
23642
23644
23644
23647
23652
23655
23665
23667
23668
23674
23685
23686
23689
23695
23699
23701
23706
23712
23718
23718
23724
23728
23729
23729
23736
23740
23741
23741
23741
23749
23755
23756
23762
23768
23774
23779
23781
23783
23786
23788
23790
23790
23792
23803
23804
23806
23810
23811
23815
23818
23819
23821
23823
23829
23830
23831
23835
23837
23838
23843
23846
23849
23850
23851
23859
23862
23864
23865
23865
23874
23877
23878
23881
23884
23890
23897
23898
23901
23902
23907
23908
23909
23914
23928
23931
23932
23933
23935
23936
23936
23938
23943
23945
23945
23949
23953
23953
23956
23962
23964
23966
23969
23971
23979
23983
23987
23987
23988
23990
23993
23994
23996
23997
23998
23998
24000
24000
24002
24003
24005
24008
24017
24018
24023
24028
24030
24041
24043
24044
24044
24058
24058
24060
24065
24066
24071
24074
24075
24076
24082
24082
24086
24099
24100
24106
24111
24113
24115
24115
24117
24119
24120
24123
24123
24134
24135
24136
24138
24138
24139
24140
24154
24154
24158
24159
24163
24168
24180
24181
24184
24186
24189
24200
24207
24209
24215
24217
24222
24225
24227
24227
24235
24254
24255
24257
24259
24261
24263
24265
24265
24267
24267
24268
24268
24275
24278
24279
24283
24283
24291
24292
24296
24297
24297
24312
24319
24322
24324
24329
24331
24333
24334
24337
24337
24340
24343
24346
24352
24355
24360
24361
24366
24367
24372
24384
24393
24396
24397
24399
24400
24410
24410
24413
24419
24423
24424
24426
24429
24438
24438
24446
24453
24456
24460
24462
24464
24465
24468
24469
24471
24472
24475
24475
24476
24476
24483
24487
24487
24492
24492
24499
24501
24507
24511
24515
24519
24520
24521
24523
24524
24533
24537
24539
24542
24543
24545
24551
24553
24553
24554
24558
24563
24565
24566
24573
24576
24577
24579
24580
24582
24585
24589
24591
24594
24598
24599
24606
24606
24610
24617
24619
24641
24648
24648
24649
24651
24657
24657
24661
24663
24669
24671
24677
24679
24681
24688
24693
24693
24704
24706
24707
24707
24713
24715
24720
24723
24723
24724
24726
24731
24731
24734
24741
24745
24748
24751
24752
24755
24756
24758
24761
24762
24767
24770
24772
24774
24774
24782
24787
24791
24799
24804
24806
24806
24807
24809
24811
24816
24816
24817
24819
24820
24822
24826
24827
24829
24832
24836
24843
24844
24844
24845
24848
24851
24852
24854
24857
24858
24860
24861
24862
24873
24873
24875
24876
24877
24885
24886
24889
24897
24900
24902
24908
24909
24912
24917
24917
24921
24925
24926
24926
24926
24927
24929
24929
24931
24937
24939
24939
24941
24942
24946
24949
24958
24960
24960
24961
24961
24964
24974
24978
24984
24985
24986
24992
24995
24998
24998
25000
25003
25004
25012
25016
25026
25027
25028
25036
25041
25059
25061
25063
25064
25064
25070
25071
25071
25075
25079
25083
25085
25087
25087
25090
25090
25090
25090
25094
25094
25095
25098
25098
25100
25106
25109
25112
25114
25123
25127
25129
25132
25135
25135
25140
25141
25151
25153
25153
25158
25159
25159
25168
25172
25173
25174
25174
25178
25180
25190
25191
25191
25191
25191
25192
25196
25201
25201
25203
25205
25205
25206
25218
25228
25231
25236
25236
25239
25239
25252
25256
25258
25260
25263
25267
25268
25269
25270
25274
25279
25284
25284
25295
25298
25304
25304
25306
25306
25309
25311
25311
25311
25313
25313
25315
25315
25316
25317
25318
25323
25323
25324
25328
25330
25333
25337
25339
25340
25340
25343
25345
25348
25362
25364
25364
25369
25370
25372
25377
25378
25378
25380
25386
25397
25398
25400
25417
25418
25418
25424
25426
25429
25429
25431
25434
25436
25445
25446
25451
25462
25474
25477
25478
25478
25481
25481
25482
25484
25491
25492
25494
25496
25502
25503
25508
25511
25516
25517
25519
25523
25530
25532
25533
25540
25544
25544
25547
25548
25549
25549
25554
25555
25557
25558
25559
25562
25563
25565
25570
25576
25584
25585
25588
25590
25591
25592
25598
25600
25602
25613
25615
25615
25617
25619
25630
25634
25643
25645
25647
25649
25654
25658
25667
25669
25676
25680
25682
25683
25685
25686
25688
25688
25690
25691
25697
25698
25699
25701
25702
25708
25708
25710
25712
25715
25718
25720
25720
25721
25723
25727
25729
25736
25737
25738
25739
25742
25745
25747
25748
25755
25760
25767
25769
25775
25777
25787
25788
25792
25801
25807
25817
25818
25818
25820
25822
25825
25826
25830
25831
25834
25841
25848
25857
25857
25860
25861
25863
25868
25871
25872
25882
25883
25884
25885
25885
25892
25894
25899
25899
25904
25905
25909
25911
25912
25912
25915
25917
25931
25935
25938
25945
25949
25949
25949
25954
25958
25960
25969
25972
25973
25979
25981
25985
25987
25989
25994
25998
26002
26002
26004
26006
26010
26015
26016
26019
26019
26019
26020
26022
26023
26026
26026
26028
26036
26036
26040
26043
26052
26056
26058
26064
26066
26070
26070
26073
26076
26079
26081
26081
26083
26088
26092
26092
26094
26095
26107
26109
26111
26119
26120
26123
26123
26124
26127
26133
26142
26144
26145
26152
26153
26155
26159
26162
26163
26174
26178
26181
26184
26185
26187
26188
26190
26190
26195
26200
26202
26203
26203
26206
26209
26210
26210
26211
26231
26236
26239
26240
26241
26246
26246
26249
26257
26259
26268
26275
26277
26281
26282
26283
26284
26286
26288
26295
26301
26301
26303
26303
26304
26306
26307
26307
26309
26309
26314
26316
26318
26318
26321
26323
26326
26329
26329
26334
26335
26335
26346
26347
26354
26362
26363
26363
26363
26364
26368
26371
26373
26374
26379
26383
26385
26387
26390
26390
26397
26403
26412
26413
26413
26416
26421
26432
26434
26436
26436
26436
26437
26439
26439
26442
26443
26449
26450
26456
26457
26457
26467
26476
26485
26494
26495
26497
26497
26503
26507
26508
26510
26514
26517
26522
26527
26530
26530
26531
26536
26538
26544
26545
26548
26553
26554
26556
26556
26560
26563
26564
26565
26567
26575
26577
26578
26581
26582
26582
26583
26583
26585
26589
26590
26590
26590
26596
26599
26600
26601
26603
26604
26608
26616
26616
26619
26619
26619
26620
26624
26628
26628
26640
26641
26645
26646
26647
26652
26657
26659
26664
26669
26672
26680
26682
26683
26685
26685
26694
26694
26695
26700
26701
26707
26709
26712
26716
26719
26723
26726
26728
26730
26732
26732
26734
26741
26744
26749
26749
26760
26760
26763
26764
26765
26768
26776
26784
26785
26790
26796
26796
26798
26798
26807
26807
26808
26813
26817
26819
26824
26825
26825
26825
26829
26832
26837
26843
26846
26851
26857
26858
26861
26862
26863
26865
26867
26868
26870
26876
26880
26880
26883
26887
26893
26897
26900
26901
26903
26908
26917
26919
26925
26931
26935
26936
26945
26952
26953
26957
26958
26963
26964
26965
26970
26972
26973
26975
26977
26977
26979
26982
26986
26986
26987
26987
26991
26993
26994
26998
27002
27010
27011
27013
27018
27023
27024
27027
27028
27032
27034
27037
27041
27042
27049
27054
27061
27070
27070
27071
27076
27078
27095
27096
27097
27098
27100
27107
27107
27112
27117
27117
27123
27131
27135
27137
27141
27145
27150
27151
27154
27156
27159
27165
27166
27181
27184
27193
27202
27209
27210
27216
27220
27223
27227
27229
27229
27231
27232
27233
27234
27234
27237
27241
27250
27253
27253
27254
27256
27264
27267
27268
27274
27282
27282
27298
27305
27307
27307
27308
27309
27309
27311
27312
27313
27316
27316
27316
27317
27318
27320
27337
27343
27343
27348
27348
27350
27355
27359
27360
27361
27363
27365
27370
27370
27373
27375
27384
27385
27388
27390
27391
27402
27402
27411
27420
27422
27426
27428
27429
27431
27434
27435
27437
27440
27452
27453
27455
27458
27459
27464
27464
27468
27468
27472
27474
27479
27485
27487
27489
27495
27498
27498
27500
27503
27503
27505
27513
27516
27528
27532
27539
27545
27554
27554
27566
27569
27571
27574
27580
27582
27584
27590
27593
27593
27595
27602
27603
27604
27606
27612
27614
27615
27622
27630
27631
27631
27632
27639
27643
27644
27655
27658
27658
27659
27667
27668
27674
27677
27683
27683
27684
27687
27691
27694
27698
27699
27701
27708
27708
27712
27713
27718
27719
27720
27729
27737
27742
27743
27746
27753
27756
27758
27759
27759
27766
27767
27770
27777
27781
27781
27782
27785
27786
27788
27788
27788
27796
27804
27806
27807
27807
27812
27815
27817
27818
27822
27822
27822
27828
27834
27835
27835
27841
27854
27856
27860
27861
27861
27862
27865
27867
27871
27872
27875
27879
27881
27881
27883
27885
27887
27896
27900
27902
27907
27908
27908
27914
27914
27925
27936
27940
27943
27946
27950
27950
27954
27956
27958
27962
27963
27971
27971
27978
27986
27986
27994
28013
28026
28028
28030
28032
28036
28040
28043
28043
28047
28060
28061
28061
28068
28074
28081
28084
28084
28089
28090
28108
28109
28111
28114
28118
28118
28120
28121
28127
28144
28147
28149
28150
28151
28153
28168
28169
28169
28173
28175
28184
28184
28185
28190
28191
28192
28192
28197
28198
28208
28211
28211
28212
28214
28217
28218
28218
28219
28219
28229
28238
28240
28244
28246
28252
28253
28258
28260
28263
28265
28272
28275
28278
28284
28284
28286
28288
28292
28296
28297
28301
28301
28303
28308
28309
28309
28313
28313
28316
28321
28325
28327
28329
28330
28335
28337
28337
28337
28337
28339
28346
28355
28357
28359
28360
28363
28367
28376
28380
28396
28396
28402
28403
28405
28414
28414
28415
28417
28417
28432
28433
28435
28441
28444
28454
28457
28459
28460
28464
28470
28475
28476
28480
28481
28482
28485
28491
28496
28502
28513
28514
28518
28520
28520
28521
28521
28531
28536
28536
28541
28545
28546
28547
28548
28551
28557
28557
28558
28559
28560
28569
28569
28571
28575
28575
28575
28593
28594
28604
28606
28606
28611
28612
28617
28617
28621
28621
28622
28622
28623
28624
28630
28632
28635
28646
28646
28647
28648
28653
28656
28658
28660
28664
28669
28670
28671
28673
28676
28678
28678
28679
28681
28685
28691
28693
28694
28699
28701
28701
28704
28708
28710
28713
28718
28719
28723
28726
28731
28736
28739
28742
28751
28752
28758
28759
28761
28764
28770
28770
28772
28779
28779
28779
28783
28787
28789
28792
28793
28797
28805
28810
28813
28818
28822
28823
28824
28826
28827
28840
28856
28863
28867
28867
28868
28869
28870
28872
28872
28874
28878
28881
28884
28887
28890
28891
28894
28898
28898
28901
28902
28905
28905
28908
28908
28909
28912
28914
28916
28920
28920
28924
28926
28926
28931
28932
28939
28940
28940
28942
28949
28951
28956
28968
28969
28971
28971
28972
28973
28975
28979
28980
28980
28994
28996
28996
29005
29005
29008
29009
29012
29015
29015
29015
29016
29017
29018
29029
29032
29036
29041
29045
29047
29049
29049
29049
29060
29071
29073
29073
29073
29075
29079
29080
29084
29090
29094
29094
29096
29097
29105
29109
29111
29111
29113
29115
29118
29123
29128
29131
29133
29139
29141
29142
29146
29154
29157
29157
29158
29159
29164
29166
29168
29170
29175
29177
29179
29180
29181
29181
29182
29185
29188
29193
29194
29201
29207
29207
29212
29217
29218
29220
29221
29222
29225
29229
29231
29233
29233
29234
29243
29247
29247
29248
29250
29258
29258
29262
29264
29267
29276
29278
29279
29290
29300
29302
29303
29314
29318
29319
29321
29336
29339
29348
29350
29351
29360
29377
29381
29381
29388
29388
29389
29391
29394
29397
29398
29405
29407
29408
29410
29413
29424
29425
29426
29430
29430
29432
29432
29432
29435
29435
29442
29451
29459
29461
29462
29463
29463
29463
29464
29466
29469
29476
29483
29487
29490
29491
29492
29496
29497
29497
29497
29500
29506
29511
29513
29517
29519
29522
29527
29528
29529
29533
29533
29534
29538
29544
29545
29547
29548
29554
29559
29564
29566
29566
29572
29573
29574
29574
29576
29578
29581
29586
29589
29594
29594
29594
29598
29600
29601
29607
29608
29612
29621
29629
29629
29631
29639
29640
29640
29641
29646
29647
29652
29653
29654
29654
29656
29656
29658
29659
29659
29661
29663
29665
29671
29676
29676
29680
29680
29684
29691
29692
29698
29702
29705
29707
29708
29714
29714
29716
29719
29722
29728
29731
29732
29733
29733
29735
29736
29740
29744
29745
29747
29749
29750
29754
29761
29767
29773
29777
29777
29782
29782
29787
29788
29789
29789
29790
29792
29793
29796
29796
29797
29798
29809
29814
29814
29847
29848
29855
29856
29860
29862
29862
29863
29864
29873
29873
29880
29883
29887
29888
29894
29904
29928
29930
29932
29937
29942
29943
29956
29957
29963
29967
29975
29976
29976
29977
29981
29986
29987
29987
29987
29988
29989
29992
29996
29997
29997
29997
29997
30003
30009
30010
30015
30021
30032
30033
30036
30038
30039
30045
30046
30051
30061
30064
30066
30068
30069
30071
30073
30083
30084
30087
30087
30100
30113
30122
30124
30127
30128
30131
30136
30137
30139
30139
30148
30149
30149
30159
30160
30164
30167
30168
30173
30175
30183
30184
30184
30186
30193
30199
30201
30202
30202
30207
30210
30219
30225
30228
30230
30232
30234
30234
30235
30245
30268
30269
30271
30284
30301
30334
30335
30336
30336
30356
30361
30362
30368
30368
30373
30380
30382
30383
30383
30391
30393
30395
30397
30397
30403
30404
30406
30407
30410
30413
30419
30421
30423
30423
30424
30427
30440
30442
30443
30445
30446
30447
30448
30452
30454
30457
30459
30460
30464
30467
30469
30469
30473
30475
30476
30481
30483
30489
30489
30490
30490
30492
30493
30495
30501
30502
30505
30505
30514
30514
30515
30517
30521
30526
30527
30528
30529
30531
30533
30534
30534
30536
30538
30539
30540
30540
30540
30544
30547
30547
30548
30549
30552
30553
30560
30563
30563
30564
30574
30575
30577
30578
30584
30585
30591
30592
30593
30598
30601
30604
30605
30606
30610
30614
30618
30623
30625
30636
30636
30643
30651
30652
30653
30658
30659
30674
30674
30676
30682
30684
30686
30686
30692
30700
30702
30702
30705
30717
30717
30719
30720
30726
30728
30732
30732
30735
30740
30747
30748
30757
30766
30767
30768
30775
30778
30780
30789
30794
30800
30808
30808
30813
30814
30816
30817
30825
30828
30834
30834
30836
30839
30842
30842
30842
30847
30849
30852
30856
30857
30857
30862
30864
30868
30869
30870
30871
30874
30879
30888
30895
30896
30897
30898
30906
30911
30917
30921
30924
30928
30938
30941
30944
30946
30949
30956
30972
30974
30975
30975
30989
30990
30992
30996
30999
31005
31005
31007
31021
31025
31026
31030
31032
31037
31039
31039
31040
31047
31049
31051
31051
31053
31054
31055
31060
31063
31069
31070
31070
31071
31074
31075
31076
31079
31081
31095
31103
31104
31107
31108
31109
31113
31115
31129
31130
31139
31144
31145
31146
31148
31149
31150
31151
31157
31158
31159
31164
31164
31165
31166
31168
31172
31179
31186
31188
31189
31194
31194
31199
31202
31202
31207
31211
31214
31217
31217
31221
31222
31222
31224
31227
31228
31232
31237
31238
31246
31250
31254
31260
31263
31265
31269
31269
31273
31274
31275
31278
31279
31280
31290
31299
31299
31301
31302
31302
31303
31304
31304
31305
31307
31309
31309
31313
31322
31324
31325
31326
31327
31329
31332
31342
31344
31347
31348
31349
31350
31352
31358
31360
31361
31365
31365
31368
31373
31378
31378
31379
31380
31381
31384
31389
31389
31395
31403
31404
31408
31409
31411
31415
31417
31419
31419
31421
31424
31425
31425
31430
31430
31432
31433
31433
31434
31435
31438
31438
31439
31439
31441
31441
31445
31447
31447
31451
31452
31456
31458
31465
31466
31470
31478
31484
31498
31501
31501
31501
31502
31502
31505
31509
31514
31518
31521
31527
31529
31531
31532
31540
31543
31547
31560
31561
31562
31564
31565
31569
31572
31572
31573
31575
31579
31585
31586
31591
31592
31593
31595
31596
31602
31610
31610
31610
31616
31634
31636
31638
31639
31644
31645
31651
31654
31656
31657
31661
31661
31664
31667
31670
31674
31677
31678
31679
31680
31680
31681
31684
31684
31691
31694
31700
31703
31705
31705
31708
31709
31711
31728
31729
31739
31741
31754
31758
31760
31760
31760
31773
31773
31774
31790
31792
31799
31800
31800
31801
31803
31804
31805
31806
31808
31811
31813
31817
31820
31823
31830
31833
31833
31840
31844
31850
31851
31853
31861
31871
31872
31876
31879
31880
31882
31883
31887
31888
31890
31891
31894
31896
31900
31902
31904
31906
31913
31915
31924
31926
31937
31937
31939
31940
31946
31952
31953
31956
31956
31960
31962
31966
31972
31978
31981
31989
31991
31995
31996
31996
32006
32012
32014
32019
32019
32029
32031
32032
32034
32042
32047
32050
32051
32055
32056
32058
32059
32059
32064
32070
32071
32072
32083
32084
32085
32087
32090
32097
32098
32100
32103
32105
32109
32110
32112
32120
32121
32123
32127
32129
32131
32132
32132
32132
32134
32135
32141
32142
32143
32145
32152
32152
32156
32161
32161
32161
32164
32165
32165
32166
32167
32173
32176
32191
32198
32198
32200
32201
32201
32208
32212
32228
32233
32235
32239
32247
32252
32264
32264
32269
32276
32280
32283
32286
32287
32290
32297
32299
32300
32302
32303
32305
32306
32313
32324
32329
32332
32333
32333
32335
32339
32342
32346
32347
32355
32356
32356
32357
32357
32358
32358
32364
32366
32369
32371
32375
32375
32376
32381
32393
32398
32402
32405
32415
32421
32422
32424
32436
32438
32440
32443
32445
32446
32453
32454
32455
32460
32464
32464
32464
32465
32466
32471
32474
32477
32480
32482
32487
32489
32490
32490
32490
32496
32507
32514
32515
32516
32518
32520
32524
32533
32533
32536
32538
32544
32550
32553
32554
32555
32558
32566
32568
32569
32571
32572
32572
32576
32577
32580
32584
32589
32593
32597
32598
32600
32603
32608
32608
32610
32611
32612
32616
32628
32633
32635
32636
32636
32636
32638
32640
32644
32646
32648
32652
32652
32653
32662
32663
32666
32666
32667
32668
32668
32672
32672
32678
32678
32689
32690
32690
32691
32691
32694
32695
32698
32702
32709
32710
32711
32714
32719
32721
32721
32727
32727
32728
32730
32740
32741
32742
32743
32743
32747
32747
32748
32748
32751
32755
32756
32759
32762
32764
