16171
26117
22090
9549
13971
7306
26027
2233
4452
6104
32497
27925
20670
12902
25383
8031
18173
31970
26007
13046
19690
18927
13011
27056
7587
14752
31874
442
1354
180
5611
1331
20080
26511
19779
30600
6720
15613
3511
31885
3947
14502
5688
21856
3031
2383
20745
20222
17671
2774
6153
32418
840
24555
29120
26593
25505
27534
4908
26759
19576
26189
12873
1583
260
2875
30051
31140
32630
6319
2843
5115
5607
8386
14139
22892
23040
25990
24633
28149
28523
15622
27020
12205
18685
14594
26291
6889
20640
3687
29438
21520
8705
30864
14883
29502
17407
5183
32129
28059
3279
28250
8753
14458
7407
16997
5074
561
7376
9411
2065
7355
10562
5292
28410
30222
6815
12781
7170
14909
4791
4707
29648
31566
32127
29493
10959
31449
28792
16852
24693
29029
5344
14516
9040
28546
2204
3015
10709
13478
25056
24766
19432
6088
16804
3839
2347
23998
8391
25445
10246
6487
17407
25530
14715
28984
648
19956
3495
26487
19336
20275
25879
32505
5700
11894
27344
23180
10501
26401
17180
12739
25288
28463
15126
14229
29608
9527
25845
20148
12300
8736
11544
10159
27280
27299
13269
9414
180
15493
30722
8081
1607
29586
7743
27727
15249
16984
24842
14095
14915
15017
30080
5761
1312
25038
28916
28825
26215
19595
31537
3305
18695
32471
22927
28859
30850
2904
7864
24817
29597
11936
2872
9630
15821
25130
27334
27488
23392
8978
31316
24195
25710
26776
8920
23511
23167
1619
5336
21325
11513
30261
4280
14420
6224
17986
26563
7158
19436
9743
507
19633
729
20477
29857
6166
31537
18995
30083
2595
30793
15197
14088
18017
15262
20262
30972
22206
8318
26230
23068
3112
18038
3947
13921
19693
30335
281
7693
27861
12007
5890
12662
27389
512
2132
28053
12658
13196
22245
13646
12945
16612
12783
9085
33
16362
18571
29124
14381
16564
18414
23
25507
7669
359
18692
8877
26667
29716
20163
17107
22411
13927
19714
6861
28844
31580
15213
18473
18421
12152
27903
10913
4040
27008
22539
14650
23915
11006
21257
3356
20666
11381
21025
15925
2703
12639
29049
28044
7661
8171
22591
6501
26607
22648
16501
5914
31347
2255
12159
20148
1413
30499
11118
5196
27533
202
30986
15140
27705
18617
11937
16004
4648
20930
10130
7254
20316
140
9369
15745
29788
16726
9432
2053
28204
19819
17321
30427
30446
19556
10021
21386
9556
19744
19316
28041
1741
21124
14035
27480
12395
28659
25190
4445
29334
12684
25539
6783
7027
19494
9018
32388
29714
20748
10982
16939
25690
24953
23157
11529
27060
7634
2998
292
19578
19622
29671
4176
16414
30054
19900
19277
23066
27364
6191
9886
2971
397
30219
28967
2541
28005
31286
30862
20901
967
27841
5966
12432
23770
21681
2203
606
4307
21131
7673
3086
3308
6049
12954
8729
15400
1567
30844
1374
32707
17876
31551
8912
13179
22978
29895
8673
14722
612
20374
28077
19006
30914
29414
9447
966
20021
13449
7300
29981
31994
3201
24873
8492
30073
26207
25429
13697
13395
11356
14926
28874
11566
26680
10701
29967
5696
5590
22121
435
24732
916
21700
20776
26943
23660
32631
5749
11994
14284
16318
22121
6237
19253
13539
6300
6216
6549
26220
11307
14512
15461
27907
31791
23571
8835
15913
12290
16093
24781
1691
4913
1463
28801
16256
319
25746
30551
27223
20767
10870
30043
8099
31855
15883
29836
23635
32374
22244
5687
14835
9948
32655
6672
32149
23596
11357
15125
10621
2570
29425
32291
32144
14131
11915
20053
4730
32569
7442
800
31648
27644
16611
11311
7116
27368
4956
16127
6290
23024
21543
570
6277
26702
326
21205
14364
18167
17379
7912
24929
25824
24021
12880
29279
13043
25586
12551
24137
11216
20759
23358
13674
6980
15864
30527
16336
24970
18856
32005
5816
11844
32488
24472
26808
28471
16943
4139
21679
28361
5245
5876
1901
24124
14048
24013
2081
18344
31427
2191
24454
9146
19194
30506
1485
3887
14733
19844
17225
23566
7752
7447
28637
31400
4607
3145
15653
30288
21153
6026
30567
475
23556
18480
26936
20438
16746
32018
19950
12938
5078
8422
32457
16304
24849
27227
18144
29684
6011
501
2509
4652
23186
10668
10520
14933
5188
16964
21604
29777
20212
19051
12379
10851
9294
13204
91
20326
19659
10390
16093
11472
7171
8707
20649
5227
30134
25673
16060
29133
1944
17291
8948
30620
21472
18749
13185
25731
22671
6017
6412
7155
24449
9797
31653
3738
17205
13849
29293
11940
13404
5329
16903
27572
19491
4063
5568
29345
30528
12397
8056
11505
1470
7485
19032
15382
27529
15937
27698
27754
32185
32249
8630
23532
14494
17552
16730
20664
23184
2230
4359
31560
24435
4668
10884
8301
10508
19057
15011
26379
24583
13886
1838
17815
22980
30211
26511
19282
3813
26416
7233
16706
28312
17316
12538
24309
6821
23237
21909
3829
22583
16484
22977
32522
16746
3406
14188
30770
920
3505
22509
14945
13923
31029
32756
22520
6018
4310
3634
19719
14157
16003
30919
20035
25094
4728
13679
3014
20973
14940
30828
25481
30210
19994
30259
16289
22936
3711
5078
7228
30878
29080
12852
29019
3245
6345
32738
31821
7889
3245
32216
9455
27159
23217
8924
31397
23259
28783
18862
1303
14030
20684
22008
25772
14793
32464
15348
32455
13141
14920
22235
12740
28918
27165
14865
19633
316
20595
26898
18124
7047
25729
8730
29377
14493
28211
10135
10656
10221
16257
13391
10656
11680
10125
1617
9365
30053
31615
11421
14899
26105
20769
914
23040
8569
18233
3100
18715
15975
30634
2458
18350
1406
28489
4752
4660
16438
18304
17
14956
25621
15781
26602
5144
9916
25624
3470
12670
18093
18719
30150
11164
5341
12161
2325
12841
2814
13540
28908
8016
31369
486
7058
2860
8333
24574
4817
6914
10810
20753
4449
2112
30252
1236
790
6969
7801
18404
23496
5534
6009
18598
28934
18620
28504
19936
17018
21367
31324
15124
23834
17418
30711
32416
17684
6524
31884
17815
4726
24801
11265
4445
11425
27222
4361
2820
20588
20922
7470
12394
19735
22316
7585
14095
9206
17225
12482
16567
30425
21283
2157
15811
28990
26624
1290
6480
6198
30423
30035
2828
11543
29578
1764
10972
3815
13284
13188
8752
18051
1618
14133
